0; 67 37; 67 -3; 33 17
1; 847 -3; 842 42; 884 24
2; 385 0; 341 10; 371 43
3; 929 47; 927 -1; 887 25
4; 170 7; 172 52; 209 27
5; 642 43; 685 31; 654 0
6; 118 36; 161 48; 150 5
7; 733 57; 732 7; 689 33
8; 7 62; 64 41; 17 2
9; 448 64; 474 42; 443 30
10; 66 48; 101 77; 109 32
11; 343 56; 317 79; 351 89
12; 319 32; 308 72; 348 61
13; 647 57; 644 87; 672 74
14; 645 70; 675 53; 645 35
15; 609 60; 565 55; 583 95
16; 377 68; 369 50; 357 66
17; 411 50; 398 86; 435 79
18; 385 71; 415 47; 379 34
19; 405 45; 429 24; 399 14
20; 184 69; 141 54; 150 99
21; 696 58; 698 107; 739 81
22; 16 101; 65 108; 46 63
23; 398 138; 424 126; 401 110
24; 381 114; 413 100; 385 79
25; 315 112; 294 72; 270 110
26; 648 103; 664 142; 690 109
27; 655 75; 657 111; 687 92
28; 820 85; 775 107; 816 135
29; 190 110; 226 136; 231 92
30; 334 128; 382 130; 360 87
31; 714 112; 746 148; 761 102
32; 45 120; -2 103; 7 152
33; 81 131; 121 154; 121 107
34; 599 110; 554 127; 591 158
35; 864 139; 829 106; 818 153
36; 1028 155; 1006 118; 985 156
37; 428 159; 474 161; 453 119
38; 648 148; 606 126; 608 173
39; 718 155; 677 129; 675 178
40; 978 157; 940 128; 934 176
41; 9 160; 53 181; 49 133
42; 100 163; 56 141; 59 190
43; 757 165; 802 188; 799 138
44; 187 184; 163 145; 142 185
45; 94 204; 141 187; 103 155
46; 699 181; 741 210; 745 159
47; 861 178; 814 165; 827 212
48; 658 166; 620 197; 666 214
49; 936 186; 970 219; 981 173
50; 999 206; 1023 194; 1001 180
51; 52 238; 72 246; 69 225
52; 50 198; 19 175; 15 213
53; 44 191; 43 227; 75 210
54; 332 219; 371 215; 348 183
55; 509 221; 554 235; 543 188
56; 118 234; 164 233; 140 194
57; 601 229; 565 197; 556 244
58; 76 219; 102 256; 121 215
59; 797 255; 845 246; 813 209
60; -4 225; 7 271; 42 238
61; 228 251; 187 228; 187 275
62; 194 190; 152 200; 182 232
63; 436 227; 397 254; 440 274
64; 997 250; 955 236; 965 280
65; 392 248; 346 244; 366 286
66; 542 292; 542 244; 500 268
67; 1011 257; 973 281; 1013 302
68; 232 304; 234 259; 195 280
69; 782 288; 825 301; 815 257
70; 361 296; 403 316; 399 270
71; 276 306; 320 315; 307 273
72; 427 294; 463 324; 471 278
73; 27 318; 6 296; -2 325
74; 45 290; 11 288; 26 319
75; 212 315; 185 279; 168 321
76; 751 340; 736 291; 701 330
77; 480 348; 521 326; 482 302
78; 856 339; 903 348; 887 303
79; 80 332; 116 359; 121 314
80; 42 367; 77 333; 31 320
81; 439 380; 444 337; 404 354
82; 389 327; 358 363; 404 371
83; 661 377; 703 359; 666 331
84; 471 374; 491 362; 471 351
85; 106 364; 65 353; 77 394
86; 312 350; 321 395; 355 365
87; 449 368; 455 390; 471 374
88; 791 403; 837 387; 800 355
89; 607 413; 642 381; 597 367
90; 700 362; 669 397; 714 407
91; 285 370; 249 395; 289 413
92; 365 417; 401 389; 359 372
93; 84 401; 128 406; 110 366
94; 167 438; 165 395; 129 418
95; 193 428; 229 400; 186 384
96; 621 414; 667 422; 651 378
97; 534 386; 496 411; 537 431
98; 41 416; 3 387; -3 435
99; 587 419; 548 392; 545 440
100; 353 440; 341 398; 311 430
101; 735 451; 764 415; 718 408
102; 452 410; 413 432; 451 455
103; 12 451; 59 458; 42 414
104; 247 449; 206 429; 210 474
105; 250 407; 251 449; 287 428
106; 564 431; 558 475; 599 458
107; 812 479; 814 432; 772 453
108; 960 469; 1003 472; 984 433
109; 146 493; 181 467; 141 451
110; 191 436; 165 455; 195 468
111; 407 484; 451 473; 419 440
112; 506 470; 549 489; 544 443
113; 458 476; 502 485; 488 442
114; 57 459; 3 464; 35 509
115; 736 468; 756 511; 783 473
116; 243 513; 282 485; 238 465
117; 101 503; 69 473; 59 515
118; 944 476; 943 522; 983 499
119; 160 492; 180 518; 192 488
120; 413 497; 450 526; 456 480
121; 460 528; 502 510; 466 482
122; 701 525; 685 478; 652 516
123; 151 490; 117 513; 153 531
124; 183 527; 230 525; 206 485
125; 513 533; 559 524; 528 489
126; 304 500; 266 519; 302 543
127; 642 546; 628 502; 596 536
128; 216 534; 254 564; 260 516
129; 769 525; 798 564; 818 519
130; 422 525; 431 569; 465 540
131; 659 546; 697 575; 704 528
132; 96 552; 131 579; 137 535
133; 486 554; 524 583; 530 536
134; 811 551; 840 589; 858 545
135; 481 586; 475 541; 439 569
136; 747 594; 784 562; 738 546
137; 370 590; 346 552; 325 591
138; 700 606; 750 603; 722 560
139; 418 590; 375 579; 387 621
140; 98 573; 101 620; 140 594
141; 935 583; 955 624; 980 586
142; 479 618; 525 604; 490 572
143; 611 629; 622 577; 572 593
144; 432 621; 474 610; 443 579
145; 570 596; 523 585; 538 632
146; 830 606; 775 600; 797 651
147; 276 603; 269 648; 312 632
148; 391 644; 439 644; 415 603
149; 895 660; 912 615; 864 623
150; 118 657; 83 630; 77 674
151; 329 653; 282 649; 303 691
152; 1016 676; 990 637; 969 679
153; 31 664; 71 690; 73 642
154; 731 659; 764 699; 782 650
155; 95 683; 136 702; 132 657
156; 41 696; 3 678; 7 720
157; 474 724; 514 697; 471 676
158; 985 728; 966 682; 936 722
159; 522 696; 524 745; 565 719
160; 69 710; 98 751; 119 706
161; 735 719; 770 756; 784 708
162; 1028 723; 990 728; 1013 758
163; 401 728; 437 760; 447 712
164; 303 739; 264 711; 259 758
165; 14 744; 62 756; 49 709
166; 157 745; 117 720; 115 767
167; 756 759; 719 723; 706 773
168; 571 770; 621 770; 596 727
169; 839 765; 890 775; 874 726
170; 888 752; 921 787; 936 740
171; 195 781; 242 778; 216 739
172; 339 777; 383 796; 377 749
173; 1001 780; 964 745; 952 794
174; 535 819; 570 777; 516 768
175; 687 786; 720 825; 737 777
176; 277 806; 322 823; 314 775
177; 857 801; 898 832; 904 782
178; -3 811; 46 826; 34 776
179; 201 804; 241 831; 244 784
180; 374 810; 419 829; 413 780
181; 960 804; 998 835; 1006 787
182; 530 821; 487 791; 483 844
183; 100 826; 57 799; 55 849
184; 832 828; 788 798; 784 852
185; 925 835; 958 858; 961 818
186; 233 860; 201 822; 184 869
187; 67 853; 110 880; 112 829
188; 969 854; 1007 891; 1019 840
189; 277 873; 236 842; 229 893
190; 940 884; 904 845; 888 896
191; 844 894; 824 848; 794 889
192; 893 879; 842 863; 853 915
193; 670 899; 698 923; 704 887
194; 690 898; 702 867; 669 873
195; 712 905; 750 904; 730 872
196; 748 879; 744 854; 724 870
197; 100 892; 52 875; 61 924
198; 558 894; 600 928; 609 875
199; 803 918; 756 894; 759 946
200; 455 911; 505 930; 497 878
201; 120 928; 140 914; 118 904
202; 212 944; 205 899; 169 927
203; 428 929; 402 884; 376 929
204; 350 937; 327 914; 318 945
205; 64 938; 24 904; 14 956
206; 232 918; 275 939; 272 891
207; 342 928; 337 958; 365 947
208; 840 951; 800 915; 789 968
209; 61 938; 87 977; 108 934
210; 415 953; 460 970; 452 923
211; 969 968; 949 918; 916 960
212; 536 969; 497 939; 491 988
213; 270 965; 310 989; 311 943
214; 768 981; 746 935; 717 978
215; 688 972; 648 942; 641 992
216; 387 960; 395 1005; 430 975
217; 131 985; 102 982; 114 1008
218; 847 1010; 886 986; 846 965
219; 446 1020; 443 981; 411 1003
220; 32 1015; 36 975; 0 992
221; 358 1022; 392 1007; 362 985
222; 481 1030; 504 1011; 476 1001
223; 734 1023; 750 987; 710 991
224; 804 983; 793 1024; 834 1013
225; 902 1030; 929 1016; 903 1000
