0; 530 1024; 524 1002; 502 1007; 498 994; 491 996; 496 1018; 518 1013; 522 1026
1; 143 993; 123 995; 125 1015; 113 1016; 114 1023; 133 1021; 131 1001; 144 1000
2; 845 992; 824 981; 814 1003; 801 996; 798 1004; 818 1015; 828 993; 842 1000
3; 795 1020; 778 1002; 797 987; 787 976; 793 971; 810 988; 791 1003; 801 1015
4; 193 1018; 174 1001; 190 982; 177 972; 183 966; 202 981; 186 999; 199 1010
5; 769 982; 745 982; 745 1006; 730 1006; 730 1014; 754 1015; 754 991; 769 991
6; 752 961; 729 966; 734 989; 721 994; 722 1002; 745 996; 740 973; 754 968
7; 35 944; 29 963; 47 970; 43 982; 49 985; 56 965; 37 958; 42 947
8; 878 934; 856 945; 866 968; 851 974; 856 983; 878 971; 868 948; 883 942
9; 308 924; 297 946; 319 956; 312 971; 320 975; 332 952; 309 941; 316 928
10; 584 911; 562 922; 572 946; 557 952; 562 962; 584 950; 574 926; 589 920
11; 425 904; 425 930; 399 930; 399 947; 390 947; 390 921; 416 921; 417 904
12; 84 892; 59 897; 55 871; 40 875; 37 866; 63 861; 67 887; 81 883
13; 838 853; 828 875; 806 865; 800 879; 791 875; 802 853; 825 863; 830 849
14; 608 860; 591 841; 572 857; 563 844; 555 850; 571 869; 590 853; 600 866
15; 566 886; 541 879; 547 854; 532 849; 534 841; 559 847; 553 872; 567 876
16; 123 887; 111 864; 134 853; 127 839; 135 836; 146 858; 124 868; 131 884
17; 197 839; 190 815; 166 821; 162 806; 154 809; 160 833; 183 827; 188 842
18; 662 810; 643 793; 628 812; 617 802; 611 808; 629 825; 644 806; 656 816
19; 304 851; 292 829; 268 839; 262 824; 253 829; 264 851; 288 841; 294 856
20; 323 787; 298 792; 304 817; 290 821; 291 831; 316 824; 310 799; 325 795
21; 700 823; 681 806; 697 787; 684 777; 690 770; 709 786; 693 804; 706 815
22; 911 813; 888 803; 896 780; 881 775; 885 766; 908 775; 900 798; 915 803
23; 176 784; 155 796; 145 773; 130 780; 127 772; 149 760; 159 783; 173 776
24; 462 754; 444 737; 429 756; 418 746; 413 752; 430 769; 445 750; 457 760
25; 581 734; 576 756; 598 763; 595 779; 603 781; 609 757; 586 751; 589 736
26; 15 789; -6 770; 11 749; -2 738; 3 730; 25 748; 7 768; 21 780
27; 771 769; 749 762; 754 740; 740 736; 743 728; 765 733; 760 756; 773 760
28; 665 719; 642 725; 647 748; 634 753; 635 762; 658 755; 653 732; 667 727
29; 955 730; 929 726; 924 752; 910 748; 908 758; 933 762; 937 736; 953 740
30; 900 758; 895 731; 922 726; 918 712; 928 709; 932 735; 906 740; 910 755
31; 458 713; 452 688; 427 694; 423 679; 415 681; 420 706; 445 700; 449 715
32; 826 709; 802 711; 800 687; 784 688; 783 679; 808 677; 810 701; 825 700
33; 373 677; 355 694; 340 675; 328 685; 322 679; 341 662; 356 681; 367 671
34; 975 688; 957 668; 977 652; 966 641; 973 635; 991 653; 971 670; 982 682
35; 945 644; 928 625; 911 641; 902 629; 894 634; 910 653; 927 637; 937 649
36; 289 620; 266 626; 271 649; 258 654; 259 663; 282 656; 277 633; 291 628
37; 268 609; 245 614; 250 637; 237 642; 238 650; 261 644; 256 621; 270 616
38; 851 601; 829 606; 834 628; 822 632; 823 640; 845 634; 840 612; 853 608
39; 1030 602; 1010 610; 1003 590; 990 595; 987 588; 1008 580; 1015 600; 1027 595
40; 782 606; 762 596; 754 615; 742 610; 739 616; 758 626; 766 607; 779 612
41; 751 637; 724 629; 731 602; 714 597; 717 588; 744 595; 737 621; 752 627
42; 708 612; 699 584; 671 591; 665 573; 656 575; 662 604; 691 597; 697 615
43; 726 599; 706 603; 702 582; 689 585; 687 577; 708 573; 712 594; 724 591
44; 393 622; 367 627; 362 600; 347 604; 344 594; 371 589; 376 616; 390 612
45; 388 627; 367 647; 350 625; 336 636; 329 629; 351 610; 369 631; 381 620
46; 411 574; 389 579; 394 601; 382 605; 383 614; 405 607; 400 585; 413 581
47; 821 568; 801 579; 791 557; 777 564; 774 556; 795 545; 805 567; 818 560
48; 634 568; 624 591; 646 602; 639 617; 647 621; 659 597; 636 586; 643 572
49; 640 537; 626 553; 642 566; 634 577; 640 582; 654 565; 638 552; 646 542
50; 720 530; 689 533; 692 564; 674 565; 675 576; 705 573; 702 543; 722 541
51; 395 559; 378 540; 397 525; 387 514; 393 509; 410 526; 391 541; 401 553
52; 356 554; 336 558; 332 537; 319 540; 317 532; 338 528; 342 549; 354 546
53; 314 499; 292 509; 302 533; 287 539; 292 548; 314 537; 304 513; 319 507
54; 602 561; 588 545; 604 532; 596 523; 602 518; 616 533; 600 546; 608 556
55; 625 520; 607 500; 588 517; 578 504; 570 510; 587 530; 606 513; 617 526
56; 694 506; 678 488; 661 503; 652 491; 645 496; 660 514; 677 499; 687 511
57; 419 490; 408 512; 430 522; 423 537; 431 541; 443 518; 420 508; 427 494
58; 157 507; 132 507; 132 483; 116 483; 116 474; 141 473; 141 498; 157 498
59; 863 516; 846 497; 865 482; 855 471; 861 465; 878 483; 859 498; 869 510
60; 618 477; 599 460; 584 479; 573 469; 568 475; 585 492; 600 473; 612 483
61; 533 464; 508 461; 506 486; 491 485; 490 494; 514 497; 516 472; 532 473
62; 434 460; 413 467; 406 444; 391 447; 389 440; 411 433; 418 456; 432 453
63; 38 428; 38 457; 9 457; 9 475; 0 475; 0 446; 28 446; 29 428
64; 267 426; 267 451; 243 451; 243 467; 234 467; 234 442; 258 442; 259 426
65; 628 466; 604 459; 610 435; 595 431; 598 423; 622 429; 616 452; 629 457
66; 734 444; 722 421; 745 410; 738 396; 746 393; 757 415; 735 425; 742 440
67; 474 380; 451 386; 456 409; 443 414; 444 423; 467 416; 462 393; 476 388
68; 951 365; 927 370; 933 395; 919 399; 921 408; 945 401; 939 377; 954 373
69; 325 377; 306 360; 291 379; 280 369; 274 375; 292 392; 307 373; 319 383
70; 799 360; 794 383; 771 378; 766 392; 758 390; 764 367; 787 372; 792 358
71; 194 373; 176 356; 161 375; 150 365; 145 371; 162 388; 177 369; 189 379
72; 787 358; 769 342; 754 360; 743 350; 738 356; 755 372; 770 354; 782 364
73; 559 371; 550 349; 528 356; 522 342; 514 345; 522 367; 544 360; 550 374
74; 881 325; 873 347; 851 340; 845 354; 836 351; 845 329; 867 336; 873 322
75; 432 343; 410 352; 401 329; 386 334; 383 327; 406 318; 415 341; 429 336
76; 333 352; 314 335; 330 318; 317 307; 323 301; 342 316; 326 334; 339 344
77; 252 297; 229 303; 234 326; 221 331; 222 340; 245 333; 240 310; 254 305
78; 932 288; 909 294; 914 317; 901 322; 902 331; 925 324; 920 301; 934 296
79; 645 308; 628 324; 613 306; 601 316; 596 310; 614 294; 629 312; 640 302
80; 596 279; 575 293; 589 314; 576 323; 580 330; 601 315; 587 294; 600 285
81; 491 277; 469 287; 479 310; 465 315; 469 324; 491 313; 481 290; 495 285
82; 23 278; 2 280; 4 301; -8 302; -7 310; 12 308; 10 287; 24 286
83; 887 293; 869 273; 889 257; 878 246; 885 240; 903 258; 883 275; 894 287
84; 256 200; 233 209; 241 232; 226 237; 230 247; 253 237; 245 214; 260 209
85; 462 213; 438 213; 438 190; 423 190; 423 182; 447 181; 447 205; 462 205
86; 168 234; 149 213; 130 230; 120 216; 111 222; 128 244; 148 226; 159 240
87; 156 176; 140 180; 144 196; 135 199; 136 204; 152 200; 148 185; 157 182
88; 192 179; 190 209; 160 207; 158 226; 147 225; 150 194; 180 197; 182 178
89; 118 195; 107 173; 84 183; 79 169; 71 173; 81 195; 103 185; 109 199
90; 607 218; 605 194; 629 192; 628 178; 637 177; 638 200; 615 202; 616 217
91; 640 169; 622 187; 605 167; 592 178; 587 171; 606 153; 623 173; 635 162
92; 770 192; 753 174; 772 159; 762 148; 768 143; 785 160; 766 175; 776 187
93; 966 194; 949 175; 968 160; 958 148; 964 143; 981 161; 962 176; 972 189
94; 564 127; 541 132; 546 155; 533 159; 534 168; 557 162; 552 139; 566 135
95; 520 135; 497 137; 495 113; 480 114; 479 105; 503 103; 505 127; 519 126
96; 431 95; 428 119; 451 123; 448 138; 457 140; 461 115; 437 111; 440 97
97; 144 91; 143 115; 119 113; 118 128; 109 127; 111 103; 135 105; 136 90
98; 526 86; 509 103; 494 84; 482 94; 477 88; 495 71; 510 90; 521 80
99; 692 67; 689 90; 712 94; 709 108; 718 110; 722 86; 698 82; 701 69
100; 834 60; 809 65; 815 90; 801 94; 803 103; 827 96; 821 72; 836 68
101; 947 58; 924 64; 929 87; 916 92; 917 101; 940 94; 935 70; 950 66
102; 50 90; 46 66; 69 62; 66 49; 74 47; 77 70; 55 74; 58 88
103; 94 65; 87 43; 65 48; 61 35; 53 37; 59 59; 81 54; 85 67
104; 162 31; 146 47; 131 29; 120 39; 115 33; 132 17; 147 35; 157 25
105; 357 39; 346 19; 325 28; 319 14; 312 19; 322 39; 343 30; 349 44
106; 971 10; 959 34; 984 45; 976 62; 985 65; 998 40; 972 29; 980 13
107; 1013 3; 1012 23; 992 21; 991 33; 984 33; 986 13; 1006 15; 1006 3
108; 356 30; 352 7; 375 3; 372 -8; 380 -10; 383 11; 361 15; 364 28
109; 118 8; 99 -5; 85 14; 74 5; 69 12; 87 26; 101 6; 113 15
