0; 526 1031; 515 1018; 528 1007; 521 1000; 526 996; 537 1008; 524 1019; 531 1027
1; 120 1023; 97 1025; 95 1001; 80 1002; 79 993; 103 991; 105 1015; 119 1014
2; 3 1004; -6 985; 12 977; 7 966; 13 963; 22 981; 4 989; 9 1001
3; 786 962; 768 981; 788 998; 777 1011; 784 1017; 802 997; 782 980; 793 968
4; 143 986; 121 998; 111 975; 96 982; 92 974; 115 962; 126 985; 139 978
5; 369 940; 351 959; 371 976; 360 989; 367 995; 385 975; 365 958; 376 946
6; 626 929; 604 944; 619 965; 605 975; 610 982; 632 966; 617 945; 631 935
7; 957 928; 957 949; 978 949; 978 963; 986 963; 986 942; 965 942; 964 928
8; 313 936; 291 945; 282 921; 267 926; 264 919; 287 909; 296 933; 310 928
9; 700 938; 676 938; 676 914; 661 914; 661 905; 685 904; 685 929; 700 929
10; 651 917; 633 934; 618 915; 606 925; 600 919; 619 902; 634 921; 645 911
11; 103 906; 79 901; 75 925; 62 922; 60 930; 83 935; 87 911; 101 914
12; 422 898; 411 920; 433 930; 426 946; 434 949; 446 926; 423 915; 430 901
13; 348 923; 339 902; 318 909; 313 895; 305 899; 313 920; 334 913; 339 927
14; 402 900; 384 917; 369 898; 357 908; 351 902; 370 885; 385 904; 396 894
15; 276 889; 252 886; 250 910; 236 909; 235 917; 258 920; 260 896; 275 897
16; 508 879; 491 897; 510 912; 500 924; 506 930; 523 911; 504 896; 514 885
17; 236 869; 235 893; 211 891; 210 906; 201 905; 203 881; 227 883; 228 868
18; 126 860; 109 878; 128 893; 118 905; 124 911; 141 892; 122 877; 132 866
19; 916 858; 906 879; 927 889; 920 904; 928 907; 940 885; 917 875; 924 861
20; 569 889; 545 893; 541 869; 527 872; 524 863; 549 859; 553 883; 566 880
21; 833 859; 814 876; 799 857; 786 867; 780 861; 800 844; 816 863; 827 853
22; 720 846; 696 848; 698 872; 684 873; 685 882; 708 880; 706 856; 721 855
23; 756 876; 739 894; 758 909; 748 921; 754 927; 771 908; 752 893; 762 882
24; 776 876; 753 874; 755 850; 740 849; 741 840; 765 842; 763 866; 777 868
25; 142 826; 131 848; 153 858; 146 873; 154 877; 166 854; 143 843; 150 830
26; 869 815; 851 834; 871 849; 861 862; 867 868; 885 848; 865 832; 875 821
27; 100 863; 95 837; 121 833; 117 819; 126 816; 130 841; 106 845; 109 860
28; 848 820; 830 838; 813 818; 801 828; 795 822; 815 804; 831 824; 842 814
29; 749 806; 724 808; 726 834; 711 835; 712 844; 736 842; 734 816; 750 815
30; 434 805; 427 780; 403 786; 399 771; 391 773; 396 798; 421 792; 425 807
31; 372 754; 352 771; 369 790; 356 801; 362 809; 382 791; 365 772; 378 761
32; 218 762; 202 781; 185 765; 175 778; 167 772; 184 753; 201 769; 210 756
33; 723 784; 716 762; 694 767; 690 754; 682 756; 688 778; 710 773; 714 786
34; 948 753; 924 751; 922 774; 908 773; 907 781; 930 783; 932 760; 947 761
35; 139 785; 116 782; 120 758; 105 754; 106 747; 130 750; 126 774; 140 778
36; 996 740; 979 759; 998 774; 988 787; 994 793; 1011 773; 992 757; 1002 746
37; 39 755; 20 771; 36 789; 23 800; 29 808; 48 791; 32 772; 45 762
38; 69 782; 45 780; 47 754; 31 753; 32 744; 57 746; 55 772; 70 773
39; 806 725; 781 721; 777 745; 763 742; 761 751; 785 756; 789 731; 804 734
40; 145 742; 120 742; 120 718; 104 718; 104 709; 129 708; 129 733; 145 733
41; 67 706; 56 728; 78 738; 71 753; 79 757; 91 734; 68 723; 75 710
42; 426 700; 401 698; 399 724; 384 722; 383 732; 407 734; 409 709; 425 710
43; 854 691; 836 710; 856 725; 846 738; 852 744; 870 724; 850 708; 860 697
44; 1003 714; 979 714; 979 690; 964 690; 964 682; 988 680; 988 705; 1003 705
45; 405 680; 379 676; 374 702; 360 698; 358 708; 383 712; 387 686; 403 690
46; 773 669; 753 686; 770 705; 757 716; 763 724; 783 706; 766 687; 779 676
47; 832 680; 809 691; 798 668; 783 675; 779 667; 803 655; 814 678; 828 671
48; 361 634; 337 634; 337 658; 321 658; 321 666; 346 667; 346 643; 361 643
49; 829 637; 811 654; 796 635; 783 645; 778 639; 797 622; 812 641; 824 631
50; 442 659; 435 636; 412 641; 407 627; 399 629; 405 652; 428 647; 433 661
51; 498 644; 477 640; 473 661; 461 658; 459 666; 479 670; 483 649; 496 652
52; 485 650; 476 628; 454 635; 448 621; 440 624; 448 646; 470 639; 476 653
53; 14 648; 0 638; 9 623; 0 617; 4 613; 18 622; 9 637; 18 644
54; 900 611; 875 609; 873 633; 859 632; 857 641; 881 643; 883 619; 898 620
55; 53 605; 35 622; 20 603; 7 613; 2 607; 21 590; 36 609; 48 599
56; 405 594; 386 611; 371 592; 358 602; 352 596; 372 579; 388 598; 399 588
57; 196 605; 178 623; 198 640; 187 652; 194 658; 212 638; 192 622; 202 611
58; 192 577; 167 583; 173 608; 159 613; 160 622; 185 615; 179 590; 194 585
59; 807 567; 790 585; 809 600; 799 613; 805 618; 822 599; 803 584; 813 572
60; 461 603; 437 603; 437 579; 422 579; 422 570; 446 569; 446 594; 461 594
61; 323 586; 316 562; 292 568; 288 553; 280 556; 286 580; 310 574; 314 589
62; 459 540; 435 531; 426 555; 412 550; 408 558; 431 567; 440 543; 455 548
63; 538 573; 510 573; 510 546; 493 546; 493 536; 521 534; 521 563; 538 563
64; 525 523; 518 539; 534 547; 529 558; 535 560; 543 543; 526 536; 531 525
65; 939 582; 933 569; 946 563; 942 555; 946 553; 952 566; 940 571; 944 580
66; 993 562; 983 538; 959 546; 953 530; 944 534; 953 558; 977 550; 983 566
67; 994 559; 979 581; 957 566; 947 580; 939 575; 955 553; 978 568; 986 554
68; 981 518; 967 538; 946 524; 937 537; 930 532; 945 512; 966 526; 974 513
69; 316 553; 293 546; 298 523; 284 518; 286 510; 309 516; 304 539; 317 544
70; 723 501; 706 520; 725 535; 715 548; 721 554; 738 534; 719 518; 729 507
71; 16 505; 0 506; 2 522; -7 523; -6 529; 8 527; 7 512; 17 511
72; 779 496; 754 494; 752 518; 738 517; 736 526; 760 528; 762 504; 777 505
73; 1026 509; 1025 493; 1009 494; 1008 484; 1003 485; 1003 501; 1020 500; 1020 510
74; 406 488; 380 488; 380 514; 363 514; 363 522; 389 523; 389 497; 406 497
75; 165 477; 147 494; 132 475; 119 485; 114 479; 133 462; 148 481; 159 471
76; 279 456; 262 475; 281 490; 271 503; 277 509; 294 489; 275 473; 285 462
77; 97 507; 72 505; 70 529; 56 528; 54 537; 78 539; 80 515; 95 516
78; 68 484; 59 461; 36 469; 31 454; 23 458; 31 481; 53 473; 59 488
79; 83 495; 65 512; 50 493; 37 503; 32 497; 51 480; 67 499; 78 489
80; 1024 459; 1001 455; 997 478; 985 475; 983 483; 1005 487; 1009 464; 1022 467
81; 395 453; 379 472; 361 456; 350 469; 342 463; 359 444; 378 460; 387 447
82; 875 432; 875 456; 898 456; 898 471; 906 471; 906 447; 883 447; 882 432
83; 522 505; 499 498; 504 475; 490 470; 492 462; 515 468; 510 491; 523 496
84; 456 432; 456 457; 480 457; 480 473; 489 473; 489 448; 465 448; 464 432
85; 86 464; 63 464; 63 441; 49 441; 49 433; 72 432; 72 456; 86 456
86; 554 418; 537 436; 556 451; 546 464; 552 469; 569 450; 550 435; 560 423
87; 956 428; 938 445; 923 426; 911 436; 905 430; 924 413; 939 432; 950 422
88; 319 432; 299 443; 289 421; 275 428; 271 420; 293 409; 303 431; 316 424
89; 35 448; 12 442; 17 419; 3 414; 5 407; 28 412; 23 435; 36 439
90; 519 403; 495 398; 491 422; 478 419; 476 428; 499 432; 503 408; 517 411
91; 381 423; 371 400; 348 408; 342 393; 334 397; 342 420; 366 412; 371 427
92; 180 392; 156 394; 158 418; 144 419; 145 428; 168 426; 166 402; 181 401
93; 748 445; 731 463; 750 478; 740 491; 746 496; 763 477; 744 462; 754 451
94; 827 466; 825 446; 805 448; 804 435; 798 436; 799 456; 819 454; 820 467
95; 809 441; 791 425; 776 443; 766 433; 760 439; 777 455; 792 437; 803 447
96; 763 458; 740 437; 759 414; 744 402; 751 393; 774 413; 755 435; 770 448
97; 815 398; 793 410; 782 387; 767 394; 764 386; 787 374; 798 397; 812 390
98; 590 378; 565 375; 563 400; 548 399; 547 408; 571 411; 573 386; 589 387
99; 321 369; 303 389; 284 372; 273 386; 264 379; 283 359; 302 376; 312 362
100; 420 340; 420 365; 446 365; 446 381; 455 381; 455 356; 429 356; 428 340
101; 998 365; 994 389; 1018 393; 1015 408; 1024 410; 1029 385; 1004 381; 1007 367
102; 1018 375; 998 370; 1003 350; 990 346; 992 340; 1012 344; 1007 364; 1019 368
103; 339 338; 320 356; 305 336; 292 346; 286 340; 306 323; 322 342; 333 332
104; 498 324; 473 319; 469 344; 455 341; 453 350; 477 355; 481 330; 496 333
105; 761 318; 737 314; 733 338; 720 335; 718 344; 741 348; 745 324; 759 327
106; 775 352; 773 327; 797 325; 796 310; 805 309; 806 333; 783 335; 784 351
107; 412 286; 387 286; 387 310; 371 310; 371 318; 396 319; 396 295; 412 295
108; 346 276; 329 295; 348 310; 338 323; 344 329; 361 309; 342 293; 352 282
109; 124 273; 100 273; 100 297; 84 297; 84 305; 109 306; 109 282; 124 282
110; 851 258; 834 276; 853 291; 843 304; 849 309; 866 290; 847 275; 857 263
111; 38 251; 16 256; 21 278; 9 282; 10 290; 32 284; 27 262; 40 258
112; 1030 248; 1015 240; 1008 255; 999 251; 996 256; 1011 264; 1018 248; 1028 253
113; 177 263; 151 266; 156 292; 141 295; 142 303; 167 300; 162 274; 178 271
114; 137 236; 119 255; 139 272; 128 285; 135 291; 153 271; 133 254; 144 242
115; 920 260; 897 251; 905 228; 890 223; 894 215; 917 223; 909 245; 924 251
116; 111 220; 95 240; 76 223; 66 236; 58 230; 75 210; 94 227; 103 214
117; 644 287; 619 284; 617 309; 602 308; 601 317; 625 320; 627 295; 643 296
118; 650 249; 640 270; 661 280; 654 295; 662 298; 673 276; 651 266; 658 252
119; 640 281; 639 308; 666 311; 665 329; 675 330; 678 302; 649 299; 651 282
120; 668 210; 650 229; 670 246; 659 259; 666 265; 684 245; 664 228; 675 216
121; 592 238; 568 238; 568 214; 553 214; 553 205; 577 204; 577 229; 592 229
122; 435 208; 419 228; 400 211; 390 224; 382 218; 399 198; 418 215; 427 202
123; 289 190; 271 208; 291 225; 281 237; 287 243; 305 223; 285 207; 295 196
124; 628 179; 610 198; 630 215; 619 228; 626 234; 644 214; 624 197; 635 185
125; 348 154; 348 180; 322 180; 322 197; 313 197; 313 171; 339 171; 340 154
126; 239 148; 219 164; 236 183; 223 193; 229 201; 249 184; 232 165; 245 155
127; 1006 146; 996 167; 1017 177; 1010 192; 1018 195; 1029 173; 1007 163; 1014 149
128; 733 131; 706 134; 709 160; 693 161; 694 171; 719 168; 717 142; 734 141
129; 453 128; 435 146; 455 163; 445 175; 451 181; 469 161; 449 145; 459 134
130; 1025 148; 1019 125; 996 130; 991 116; 984 118; 989 141; 1012 136; 1016 150
131; 669 125; 651 143; 634 123; 621 134; 616 127; 635 109; 652 129; 663 118
132; 8 103; -2 126; 20 137; 13 152; 22 156; 34 132; 9 121; 17 107
133; 789 83; 764 81; 762 105; 747 104; 746 113; 770 115; 772 91; 788 92
134; 929 77; 905 77; 905 101; 890 101; 890 109; 914 110; 914 86; 929 86
135; 312 93; 292 108; 278 87; 265 96; 259 89; 280 74; 295 95; 306 86
136; 704 69; 686 88; 706 104; 696 116; 702 122; 720 102; 700 86; 710 75
137; 902 69; 877 65; 873 89; 860 86; 857 95; 881 99; 885 75; 899 78
138; 209 56; 209 80; 233 80; 233 95; 242 95; 242 71; 218 71; 217 56
139; 196 55; 172 53; 170 77; 156 76; 155 85; 178 87; 180 63; 195 64
140; 554 45; 534 58; 548 79; 535 88; 540 94; 560 80; 546 59; 559 50
141; 57 40; 40 58; 59 73; 49 85; 55 91; 72 72; 53 57; 63 46
142; 981 51; 964 67; 949 49; 937 59; 932 53; 950 37; 965 55; 976 45
143; 672 38; 648 40; 650 64; 636 65; 637 74; 660 72; 658 48; 673 47
144; 328 39; 322 63; 299 57; 294 72; 285 69; 292 45; 316 51; 320 36
145; 232 25; 229 49; 252 53; 249 68; 258 70; 262 45; 238 41; 241 27
146; 1007 43; 985 55; 974 32; 959 39; 956 31; 979 19; 990 42; 1004 35
147; 921 23; 915 0; 892 5; 887 -8; 880 -6; 885 16; 908 11; 912 25
148; 728 -4; 725 19; 748 23; 745 38; 754 40; 758 15; 734 11; 737 -2
149; 691 20; 682 9; 693 0; 687 -5; 691 -8; 700 1; 689 10; 695 17
150; 302 28; 282 26; 284 5; 270 4; 271 -3; 292 -1; 290 19; 303 20
