0; 644 1003; 639 1023; 619 1018; 615 1031; 607 1029; 613 1009; 633 1014; 637 1001
1; 590 1024; 587 999; 612 997; 611 982; 620 981; 622 1005; 598 1007; 599 1023
2; 370 971; 348 960; 338 982; 324 975; 321 983; 342 994; 352 972; 367 979
3; 239 965; 222 982; 207 963; 195 973; 190 967; 208 950; 223 969; 234 959
4; 284 951; 267 932; 250 948; 241 936; 233 941; 249 960; 266 944; 276 956
5; 1018 929; 1004 933; 1007 947; 999 950; 1000 955; 1014 951; 1011 937; 1020 934
6; 534 927; 533 951; 509 949; 508 964; 499 963; 501 939; 525 941; 526 926
7; 678 916; 658 925; 667 947; 653 953; 658 961; 678 951; 669 929; 683 923
8; 330 929; 314 910; 297 926; 288 914; 281 919; 296 938; 313 922; 323 934
9; 990 957; 970 946; 979 925; 966 920; 970 912; 990 922; 981 943; 994 948
10; 135 901; 135 924; 112 924; 112 938; 104 938; 104 915; 127 915; 128 901
11; 82 885; 64 900; 79 917; 67 927; 72 934; 90 918; 75 901; 87 891
12; 78 881; 53 879; 51 903; 36 902; 35 911; 59 913; 61 889; 77 890
13; 550 903; 547 926; 570 930; 567 944; 576 946; 580 922; 556 918; 559 905
14; 594 878; 571 883; 576 906; 563 911; 564 919; 587 913; 582 890; 596 885
15; 919 907; 903 889; 921 874; 911 863; 917 858; 933 875; 915 890; 925 902
16; 500 859; 497 882; 520 886; 517 900; 526 902; 530 878; 506 874; 509 861
17; 972 844; 948 846; 950 870; 936 871; 937 880; 960 878; 958 854; 973 853
18; 411 884; 388 877; 393 854; 379 849; 381 841; 404 847; 399 870; 412 875
19; 445 834; 431 852; 414 837; 405 849; 398 844; 413 826; 430 841; 438 829
20; 615 835; 607 848; 594 840; 588 847; 584 845; 593 832; 606 840; 611 833
21; 567 824; 559 837; 546 829; 540 836; 536 834; 545 821; 558 829; 563 822
22; 598 852; 571 852; 571 825; 553 825; 553 815; 580 814; 580 842; 598 842
23; 137 815; 120 832; 139 847; 129 859; 135 864; 152 846; 133 831; 143 820
24; 920 828; 906 809; 887 822; 879 810; 873 814; 886 833; 905 820; 914 832
25; 589 795; 567 784; 557 806; 544 799; 541 807; 561 818; 571 796; 585 803
26; 389 777; 384 799; 406 806; 403 822; 411 824; 417 800; 394 794; 397 779
27; 670 773; 670 797; 694 797; 694 812; 703 812; 703 788; 679 788; 678 773
28; 208 795; 207 819; 230 821; 229 837; 238 838; 240 813; 216 811; 217 796
29; 247 814; 227 804; 236 782; 222 776; 227 769; 247 778; 238 800; 252 806
30; 931 764; 930 787; 907 785; 906 799; 898 798; 900 775; 923 777; 924 763
31; 452 745; 451 768; 474 770; 473 785; 482 786; 484 762; 460 760; 461 746
32; 958 729; 940 716; 926 735; 916 726; 911 733; 928 746; 942 727; 953 736
33; 220 719; 219 742; 242 744; 241 759; 250 760; 252 736; 228 734; 229 720
34; 884 759; 868 741; 886 726; 876 716; 882 710; 898 727; 880 742; 890 753
35; 405 747; 382 747; 382 724; 368 724; 368 716; 391 715; 391 739; 405 739
36; 691 702; 668 704; 670 727; 657 728; 658 736; 680 734; 678 711; 692 710
37; 1032 741; 1007 729; 996 754; 981 746; 977 755; 1001 767; 1012 742; 1028 750
38; 1020 693; 1001 708; 1017 725; 1005 735; 1010 742; 1029 726; 1013 709; 1025 699
39; 857 699; 840 683; 825 701; 815 691; 810 697; 826 713; 841 695; 852 705
40; 570 684; 563 705; 541 698; 535 712; 527 708; 535 687; 557 694; 563 680
41; 504 684; 504 709; 480 709; 480 725; 471 725; 471 700; 495 700; 497 684
42; 492 696; 480 679; 463 690; 457 680; 451 684; 462 701; 479 690; 486 700
43; 36 694; 16 702; 9 682; -3 687; -6 680; 14 672; 21 692; 33 687
44; 217 668; 194 670; 196 693; 183 694; 184 702; 206 700; 204 677; 218 676
45; 717 664; 699 648; 684 666; 673 656; 668 662; 685 678; 700 660; 712 670
46; 559 663; 545 643; 525 657; 517 644; 510 649; 523 669; 543 655; 552 668
47; 418 638; 418 662; 394 662; 394 677; 386 677; 386 653; 409 653; 410 638
48; 634 646; 616 630; 601 648; 590 638; 585 644; 602 660; 617 642; 629 652
49; 738 604; 716 615; 726 638; 711 643; 716 653; 738 641; 728 618; 743 612
50; 543 596; 524 612; 540 629; 527 639; 533 647; 552 630; 536 613; 549 603
51; 209 600; 185 602; 187 626; 173 628; 174 636; 197 634; 195 610; 211 609
52; 263 596; 246 577; 229 593; 220 581; 212 586; 228 605; 245 589; 255 601
53; 986 590; 975 570; 954 579; 949 566; 941 570; 951 590; 972 581; 977 594
54; 847 545; 826 553; 833 574; 819 579; 823 588; 844 579; 837 558; 851 553
55; 206 587; 190 570; 208 555; 198 545; 204 540; 220 556; 202 571; 212 582
56; 443 608; 438 583; 463 579; 460 565; 469 563; 473 587; 449 591; 452 606
57; 499 535; 477 540; 482 563; 469 567; 471 576; 493 569; 488 547; 502 543
58; 109 554; 103 576; 81 571; 77 585; 68 582; 75 560; 97 565; 101 551
59; 115 534; 106 554; 126 564; 119 578; 127 581; 137 560; 116 550; 123 537
60; 182 530; 160 519; 150 541; 136 534; 133 542; 154 554; 164 531; 179 538
61; 558 511; 552 533; 530 528; 526 542; 517 539; 524 517; 546 522; 550 508
62; 294 547; 289 523; 313 519; 310 506; 318 504; 322 527; 299 531; 302 545
63; 392 504; 391 528; 414 530; 413 545; 422 547; 424 522; 400 520; 401 506
64; 737 521; 718 504; 734 485; 721 475; 727 468; 746 484; 730 502; 743 513
65; 231 487; 208 485; 210 461; 195 460; 196 451; 220 453; 218 477; 232 478
66; 766 470; 764 446; 740 448; 739 433; 731 434; 732 458; 756 456; 757 471
67; 631 441; 611 424; 595 443; 584 433; 578 439; 597 456; 612 437; 625 447
68; 1002 454; 979 454; 979 431; 965 431; 965 423; 988 422; 988 446; 1002 446
69; 173 431; 154 414; 139 433; 128 423; 122 429; 140 446; 155 427; 167 437
70; 456 425; 434 414; 424 436; 410 429; 407 437; 428 448; 438 426; 453 433
71; 675 400; 656 383; 641 402; 630 392; 624 398; 642 415; 657 396; 669 406
72; 889 379; 870 389; 860 368; 847 375; 844 367; 864 357; 874 378; 886 371
73; 379 365; 361 349; 346 367; 335 357; 330 363; 347 379; 362 361; 374 371
74; 462 349; 448 369; 429 355; 420 367; 413 363; 428 343; 447 357; 455 345
75; 210 387; 194 370; 212 355; 202 345; 208 340; 224 356; 206 371; 216 382
76; 997 357; 970 359; 973 386; 957 387; 958 397; 984 395; 981 368; 998 367
77; 974 334; 963 345; 976 356; 969 364; 974 367; 985 355; 972 345; 979 337
78; 56 377; 36 367; 45 345; 31 339; 36 332; 56 341; 47 363; 61 369
79; 861 327; 861 351; 885 351; 885 366; 894 366; 894 342; 870 342; 869 327
80; 166 272; 148 287; 163 304; 151 314; 156 321; 174 305; 159 288; 171 278
81; 51 285; 34 269; 19 287; 9 277; 4 283; 20 299; 35 281; 46 291
82; 514 273; 499 292; 482 276; 472 288; 465 283; 481 264; 498 280; 507 268
83; 869 261; 846 257; 842 280; 830 277; 828 285; 850 289; 854 266; 867 269
84; 968 252; 967 275; 989 277; 988 291; 996 293; 998 269; 975 267; 976 254
85; 136 233; 118 248; 133 265; 121 274; 126 282; 144 266; 129 249; 141 240
86; 534 221; 515 237; 531 254; 519 264; 524 272; 543 255; 527 238; 539 228
87; 570 260; 550 249; 559 228; 545 222; 550 215; 570 225; 561 246; 574 251
88; 195 255; 173 248; 178 226; 165 222; 167 214; 189 220; 184 242; 196 246
89; 720 213; 715 235; 693 230; 689 243; 681 241; 687 219; 709 224; 713 211
90; 909 299; 888 310; 878 288; 864 295; 860 287; 882 276; 892 298; 905 291
91; 881 257; 863 241; 878 224; 866 215; 871 208; 889 223; 874 240; 886 249
92; 884 241; 876 264; 899 273; 893 288; 902 292; 911 268; 887 258; 892 245
93; 237 203; 234 225; 256 229; 253 242; 261 244; 265 221; 242 217; 245 205
94; 178 207; 160 191; 145 209; 135 199; 129 205; 146 221; 161 203; 172 213
95; 1020 196; 1001 179; 986 198; 975 188; 969 194; 987 211; 1002 192; 1014 202
96; 68 238; 49 232; 54 213; 42 210; 44 203; 63 208; 58 227; 69 231
97; 52 185; 49 207; 71 211; 68 224; 76 226; 80 203; 57 199; 60 187
98; 104 201; 98 179; 76 184; 72 171; 65 173; 70 195; 92 190; 96 203
99; 263 155; 254 174; 274 184; 267 197; 275 200; 285 180; 264 170; 271 158
100; 298 188; 294 165; 317 161; 314 149; 322 147; 325 169; 303 173; 306 186
101; 57 152; 45 171; 26 158; 18 170; 12 166; 25 147; 44 160; 51 148
102; 564 148; 554 168; 533 159; 528 172; 519 168; 530 148; 551 157; 556 144
103; 179 165; 179 185; 199 185; 199 198; 206 198; 206 178; 186 178; 185 165
104; 166 137; 148 155; 168 172; 157 184; 164 190; 182 171; 162 154; 173 143
105; 114 132; 93 130; 91 151; 78 150; 77 158; 97 160; 99 139; 113 140
106; 893 124; 877 141; 895 156; 885 167; 891 173; 907 155; 889 140; 899 130
107; 823 123; 801 128; 806 150; 794 154; 795 162; 817 156; 812 134; 825 130
108; 759 145; 736 142; 738 119; 723 118; 724 109; 748 112; 746 135; 760 136
109; 116 84; 112 107; 135 111; 132 125; 140 127; 145 103; 121 99; 124 86
110; 879 142; 864 140; 865 125; 855 124; 856 118; 872 120; 870 135; 880 136
111; 871 90; 870 110; 850 108; 849 121; 842 120; 844 100; 864 102; 865 89
112; 847 97; 830 115; 849 130; 839 143; 845 148; 862 129; 843 113; 853 102
113; 868 105; 854 89; 870 76; 862 67; 868 62; 882 77; 866 90; 874 100
114; 212 45; 211 65; 190 63; 189 76; 181 76; 183 55; 204 57; 205 44
115; 67 52; 62 74; 40 69; 36 82; 28 80; 34 58; 56 63; 60 50
116; 945 93; 925 82; 934 60; 920 54; 925 46; 945 56; 936 78; 950 84
117; 676 68; 656 79; 646 57; 632 64; 629 56; 650 45; 660 67; 673 60
118; 961 28; 942 11; 927 30; 916 20; 910 26; 928 43; 943 24; 955 34
119; 247 8; 246 31; 223 29; 222 43; 214 42; 216 19; 239 21; 240 7
120; 701 7; 690 -2; 680 9; 673 3; 670 7; 681 17; 690 5; 698 11
121; 582 0; 575 21; 553 14; 547 28; 539 24; 547 3; 569 10; 575 -3
