0; 120 992; 120 1016; 144 1016; 144 1031; 153 1031; 153 1007; 129 1007; 128 992
1; 370 979; 343 976; 340 1003; 325 1002; 324 1011; 349 1014; 351 987; 368 988
2; 168 969; 145 981; 134 957; 118 964; 115 955; 139 943; 150 967; 165 960
3; 476 940; 455 957; 472 977; 458 988; 464 997; 486 978; 468 959; 482 947
4; 94 986; 68 979; 74 953; 58 948; 60 939; 86 945; 80 971; 95 976
5; 578 915; 572 940; 546 934; 541 950; 531 947; 539 922; 564 928; 569 912
6; 378 958; 359 937; 380 920; 369 907; 376 901; 395 921; 374 938; 385 952
7; 166 870; 148 892; 128 874; 116 888; 107 882; 126 860; 147 878; 157 864
8; 454 866; 435 845; 416 862; 406 848; 397 854; 414 875; 434 858; 445 872
9; 694 841; 664 836; 658 866; 642 862; 639 873; 668 879; 674 848; 692 852
10; 615 823; 615 847; 639 847; 639 862; 648 862; 648 838; 624 838; 623 823
11; 481 826; 463 848; 442 830; 431 844; 422 838; 441 816; 462 834; 472 820
12; 675 780; 675 806; 701 806; 701 823; 710 823; 710 797; 684 797; 683 780
13; 374 781; 368 806; 343 800; 339 815; 329 813; 336 788; 361 794; 365 779
14; 258 771; 233 769; 231 795; 216 793; 215 803; 239 805; 241 780; 257 781
15; 210 768; 187 756; 176 779; 162 772; 159 780; 181 792; 192 769; 207 776
16; 745 785; 722 785; 722 762; 708 762; 708 754; 731 753; 731 777; 745 777
17; 9 749; -7 767; 11 782; 1 794; 7 800; 24 781; 5 766; 15 755
18; 16 737; 4 762; 29 773; 21 790; 30 794; 43 768; 17 757; 25 741
19; 997 793; 979 773; 960 790; 950 777; 942 783; 959 803; 978 786; 989 799
20; 1007 741; 1001 766; 975 760; 970 776; 960 773; 968 748; 993 754; 998 738
21; 699 773; 674 773; 674 747; 658 747; 658 738; 683 737; 683 764; 699 764
22; 401 731; 382 749; 365 729; 352 740; 346 733; 366 715; 383 735; 395 724
23; 883 680; 856 687; 863 713; 848 719; 849 729; 876 721; 869 694; 886 689
24; 415 656; 388 658; 391 685; 375 686; 376 696; 402 694; 399 667; 416 666
25; 965 688; 940 676; 929 701; 914 693; 910 702; 934 714; 945 689; 961 697
26; 959 676; 951 651; 926 657; 921 641; 913 644; 919 669; 944 663; 949 679
27; 648 658; 630 638; 611 655; 601 641; 593 648; 610 668; 629 651; 640 665
28; 390 590; 379 614; 402 625; 395 641; 404 645; 416 620; 391 609; 399 594
29; 657 594; 630 591; 627 618; 612 617; 611 626; 636 629; 638 602; 655 603
30; 804 574; 794 596; 816 607; 809 622; 817 625; 829 602; 806 591; 813 577
31; 597 578; 580 559; 563 575; 554 562; 546 568; 562 587; 579 571; 589 584
32; 689 568; 672 549; 655 565; 646 552; 638 558; 653 577; 671 561; 681 574
33; 73 573; 49 573; 49 549; 34 549; 34 540; 58 539; 58 564; 73 564
34; 256 525; 234 536; 244 559; 229 565; 234 574; 256 562; 246 539; 261 533
35; 415 522; 390 522; 390 548; 374 548; 374 555; 399 557; 399 532; 415 532
36; 343 520; 339 545; 363 549; 360 564; 369 567; 374 541; 348 537; 352 523
37; 497 505; 474 511; 479 534; 466 539; 467 548; 490 541; 485 518; 499 513
38; 566 534; 542 538; 538 514; 524 517; 521 508; 546 504; 550 528; 563 525
39; 783 530; 759 527; 763 501; 747 498; 748 490; 773 493; 769 519; 784 522
40; 64 488; 58 513; 33 507; 29 522; 19 520; 26 495; 51 501; 55 486
41; 689 539; 670 522; 686 505; 674 495; 679 488; 698 504; 682 521; 694 531
42; 351 474; 329 485; 339 509; 324 515; 329 525; 351 513; 341 489; 356 483
43; 716 519; 698 500; 718 483; 707 472; 714 466; 732 484; 712 501; 723 514
44; 673 468; 651 478; 661 502; 646 508; 651 517; 673 506; 663 482; 678 476
45; 915 466; 897 484; 880 464; 868 475; 862 468; 882 450; 898 470; 909 459
46; 70 408; 70 435; 43 435; 43 453; 33 453; 33 425; 60 425; 61 408
47; 846 408; 835 432; 859 443; 851 459; 860 463; 872 438; 847 427; 855 412
48; 324 406; 298 402; 293 428; 279 424; 277 434; 302 439; 306 412; 322 416
49; 881 435; 858 426; 866 403; 851 398; 855 390; 878 398; 870 420; 885 426
50; 1022 406; 997 399; 1003 375; 988 371; 990 363; 1015 368; 1009 393; 1023 397
51; 33 358; 25 381; 48 390; 42 405; 51 409; 60 385; 36 375; 41 362
52; 826 360; 810 379; 793 363; 783 375; 775 370; 792 351; 809 367; 818 355
53; 266 381; 243 385; 239 361; 225 364; 223 355; 247 351; 251 375; 264 372
54; 395 367; 375 387; 397 406; 386 420; 393 426; 413 404; 391 386; 402 373
55; 439 353; 416 349; 412 372; 400 369; 398 377; 420 381; 424 358; 437 361
56; 648 376; 639 353; 616 361; 611 347; 603 350; 611 373; 633 365; 639 379
57; 197 344; 172 339; 168 364; 154 361; 152 370; 176 375; 180 350; 195 353
58; 954 384; 949 356; 976 351; 973 336; 983 333; 986 360; 960 365; 964 381
59; 283 284; 272 307; 295 318; 288 334; 297 337; 309 313; 284 302; 292 287
60; 655 275; 644 299; 668 310; 660 326; 669 330; 681 305; 656 294; 664 279
61; 59 253; 33 253; 33 279; 16 279; 16 287; 42 288; 42 262; 59 262
62; 259 247; 258 274; 231 271; 230 288; 220 287; 223 260; 249 263; 250 246
63; 573 253; 561 278; 586 289; 578 306; 587 310; 600 284; 574 273; 582 257
64; 632 251; 609 251; 609 228; 595 228; 595 220; 618 219; 618 243; 632 243
65; 621 249; 593 264; 580 234; 561 243; 556 233; 586 218; 599 248; 616 239
66; 1009 187; 990 206; 1011 223; 1000 236; 1007 242; 1026 222; 1005 205; 1016 193
67; 345 178; 344 203; 369 205; 367 222; 377 223; 379 197; 353 195; 354 179
68; 172 210; 161 233; 184 244; 177 260; 186 263; 198 239; 173 228; 181 213
69; 200 168; 175 174; 181 199; 167 204; 168 213; 193 206; 187 181; 203 176
70; 751 214; 739 191; 762 180; 755 166; 763 163; 774 185; 752 195; 759 211
71; 571 204; 549 213; 540 190; 525 195; 522 188; 545 179; 554 202; 568 197
72; 504 179; 483 199; 464 177; 449 189; 443 181; 465 161; 484 183; 497 171
73; 487 212; 478 226; 465 217; 459 225; 454 222; 464 208; 477 217; 483 209
74; 529 206; 516 214; 524 227; 517 233; 519 237; 532 228; 524 215; 531 209
75; 517 230; 491 235; 486 208; 470 212; 468 202; 495 197; 500 224; 515 220
76; 534 222; 502 222; 502 189; 481 189; 481 178; 513 176; 513 210; 534 210
77; 927 179; 911 195; 896 177; 885 187; 880 181; 897 165; 912 183; 922 173
78; 920 144; 911 170; 937 180; 930 197; 940 201; 950 174; 923 163; 929 148
79; 629 162; 610 141; 591 158; 581 144; 572 150; 589 171; 609 154; 620 168
80; 987 143; 975 121; 951 131; 945 116; 936 121; 947 143; 971 133; 977 148
81; 553 136; 541 114; 518 124; 512 109; 504 114; 515 136; 538 126; 544 141
82; 364 148; 339 141; 345 116; 330 111; 332 103; 357 109; 351 134; 365 138
83; 903 97; 878 94; 876 119; 861 118; 860 127; 884 130; 886 105; 902 106
84; 804 90; 803 114; 826 116; 825 132; 834 133; 836 108; 812 106; 813 91
85; 492 86; 469 92; 474 115; 461 120; 462 129; 485 122; 480 98; 495 94
86; 672 85; 647 85; 647 111; 631 111; 631 119; 656 120; 656 95; 672 95
87; 778 125; 754 118; 760 94; 745 90; 748 82; 772 88; 766 111; 779 116
88; 425 96; 415 73; 392 81; 386 66; 378 70; 386 93; 410 85; 415 100
89; 982 71; 971 93; 948 83; 942 98; 933 93; 945 71; 968 81; 974 66
90; 869 75; 851 93; 834 73; 822 83; 816 77; 836 59; 852 79; 863 69
91; 593 52; 585 76; 608 86; 602 101; 611 105; 620 80; 595 70; 601 56
92; 572 55; 562 77; 538 67; 532 82; 523 77; 535 55; 558 65; 564 50
93; 123 47; 104 66; 87 45; 74 56; 68 49; 88 30; 105 51; 117 40
94; 196 73; 172 83; 162 57; 146 63; 143 55; 168 45; 178 71; 192 65
95; 205 15; 181 26; 192 50; 176 57; 181 66; 205 54; 194 29; 210 23
96; 519 6; 493 6; 493 33; 476 33; 476 42; 502 43; 502 16; 519 16
97; 957 23; 938 2; 919 19; 909 5; 900 11; 917 32; 937 15; 948 29
98; 402 -4; 392 17; 414 28; 407 43; 415 46; 427 23; 404 12; 411 -1
