0; 845 1007; 845 1021; 859 1021; 859 1030; 864 1030; 864 1016; 850 1016; 849 1007
1; 765 1000; 744 996; 740 1017; 728 1014; 726 1022; 746 1026; 750 1005; 763 1008
2; 483 992; 460 992; 460 1015; 446 1015; 446 1022; 469 1023; 469 1000; 483 1000
3; 163 981; 141 986; 146 1009; 133 1013; 135 1022; 157 1015; 152 993; 166 989
4; 603 983; 597 1006; 574 1001; 569 1015; 560 1013; 567 990; 590 995; 595 981
5; 824 966; 802 977; 812 1000; 797 1005; 802 1015; 824 1003; 814 980; 829 974
6; 40 959; 36 982; 59 986; 56 1000; 64 1002; 69 978; 45 974; 48 961
7; 739 997; 720 980; 736 961; 723 951; 729 944; 748 960; 732 979; 745 989
8; 6 995; -4 973; 17 963; 10 950; 18 946; 28 967; 7 977; 14 991
9; 141 939; 141 963; 165 963; 165 978; 174 978; 174 954; 150 954; 149 939
10; 990 974; 967 972; 969 948; 954 947; 955 938; 979 941; 977 964; 991 965
11; 411 933; 411 957; 435 957; 435 972; 444 972; 444 948; 420 948; 419 933
12; 343 937; 324 920; 309 939; 298 929; 293 935; 310 952; 325 933; 337 943
13; 778 920; 755 925; 760 948; 747 953; 748 961; 771 955; 766 932; 780 927
14; 660 917; 638 927; 648 950; 634 955; 638 964; 660 953; 650 930; 664 925
15; 441 910; 438 934; 461 938; 458 953; 467 955; 471 930; 447 926; 450 912
16; 986 923; 975 901; 952 911; 947 897; 939 901; 949 923; 972 913; 977 927
17; 570 892; 553 910; 572 925; 562 937; 568 943; 585 924; 566 909; 576 898
18; 922 884; 917 909; 892 903; 888 918; 879 915; 886 891; 910 897; 914 882
19; 9 871; -6 887; 11 902; 1 913; 7 918; 23 901; 5 886; 15 876
20; 1028 852; 1009 857; 1014 876; 1003 880; 1004 887; 1023 881; 1018 862; 1030 858
21; 349 846; 341 869; 364 878; 358 893; 367 897; 376 873; 352 863; 357 850
22; 482 872; 463 854; 446 874; 434 863; 429 870; 447 888; 464 868; 477 879
23; 464 865; 436 863; 438 833; 419 832; 421 821; 451 823; 448 853; 465 855
24; 74 832; 58 814; 41 829; 32 817; 25 822; 40 840; 57 825; 67 837
25; 872 840; 848 844; 844 820; 829 823; 827 814; 852 810; 856 834; 870 831
26; 408 822; 388 833; 378 811; 364 818; 361 810; 382 799; 392 821; 405 814
27; 931 795; 906 791; 902 815; 888 812; 886 821; 910 825; 914 801; 929 804
28; 339 809; 324 789; 305 803; 297 790; 290 795; 304 815; 323 801; 332 814
29; 126 770; 116 790; 137 800; 130 814; 138 817; 149 796; 127 786; 134 773
30; 206 784; 204 761; 227 759; 226 746; 234 745; 235 767; 213 769; 214 783
31; 346 763; 325 753; 315 774; 302 767; 299 775; 319 785; 329 764; 343 771
32; 352 768; 347 748; 327 753; 323 741; 317 742; 321 762; 341 757; 345 769
33; 385 738; 362 744; 367 767; 354 772; 355 781; 378 774; 373 751; 387 746
34; 74 746; 59 730; 44 743; 36 733; 29 738; 43 754; 58 741; 67 751
35; 617 736; 596 738; 598 759; 585 760; 586 768; 606 766; 604 745; 618 744
36; 623 724; 615 746; 637 755; 631 770; 639 773; 648 750; 625 741; 630 727
37; 927 753; 914 742; 903 755; 896 748; 892 753; 904 764; 915 751; 923 758
38; 968 727; 962 753; 936 747; 931 763; 921 760; 929 735; 954 741; 959 725
39; 99 724; 77 729; 82 751; 70 755; 71 763; 93 757; 88 735; 101 731
40; 108 718; 99 737; 119 747; 112 760; 120 763; 130 743; 109 733; 116 721
41; 724 774; 697 774; 697 747; 679 747; 679 737; 706 736; 706 764; 724 764
42; 692 745; 678 735; 687 720; 679 714; 682 710; 696 720; 687 734; 695 740
43; 1005 756; 997 735; 1019 726; 1014 714; 1021 711; 1028 731; 1007 740; 1013 753
44; 882 732; 876 709; 853 714; 848 700; 841 702; 846 725; 869 720; 874 734
45; 782 695; 763 678; 748 697; 737 687; 731 693; 749 710; 764 691; 776 701
46; 883 672; 861 660; 851 683; 837 676; 834 684; 855 696; 865 673; 880 680
47; 970 636; 967 655; 986 659; 983 671; 990 673; 994 653; 974 649; 977 638
48; 560 663; 540 680; 557 699; 544 709; 550 718; 570 700; 553 681; 566 671
49; 575 638; 557 653; 572 670; 560 679; 565 687; 583 671; 568 654; 580 644
50; 126 636; 117 655; 135 663; 130 676; 136 679; 146 659; 127 651; 132 639
51; 484 649; 458 655; 464 681; 449 686; 450 696; 476 689; 470 663; 486 658
52; 427 638; 423 663; 447 667; 444 682; 453 685; 458 659; 432 655; 436 641
53; 879 633; 861 616; 846 635; 835 625; 830 631; 847 648; 862 629; 874 639
54; 806 625; 788 609; 773 627; 763 617; 757 623; 774 639; 789 621; 800 631
55; 435 619; 414 609; 404 630; 391 623; 388 631; 408 641; 418 620; 432 627
56; 664 658; 647 640; 666 625; 656 614; 662 609; 679 626; 660 641; 670 653
57; 16 630; 1 630; 1 615; -8 615; -8 609; 6 608; 6 624; 16 624
58; 519 606; 509 626; 530 636; 523 650; 531 653; 542 632; 520 622; 527 609
59; 196 595; 189 614; 170 607; 165 620; 157 617; 165 598; 184 605; 189 592
60; 325 590; 302 588; 300 611; 287 610; 286 618; 308 620; 310 597; 324 598
61; 851 587; 851 610; 828 610; 828 624; 820 624; 820 601; 843 601; 844 587
62; 898 579; 882 595; 900 610; 890 621; 896 626; 912 609; 894 594; 904 584
63; 516 575; 516 599; 539 599; 539 614; 547 614; 547 590; 524 590; 523 575
64; 37 584; 33 609; 59 614; 55 629; 65 632; 69 605; 43 600; 47 586
65; 89 615; 61 612; 63 583; 45 582; 46 571; 75 574; 73 603; 90 604
66; 858 579; 849 556; 827 564; 821 550; 813 553; 821 575; 843 568; 849 582
67; 245 547; 244 570; 267 572; 266 587; 275 588; 277 564; 253 562; 254 548
68; 781 569; 758 574; 754 550; 740 553; 738 545; 762 540; 766 564; 779 561
69; 110 569; 93 585; 78 567; 66 577; 61 571; 79 555; 94 573; 105 563
70; 89 560; 87 537; 64 539; 63 525; 56 526; 57 549; 80 547; 81 561
71; 864 569; 847 550; 866 535; 856 524; 862 518; 879 536; 860 551; 870 563
72; 1008 543; 986 531; 996 508; 981 502; 986 494; 1008 504; 998 528; 1013 534
73; 334 508; 315 491; 300 510; 289 500; 283 506; 301 523; 316 504; 328 514
74; 495 502; 477 521; 497 538; 486 551; 493 557; 511 537; 491 520; 502 508
75; 522 483; 501 486; 505 507; 492 510; 493 517; 513 514; 509 493; 523 490
76; 380 460; 373 482; 395 491; 389 506; 397 509; 406 486; 383 477; 388 463
77; 406 471; 386 454; 403 435; 390 425; 396 418; 416 434; 399 453; 412 463
78; 96 401; 73 397; 69 420; 57 417; 55 425; 77 429; 81 406; 94 409
79; 9 397; 9 420; 32 420; 32 434; 40 434; 40 411; 17 411; 16 397
80; 494 395; 471 400; 476 423; 463 428; 464 436; 487 430; 482 407; 496 402
81; 213 392; 190 388; 186 411; 174 408; 172 416; 194 420; 198 397; 211 400
82; 831 409; 829 386; 806 388; 805 374; 798 375; 799 398; 822 396; 823 410
83; 702 394; 700 381; 713 379; 711 372; 715 371; 717 383; 705 385; 707 393
84; 616 421; 598 405; 613 388; 601 378; 606 372; 624 387; 609 404; 621 414
85; 263 407; 262 430; 285 432; 284 447; 293 448; 295 424; 271 422; 272 408
86; 241 370; 240 393; 263 395; 262 410; 270 411; 273 387; 249 385; 250 371
87; 167 364; 162 386; 140 381; 136 394; 128 392; 134 370; 156 375; 160 362
88; 1013 357; 991 362; 996 384; 984 388; 985 396; 1007 390; 1002 368; 1015 364
89; 576 369; 568 347; 546 354; 540 340; 533 343; 540 365; 562 358; 568 372
90; 494 365; 473 372; 466 349; 451 352; 449 345; 471 338; 478 361; 492 358
91; 921 332; 915 354; 937 361; 934 376; 941 379; 948 355; 925 349; 928 335
92; 431 340; 411 351; 401 329; 387 336; 384 328; 405 317; 415 339; 428 332
93; 23 324; 2 326; 4 347; -8 348; -7 356; 12 354; 10 333; 24 332
94; 24 308; 23 331; 45 333; 44 348; 52 349; 54 325; 31 323; 32 309
95; 962 315; 944 299; 929 317; 919 307; 913 313; 930 329; 945 311; 956 321
96; 341 352; 339 331; 318 333; 317 319; 310 320; 311 341; 332 339; 333 353
97; 328 351; 308 355; 304 334; 291 337; 289 329; 310 325; 314 346; 326 343
98; 312 317; 295 298; 278 314; 269 302; 261 307; 277 326; 294 310; 304 322
99; 3 295; -2 308; 9 313; 5 322; 10 324; 16 311; 3 305; 7 297
100; 596 293; 574 282; 564 304; 550 297; 547 305; 568 316; 578 294; 593 301
101; 510 266; 500 288; 477 278; 472 292; 463 288; 474 266; 497 276; 502 262
102; 966 303; 949 284; 968 269; 958 258; 964 252; 981 270; 962 285; 972 297
103; 430 287; 408 276; 418 253; 404 248; 408 240; 430 250; 420 273; 434 278
104; 55 290; 38 274; 23 292; 13 282; 8 288; 24 304; 39 286; 50 296
105; 19 233; 10 252; 30 262; 23 275; 31 278; 41 258; 20 248; 27 236
106; 782 244; 768 224; 747 238; 740 225; 733 230; 746 250; 766 236; 775 249
107; 624 273; 605 256; 621 239; 609 229; 614 222; 633 238; 617 255; 629 265
108; 1026 226; 1012 239; 999 224; 989 232; 985 226; 1000 213; 1013 228; 1022 220
109; 133 210; 110 208; 108 231; 95 230; 94 238; 116 240; 118 217; 132 218
110; 799 199; 791 220; 813 229; 807 243; 815 246; 824 224; 801 215; 806 202
111; 481 211; 453 218; 460 246; 444 251; 445 262; 473 254; 466 226; 484 221
112; 508 206; 489 193; 475 212; 464 203; 459 210; 477 223; 491 204; 503 213
113; 620 202; 602 186; 587 204; 577 194; 571 200; 588 216; 603 198; 614 208
114; 546 214; 538 193; 517 200; 512 187; 505 190; 512 211; 533 204; 538 217
115; 293 182; 290 205; 312 209; 309 223; 317 225; 321 201; 298 197; 301 184
116; 259 194; 242 175; 225 191; 216 179; 208 184; 224 203; 241 187; 251 199
117; 654 158; 635 141; 620 160; 609 150; 603 156; 621 173; 636 154; 648 164
118; 389 123; 373 140; 391 155; 381 166; 387 172; 403 154; 385 139; 395 129
119; 130 127; 129 150; 152 152; 151 167; 160 168; 162 144; 138 142; 139 128
120; 226 159; 212 171; 201 157; 191 164; 187 159; 201 147; 213 161; 222 154
121; 221 130; 202 149; 185 128; 172 139; 166 132; 186 114; 203 134; 215 123
122; 153 117; 151 129; 163 131; 161 139; 166 140; 168 127; 155 125; 157 118
123; 161 121; 157 149; 184 154; 180 171; 191 174; 196 145; 167 140; 171 124
124; 740 112; 723 96; 708 114; 698 104; 693 110; 709 126; 724 108; 735 118
125; 665 100; 657 121; 636 114; 631 127; 622 124; 631 103; 652 110; 657 97
126; 480 89; 457 89; 457 112; 443 112; 443 119; 466 120; 466 97; 480 97
127; 20 136; 1 114; 22 96; 11 84; 18 77; 37 98; 16 115; 27 129
128; 363 85; 341 90; 346 112; 334 116; 335 124; 357 118; 352 96; 365 92
129; 62 82; 41 89; 48 110; 35 115; 38 123; 59 115; 52 94; 65 89
130; 97 95; 74 95; 74 118; 60 118; 60 125; 83 126; 83 103; 97 103
131; 142 84; 119 80; 115 103; 103 100; 101 108; 123 112; 127 89; 140 92
132; 554 72; 553 95; 576 97; 575 112; 584 113; 586 89; 562 87; 563 73
133; 426 72; 409 56; 394 74; 384 64; 379 70; 395 86; 410 68; 421 78
134; 469 56; 459 67; 471 76; 465 84; 469 87; 479 76; 467 66; 473 59
135; 448 104; 428 82; 450 64; 439 51; 446 45; 466 66; 444 84; 455 98
136; 846 56; 827 39; 812 58; 800 48; 795 54; 813 71; 828 52; 841 62
137; 48 75; 28 73; 30 52; 16 51; 17 43; 38 45; 36 66; 49 67
138; 197 48; 176 38; 166 59; 154 52; 150 60; 170 70; 180 49; 193 56
139; 1026 54; 1020 35; 1001 40; 998 28; 991 30; 996 49; 1015 44; 1018 56
140; 993 35; 977 17; 960 32; 952 20; 944 25; 959 43; 976 28; 985 40
141; 882 31; 865 12; 848 28; 839 16; 831 21; 847 40; 864 24; 874 36
142; 494 20; 485 10; 495 2; 490 -3; 494 -6; 502 2; 493 11; 498 17
143; 488 29; 467 29; 467 8; 453 8; 453 0; 474 0; 474 21; 488 21
144; 430 -6; 427 15; 449 19; 446 32; 454 34; 458 11; 435 7; 438 -4
145; 346 21; 331 19; 332 4; 323 3; 323 -2; 339 0; 337 14; 347 15
146; 151 44; 131 34; 140 13; 127 8; 131 1; 151 10; 142 31; 155 36
147; 87 4; 66 6; 68 27; 55 28; 56 36; 76 34; 74 13; 88 12
148; 47 8; 34 20; 23 6; 14 13; 10 8; 24 -3; 35 10; 43 3
