0; 780 1000; 778 1016; 794 1019; 792 1029; 798 1031; 801 1014; 784 1011; 786 1002
1; 1006 1006; 986 996; 976 1017; 964 1010; 961 1018; 980 1028; 990 1007; 1003 1014
2; 362 1021; 355 997; 331 1003; 327 988; 319 991; 325 1015; 348 1009; 353 1024
3; 250 992; 243 969; 220 974; 215 960; 207 962; 213 985; 236 980; 241 994
4; 567 949; 548 965; 564 982; 551 992; 557 1000; 576 983; 560 966; 573 956
5; 726 940; 725 963; 748 965; 747 980; 756 981; 758 957; 734 955; 735 941
6; 870 989; 849 1009; 832 987; 818 998; 811 991; 833 972; 851 993; 863 982
7; 871 987; 863 960; 836 967; 831 950; 822 953; 828 980; 856 973; 861 990
8; 860 932; 859 957; 884 959; 882 976; 892 977; 894 951; 868 949; 869 933
9; 203 908; 184 923; 200 941; 187 951; 193 959; 212 942; 196 925; 209 914
10; 426 940; 424 915; 398 917; 397 901; 389 902; 390 927; 416 925; 417 941
11; 527 927; 516 905; 538 895; 531 881; 539 878; 549 899; 528 909; 535 923
12; 139 898; 108 898; 108 928; 88 928; 88 938; 119 940; 119 909; 139 909
13; 139 859; 126 886; 153 899; 145 917; 155 922; 169 893; 140 881; 149 864
14; 1020 910; 995 900; 985 926; 970 920; 967 928; 991 938; 1001 912; 1017 918
15; 999 846; 996 868; 1018 872; 1015 885; 1023 887; 1027 864; 1004 860; 1007 848
16; 1020 866; 997 871; 1002 894; 989 898; 990 907; 1013 901; 1008 878; 1022 873
17; 527 840; 505 851; 515 875; 500 881; 505 891; 527 879; 517 855; 532 849
18; 770 879; 751 862; 767 843; 754 833; 760 826; 779 842; 763 860; 776 871
19; 595 814; 573 824; 583 848; 568 854; 573 863; 595 852; 585 828; 600 822
20; 176 842; 166 818; 142 826; 136 810; 127 814; 136 838; 160 830; 166 845
21; 539 807; 529 829; 551 840; 544 855; 552 858; 564 835; 541 824; 548 810
22; 190 751; 172 770; 192 787; 181 800; 188 806; 206 786; 186 769; 197 757
23; 23 745; 0 756; 10 780; -5 787; 0 796; 23 784; 12 759; 28 753
24; 995 742; 994 772; 964 770; 962 789; 952 788; 954 757; 984 760; 986 741
25; 1023 734; 1023 757; 1000 757; 1000 771; 992 771; 992 748; 1015 748; 1016 734
26; 703 711; 683 693; 666 713; 654 702; 648 709; 667 727; 684 707; 697 718
27; 1013 687; 1002 699; 1015 710; 1008 718; 1013 722; 1024 709; 1011 698; 1018 691
28; 371 682; 360 704; 336 694; 330 709; 320 704; 332 682; 356 692; 362 677
29; 465 663; 443 674; 453 697; 438 702; 443 712; 465 700; 455 677; 470 671
30; 67 661; 49 680; 69 696; 59 708; 65 714; 83 694; 63 678; 73 667
31; 381 666; 362 648; 345 668; 333 657; 328 664; 346 682; 363 662; 376 673
32; 254 639; 236 657; 256 674; 245 686; 252 692; 270 672; 250 656; 261 645
33; 442 656; 424 636; 405 653; 396 640; 388 646; 404 666; 423 649; 433 662
34; 321 598; 310 621; 333 632; 326 647; 335 651; 347 627; 322 616; 330 602
35; 1012 583; 1000 596; 1014 608; 1006 618; 1012 622; 1024 608; 1010 596; 1018 587
36; 484 591; 460 579; 449 602; 435 595; 431 604; 454 615; 465 592; 480 599
37; 244 584; 221 572; 210 595; 196 588; 193 596; 215 608; 226 585; 241 592
38; 1000 569; 994 593; 970 587; 966 602; 957 599; 964 575; 988 581; 992 566
39; 823 569; 805 587; 788 567; 776 578; 770 571; 789 553; 806 573; 817 562
40; 589 531; 569 548; 586 567; 573 577; 579 586; 599 568; 582 549; 595 538
41; 844 521; 843 546; 817 544; 816 561; 807 559; 809 533; 835 536; 836 519
42; 95 517; 89 542; 64 536; 60 551; 50 549; 57 524; 82 530; 87 515
43; 993 518; 986 493; 961 499; 956 484; 948 486; 954 511; 979 505; 983 520
44; 325 480; 305 496; 322 515; 309 525; 315 533; 335 516; 318 497; 331 487
45; 363 479; 363 504; 387 504; 387 520; 396 520; 396 495; 372 495; 370 479
46; 211 469; 211 494; 235 494; 235 510; 244 510; 244 485; 220 485; 219 469
47; 609 457; 590 473; 606 492; 593 502; 599 510; 618 493; 602 474; 615 464
48; 635 499; 618 479; 637 463; 627 452; 633 446; 650 465; 631 480; 641 493
49; 543 498; 526 479; 545 464; 535 452; 541 447; 558 465; 539 480; 549 493
50; 1006 449; 982 445; 978 469; 965 466; 963 475; 986 479; 990 455; 1004 458
51; 50 441; 43 470; 14 463; 8 482; -2 479; 5 449; 35 456; 40 438
52; 417 478; 398 461; 414 442; 401 432; 407 425; 426 441; 410 459; 423 470
53; 877 406; 877 431; 903 431; 903 447; 912 447; 912 422; 886 422; 885 406
54; 673 400; 654 416; 670 435; 657 445; 663 453; 682 436; 666 417; 679 407
55; 458 395; 440 413; 460 430; 449 442; 456 448; 474 429; 454 412; 465 401
56; 265 404; 256 381; 232 389; 226 374; 218 378; 226 401; 250 393; 256 408
57; 557 422; 534 412; 542 389; 527 383; 531 375; 554 383; 546 407; 561 412
58; 57 424; 40 405; 59 390; 49 379; 55 373; 72 391; 53 406; 63 418
59; 1004 362; 1001 377; 1017 380; 1015 390; 1021 391; 1024 375; 1007 372; 1010 363
60; 161 376; 140 388; 130 365; 115 372; 112 364; 134 352; 144 375; 158 368
61; 13 341; -3 359; 15 374; 5 386; 11 392; 28 373; 9 358; 19 347
62; 770 347; 760 361; 746 352; 740 360; 735 357; 746 343; 760 352; 765 344
63; 828 327; 810 345; 830 362; 820 374; 826 380; 844 360; 824 344; 834 333
64; 446 371; 441 390; 422 385; 418 397; 411 395; 417 376; 436 381; 440 369
65; 440 318; 421 338; 442 355; 431 369; 438 375; 457 354; 436 337; 447 324
66; 480 350; 453 345; 448 372; 433 368; 431 378; 457 383; 462 356; 478 360
67; 426 334; 404 322; 394 345; 380 338; 377 346; 398 358; 408 335; 423 342
68; 192 317; 170 306; 160 328; 146 321; 143 329; 164 340; 174 318; 189 325
69; 754 327; 746 305; 724 312; 718 298; 711 301; 718 323; 740 316; 746 330
70; 413 310; 393 293; 377 312; 366 302; 360 308; 379 325; 394 306; 407 316
71; 454 290; 443 312; 465 322; 458 338; 466 341; 478 318; 455 307; 462 293
72; 586 288; 563 276; 552 299; 538 292; 535 300; 557 312; 568 289; 583 296
73; 346 303; 339 279; 315 285; 311 270; 303 273; 309 296; 332 291; 337 305
74; 535 324; 521 327; 518 311; 509 314; 508 308; 523 305; 526 320; 534 318
75; 504 271; 484 291; 506 310; 495 324; 502 330; 522 308; 500 290; 511 277
76; 543 266; 542 287; 521 285; 520 299; 512 298; 514 277; 535 279; 536 265
77; 648 263; 629 246; 614 265; 602 255; 597 261; 615 278; 630 259; 643 269
78; 224 262; 202 274; 192 251; 177 258; 173 250; 196 238; 206 261; 220 254
79; 521 281; 499 279; 501 256; 487 255; 488 247; 511 249; 509 272; 522 273
80; 486 236; 469 254; 488 269; 478 282; 484 287; 501 268; 482 252; 492 241
81; 429 228; 428 252; 451 254; 450 269; 459 271; 461 246; 437 244; 438 230
82; 942 218; 923 234; 939 253; 926 263; 932 271; 951 254; 935 235; 948 225
83; 46 291; 32 280; 41 267; 33 260; 36 256; 50 266; 41 280; 49 286
84; 68 231; 39 225; 34 255; 18 251; 15 261; 43 267; 48 237; 66 241
85; 41 236; 31 224; 43 214; 36 207; 41 203; 51 214; 39 225; 46 232
86; 646 206; 640 231; 615 225; 611 240; 601 238; 608 213; 633 219; 638 204
87; 120 171; 101 187; 117 206; 104 216; 110 224; 129 207; 113 188; 126 178
88; 175 203; 168 178; 143 184; 138 169; 130 171; 136 196; 161 190; 165 205
89; 759 164; 734 160; 730 184; 716 181; 714 190; 738 194; 742 170; 757 173
90; 581 159; 577 184; 601 188; 598 203; 607 206; 612 180; 586 176; 590 162
91; 638 178; 631 155; 608 160; 603 146; 595 148; 601 171; 624 166; 629 180
92; 694 193; 674 175; 691 156; 678 146; 684 138; 704 155; 687 174; 700 184
93; 515 135; 497 153; 517 170; 507 182; 513 188; 531 168; 511 152; 521 141
94; 233 136; 215 153; 200 134; 187 144; 182 138; 201 121; 216 140; 228 130
95; 642 141; 619 152; 608 129; 593 136; 589 127; 613 116; 624 139; 638 132
96; 828 113; 810 132; 830 149; 819 162; 826 168; 844 148; 824 131; 835 119
97; 23 67; 19 92; 43 96; 40 111; 49 114; 54 88; 28 84; 32 70
98; 987 61; 969 80; 989 97; 978 110; 985 116; 1003 96; 983 79; 994 67
99; 26 59; 12 67; 5 52; -4 56; -6 51; 8 43; 15 58; 24 54
100; 606 49; 583 37; 572 60; 558 53; 555 61; 577 73; 588 50; 603 57
101; 749 26; 749 51; 774 51; 774 67; 784 67; 784 42; 759 42; 757 26
102; 737 71; 718 54; 734 35; 721 25; 727 18; 746 34; 730 53; 743 63
103; 571 28; 556 47; 538 31; 527 44; 520 38; 536 19; 555 35; 564 22
104; 294 55; 271 52; 273 29; 258 28; 259 19; 283 22; 281 45; 295 46
105; 272 17; 248 19; 250 43; 236 44; 237 53; 260 51; 258 27; 273 26
106; 200 18; 196 42; 220 46; 217 61; 226 63; 231 38; 206 34; 209 20
107; 142 60; 118 51; 108 75; 94 70; 91 78; 114 87; 124 63; 139 68
108; 148 8; 130 26; 150 43; 140 55; 146 61; 164 41; 144 25; 154 14
109; 114 40; 95 26; 108 7; 96 -1; 100 -6; 119 6; 106 25; 118 33
