0; 1 11; 23 11; 23 40; 1 40
1; 107 -1; 129 -1; 129 25; 107 25
2; 452 2; 482 2; 482 25; 452 25
3; 645 0; 676 0; 676 24; 645 24
4; 813 -1; 834 -1; 834 28; 813 28
5; 853 11; 874 11; 874 42; 853 42
6; 687 -1; 708 -1; 708 32; 687 32
7; 527 37; 531 7; 550 9; 546 40
8; 542 37; 554 -4; 575 3; 563 44
9; 583 21; 602 21; 602 38; 583 38
10; 175 37; 184 19; 213 33; 204 52
11; 410 50; 410 24; 438 24; 438 50
12; 417 25; 417 -1; 437 -1; 437 25
13; 880 28; 900 18; 915 49; 895 59
14; 213 45; 239 29; 250 47; 225 63
15; 431 44; 461 33; 469 54; 438 65
16; 60 47; 74 33; 102 60; 87 75
17; 994 43; 1015 43; 1015 78; 994 78
18; 605 38; 633 38; 633 65; 605 65
19; 477 47; 499 47; 499 78; 477 78
20; 296 77; 296 49; 322 49; 322 77
21; 276 64; 278 32; 300 34; 298 66
22; 357 69; 381 47; 395 63; 371 85
23; 865 56; 896 53; 898 76; 867 80
24; 693 48; 715 48; 715 79; 693 79
25; 37 77; 51 60; 74 78; 61 95
26; 75 69; 93 57; 114 89; 96 101
27; 400 67; 426 67; 426 88; 400 88
28; 738 89; 753 74; 776 97; 761 112
29; 974 78; 1004 78; 1004 99; 974 99
30; 833 75; 861 75; 861 103; 833 103
31; 864 107; 895 90; 907 113; 877 130
32; 854 93; 886 75; 897 96; 866 113
33; 787 98; 816 86; 825 108; 795 120
34; 333 102; 345 86; 372 108; 359 124
35; 572 115; 582 97; 611 111; 602 130
36; 229 120; 250 95; 267 109; 246 134
37; 999 110; 1023 110; 1023 131; 999 131
38; 26 108; 56 108; 56 128; 26 128
39; 503 117; 531 117; 531 137; 503 137
40; 114 134; 124 115; 154 131; 144 150
41; 422 116; 443 116; 443 145; 422 145
42; 59 125; 80 118; 91 151; 70 158
43; 94 128; 117 128; 117 156; 94 156
44; 154 147; 177 124; 192 138; 169 161
45; 334 141; 341 123; 373 135; 367 153
46; 262 153; 277 135; 303 157; 288 176
47; 276 135; 291 118; 316 140; 302 157
48; 708 150; 735 135; 745 154; 719 168
49; 559 142; 585 140; 589 170; 562 173
50; 580 146; 609 134; 616 154; 587 166
51; 245 145; 269 145; 269 174; 245 174
52; 309 156; 340 154; 342 176; 311 179
53; 499 187; 502 155; 524 157; 522 188
54; 37 185; 68 175; 76 202; 45 212
55; 19 186; 19 155; 41 155; 41 186
56; 37 185; 37 156; 76 156; 76 185
57; 467 165; 491 157; 502 186; 478 195
58; 392 171; 410 158; 429 186; 411 198
59; 408 163; 424 151; 443 179; 427 190
60; 276 185; 300 160; 318 178; 294 203
61; 334 183; 351 169; 374 200; 357 213
62; 606 173; 627 168; 634 199; 613 204
63; 204 211; 236 210; 237 231; 205 233
64; 199 206; 205 186; 239 196; 233 216
65; 419 203; 450 203; 450 225; 419 225
66; 268 211; 295 194; 307 215; 280 231
67; 705 210; 727 210; 727 239; 705 239
68; 1013 259; 1013 232; 1024 232; 1024 259
69; 974 254; 991 223; 1011 233; 994 265
70; 990 230; 999 197; 1025 204; 1016 237
71; 790 225; 821 214; 828 234; 798 245
72; 346 248; 354 229; 384 241; 376 261
73; 324 231; 341 231; 341 254; 324 254
74; 581 235; 615 235; 615 267; 581 267
75; 896 235; 918 235; 918 265; 896 265
76; 516 266; 524 236; 545 241; 537 271
77; 88 255; 100 238; 126 258; 114 274
78; 34 248; 54 248; 54 278; 34 278
79; 811 258; 841 258; 841 278; 811 278
80; 381 280; 389 259; 421 271; 413 293
81; 676 281; 690 261; 718 278; 705 299
82; 690 262; 703 241; 732 260; 719 280
83; 735 263; 757 254; 769 284; 748 293
84; 221 275; 250 275; 250 304; 221 304
85; 452 280; 472 280; 472 311; 452 311
86; 526 305; 536 275; 562 284; 552 313
87; 249 283; 275 283; 275 313; 249 313
88; 553 301; 584 283; 595 303; 564 320
89; 350 293; 371 293; 371 324; 350 324
90; 861 312; 870 293; 898 307; 889 325
91; 466 309; 496 295; 506 316; 476 331
92; 213 303; 240 303; 240 328; 213 328
93; 798 332; 811 313; 844 337; 830 356
94; 808 298; 836 288; 843 307; 814 317
95; 813 320; 831 295; 864 319; 846 343
96; 780 304; 806 304; 806 332; 780 332
97; 150 325; 177 312; 186 330; 159 343
98; 534 312; 560 312; 560 340; 534 340
99; 408 338; 421 310; 440 318; 427 346
100; 604 322; 630 322; 630 353; 604 353
101; 344 352; 354 321; 377 329; 366 360
102; 573 327; 603 327; 603 347; 573 347
103; 224 354; 231 326; 253 331; 246 360
104; 719 334; 742 334; 742 365; 719 365
105; 448 333; 471 329; 476 358; 454 363
106; 473 354; 485 335; 515 353; 503 372
107; 925 353; 949 330; 976 358; 951 381
108; 745 346; 772 346; 772 376; 745 376
109; 771 343; 796 343; 796 373; 771 373
110; 681 376; 693 357; 722 376; 710 395
111; 858 375; 876 360; 898 386; 880 401
112; 120 363; 143 363; 143 394; 120 394
113; 158 387; 174 371; 197 394; 181 410
114; 28 397; 43 368; 65 379; 51 408
115; 231 384; 246 374; 265 403; 250 413
116; 746 442; 746 420; 777 420; 777 442
117; 764 424; 764 387; 786 387; 786 424
118; 94 393; 116 390; 120 424; 98 426
119; 944 400; 975 400; 975 422; 944 422
120; 420 409; 448 397; 457 416; 429 429
121; 205 403; 236 403; 236 426; 205 426
122; 610 407; 629 407; 629 437; 610 437
123; 689 413; 719 413; 719 433; 689 433
124; 323 415; 354 415; 354 435; 323 435
125; 28 437; 45 409; 64 420; 47 448
126; 879 439; 897 415; 914 428; 896 452
127; 962 425; 990 425; 990 450; 962 450
128; 190 426; 214 426; 214 455; 190 455
129; 103 425; 124 418; 135 450; 115 457
130; 519 450; 523 429; 551 435; 547 455
131; 565 432; 591 432; 591 461; 565 461
132; 925 427; 945 427; 945 455; 925 455
133; 365 452; 388 435; 401 452; 378 469
134; 829 444; 860 444; 860 466; 829 466
135; 124 457; 134 438; 166 454; 157 473
136; 409 444; 432 444; 432 473; 409 473
137; 583 462; 592 444; 621 459; 612 476
138; 193 459; 211 449; 229 483; 211 493
139; 313 483; 313 456; 338 456; 338 483
140; 296 460; 300 429; 323 432; 318 463
141; 430 472; 455 456; 467 473; 442 489
142; 555 486; 559 458; 579 461; 575 489
143; 856 464; 881 464; 881 495; 856 495
144; 781 490; 798 464; 815 475; 799 501
145; 479 485; 506 468; 517 485; 490 502
146; 148 471; 177 471; 177 498; 148 498
147; 226 473; 252 473; 252 503; 226 503
148; 814 475; 832 462; 851 489; 833 501
149; 14 483; 39 483; 39 509; 14 509
150; 689 504; 708 479; 727 493; 708 519
151; 725 478; 752 478; 752 509; 725 509
152; 509 512; 532 488; 548 504; 524 527
153; 917 523; 917 495; 943 495; 943 523
154; 898 505; 898 476; 922 476; 922 505
155; 846 529; 858 499; 878 507; 866 537
156; 179 503; 205 503; 205 532; 179 532
157; 319 508; 341 508; 341 539; 319 539
158; 199 531; 206 510; 236 521; 229 541
159; 439 515; 468 515; 468 542; 439 542
160; 97 534; 115 509; 134 522; 116 547
161; 579 513; 599 513; 599 542; 579 542
162; 663 522; 676 522; 676 536; 663 536
163; 4 526; 33 526; 33 554; 4 554
164; 506 525; 534 525; 534 549; 506 549
165; 550 533; 573 533; 573 561; 550 561
166; 400 528; 420 528; 420 555; 400 555
167; 983 552; 1004 530; 1018 544; 997 566
168; 888 542; 915 542; 915 565; 888 565
169; 429 544; 458 544; 458 570; 429 570
170; 309 579; 317 545; 345 551; 338 585
171; 290 570; 297 535; 323 540; 315 575
172; 279 557; 291 548; 312 574; 300 583
173; 836 553; 855 553; 855 583; 836 583
174; 348 568; 362 554; 384 576; 370 590
175; 114 552; 134 552; 134 581; 114 581
176; 265 583; 285 570; 305 603; 285 615
177; 253 567; 274 555; 286 576; 265 588
178; 522 564; 549 564; 549 584; 522 584
179; 60 557; 88 553; 94 600; 65 604
180; 32 561; 34 539; 67 541; 65 563
181; 900 565; 931 565; 931 588; 900 588
182; 433 591; 447 565; 466 575; 452 601
183; 27 587; 47 577; 60 604; 40 614
184; 751 604; 766 589; 789 612; 774 627
185; 732 596; 752 574; 770 590; 749 612
186; 492 583; 513 583; 513 611; 492 611
187; 950 623; 967 608; 990 635; 973 649
188; 919 603; 932 589; 956 610; 942 625
189; 943 614; 943 584; 964 584; 964 614
190; 173 596; 205 596; 205 616; 173 616
191; 201 606; 213 587; 240 605; 228 624
192; 829 606; 856 591; 867 609; 839 625
193; 113 609; 130 596; 150 622; 132 635
194; 240 625; 246 594; 268 598; 262 630
195; 891 611; 914 611; 914 640; 891 640
196; 721 642; 733 614; 756 624; 743 652
197; 702 629; 720 604; 739 618; 721 643
198; 434 631; 466 615; 477 637; 446 653
199; 759 634; 791 624; 799 649; 766 658
200; 209 634; 231 634; 231 659; 209 659
201; 57 637; 73 637; 73 668; 57 668
202; 793 646; 822 636; 829 658; 801 668
203; 508 640; 527 632; 540 662; 521 670
204; 488 649; 511 639; 528 679; 505 689
205; 472 632; 492 619; 510 649; 489 662
206; 447 652; 468 645; 480 680; 458 687
207; 739 684; 755 652; 774 662; 758 693
208; 272 672; 299 653; 312 672; 285 691
209; 934 669; 948 652; 975 673; 962 691
210; 203 714; 203 676; 233 676; 233 714
211; 199 674; 212 651; 242 668; 230 691
212; 386 696; 406 671; 423 685; 403 710
213; 674 691; 688 673; 712 692; 698 710
214; 462 713; 467 682; 487 684; 483 716
215; 627 689; 653 689; 653 714; 627 714
216; 952 712; 964 684; 985 693; 973 721
217; 244 692; 273 692; 273 715; 244 715
218; 159 737; 159 716; 193 716; 193 737
219; 151 697; 180 693; 184 716; 155 720
220; 758 747; 774 721; 792 733; 776 758
221; 750 728; 752 703; 779 705; 777 730
222; 11 732; 11 711; 42 711; 42 732
223; -1 715; -1 690; 14 690; 14 715
224; 50 724; 75 701; 90 717; 64 740
225; 447 713; 473 713; 473 740; 447 740
226; 641 743; 642 714; 662 715; 661 744
227; 674 710; 695 710; 695 737; 674 737
228; 512 717; 537 717; 537 739; 512 739
229; 905 717; 909 698; 940 703; 937 723
230; 869 719; 900 714; 903 738; 872 743
231; 877 719; 877 696; 908 696; 908 719
232; 731 752; 731 713; 751 713; 751 752
233; 715 716; 715 701; 745 701; 745 716
234; 552 778; 552 743; 576 743; 576 778
235; 552 742; 555 721; 587 727; 583 747
236; 796 753; 807 727; 825 734; 815 761
237; 32 751; 35 730; 68 736; 65 757
238; 194 726; 214 726; 214 755; 194 755
239; 938 737; 967 737; 967 757; 938 757
240; 901 755; 902 736; 938 738; 937 757
241; 472 752; 488 740; 506 763; 490 775
242; 521 738; 549 738; 549 765; 521 765
243; 228 773; 240 742; 260 750; 248 780
244; 657 752; 690 752; 690 771; 657 771
245; 623 774; 644 748; 662 761; 640 788
246; 309 759; 340 759; 340 780; 309 780
247; 65 751; 87 749; 90 782; 68 784
248; 568 799; 574 764; 597 768; 591 803
249; 581 771; 583 737; 604 738; 602 772
250; 537 783; 560 773; 573 803; 551 813
251; 77 790; 108 790; 108 812; 77 812
252; 802 791; 833 791; 833 812; 802 812
253; 202 790; 223 788; 226 819; 205 821
254; 942 815; 967 812; 971 842; 946 845
255; 950 792; 977 786; 984 815; 957 821
256; 961 786; 961 754; 984 754; 984 786
257; 923 795; 923 773; 971 773; 971 795
258; 9 813; 22 795; 50 815; 37 833
259; 771 796; 792 796; 792 827; 771 827
260; 344 829; 346 808; 378 811; 375 833
261; 418 821; 439 800; 453 815; 433 835
262; 371 833; 376 811; 409 818; 404 840
263; 854 828; 877 827; 879 858; 855 859
264; 871 838; 871 805; 897 805; 897 838
265; 526 822; 556 810; 565 832; 535 844
266; 775 827; 808 827; 808 849; 775 849
267; 813 847; 823 827; 851 841; 842 861
268; 451 834; 483 834; 483 858; 451 858
269; 509 845; 532 838; 541 867; 519 874
270; 189 840; 212 840; 212 868; 189 868
271; 643 846; 672 846; 672 870; 643 870
272; 80 849; 106 849; 106 879; 80 879
273; 43 863; 72 848; 83 868; 55 884
274; 571 884; 603 873; 610 895; 578 905
275; 593 870; 614 857; 631 885; 610 898
276; 834 891; 853 865; 871 879; 852 904
277; 921 871; 942 871; 942 902; 921 902
278; 160 868; 184 868; 184 899; 160 899
279; 670 881; 699 868; 709 889; 680 902
280; 536 884; 566 884; 566 914; 536 914
281; 1001 918; 1001 895; 1024 895; 1024 918
282; 965 910; 981 883; 1004 897; 988 924
283; 436 902; 456 898; 462 929; 442 933
284; 760 901; 793 901; 793 923; 760 923
285; 877 935; 877 904; 903 904; 903 935
286; 856 933; 856 904; 881 904; 881 933
287; 502 915; 521 903; 539 932; 520 944
288; 317 935; 328 907; 349 915; 338 944
289; 364 914; 393 914; 393 938; 364 938
290; 538 930; 563 913; 575 929; 550 947
291; 982 917; 1006 917; 1006 949; 982 949
292; 674 920; 703 920; 703 941; 674 941
293; 921 926; 950 926; 950 944; 921 944
294; 81 929; 112 929; 112 948; 81 948
295; 761 934; 792 927; 797 948; 765 954
296; 350 932; 378 932; 378 960; 350 960
297; 423 938; 446 933; 454 966; 432 972
298; 159 959; 172 931; 192 939; 179 967
299; 281 946; 310 935; 318 954; 288 965
300; 394 938; 425 938; 425 968; 394 968
301; 512 954; 526 939; 551 961; 537 976
302; 728 972; 733 941; 755 944; 749 975
303; 656 949; 685 949; 685 973; 656 973
304; 950 969; 965 942; 985 954; 969 981
305; 981 954; 1002 948; 1011 984; 991 990
306; 772 959; 798 959; 798 989; 772 989
307; 56 978; 64 958; 94 970; 86 990
308; 740 973; 772 973; 772 997; 740 997
309; 671 991; 695 972; 711 991; 686 1011
310; 611 997; 625 970; 646 980; 632 1007
311; 305 1003; 328 980; 346 998; 323 1021
312; 12 1025; 12 1000; 44 1000; 44 1025
313; -4 1005; -4 980; 23 980; 23 1005
314; 421 1004; 449 1004; 449 1025; 421 1025
315; 516 1005; 544 1005; 544 1025; 516 1025
316; 994 986; 1022 986; 1022 1017; 994 1017
