0; 420 990; 416 994; 415 994; 414 995; 407 995; 406 996; 405 996; 405 997; 404 998; 404 999; 403 1000; 403 1002; 402 1003; 402 1005; 401 1006; 401 1007; 400 1008; 400 1011; 394 1017; 394 1018; 393 1019; 393 1020; 392 1021; 392 1023; 408 1023; 408 1021; 409 1020; 409 1016; 410 1015; 410 1013; 411 1012; 411 1011; 412 1010; 412 1009; 416 1005; 419 1005; 420 1004; 424 1004; 425 1003; 426 1003; 426 1001; 427 1000; 427 992; 425 990
1; 991 983; 990 984; 990 990; 992 992; 993 992; 994 993; 995 993; 996 994; 997 994; 998 995; 998 996; 999 997; 999 998; 998 999; 998 1000; 995 1003; 995 1004; 993 1006; 993 1007; 991 1009; 991 1010; 990 1011; 990 1017; 991 1018; 992 1018; 993 1019; 994 1019; 995 1020; 996 1020; 997 1021; 997 1023; 1004 1023; 1004 1021; 1003 1020; 1002 1020; 1001 1019; 1001 1015; 1002 1014; 1002 1013; 1005 1010; 1005 1009; 1006 1008; 1006 1007; 1007 1006; 1007 1005; 1008 1004; 1008 1003; 1010 1001; 1010 1000; 1012 998; 1012 991; 1010 989; 1009 989; 1008 988; 1006 988; 1004 986; 1003 986; 1002 985; 1001 985; 1000 984; 998 984; 997 983
2; 893 967; 893 974; 895 976; 895 977; 896 978; 896 979; 897 980; 897 982; 896 983; 896 984; 893 987; 892 987; 891 988; 890 988; 889 989; 887 989; 886 990; 885 990; 884 991; 883 991; 882 992; 881 992; 878 995; 878 1000; 879 1001; 879 1003; 880 1004; 880 1007; 882 1009; 883 1009; 884 1010; 883 1011; 883 1021; 888 1021; 888 1020; 890 1018; 890 1010; 891 1009; 891 1008; 892 1007; 892 1000; 894 998; 895 998; 896 997; 897 997; 898 996; 899 996; 900 995; 904 995; 905 994; 906 994; 908 992; 908 986; 907 985; 907 981; 905 979; 905 978; 904 977; 904 976; 903 975; 903 972; 899 968; 898 968; 897 967
3; 749 963; 747 965; 747 971; 748 972; 748 973; 749 974; 749 976; 750 977; 750 979; 751 980; 751 981; 753 983; 760 983; 761 982; 763 982; 764 981; 765 981; 766 980; 768 980; 769 979; 771 979; 772 978; 776 978; 777 979; 778 979; 779 980; 779 985; 783 985; 783 982; 784 981; 784 980; 786 978; 786 973; 785 972; 785 971; 784 970; 784 969; 783 968; 783 967; 782 966; 781 966; 780 965; 775 965; 774 966; 773 966; 772 967; 771 967; 770 968; 768 968; 767 969; 765 969; 764 970; 760 970; 759 969; 758 969; 756 967; 756 966; 753 963
4; 89 960; 85 964; 85 968; 86 969; 87 969; 88 970; 88 971; 89 972; 89 975; 88 976; 88 977; 87 978; 87 979; 85 981; 85 982; 84 983; 84 984; 83 985; 83 993; 84 994; 86 994; 87 995; 88 995; 89 996; 90 996; 93 999; 94 999; 95 1000; 97 1000; 98 1001; 99 1001; 100 1002; 101 1002; 102 1003; 106 1003; 106 1002; 107 1001; 107 995; 104 992; 102 992; 101 991; 99 991; 98 990; 97 990; 96 989; 96 985; 97 984; 97 983; 98 982; 98 981; 99 980; 99 979; 100 978; 100 977; 101 976; 101 974; 102 973; 102 971; 103 970; 103 966; 101 964; 100 964; 98 962; 97 962; 96 961; 95 961; 94 960
5; 64 938; 64 940; 63 941; 63 948; 64 949; 64 950; 60 954; 54 954; 53 955; 51 955; 49 957; 47 957; 46 958; 44 958; 42 960; 42 967; 37 972; 36 972; 35 973; 35 974; 34 975; 34 982; 39 982; 40 981; 41 981; 43 979; 44 979; 45 978; 46 978; 49 975; 49 974; 55 968; 58 968; 59 967; 61 967; 62 966; 64 966; 65 965; 68 965; 69 964; 75 964; 75 954; 74 953; 74 952; 73 951; 73 949; 72 948; 72 941; 69 938
6; 771 917; 770 918; 770 922; 771 923; 771 929; 772 930; 772 934; 773 935; 773 940; 774 941; 774 942; 775 943; 775 944; 776 944; 777 945; 781 945; 782 944; 786 944; 787 943; 794 943; 795 944; 800 944; 801 943; 803 943; 804 942; 808 942; 809 941; 809 937; 806 934; 805 934; 804 933; 795 933; 793 931; 793 930; 792 929; 792 928; 791 927; 786 927; 785 928; 784 927; 783 927; 782 926; 782 924; 781 923; 781 919; 780 918; 779 918; 778 917
7; 185 911; 184 912; 183 912; 181 914; 180 914; 177 917; 172 917; 171 918; 170 918; 168 920; 168 924; 170 926; 177 926; 181 922; 182 922; 183 923; 184 923; 185 924; 185 926; 186 927; 186 930; 187 931; 187 932; 188 933; 188 934; 189 935; 189 937; 190 938; 190 941; 191 942; 191 943; 192 943; 193 944; 197 944; 198 943; 200 943; 206 937; 207 937; 208 936; 210 936; 211 935; 213 935; 214 934; 218 934; 218 930; 217 929; 217 928; 215 926; 207 926; 202 931; 201 931; 199 929; 199 928; 198 927; 198 925; 197 924; 197 922; 196 921; 196 919; 195 918; 195 916; 194 915; 194 913; 192 911
8; 45 873; 44 874; 43 874; 43 875; 42 876; 42 878; 41 879; 41 883; 40 884; 40 886; 39 887; 39 889; 38 890; 38 892; 37 893; 37 902; 35 904; 30 904; 29 903; 29 902; 24 902; 24 906; 29 906; 30 907; 30 908; 31 909; 37 909; 38 908; 41 908; 42 907; 44 907; 45 906; 46 906; 48 904; 48 903; 49 902; 49 898; 50 897; 50 893; 51 892; 51 889; 54 886; 58 886; 59 885; 60 885; 62 883; 64 883; 65 884; 73 884; 74 883; 75 883; 75 879; 74 878; 74 877; 72 875; 71 875; 70 874; 66 874; 63 877; 62 877; 61 878; 55 878; 50 873
9; 13 871; 12 872; 0 872; 0 883; 13 883; 16 886; 16 890; 15 891; 15 896; 27 896; 27 892; 25 890; 24 890; 22 888; 22 885; 26 881; 26 874; 23 871
10; 58 837; 58 838; 57 839; 57 841; 55 843; 55 849; 56 850; 56 854; 57 855; 57 856; 58 857; 59 857; 60 858; 66 858; 67 857; 70 857; 71 858; 72 858; 74 860; 74 863; 75 864; 75 866; 76 867; 76 868; 81 868; 84 865; 85 865; 86 864; 87 864; 89 862; 90 862; 91 861; 91 860; 92 859; 92 854; 91 853; 91 851; 90 850; 90 847; 89 846; 89 845; 88 844; 77 844; 76 845; 68 845; 67 844; 67 839; 66 838; 64 838; 63 837
11; 734 834; 733 835; 733 836; 732 837; 732 838; 730 840; 730 841; 727 844; 724 844; 720 848; 720 853; 721 854; 721 856; 722 857; 722 858; 723 859; 723 860; 724 861; 724 863; 725 864; 725 868; 724 869; 724 870; 723 871; 717 871; 716 872; 715 872; 714 873; 714 879; 715 880; 722 880; 723 879; 725 879; 726 878; 733 878; 734 877; 735 877; 736 876; 737 876; 738 875; 738 867; 737 866; 737 865; 736 864; 736 861; 735 860; 735 857; 734 856; 734 852; 736 850; 737 850; 738 849; 739 849; 740 848; 740 847; 741 846; 741 842; 742 841; 742 837; 739 834
12; 512 806; 511 807; 501 807; 498 810; 498 811; 497 812; 497 814; 496 815; 496 818; 495 819; 495 822; 494 823; 494 824; 491 827; 490 827; 489 828; 488 827; 486 827; 483 824; 478 824; 476 826; 476 827; 475 828; 475 833; 478 833; 479 834; 481 834; 482 835; 484 835; 485 836; 486 836; 487 837; 488 837; 489 838; 490 838; 491 839; 498 839; 500 837; 500 836; 501 835; 501 834; 502 833; 502 832; 503 831; 503 830; 504 829; 504 827; 505 826; 505 824; 506 823; 506 822; 507 821; 507 820; 511 816; 511 815; 513 813; 513 812; 515 810; 519 810; 520 811; 528 811; 528 807; 527 806
13; 593 798; 593 807; 594 808; 594 822; 597 825; 617 825; 618 826; 624 826; 627 823; 627 817; 625 815; 623 815; 622 814; 607 814; 605 812; 605 811; 604 810; 604 803; 603 802; 603 801; 601 799; 600 799; 599 798
14; 702 789; 702 790; 701 791; 701 792; 700 793; 700 802; 701 803; 701 806; 702 807; 702 810; 703 811; 703 813; 705 815; 713 815; 714 814; 717 814; 718 813; 734 813; 734 810; 735 809; 735 802; 734 801; 734 800; 733 799; 732 799; 731 798; 726 798; 725 799; 723 799; 722 800; 721 800; 720 801; 718 801; 717 802; 716 802; 715 803; 712 803; 709 800; 709 795; 708 794; 708 793; 707 792; 707 790; 706 789
15; 976 782; 976 787; 975 788; 974 788; 973 789; 972 789; 969 792; 969 793; 965 797; 964 797; 959 802; 959 809; 961 811; 961 812; 963 814; 963 815; 966 818; 966 819; 968 821; 968 822; 969 823; 969 824; 968 825; 968 826; 966 828; 963 828; 962 829; 960 829; 959 830; 958 830; 957 831; 957 837; 958 838; 958 840; 962 840; 965 837; 966 837; 967 836; 971 836; 972 835; 973 835; 974 834; 974 833; 978 829; 979 829; 980 828; 981 828; 982 827; 982 821; 978 817; 978 816; 976 814; 976 813; 973 810; 973 809; 972 808; 972 802; 973 801; 973 800; 977 796; 977 795; 978 794; 978 788; 979 787; 980 787; 980 782
16; 438 782; 435 785; 435 786; 432 789; 431 789; 430 790; 429 790; 426 793; 425 793; 421 797; 421 803; 426 808; 426 809; 432 815; 432 820; 426 826; 426 831; 427 832; 427 833; 428 834; 428 836; 433 836; 436 833; 436 832; 437 831; 437 830; 438 829; 438 828; 446 820; 446 814; 440 808; 440 807; 436 803; 436 799; 437 798; 437 797; 438 796; 438 795; 441 792; 442 792; 443 791; 445 791; 446 790; 446 786; 442 782
17; 185 722; 185 728; 186 729; 186 736; 187 737; 187 739; 188 740; 188 743; 189 744; 189 745; 190 746; 190 747; 191 748; 199 748; 200 747; 202 747; 203 746; 205 746; 206 745; 208 745; 209 744; 213 744; 214 745; 216 745; 217 746; 222 746; 222 745; 223 744; 223 738; 222 737; 222 735; 221 734; 221 733; 219 731; 213 731; 212 732; 210 732; 209 733; 207 733; 206 734; 204 734; 203 735; 198 735; 196 733; 196 732; 195 731; 195 728; 194 727; 194 726; 193 725; 193 724; 192 723; 190 723; 189 722
18; 457 721; 456 722; 454 722; 453 723; 450 723; 449 724; 446 724; 445 725; 443 725; 442 726; 438 726; 436 728; 435 728; 434 729; 434 734; 435 735; 435 736; 436 736; 437 737; 445 737; 446 736; 447 736; 448 735; 450 735; 451 734; 458 734; 459 735; 459 736; 460 737; 460 742; 461 743; 461 744; 462 745; 466 745; 468 743; 469 743; 469 737; 468 736; 468 735; 466 733; 466 732; 467 731; 467 724; 464 721
19; 261 701; 258 704; 258 705; 257 706; 257 707; 256 708; 256 709; 254 711; 254 712; 253 713; 253 714; 251 716; 251 717; 250 718; 249 718; 248 719; 239 719; 236 722; 236 728; 245 728; 246 729; 247 729; 249 731; 250 731; 251 732; 255 732; 256 731; 257 731; 258 730; 258 729; 259 728; 259 726; 260 725; 260 724; 262 722; 262 721; 263 720; 263 719; 265 717; 265 716; 269 712; 271 712; 272 713; 273 713; 275 715; 281 715; 281 714; 282 713; 282 709; 281 708; 281 707; 280 707; 278 705; 277 705; 276 704; 273 704; 272 703; 271 703; 270 702; 268 702; 267 701
20; 944 700; 943 701; 941 701; 940 702; 932 702; 931 703; 930 703; 929 704; 928 704; 927 705; 926 705; 924 707; 923 707; 921 709; 921 716; 923 718; 929 718; 930 717; 931 717; 932 716; 934 716; 935 715; 936 715; 937 714; 939 714; 940 713; 945 713; 949 717; 949 719; 950 720; 950 722; 952 724; 957 724; 958 723; 958 715; 956 713; 956 712; 955 711; 955 709; 954 708; 954 706; 953 705; 953 704; 952 703; 952 702; 950 700
21; 565 695; 562 698; 562 702; 566 706; 566 708; 567 709; 567 711; 568 712; 568 716; 556 728; 556 735; 557 736; 557 737; 559 739; 560 739; 564 743; 565 743; 566 744; 567 744; 568 745; 569 745; 571 747; 571 748; 572 749; 572 750; 574 752; 578 752; 580 750; 580 744; 577 744; 576 743; 575 743; 573 741; 573 739; 572 738; 572 737; 570 735; 570 733; 569 732; 570 731; 570 730; 580 720; 580 719; 581 718; 581 713; 579 711; 579 710; 578 710; 574 706; 573 706; 572 705; 571 705; 570 704; 570 696; 569 695
22; 775 671; 775 674; 774 675; 774 676; 772 678; 772 679; 770 681; 769 681; 768 682; 763 682; 762 683; 756 683; 755 684; 752 684; 751 685; 750 685; 750 686; 749 687; 749 694; 750 695; 750 696; 751 697; 751 708; 753 710; 758 710; 758 709; 759 708; 759 698; 763 694; 764 694; 765 693; 768 693; 769 692; 777 692; 778 691; 780 691; 782 689; 782 682; 781 681; 781 674; 780 673; 780 672; 779 671
23; 909 648; 909 654; 910 655; 910 656; 912 658; 912 660; 913 661; 913 663; 914 664; 914 665; 917 668; 917 669; 918 670; 918 671; 920 673; 926 673; 927 672; 931 672; 932 671; 933 671; 934 670; 935 670; 938 667; 939 667; 939 663; 937 661; 933 661; 931 663; 930 663; 928 665; 924 665; 920 661; 920 660; 919 659; 919 657; 917 655; 917 654; 916 653; 916 652; 915 651; 915 650; 914 649; 914 648
24; 173 636; 172 637; 172 641; 173 642; 173 644; 174 645; 174 646; 172 648; 172 649; 167 654; 162 654; 161 655; 148 655; 146 657; 146 674; 147 675; 147 678; 148 679; 152 679; 153 678; 153 675; 154 674; 154 671; 155 670; 155 669; 158 666; 159 666; 160 665; 172 665; 177 660; 177 659; 178 658; 178 638; 177 637; 177 636
25; 603 631; 602 632; 601 632; 599 634; 599 638; 601 640; 602 640; 603 641; 605 641; 606 642; 608 642; 610 644; 610 648; 608 650; 608 651; 606 653; 606 654; 604 656; 604 657; 602 659; 602 660; 601 661; 601 666; 604 669; 605 669; 608 672; 612 672; 612 665; 613 664; 613 662; 614 661; 614 660; 616 658; 616 657; 618 655; 618 654; 621 651; 621 650; 623 648; 623 647; 624 646; 624 641; 622 639; 621 639; 620 638; 619 638; 618 637; 617 637; 616 636; 614 636; 613 635; 612 635; 610 633; 609 633; 607 631
26; 641 628; 640 629; 639 629; 637 631; 636 631; 634 633; 634 640; 635 641; 635 642; 636 643; 636 645; 637 646; 637 647; 639 649; 639 650; 640 651; 640 653; 634 659; 634 666; 638 666; 639 665; 640 665; 641 664; 643 664; 644 663; 646 663; 647 662; 649 662; 653 658; 653 654; 652 653; 652 652; 651 651; 651 650; 650 649; 650 648; 649 647; 649 646; 648 645; 648 643; 647 642; 647 629; 646 629; 645 628
27; 966 623; 964 625; 963 625; 962 626; 953 626; 950 629; 950 630; 949 631; 949 635; 948 636; 948 638; 947 639; 947 640; 946 641; 946 642; 943 645; 941 645; 940 646; 938 646; 936 648; 936 652; 938 654; 939 654; 940 655; 942 655; 943 656; 945 656; 946 657; 950 657; 951 656; 952 656; 953 655; 953 654; 954 653; 954 651; 955 650; 955 648; 956 647; 956 645; 957 644; 957 643; 958 642; 958 641; 959 640; 959 639; 960 638; 960 636; 961 635; 961 633; 962 632; 962 630; 963 629; 964 629; 966 631; 967 631; 968 632; 974 632; 975 633; 980 633; 980 629; 976 629; 975 628; 975 624; 974 623
28; 1001 608; 1000 609; 1000 610; 999 611; 999 623; 1000 624; 1000 625; 1001 626; 1001 627; 1002 628; 1002 629; 1003 630; 1011 630; 1012 629; 1015 629; 1016 628; 1023 628; 1023 616; 1017 616; 1016 617; 1014 617; 1013 618; 1012 617; 1011 617; 1009 615; 1009 613; 1008 612; 1008 611; 1007 610; 1007 609; 1006 608
29; 359 608; 358 609; 357 609; 357 610; 355 612; 355 613; 354 614; 354 615; 353 616; 353 617; 351 619; 351 620; 349 622; 349 623; 346 626; 343 626; 342 625; 342 624; 341 623; 341 622; 340 621; 340 620; 339 619; 339 618; 330 618; 329 619; 329 624; 335 630; 336 630; 337 631; 338 631; 344 637; 345 637; 346 638; 352 638; 354 636; 354 635; 356 633; 356 632; 358 630; 358 629; 360 627; 360 626; 361 625; 362 625; 364 623; 365 623; 366 624; 367 624; 372 629; 372 630; 374 632; 379 632; 379 625; 378 624; 378 623; 374 619; 369 619; 367 617; 367 610; 366 609; 365 609; 364 608
30; 884 583; 882 585; 882 586; 876 592; 876 593; 872 597; 871 597; 870 598; 863 598; 863 603; 864 604; 864 606; 865 607; 865 608; 866 608; 869 611; 875 611; 880 606; 880 605; 883 602; 883 601; 886 598; 887 598; 888 597; 889 598; 890 598; 892 600; 892 601; 893 602; 893 608; 894 609; 895 609; 896 610; 900 610; 901 609; 903 609; 904 608; 904 603; 903 603; 899 599; 899 594; 892 587; 892 586; 889 583
31; 256 564; 256 571; 257 572; 257 573; 258 574; 258 576; 257 577; 257 580; 256 581; 256 585; 257 586; 257 589; 260 592; 277 592; 280 595; 280 600; 281 601; 281 604; 280 605; 279 605; 278 606; 277 606; 276 607; 276 612; 277 613; 281 613; 284 610; 284 609; 285 608; 285 606; 287 604; 287 603; 288 602; 288 600; 289 599; 289 592; 290 591; 290 583; 287 580; 281 580; 280 581; 270 581; 269 580; 268 580; 265 577; 265 570; 264 569; 264 566; 262 564
32; 797 562; 794 565; 794 566; 792 568; 792 569; 790 571; 790 573; 788 575; 788 576; 787 577; 786 577; 785 578; 782 578; 781 577; 779 577; 775 573; 770 573; 767 576; 767 581; 768 582; 771 582; 772 583; 773 583; 776 586; 777 586; 779 588; 780 588; 782 590; 783 590; 785 592; 790 592; 793 589; 793 588; 797 584; 797 583; 798 582; 798 580; 803 575; 808 575; 808 570; 809 569; 809 565; 808 564; 807 564; 806 563; 805 563; 804 562
33; 527 553; 526 554; 525 554; 522 557; 521 557; 514 564; 513 564; 512 565; 506 565; 505 564; 505 561; 504 560; 497 560; 496 561; 487 561; 487 565; 488 566; 488 567; 490 569; 494 569; 495 568; 496 568; 497 567; 498 567; 499 566; 504 566; 505 567; 505 574; 509 578; 514 578; 516 576; 517 576; 521 572; 522 572; 526 568; 527 568; 529 566; 530 566; 532 564; 533 564; 535 562; 537 562; 537 557; 533 553
34; 422 515; 421 516; 419 516; 418 517; 417 517; 413 521; 413 527; 414 528; 414 529; 415 530; 415 531; 422 538; 422 539; 423 540; 423 541; 421 543; 421 544; 418 547; 418 548; 417 549; 416 549; 415 550; 411 550; 410 551; 410 555; 414 559; 418 559; 423 554; 424 554; 425 553; 426 553; 427 552; 428 552; 430 550; 431 550; 432 549; 433 549; 437 545; 437 539; 435 537; 435 535; 434 534; 434 528; 429 528; 427 526; 427 524; 426 523; 427 522; 427 521; 428 520; 428 516; 427 515
35; 76 509; 74 511; 74 512; 73 513; 73 515; 70 518; 68 518; 67 519; 66 519; 64 521; 63 521; 60 524; 60 531; 61 532; 61 533; 62 534; 62 535; 64 537; 64 538; 66 540; 66 541; 67 542; 67 545; 63 549; 62 549; 59 552; 59 558; 60 559; 60 560; 61 561; 65 561; 68 558; 69 558; 70 557; 71 557; 74 554; 75 554; 76 553; 77 553; 78 552; 79 552; 81 550; 82 550; 82 549; 83 548; 83 544; 80 541; 80 540; 78 538; 78 537; 76 535; 76 534; 74 532; 74 531; 73 530; 73 528; 74 527; 74 526; 76 524; 76 523; 77 522; 77 521; 81 517; 81 516; 82 515; 82 511; 80 509
36; 453 495; 452 496; 452 498; 451 499; 451 505; 450 506; 450 508; 449 509; 449 512; 448 513; 448 514; 446 516; 441 516; 440 517; 440 523; 438 525; 437 525; 437 529; 441 529; 442 528; 452 528; 453 527; 453 526; 455 524; 455 522; 456 521; 456 519; 459 516; 463 516; 463 511; 466 508; 467 508; 468 507; 469 507; 470 506; 471 506; 472 505; 474 505; 476 507; 476 508; 480 508; 480 502; 479 501; 479 500; 478 499; 478 498; 477 497; 465 497; 464 496; 461 496; 460 495
37; 511 489; 508 492; 508 494; 507 495; 507 503; 506 504; 506 505; 504 507; 503 507; 502 508; 498 508; 497 509; 494 509; 493 510; 491 510; 490 511; 489 511; 488 512; 487 512; 487 520; 488 521; 488 527; 487 528; 487 534; 488 535; 488 536; 494 542; 495 542; 496 543; 500 543; 501 542; 501 538; 494 531; 494 527; 495 526; 495 525; 496 524; 496 523; 499 520; 500 520; 501 519; 505 519; 506 518; 510 518; 511 517; 514 517; 518 513; 518 504; 517 503; 517 500; 518 499; 518 498; 520 496; 520 492; 518 490; 517 490; 516 489
38; 302 479; 300 481; 300 486; 299 487; 299 493; 301 495; 301 497; 298 500; 298 501; 297 502; 297 507; 299 509; 302 509; 303 510; 312 510; 313 509; 316 509; 317 510; 318 510; 319 511; 319 512; 320 513; 320 515; 319 516; 319 520; 320 521; 320 522; 321 523; 327 523; 328 522; 328 521; 329 520; 329 517; 330 516; 330 512; 331 511; 331 504; 330 503; 330 501; 327 498; 311 498; 310 497; 308 497; 305 494; 305 488; 309 484; 309 479
39; 897 462; 896 463; 895 463; 891 467; 891 468; 889 470; 886 470; 885 471; 877 471; 876 472; 876 477; 879 480; 880 480; 881 481; 885 481; 886 480; 887 480; 888 479; 889 479; 891 477; 891 476; 893 474; 895 474; 896 475; 897 475; 899 477; 899 478; 901 480; 901 481; 902 482; 902 483; 903 484; 903 485; 904 486; 904 487; 905 488; 905 489; 908 492; 914 492; 915 491; 916 491; 917 490; 919 490; 921 488; 922 488; 924 486; 925 486; 926 485; 929 485; 930 484; 931 484; 933 482; 933 481; 934 480; 934 476; 930 476; 929 477; 927 477; 926 478; 923 478; 922 479; 914 479; 911 476; 911 475; 910 474; 910 473; 909 472; 909 471; 907 469; 907 468; 906 467; 906 466; 905 465; 905 464; 903 462
40; 234 442; 232 444; 231 444; 225 450; 224 450; 221 453; 218 453; 214 449; 214 448; 213 447; 213 446; 212 445; 204 445; 203 446; 202 446; 202 450; 204 452; 204 453; 210 459; 210 460; 211 461; 211 462; 217 468; 223 468; 234 457; 235 457; 236 456; 237 456; 238 457; 239 457; 244 462; 245 462; 246 463; 251 463; 251 455; 246 450; 246 449; 239 442
41; 319 392; 318 393; 317 393; 316 394; 315 394; 312 397; 311 397; 311 398; 310 399; 306 399; 306 402; 305 403; 305 405; 301 409; 297 409; 296 410; 292 410; 290 412; 290 416; 291 417; 293 417; 294 418; 296 418; 297 419; 299 419; 301 421; 302 421; 303 422; 309 422; 311 420; 311 419; 312 418; 312 417; 313 416; 313 415; 315 413; 315 412; 321 406; 321 404; 322 403; 322 401; 325 398; 325 394; 323 392
42; 673 387; 672 388; 672 389; 671 390; 671 391; 670 392; 670 399; 672 401; 675 401; 676 402; 678 402; 679 403; 679 406; 677 408; 676 408; 675 409; 674 409; 673 408; 668 408; 668 411; 667 412; 665 412; 665 416; 666 417; 668 417; 670 419; 670 421; 671 422; 671 423; 672 424; 672 425; 674 427; 680 427; 681 426; 682 426; 682 425; 684 423; 684 422; 685 421; 685 420; 686 419; 686 418; 687 417; 687 416; 689 414; 689 413; 690 412; 690 411; 691 410; 691 408; 692 407; 692 406; 693 405; 693 399; 691 397; 690 397; 689 396; 686 396; 685 395; 683 395; 681 393; 681 392; 680 391; 680 389; 679 388; 679 387
43; 387 386; 386 387; 385 387; 385 388; 384 389; 384 393; 385 394; 385 399; 383 401; 383 402; 382 403; 382 411; 384 413; 386 413; 387 414; 400 414; 401 415; 402 415; 404 417; 404 428; 405 429; 405 430; 407 432; 408 432; 409 433; 414 433; 414 428; 413 427; 413 426; 414 425; 414 421; 415 420; 415 408; 412 405; 406 405; 405 404; 396 404; 395 403; 394 403; 393 402; 392 402; 391 401; 391 400; 390 399; 397 392; 397 388; 395 386
44; 90 380; 89 381; 88 381; 84 385; 83 385; 82 386; 80 386; 79 387; 78 387; 73 392; 73 396; 74 397; 74 398; 76 400; 76 401; 78 403; 78 404; 81 407; 81 408; 82 409; 82 412; 80 414; 70 414; 69 415; 68 415; 68 419; 69 420; 69 421; 72 424; 79 424; 80 423; 84 423; 85 422; 87 422; 88 421; 89 421; 90 420; 91 420; 92 419; 93 419; 95 417; 95 416; 96 415; 96 411; 94 409; 94 408; 93 407; 93 406; 92 405; 92 404; 90 402; 90 401; 89 400; 89 399; 88 398; 88 393; 91 390; 92 390; 95 387; 96 387; 98 385; 99 385; 99 381; 95 381; 94 380
45; 339 352; 339 360; 337 362; 336 362; 336 367; 337 368; 336 369; 336 370; 335 371; 335 372; 334 373; 334 374; 333 375; 333 376; 332 377; 332 383; 334 385; 335 385; 336 386; 337 386; 339 388; 340 388; 341 389; 342 389; 343 390; 344 390; 345 391; 346 391; 348 393; 354 393; 355 392; 355 385; 353 383; 352 383; 350 381; 349 381; 347 379; 347 374; 349 372; 349 371; 350 370; 350 369; 351 368; 351 367; 352 366; 352 365; 353 364; 353 362; 354 361; 354 357; 350 353; 344 353; 343 352
46; 550 348; 549 349; 548 349; 547 350; 546 350; 545 351; 540 351; 539 352; 538 352; 537 353; 536 353; 535 354; 533 354; 532 355; 531 355; 529 357; 529 361; 530 362; 532 362; 533 363; 538 363; 540 361; 542 361; 543 360; 547 360; 548 359; 549 360; 550 360; 552 362; 552 363; 553 364; 553 365; 554 366; 554 367; 555 368; 555 370; 556 371; 556 372; 557 373; 557 374; 558 375; 558 376; 559 377; 559 378; 560 379; 565 379; 566 378; 567 378; 569 376; 570 376; 571 375; 575 375; 576 374; 584 374; 585 373; 585 369; 584 368; 584 367; 582 365; 574 365; 573 366; 572 366; 571 367; 570 367; 569 366; 568 366; 565 363; 565 362; 563 360; 563 359; 562 358; 562 357; 561 356; 561 351; 560 350; 560 349; 559 348
47; 906 330; 906 339; 910 343; 911 343; 912 344; 912 346; 909 349; 908 349; 907 350; 906 350; 905 351; 903 351; 902 352; 897 352; 896 353; 892 353; 889 356; 889 369; 890 370; 890 371; 891 371; 893 373; 893 376; 897 380; 901 380; 902 379; 903 379; 904 378; 904 374; 903 373; 902 373; 901 372; 901 371; 898 368; 898 367; 897 366; 897 365; 900 362; 901 362; 902 361; 907 361; 908 360; 911 360; 912 359; 917 359; 918 358; 919 358; 922 355; 922 349; 921 348; 921 347; 919 345; 917 345; 916 344; 915 344; 914 343; 914 341; 916 339; 916 338; 917 337; 917 333; 913 333; 910 330
48; 875 299; 875 300; 874 301; 874 303; 873 304; 873 306; 870 309; 867 309; 866 310; 857 310; 856 311; 854 311; 852 313; 852 315; 851 316; 851 330; 852 331; 852 333; 851 334; 851 338; 855 338; 858 335; 858 327; 863 322; 864 322; 865 321; 870 321; 871 320; 877 320; 878 319; 882 319; 884 317; 884 316; 885 315; 885 310; 884 309; 884 305; 883 304; 883 303; 882 302; 882 300; 881 299
49; 800 295; 799 296; 799 297; 798 298; 798 299; 797 300; 797 304; 796 305; 796 306; 794 308; 789 308; 788 309; 778 309; 777 310; 776 310; 775 311; 775 312; 774 313; 774 329; 775 330; 775 332; 776 333; 776 334; 777 335; 778 335; 780 337; 784 337; 785 336; 785 334; 786 333; 786 326; 785 325; 785 324; 786 323; 786 322; 787 321; 788 321; 789 320; 795 320; 796 319; 804 319; 805 318; 806 318; 806 317; 807 316; 807 308; 808 307; 808 301; 807 300; 807 298; 806 297; 806 296; 805 295
50; 313 282; 313 288; 312 289; 311 289; 310 290; 302 290; 301 289; 300 289; 299 288; 297 288; 296 287; 294 287; 293 286; 290 286; 289 285; 284 285; 283 286; 282 286; 281 287; 280 287; 279 288; 278 288; 278 298; 282 298; 284 296; 285 296; 286 297; 296 297; 297 298; 298 298; 299 299; 301 299; 302 300; 305 300; 306 301; 309 301; 310 302; 314 302; 315 301; 316 301; 317 300; 317 299; 320 296; 321 296; 322 297; 322 298; 323 299; 328 299; 329 298; 329 294; 328 293; 327 293; 325 291; 325 289; 324 288; 324 286; 323 285; 323 284; 321 282
51; 808 264; 807 265; 807 266; 806 267; 806 272; 807 273; 807 274; 808 275; 808 277; 809 278; 809 279; 808 280; 808 281; 807 282; 807 283; 805 285; 805 289; 806 289; 807 290; 809 290; 810 291; 812 291; 813 292; 822 292; 823 291; 831 291; 832 292; 833 292; 834 293; 834 294; 835 295; 835 303; 837 305; 846 305; 846 299; 845 298; 845 293; 844 292; 844 280; 843 279; 843 277; 838 277; 837 278; 835 278; 834 279; 829 279; 828 280; 822 280; 821 279; 820 279; 819 278; 818 278; 815 275; 815 274; 816 273; 816 266; 814 264
52; 858 252; 856 254; 856 255; 855 256; 855 257; 852 260; 851 260; 850 261; 849 261; 848 262; 848 263; 847 264; 847 267; 846 268; 842 268; 842 273; 846 273; 846 269; 847 268; 854 268; 855 267; 856 267; 859 264; 863 264; 865 266; 866 266; 872 272; 873 272; 878 277; 883 277; 896 264; 896 263; 898 261; 898 260; 899 259; 900 259; 900 255; 892 255; 891 256; 889 256; 888 257; 887 257; 886 258; 885 258; 885 259; 884 260; 884 264; 883 265; 881 265; 877 261; 876 261; 875 260; 874 260; 873 259; 872 259; 865 252
53; 896 219; 893 222; 893 223; 892 224; 892 225; 891 226; 891 227; 890 228; 890 230; 889 231; 889 232; 888 233; 888 234; 887 235; 887 236; 885 238; 882 238; 879 235; 879 234; 877 232; 873 232; 872 231; 868 231; 868 235; 871 238; 871 239; 874 242; 875 242; 876 243; 877 243; 878 244; 878 245; 880 247; 880 248; 882 250; 883 250; 884 251; 890 251; 893 248; 893 247; 894 246; 894 245; 896 243; 896 242; 897 241; 897 240; 898 239; 898 238; 899 237; 899 236; 901 234; 902 234; 903 233; 906 233; 907 234; 907 235; 911 235; 911 234; 914 231; 914 226; 910 226; 909 225; 908 225; 907 224; 906 224; 902 220; 901 220; 900 219
54; 274 217; 273 218; 272 218; 272 219; 270 221; 270 223; 269 224; 269 228; 268 229; 268 231; 267 232; 267 233; 266 234; 266 235; 263 238; 262 238; 259 241; 258 241; 257 242; 256 242; 255 243; 255 247; 257 249; 267 249; 268 250; 272 250; 275 247; 275 244; 276 243; 276 241; 277 240; 277 238; 278 237; 278 236; 279 235; 279 233; 282 230; 290 230; 290 229; 291 228; 293 228; 294 227; 295 227; 298 224; 298 223; 299 222; 299 218; 295 218; 294 219; 286 219; 284 217
55; 467 209; 467 211; 466 212; 466 213; 465 214; 464 214; 464 218; 465 218; 466 219; 470 219; 471 220; 471 222; 470 223; 470 227; 469 228; 469 229; 468 230; 468 231; 467 232; 467 233; 464 236; 464 237; 463 238; 463 244; 467 248; 468 248; 469 249; 471 249; 472 250; 473 250; 474 251; 476 251; 478 253; 479 253; 480 254; 488 254; 490 252; 490 247; 489 246; 487 246; 485 244; 484 244; 483 243; 479 243; 477 241; 477 238; 478 237; 478 236; 481 233; 481 232; 483 230; 483 229; 486 226; 486 225; 487 224; 487 220; 483 216; 477 216; 473 220; 471 220; 470 219; 470 216; 471 215; 471 209
56; 540 190; 539 191; 538 191; 531 198; 530 198; 526 202; 526 207; 527 208; 527 209; 530 212; 530 213; 535 218; 535 219; 536 220; 536 223; 533 226; 533 227; 528 232; 528 239; 533 239; 536 236; 537 236; 539 234; 540 234; 545 229; 546 229; 550 225; 550 219; 548 217; 548 216; 546 214; 546 213; 544 211; 544 210; 542 208; 542 207; 541 206; 541 202; 545 198; 545 192; 544 191; 544 190
57; 971 195; 973 197; 973 201; 970 203; 970 208; 972 210; 972 217; 974 219; 978 219; 978 214; 980 211; 988 210; 987 197; 991 192; 990 183; 973 181
58; 973 181; 959 186; 955 183; 953 179; 953 175; 949 175; 946 179; 946 184; 950 197; 953 200; 957 200; 964 196; 971 195
59; 359 173; 357 175; 357 185; 355 187; 355 188; 351 192; 351 193; 349 195; 349 203; 350 204; 350 205; 352 207; 353 207; 355 209; 356 209; 357 210; 358 210; 359 211; 364 211; 366 213; 367 213; 369 215; 375 215; 375 210; 374 209; 374 208; 372 206; 371 206; 370 205; 369 205; 368 204; 367 204; 366 203; 365 203; 364 202; 364 201; 362 199; 362 196; 363 195; 363 194; 365 192; 365 191; 368 188; 368 187; 370 185; 370 184; 371 183; 371 178; 369 176; 368 176; 367 175; 366 175; 365 174; 364 174; 363 173
60; 165 173; 160 178; 159 178; 157 180; 156 180; 155 181; 154 181; 151 184; 151 190; 154 193; 154 194; 162 202; 162 206; 161 207; 161 208; 159 210; 159 211; 157 213; 157 214; 156 215; 156 220; 157 221; 157 222; 159 224; 163 224; 164 223; 164 221; 166 219; 166 218; 172 212; 173 212; 175 210; 175 209; 177 207; 177 203; 175 201; 175 200; 168 193; 168 192; 165 189; 165 186; 168 183; 169 183; 172 180; 172 174; 171 173
61; 891 170; 890 171; 889 171; 888 172; 887 172; 887 176; 890 179; 890 180; 892 182; 892 185; 891 186; 891 187; 890 188; 890 189; 889 190; 889 191; 888 192; 888 193; 887 194; 887 195; 886 196; 886 203; 889 206; 890 206; 891 207; 892 207; 894 209; 899 209; 899 208; 901 206; 902 206; 903 205; 904 205; 905 204; 906 204; 907 203; 909 203; 910 202; 911 202; 912 201; 913 201; 913 200; 915 198; 915 194; 907 194; 905 196; 904 196; 903 197; 902 197; 901 198; 900 197; 900 192; 901 191; 901 190; 902 189; 902 188; 903 187; 903 186; 904 185; 904 184; 905 183; 905 182; 906 181; 906 177; 903 174; 902 174; 899 171; 897 171; 896 170
62; 468 152; 468 161; 469 162; 469 166; 471 168; 483 168; 484 167; 492 167; 494 169; 494 171; 495 172; 495 180; 497 182; 498 182; 499 183; 503 183; 504 182; 505 182; 506 181; 506 177; 505 176; 505 174; 504 173; 504 170; 503 169; 503 163; 502 162; 502 157; 501 156; 501 155; 500 155; 499 154; 492 154; 491 155; 480 155; 479 154; 477 154; 476 153; 473 153; 472 152
63; 141 130; 137 134; 137 135; 136 136; 136 137; 134 139; 134 140; 132 142; 132 143; 129 146; 128 146; 127 147; 126 146; 119 146; 118 147; 115 147; 114 146; 107 146; 107 150; 110 153; 111 153; 112 154; 116 154; 117 155; 119 155; 120 156; 121 156; 122 157; 123 157; 124 158; 125 158; 127 160; 128 160; 129 161; 133 161; 137 157; 137 156; 138 155; 138 154; 140 152; 140 151; 146 145; 147 145; 149 143; 150 143; 151 142; 151 134; 149 132; 148 132; 147 131; 146 131; 145 130
64; 154 94; 154 96; 153 97; 153 98; 152 99; 152 103; 151 104; 151 106; 150 107; 150 109; 149 110; 149 112; 148 113; 148 117; 150 119; 151 119; 152 120; 155 120; 156 121; 161 121; 162 122; 164 122; 165 123; 170 123; 173 126; 173 134; 172 135; 172 140; 174 142; 178 142; 179 141; 179 140; 181 138; 181 136; 182 135; 182 133; 183 132; 183 130; 184 129; 184 124; 183 123; 183 113; 182 113; 181 112; 179 112; 178 111; 173 111; 172 110; 167 110; 166 109; 165 109; 163 107; 163 101; 161 99; 161 98; 159 96; 159 95; 158 94
65; 637 75; 635 77; 635 78; 634 79; 634 80; 633 81; 633 82; 632 83; 632 84; 629 87; 627 87; 626 88; 625 88; 624 89; 622 89; 622 94; 621 95; 621 96; 620 97; 620 100; 617 103; 616 103; 616 107; 617 108; 622 108; 623 107; 634 107; 635 106; 635 105; 636 104; 636 100; 638 98; 638 97; 639 96; 639 95; 640 94; 640 93; 644 89; 646 89; 647 90; 648 90; 651 93; 660 93; 661 92; 662 92; 662 91; 663 90; 663 82; 658 82; 657 83; 656 83; 655 84; 651 84; 646 79; 646 78; 645 78; 643 76; 642 76; 641 75
66; 906 67; 905 68; 905 69; 904 70; 904 71; 903 72; 903 73; 901 75; 901 76; 900 77; 900 78; 898 80; 898 81; 897 82; 896 82; 895 83; 894 83; 893 82; 892 82; 886 76; 885 76; 884 75; 881 75; 880 74; 874 74; 874 78; 875 79; 875 80; 876 81; 877 81; 878 82; 879 82; 881 84; 882 84; 886 88; 886 89; 887 90; 887 91; 888 92; 888 93; 889 94; 889 95; 892 98; 898 98; 903 93; 903 92; 906 89; 906 88; 910 84; 911 84; 912 83; 913 83; 914 84; 915 84; 921 90; 926 90; 927 89; 928 89; 928 84; 927 83; 927 82; 924 79; 924 78; 921 75; 920 75; 913 68; 912 68; 911 67
67; 589 36; 586 39; 585 39; 581 43; 581 44; 580 45; 580 47; 579 48; 575 48; 575 53; 579 53; 580 52; 580 50; 581 49; 587 49; 588 50; 589 50; 594 55; 594 56; 596 58; 596 59; 597 60; 597 61; 598 62; 598 64; 600 66; 607 66; 608 65; 610 65; 612 63; 613 63; 617 59; 617 58; 621 54; 622 54; 624 52; 624 48; 623 47; 622 47; 620 45; 615 45; 614 46; 614 47; 610 51; 609 51; 608 52; 606 52; 601 47; 601 46; 599 44; 599 43; 598 42; 598 41; 597 40; 597 39; 596 38; 596 37; 595 36
68; 14 34; 11 37; 11 39; 10 40; 10 41; 9 42; 9 43; 8 44; 8 45; 7 46; 7 47; 6 48; 6 49; 3 52; 2 52; 1 53; 0 53; 0 64; 1 64; 2 65; 4 65; 5 66; 9 66; 13 62; 13 60; 14 59; 14 58; 15 57; 15 56; 16 55; 16 53; 17 52; 17 51; 18 50; 18 49; 19 48; 20 48; 21 47; 24 47; 25 48; 26 48; 27 49; 28 49; 29 50; 34 50; 36 48; 36 42; 35 42; 34 41; 33 41; 31 39; 30 39; 29 38; 28 38; 27 37; 25 37; 24 36; 22 36; 21 35; 19 35; 18 34
69; 657 33; 655 35; 655 41; 656 42; 658 42; 659 43; 660 43; 662 45; 662 51; 663 52; 663 53; 664 54; 664 55; 665 56; 665 57; 666 57; 667 58; 672 58; 673 57; 674 57; 675 56; 676 56; 677 55; 679 55; 680 54; 682 54; 683 53; 687 53; 690 56; 690 57; 691 58; 691 59; 693 61; 698 61; 699 60; 699 54; 698 53; 698 48; 697 47; 697 45; 696 44; 696 43; 695 42; 695 41; 693 39; 687 39; 686 40; 684 40; 683 41; 682 41; 681 42; 679 42; 678 43; 676 43; 675 44; 669 44; 668 43; 667 43; 666 42; 666 41; 665 40; 665 37; 664 36; 664 35; 662 33
70; 515 59; 505 63; 505 70; 509 74; 509 80; 505 84; 499 84; 489 89; 489 101; 493 101; 498 96; 511 94; 521 89; 521 82; 516 69; 519 65
71; 519 65; 527 67; 535 76; 540 75; 540 65; 530 61; 530 55; 539 41; 538 35; 533 31; 523 28; 519 24; 514 24; 512 27; 512 31; 520 35; 525 41; 515 59
72; 857 0; 857 3; 858 4; 858 5; 859 6; 859 7; 860 8; 860 12; 861 13; 861 14; 862 15; 862 17; 864 19; 864 20; 870 20; 871 19; 872 19; 873 18; 874 18; 875 17; 877 17; 878 16; 879 16; 880 15; 881 15; 882 14; 885 14; 889 18; 889 23; 890 24; 890 25; 892 27; 897 27; 897 26; 899 24; 899 18; 896 15; 896 14; 895 13; 895 5; 894 4; 894 2; 893 1; 893 0; 881 0; 881 1; 879 3; 878 3; 877 4; 876 4; 875 5; 874 5; 873 6; 870 6; 869 5; 868 5; 866 3; 866 0
73; 587 0; 587 2; 586 3; 586 4; 582 8; 582 15; 584 17; 584 22; 589 22; 590 21; 592 21; 594 19; 594 14; 592 12; 591 12; 590 11; 590 9; 589 8; 590 7; 590 6; 591 5; 592 5; 592 0
