0; 340 1011; 339 1012; 338 1012; 336 1014; 335 1014; 334 1015; 333 1015; 331 1017; 330 1017; 328 1019; 327 1019; 325 1021; 324 1021; 324 1023; 351 1023; 351 1020; 350 1019; 350 1018; 348 1016; 348 1015; 346 1013; 346 1012; 345 1011
1; 859 1002; 858 1003; 856 1003; 855 1004; 851 1004; 850 1005; 849 1005; 846 1008; 846 1016; 847 1017; 847 1020; 848 1021; 848 1023; 858 1023; 858 1017; 859 1016; 859 1015; 862 1012; 863 1012; 864 1011; 865 1011; 867 1009; 867 1003; 866 1002
2; 644 1000; 643 1001; 642 1001; 639 1004; 639 1005; 638 1006; 638 1012; 637 1013; 637 1016; 636 1017; 636 1018; 634 1020; 634 1023; 646 1023; 646 1021; 647 1020; 647 1018; 648 1017; 648 1015; 649 1014; 650 1014; 651 1013; 656 1013; 657 1012; 660 1012; 661 1011; 662 1011; 662 1005; 661 1004; 660 1004; 659 1003; 656 1003; 655 1002; 653 1002; 652 1001; 651 1001; 650 1000
3; 715 996; 714 997; 713 997; 712 998; 712 999; 711 1000; 711 1008; 709 1010; 708 1010; 707 1011; 696 1011; 695 1012; 693 1012; 691 1014; 691 1016; 690 1017; 690 1020; 689 1021; 689 1023; 717 1023; 717 1022; 720 1019; 720 1018; 721 1017; 721 996
4; 51 980; 48 983; 48 986; 47 987; 47 991; 45 993; 44 993; 43 994; 42 994; 41 993; 40 993; 39 992; 38 992; 37 991; 36 991; 35 990; 30 990; 29 991; 28 991; 26 993; 26 994; 25 995; 25 996; 24 997; 24 1004; 31 1011; 31 1012; 32 1013; 32 1016; 33 1017; 33 1023; 43 1023; 43 1018; 47 1014; 52 1014; 53 1013; 54 1013; 56 1011; 56 1006; 55 1005; 55 1003; 56 1002; 56 999; 57 998; 57 983; 56 982; 56 981; 55 980
5; 238 930; 235 933; 235 934; 234 935; 234 936; 233 937; 233 938; 232 939; 232 940; 231 941; 231 943; 230 944; 230 951; 233 954; 234 954; 235 955; 237 955; 238 956; 239 956; 242 959; 243 959; 245 961; 245 968; 244 969; 244 973; 245 974; 245 975; 248 978; 252 978; 253 977; 253 976; 254 975; 254 970; 255 969; 255 965; 256 964; 256 962; 257 961; 257 960; 258 959; 258 955; 257 954; 257 953; 256 953; 255 952; 254 952; 253 951; 252 951; 251 950; 250 950; 249 949; 248 949; 247 948; 246 948; 244 946; 244 945; 243 944; 243 942; 244 941; 244 939; 245 938; 245 932; 243 930
6; 1008 946; 1013 954; 1010 963; 1006 969; 1006 976; 1011 979; 1018 987; 1023 987; 1023 943; 1018 942
7; 1018 942; 1018 939; 1020 937; 1023 937; 1023 911; 1018 911; 1014 917; 1013 922; 1010 925; 1000 923; 996 926; 996 932; 1003 935; 1007 939; 1008 946
8; 278 878; 277 879; 276 879; 274 881; 274 882; 271 885; 267 885; 266 884; 265 884; 264 883; 262 883; 261 882; 259 882; 258 881; 249 881; 249 883; 248 884; 248 885; 247 886; 247 887; 246 888; 246 889; 245 890; 245 891; 244 892; 244 893; 242 895; 242 901; 244 903; 248 903; 251 900; 251 899; 255 895; 260 895; 261 896; 264 896; 265 897; 267 897; 268 898; 269 898; 270 899; 275 899; 279 895; 279 894; 280 893; 280 892; 285 887; 285 886; 286 885; 286 880; 284 878
9; 810 838; 809 839; 807 839; 806 840; 803 840; 802 841; 800 841; 799 842; 797 842; 796 843; 796 844; 795 845; 795 852; 796 853; 796 856; 797 857; 797 859; 798 860; 798 862; 795 865; 794 865; 793 866; 792 866; 791 867; 790 867; 788 869; 787 869; 787 870; 786 871; 786 875; 788 877; 795 877; 796 876; 797 876; 798 875; 800 875; 801 874; 803 874; 804 873; 806 873; 808 871; 809 871; 809 870; 810 869; 810 860; 809 859; 809 857; 808 856; 808 851; 811 848; 812 848; 813 847; 814 847; 817 844; 817 840; 815 838
10; 391 837; 389 839; 389 844; 390 845; 390 846; 391 847; 391 848; 392 849; 392 851; 393 852; 392 853; 392 855; 391 856; 391 857; 390 858; 390 859; 387 862; 386 862; 384 864; 384 870; 385 871; 385 872; 386 873; 386 874; 388 876; 389 876; 390 877; 391 877; 393 879; 393 880; 392 881; 392 887; 393 888; 393 889; 395 891; 400 891; 401 890; 401 881; 396 876; 396 874; 397 873; 397 870; 398 869; 398 867; 399 866; 399 865; 400 864; 400 863; 405 858; 406 858; 406 857; 407 856; 407 850; 406 849; 405 849; 400 844; 400 843; 398 841; 398 840; 395 837
11; 952 831; 951 832; 947 832; 946 833; 945 833; 944 834; 944 839; 945 840; 946 840; 947 841; 952 841; 955 844; 955 848; 954 849; 954 859; 957 862; 958 862; 959 863; 961 863; 962 864; 965 864; 966 865; 969 865; 970 866; 974 866; 975 865; 976 865; 978 863; 978 858; 977 857; 977 856; 976 856; 975 855; 973 855; 972 854; 969 854; 967 852; 967 851; 966 850; 966 834; 964 832; 961 832; 960 831
12; 677 820; 676 821; 674 821; 673 822; 672 822; 671 823; 669 823; 668 824; 667 824; 666 825; 664 825; 663 826; 662 826; 659 829; 659 836; 660 837; 660 840; 661 841; 661 844; 658 847; 657 847; 655 849; 654 849; 653 850; 653 855; 654 856; 655 856; 656 857; 669 857; 670 856; 672 856; 673 855; 674 855; 675 854; 675 853; 676 852; 676 847; 675 846; 675 845; 672 842; 672 841; 671 840; 671 836; 672 835; 672 834; 675 831; 676 831; 678 829; 679 829; 681 827; 681 820
13; 541 818; 534 825; 533 825; 532 826; 528 826; 522 820; 521 820; 520 819; 516 819; 514 821; 514 826; 519 831; 519 832; 521 834; 521 835; 523 837; 523 838; 525 840; 530 840; 531 839; 532 839; 536 835; 537 835; 539 833; 540 833; 541 832; 542 832; 543 831; 545 831; 546 832; 547 832; 551 836; 552 836; 553 837; 558 837; 559 836; 559 831; 558 830; 558 829; 548 819; 547 819; 546 818
14; 52 818; 48 822; 48 823; 41 830; 37 830; 35 828; 34 828; 32 826; 26 826; 25 827; 24 827; 24 831; 27 834; 28 834; 31 837; 32 837; 36 841; 37 841; 38 842; 44 842; 46 840; 47 840; 48 839; 48 838; 49 837; 50 837; 55 832; 59 832; 60 833; 61 833; 62 834; 63 834; 64 835; 69 835; 69 829; 68 828; 68 827; 66 825; 66 824; 63 821; 62 821; 60 819; 59 819; 58 818
15; 391 790; 390 791; 390 795; 392 797; 392 798; 393 799; 393 800; 394 801; 394 802; 395 803; 395 804; 396 805; 396 806; 397 807; 397 808; 398 809; 398 810; 399 810; 400 811; 407 811; 408 810; 411 810; 412 809; 418 809; 421 812; 421 813; 423 815; 423 816; 424 817; 425 817; 426 818; 430 818; 431 817; 432 817; 433 816; 433 811; 431 809; 431 808; 429 806; 429 805; 428 804; 428 803; 427 802; 427 801; 426 800; 426 799; 423 796; 416 796; 415 797; 414 797; 413 798; 412 798; 411 799; 409 799; 408 800; 407 799; 405 799; 400 794; 400 793; 397 790
16; 238 783; 238 784; 237 785; 237 786; 236 787; 236 788; 235 789; 235 790; 234 791; 234 792; 233 793; 233 794; 232 795; 232 797; 230 799; 230 804; 232 806; 233 806; 235 808; 236 808; 239 811; 239 817; 238 818; 238 822; 239 823; 239 824; 246 824; 248 822; 249 822; 251 820; 252 820; 254 818; 254 817; 256 815; 256 809; 254 807; 253 807; 250 804; 249 804; 245 800; 245 799; 244 798; 244 793; 245 792; 245 785; 243 783
17; 163 783; 162 784; 161 784; 159 786; 158 786; 157 787; 155 787; 154 788; 153 788; 152 789; 147 789; 146 788; 145 788; 143 786; 142 786; 141 785; 137 785; 135 787; 135 792; 139 796; 140 796; 147 803; 152 803; 153 802; 154 802; 156 800; 157 800; 158 799; 159 799; 160 798; 161 798; 162 797; 163 797; 164 798; 166 798; 170 802; 171 802; 172 803; 176 803; 177 802; 177 797; 176 796; 176 795; 175 794; 175 793; 174 792; 174 791; 173 790; 173 789; 172 788; 172 787; 168 783
18; 201 765; 198 768; 198 773; 199 774; 199 775; 200 776; 200 777; 201 778; 200 779; 200 780; 196 784; 196 785; 194 787; 194 788; 192 790; 192 798; 193 799; 193 800; 195 802; 195 803; 202 810; 206 810; 208 808; 208 803; 207 802; 207 801; 205 799; 205 798; 204 797; 204 794; 206 792; 206 791; 208 789; 209 789; 213 785; 214 785; 214 784; 215 783; 215 777; 213 775; 213 774; 211 772; 211 771; 210 770; 210 769; 209 768; 209 767; 208 766; 207 766; 206 765
19; 767 750; 765 752; 764 752; 760 756; 760 757; 759 758; 758 758; 756 760; 752 760; 751 759; 750 759; 748 757; 741 757; 740 758; 740 763; 743 766; 743 767; 744 767; 747 770; 747 771; 750 774; 751 774; 752 775; 756 775; 757 774; 758 774; 760 772; 760 771; 767 764; 773 764; 774 765; 775 765; 776 766; 778 766; 779 767; 784 767; 785 766; 786 766; 787 765; 787 760; 786 759; 783 759; 782 758; 781 758; 773 750
20; 957 766; 961 770; 961 773; 958 776; 946 776; 941 783; 941 797; 943 800; 949 800; 951 791; 955 787; 967 786; 972 783; 972 766; 962 756
21; 962 756; 948 756; 938 742; 933 742; 918 751; 918 756; 921 758; 933 756; 943 768; 949 769; 957 766
22; 403 740; 402 741; 402 742; 401 743; 401 747; 400 748; 400 751; 399 752; 399 755; 398 756; 398 761; 399 762; 399 763; 400 764; 401 764; 403 766; 404 766; 405 767; 405 771; 406 772; 406 775; 409 778; 410 778; 411 779; 416 779; 417 778; 419 778; 420 777; 421 777; 426 772; 426 767; 422 763; 421 763; 420 762; 419 762; 418 761; 417 761; 416 760; 415 760; 414 759; 413 759; 410 756; 410 750; 411 749; 411 743; 410 742; 410 741; 409 740
23; 468 726; 467 727; 466 727; 465 728; 464 728; 463 729; 461 729; 460 730; 455 730; 454 731; 453 731; 451 733; 451 737; 454 740; 461 740; 462 739; 466 739; 467 740; 468 740; 470 742; 470 743; 472 745; 472 746; 477 751; 478 751; 479 752; 484 752; 485 751; 486 751; 487 750; 488 750; 489 749; 490 749; 492 747; 493 747; 494 746; 495 746; 497 744; 497 738; 496 737; 489 737; 488 738; 487 738; 486 739; 484 739; 483 738; 482 738; 480 736; 480 735; 478 733; 478 732; 476 730; 476 729; 473 726
24; 384 709; 382 711; 381 711; 373 719; 369 719; 368 718; 367 718; 364 715; 357 715; 357 721; 359 723; 359 724; 361 726; 362 726; 366 730; 367 730; 368 731; 369 731; 370 732; 376 732; 377 731; 378 731; 382 727; 383 727; 386 724; 387 724; 388 723; 389 723; 390 724; 391 724; 393 726; 394 726; 395 727; 396 727; 397 728; 401 728; 404 725; 404 721; 403 720; 403 719; 402 718; 401 718; 400 717; 399 717; 396 714; 395 714; 392 711; 391 711; 390 710; 389 710; 388 709
25; 613 692; 609 696; 609 697; 607 699; 607 700; 602 705; 597 705; 596 704; 595 704; 593 702; 587 702; 586 703; 586 708; 590 712; 591 712; 594 715; 595 715; 597 717; 598 717; 599 718; 605 718; 606 717; 607 717; 611 713; 611 712; 616 707; 619 707; 620 708; 621 708; 622 709; 623 709; 624 710; 630 710; 631 709; 631 704; 627 700; 626 700; 620 694; 619 694; 617 692
26; 442 689; 441 690; 440 690; 431 699; 430 699; 428 701; 428 705; 430 707; 435 707; 436 706; 437 706; 440 703; 441 703; 442 702; 445 702; 446 703; 447 703; 450 706; 451 706; 455 710; 462 710; 464 708; 465 708; 468 705; 469 705; 472 702; 473 702; 475 700; 475 694; 474 693; 470 693; 469 694; 468 694; 465 697; 464 697; 463 698; 458 698; 456 696; 455 696; 453 694; 452 694; 448 690; 447 690; 446 689
27; 920 673; 919 674; 917 674; 915 676; 914 676; 913 677; 913 688; 912 689; 912 690; 910 692; 910 699; 912 701; 912 702; 916 706; 916 707; 919 710; 919 711; 922 714; 927 714; 928 713; 928 708; 927 707; 927 706; 925 704; 925 703; 922 700; 922 696; 932 686; 932 678; 931 677; 931 676; 929 674; 928 674; 927 673
28; 777 670; 776 671; 775 671; 774 672; 774 678; 781 685; 781 686; 785 690; 786 690; 787 691; 791 691; 792 690; 793 690; 794 689; 795 689; 797 687; 798 687; 800 685; 801 685; 802 684; 804 684; 811 691; 816 691; 817 690; 817 684; 816 683; 816 682; 815 681; 815 680; 814 679; 814 678; 813 677; 813 675; 812 674; 812 673; 809 670; 801 670; 794 677; 793 677; 792 678; 790 678; 789 677; 788 677; 781 670
29; 1003 666; 1002 667; 1000 667; 999 668; 998 668; 997 669; 996 669; 995 670; 994 670; 993 671; 992 671; 989 674; 988 674; 988 682; 989 683; 989 685; 990 686; 990 688; 991 689; 991 691; 992 692; 992 696; 991 697; 991 708; 992 709; 992 712; 993 713; 993 714; 994 715; 998 715; 999 714; 999 713; 1000 712; 1000 711; 1001 710; 1001 704; 1002 703; 1002 702; 1003 701; 1003 693; 1002 692; 1002 679; 1006 675; 1007 675; 1010 672; 1010 668; 1008 666
30; 0 655; 0 670; 3 670; 5 672; 6 672; 9 675; 10 675; 11 676; 16 676; 23 669; 23 668; 26 665; 26 664; 27 663; 27 657; 26 656; 21 656; 20 657; 19 657; 19 658; 16 661; 15 661; 14 662; 11 662; 10 661; 9 661; 5 657; 4 657; 2 655
31; 277 636; 276 637; 275 637; 274 638; 273 638; 271 640; 270 640; 269 641; 268 641; 265 644; 265 648; 267 650; 277 650; 282 655; 282 657; 283 658; 283 659; 284 660; 284 661; 288 665; 294 665; 295 664; 296 664; 298 662; 299 662; 301 660; 302 660; 303 659; 304 659; 306 657; 306 656; 307 655; 307 648; 301 648; 300 649; 299 649; 297 651; 296 651; 295 652; 294 652; 293 651; 292 651; 291 650; 291 649; 290 648; 290 645; 289 644; 289 642; 284 637; 283 637; 282 636
32; 455 635; 454 636; 453 636; 452 637; 451 637; 450 638; 449 638; 447 640; 446 640; 444 642; 444 648; 445 649; 450 649; 451 648; 457 648; 461 652; 461 653; 463 655; 463 657; 464 658; 464 660; 466 662; 474 662; 475 661; 476 661; 477 660; 478 660; 479 659; 480 659; 481 658; 483 658; 484 657; 485 657; 487 655; 488 655; 488 650; 487 649; 478 649; 477 650; 475 650; 474 649; 473 649; 471 647; 471 646; 469 644; 469 643; 467 641; 467 640; 462 635
33; 173 629; 169 633; 169 634; 163 640; 162 640; 161 641; 160 640; 158 640; 156 638; 155 638; 154 637; 150 637; 149 638; 148 638; 148 643; 150 645; 150 646; 151 646; 153 648; 153 649; 158 654; 159 654; 160 655; 165 655; 166 654; 167 654; 170 651; 170 650; 172 648; 172 647; 177 642; 178 642; 179 641; 182 641; 183 642; 184 642; 185 643; 193 643; 194 642; 195 642; 196 641; 196 637; 195 636; 193 636; 192 635; 191 635; 190 634; 189 634; 188 633; 187 633; 186 632; 185 632; 184 631; 183 631; 182 630; 181 630; 180 629
34; 960 584; 959 585; 951 585; 950 586; 949 586; 947 588; 947 589; 946 590; 946 591; 945 592; 945 597; 946 598; 946 599; 947 600; 947 603; 948 604; 948 608; 947 609; 947 611; 945 613; 944 613; 943 614; 942 614; 940 616; 939 616; 937 618; 937 619; 936 620; 936 624; 938 626; 942 626; 943 625; 944 625; 945 624; 946 624; 948 622; 949 622; 951 620; 952 620; 953 619; 954 619; 955 618; 956 618; 959 615; 959 609; 958 608; 958 603; 957 602; 957 598; 958 597; 958 596; 959 595; 960 595; 961 594; 963 594; 964 593; 966 593; 968 591; 968 585; 967 585; 966 584
35; 583 608; 587 612; 590 621; 596 624; 601 623; 600 606; 596 603; 585 599
36; 565 616; 569 614; 575 606; 583 608; 585 599; 582 596; 581 584; 579 582; 559 584; 552 588; 551 595; 557 605; 556 611
37; 878 570; 875 573; 874 573; 873 574; 872 574; 871 575; 870 575; 869 576; 868 576; 867 577; 866 577; 865 578; 864 578; 862 580; 862 581; 861 582; 861 586; 862 587; 862 588; 863 589; 863 591; 864 592; 864 594; 865 595; 865 599; 864 600; 864 601; 863 602; 862 602; 861 603; 860 603; 858 605; 857 605; 857 611; 858 612; 863 612; 864 611; 866 611; 867 610; 869 610; 870 609; 871 609; 872 608; 873 608; 874 607; 875 607; 878 604; 878 598; 877 597; 877 596; 876 595; 876 593; 875 592; 875 591; 874 590; 874 586; 878 582; 879 582; 880 581; 881 581; 884 578; 884 571; 883 570
38; 419 541; 417 543; 417 548; 419 550; 419 551; 420 552; 420 554; 421 555; 421 556; 422 557; 422 558; 426 562; 431 562; 432 561; 434 561; 435 560; 436 560; 437 559; 442 559; 443 558; 444 559; 446 559; 450 563; 450 564; 454 568; 459 568; 460 567; 460 561; 459 560; 459 559; 458 558; 458 557; 456 555; 456 554; 454 552; 454 551; 453 550; 453 548; 451 546; 442 546; 441 547; 440 547; 439 548; 438 548; 437 549; 434 549; 433 550; 432 550; 431 549; 430 549; 427 546; 427 545; 423 541
39; 492 588; 478 605; 471 603; 464 604; 464 609; 468 613; 477 616; 485 616; 494 603; 496 602; 502 605; 509 604; 509 599; 501 592
40; 501 592; 508 576; 508 568; 501 556; 508 546; 507 540; 499 542; 488 553; 488 558; 497 575; 492 588
41; 284 510; 281 513; 281 520; 282 521; 282 523; 277 528; 276 528; 275 529; 274 529; 271 532; 271 533; 270 534; 270 541; 272 543; 272 545; 273 546; 273 553; 275 555; 279 555; 280 554; 281 554; 282 553; 282 552; 283 551; 283 547; 282 546; 282 539; 283 538; 283 537; 285 535; 286 535; 289 532; 290 532; 293 529; 294 529; 296 527; 296 520; 295 519; 295 515; 293 513; 293 512; 292 511; 291 511; 290 510
42; 388 508; 387 509; 385 509; 384 510; 382 510; 381 511; 378 511; 377 512; 376 512; 375 513; 374 513; 373 514; 373 515; 372 516; 372 522; 373 523; 373 529; 374 530; 374 532; 371 535; 369 535; 368 536; 366 536; 365 537; 364 537; 363 538; 363 543; 364 543; 365 544; 380 544; 381 543; 383 543; 386 540; 386 539; 387 538; 387 533; 386 532; 386 531; 385 530; 385 529; 384 528; 384 527; 385 526; 385 522; 389 518; 391 518; 392 517; 394 517; 397 514; 397 510; 395 508
43; 313 536; 302 545; 290 550; 287 553; 286 559; 294 565; 301 565; 305 563; 308 560; 309 551; 315 546; 320 544
44; 320 544; 327 537; 327 530; 321 520; 322 515; 328 507; 327 501; 321 501; 308 515; 308 520; 314 532; 313 536
45; 19 470; 18 471; 17 471; 16 472; 14 472; 13 473; 10 473; 9 474; 8 474; 5 477; 5 485; 6 486; 6 496; 4 498; 3 498; 2 499; 0 499; 0 510; 2 510; 3 509; 6 509; 7 508; 9 508; 10 507; 12 507; 13 506; 15 506; 18 503; 18 502; 19 501; 19 492; 18 491; 18 484; 19 483; 20 483; 21 482; 22 482; 23 481; 25 481; 28 478; 28 473; 27 472; 27 471; 26 471; 25 470
46; 285 444; 284 445; 283 445; 282 446; 281 446; 280 447; 277 447; 276 448; 273 448; 272 449; 271 449; 268 452; 268 460; 269 461; 269 465; 268 466; 268 467; 266 469; 265 469; 264 470; 261 470; 258 473; 258 477; 260 479; 262 479; 263 480; 272 480; 273 479; 277 479; 278 478; 279 478; 282 475; 282 466; 281 465; 281 458; 282 457; 282 456; 283 455; 284 455; 285 454; 286 454; 287 453; 288 453; 292 449; 292 444
47; 447 443; 446 444; 446 451; 452 457; 452 458; 455 461; 456 461; 457 462; 459 462; 460 463; 465 463; 468 460; 469 460; 471 458; 472 458; 473 457; 474 457; 475 456; 477 456; 478 457; 479 457; 483 461; 484 461; 485 462; 489 462; 491 460; 491 455; 487 451; 487 450; 486 449; 486 448; 484 446; 484 445; 482 443; 473 443; 472 444; 471 444; 466 449; 459 449; 453 443
48; 588 433; 592 437; 594 442; 594 449; 597 454; 603 454; 607 457; 612 457; 616 453; 616 448; 606 442; 604 435; 598 426; 592 421
49; 592 421; 590 415; 570 416; 567 419; 567 434; 564 437; 553 439; 553 444; 557 447; 573 447; 577 443; 578 435; 584 432; 588 433
50; 509 408; 508 409; 508 416; 509 417; 509 419; 510 420; 510 423; 511 424; 511 427; 512 428; 512 429; 514 431; 515 431; 516 432; 517 432; 518 433; 519 433; 520 434; 521 434; 522 435; 523 435; 525 437; 525 438; 526 439; 526 447; 527 448; 527 449; 529 451; 534 451; 534 450; 535 449; 535 448; 536 447; 536 443; 537 442; 537 438; 538 437; 538 432; 534 428; 533 428; 532 427; 531 427; 529 425; 528 425; 527 424; 526 424; 525 423; 524 423; 520 419; 520 418; 519 417; 519 415; 518 414; 518 413; 517 412; 517 410; 515 408
51; 294 434; 300 438; 304 438; 316 428; 319 428; 324 432; 330 431; 330 425; 318 414; 313 414; 307 422; 297 427; 293 427
52; 293 427; 287 419; 279 417; 275 414; 271 401; 267 397; 252 396; 247 398; 245 401; 245 405; 248 407; 258 407; 262 411; 266 424; 276 427; 279 430; 280 435; 294 434
53; 19 384; 18 385; 17 385; 17 391; 18 392; 18 393; 19 394; 20 394; 22 396; 23 396; 24 397; 24 398; 25 399; 25 405; 24 406; 24 408; 23 409; 23 410; 22 411; 22 415; 23 416; 23 417; 24 417; 26 419; 27 419; 28 420; 30 420; 31 421; 33 421; 34 422; 35 422; 36 423; 37 423; 38 424; 45 424; 47 422; 47 418; 45 416; 44 416; 43 415; 41 415; 40 414; 39 414; 35 410; 35 407; 36 406; 36 404; 37 403; 37 402; 39 400; 39 394; 37 392; 36 392; 34 390; 33 390; 32 389; 31 389; 29 387; 28 387; 27 386; 26 386; 25 385; 24 385; 23 384
54; 679 366; 678 367; 677 367; 672 372; 671 372; 670 373; 669 373; 668 374; 667 374; 666 375; 664 375; 663 376; 662 376; 661 377; 661 378; 660 379; 660 385; 661 386; 661 387; 662 388; 662 395; 661 396; 661 397; 659 399; 658 399; 656 401; 655 401; 653 403; 653 404; 652 405; 652 409; 654 411; 659 411; 660 410; 661 410; 662 409; 663 409; 664 408; 665 408; 666 407; 669 407; 671 405; 672 405; 673 404; 673 403; 674 402; 674 395; 673 394; 673 384; 678 379; 679 379; 681 377; 682 377; 683 376; 684 376; 685 375; 686 375; 688 373; 688 367; 687 366
55; 466 351; 465 352; 465 358; 470 363; 470 364; 472 366; 472 367; 473 368; 473 369; 475 371; 481 371; 482 370; 485 370; 486 369; 487 369; 488 368; 491 368; 492 367; 495 367; 502 374; 508 374; 509 373; 509 368; 508 367; 508 366; 507 366; 506 365; 506 364; 502 360; 502 359; 498 355; 493 355; 492 356; 491 356; 490 357; 489 357; 488 358; 486 358; 485 359; 483 359; 482 360; 481 360; 480 359; 479 359; 473 353; 473 352; 472 351
56; 58 351; 58 356; 59 357; 59 358; 62 361; 62 364; 60 366; 59 366; 57 368; 56 368; 54 370; 53 370; 50 373; 50 378; 51 379; 51 380; 52 381; 52 382; 53 383; 53 384; 54 385; 54 389; 55 390; 55 393; 62 393; 65 390; 65 385; 64 384; 64 383; 63 382; 63 377; 67 373; 68 373; 69 372; 70 372; 71 371; 72 371; 75 368; 75 360; 74 359; 74 358; 73 357; 73 356; 72 355; 71 355; 69 353; 68 353; 67 352; 66 352; 65 351
57; 255 346; 254 347; 251 347; 250 348; 249 348; 244 353; 244 360; 245 361; 245 362; 246 363; 246 371; 243 374; 241 374; 240 375; 239 375; 238 376; 237 376; 235 378; 235 379; 234 380; 234 384; 235 385; 242 385; 243 384; 245 384; 246 383; 247 383; 248 382; 250 382; 251 381; 254 381; 255 380; 256 380; 258 378; 258 372; 257 371; 257 370; 256 369; 256 365; 255 364; 255 362; 256 361; 256 359; 259 356; 261 356; 262 355; 263 355; 265 353; 265 348; 264 347; 263 347; 262 346
58; 809 356; 816 356; 823 367; 828 367; 830 364; 829 351; 826 346; 806 344; 795 333; 788 333; 788 339; 798 348; 798 355
59; 798 355; 796 358; 787 361; 782 357; 778 350; 771 351; 771 356; 777 368; 781 372; 797 370; 803 379; 810 378; 810 371; 807 363; 809 356
60; 577 349; 582 354; 583 362; 589 369; 603 368; 608 365; 608 361; 606 359; 596 360; 591 354; 588 342; 585 340; 578 339
61; 578 339; 570 331; 554 330; 551 332; 549 338; 546 341; 535 343; 536 350; 546 356; 554 356; 560 345; 567 348; 577 349
62; 693 314; 692 315; 692 320; 693 321; 693 323; 694 324; 694 325; 695 326; 695 328; 694 329; 694 330; 690 334; 689 334; 688 335; 688 336; 684 340; 684 347; 686 349; 686 350; 688 352; 688 353; 689 354; 693 354; 694 353; 694 352; 695 351; 695 347; 696 346; 696 345; 699 342; 699 341; 706 334; 706 333; 707 332; 707 327; 706 326; 706 325; 704 323; 704 322; 702 320; 702 319; 700 317; 700 316; 698 314
63; 14 302; 13 303; 12 303; 12 304; 11 305; 11 312; 12 313; 12 319; 11 320; 11 321; 10 322; 10 323; 8 325; 8 326; 7 327; 7 328; 6 329; 6 330; 5 331; 5 338; 8 341; 12 341; 13 340; 15 340; 17 338; 17 337; 18 336; 18 335; 19 334; 19 333; 20 332; 20 331; 21 330; 21 327; 22 326; 22 321; 23 320; 23 319; 25 317; 25 316; 26 315; 26 314; 27 313; 27 307; 26 306; 26 305; 24 303; 23 303; 22 302
64; 229 300; 227 302; 227 303; 226 304; 226 305; 225 306; 225 308; 224 309; 224 311; 223 312; 223 313; 222 314; 222 320; 224 322; 225 322; 226 323; 228 323; 229 324; 232 324; 233 325; 236 325; 237 326; 239 326; 242 329; 242 336; 243 337; 243 339; 245 341; 249 341; 250 340; 250 339; 251 338; 251 337; 252 336; 252 321; 251 320; 251 319; 248 316; 244 316; 243 315; 239 315; 238 314; 237 314; 235 312; 235 302; 233 300
65; 452 274; 450 276; 449 276; 448 277; 446 277; 445 278; 444 278; 443 279; 442 279; 439 282; 439 283; 438 284; 438 291; 439 292; 439 294; 440 295; 440 297; 441 298; 441 304; 437 308; 436 308; 435 309; 434 309; 431 312; 431 316; 433 318; 438 318; 439 317; 440 317; 442 315; 443 315; 444 314; 445 314; 446 313; 447 313; 449 311; 450 311; 453 308; 453 306; 454 305; 454 301; 453 300; 453 298; 452 297; 452 295; 451 294; 451 293; 450 292; 450 287; 455 282; 456 282; 458 280; 458 275; 457 275; 456 274
66; 801 269; 799 271; 798 271; 798 272; 796 274; 796 275; 793 278; 792 278; 791 279; 787 279; 786 278; 785 278; 784 277; 783 277; 782 276; 781 276; 780 275; 775 275; 774 276; 773 276; 773 281; 774 282; 775 282; 777 284; 778 284; 786 292; 793 292; 797 288; 797 287; 799 285; 800 285; 802 283; 803 283; 804 282; 806 282; 808 284; 809 284; 813 288; 817 288; 819 286; 819 282; 817 280; 817 279; 807 269
67; 910 267; 907 270; 907 271; 906 272; 906 273; 903 276; 902 276; 900 278; 896 278; 895 277; 893 277; 892 276; 891 276; 890 275; 884 275; 883 276; 883 281; 885 283; 886 283; 890 287; 891 287; 893 289; 894 289; 895 290; 896 290; 897 291; 902 291; 907 286; 907 285; 911 281; 912 281; 913 280; 914 280; 915 279; 916 279; 917 280; 918 280; 919 281; 920 281; 922 283; 928 283; 929 282; 930 282; 930 277; 928 275; 927 275; 926 274; 925 274; 923 272; 922 272; 920 270; 919 270; 917 268; 916 268; 915 267
68; 605 293; 605 296; 603 298; 603 305; 613 318; 620 317; 624 311; 629 307; 638 312; 645 312; 645 307; 636 297; 633 295; 620 296; 616 291
69; 616 291; 615 285; 612 282; 600 276; 599 265; 597 263; 591 263; 589 265; 588 280; 592 285; 600 288; 605 293
70; 660 256; 659 257; 658 257; 657 258; 657 259; 655 261; 655 262; 648 269; 644 269; 643 268; 642 268; 641 267; 640 267; 639 266; 632 266; 631 267; 631 271; 634 274; 635 274; 636 275; 637 275; 638 276; 639 276; 640 277; 642 277; 644 279; 645 279; 646 280; 647 280; 648 281; 652 281; 657 276; 657 275; 662 270; 663 270; 664 269; 666 269; 667 270; 668 270; 669 271; 670 271; 671 272; 678 272; 679 271; 679 267; 674 262; 673 262; 670 259; 669 259; 667 257; 666 257; 665 256
71; 854 216; 853 217; 852 217; 850 219; 849 219; 847 221; 845 221; 843 223; 842 223; 841 224; 841 225; 840 226; 840 234; 841 235; 841 236; 842 237; 842 239; 843 240; 843 245; 842 246; 841 246; 840 247; 839 247; 838 248; 837 248; 836 249; 835 249; 833 251; 833 256; 834 257; 834 258; 839 258; 840 257; 841 257; 842 256; 845 256; 846 255; 847 255; 848 254; 851 254; 852 253; 853 253; 856 250; 856 244; 855 243; 855 242; 854 241; 854 240; 853 239; 853 237; 852 236; 852 230; 854 228; 854 227; 855 226; 856 226; 858 224; 858 223; 859 222; 859 217; 858 216
72; 0 215; 0 225; 3 225; 7 229; 7 232; 8 233; 8 244; 11 247; 16 247; 18 245; 19 245; 20 244; 21 244; 22 243; 23 243; 24 242; 25 242; 26 241; 27 241; 28 240; 29 240; 30 239; 30 233; 29 232; 23 232; 22 233; 20 233; 18 231; 18 230; 17 229; 17 223; 16 222; 16 221; 15 220; 15 219; 14 218; 13 218; 12 217; 11 217; 10 216; 4 216; 3 215
73; 779 213; 778 214; 777 214; 776 215; 774 215; 773 216; 771 216; 770 217; 768 217; 765 220; 765 225; 766 226; 766 230; 767 231; 767 239; 764 242; 763 242; 762 243; 761 243; 760 244; 759 244; 758 245; 758 251; 759 252; 765 252; 766 251; 768 251; 769 250; 770 250; 771 249; 772 249; 773 248; 775 248; 777 246; 778 246; 779 245; 779 244; 780 243; 780 239; 779 238; 779 237; 778 236; 778 234; 777 233; 777 231; 776 230; 776 228; 777 227; 777 225; 778 224; 779 224; 780 223; 781 223; 782 222; 784 222; 785 221; 786 221; 789 218; 789 214; 788 214; 787 213
74; 730 200; 729 201; 727 201; 726 202; 724 202; 722 204; 721 204; 720 205; 719 205; 716 208; 716 215; 717 216; 717 217; 719 219; 719 221; 720 222; 720 225; 719 226; 719 227; 718 228; 717 228; 715 230; 714 230; 713 231; 712 231; 711 232; 711 233; 710 234; 710 239; 716 239; 717 238; 718 238; 719 237; 721 237; 722 236; 724 236; 725 235; 726 235; 727 234; 729 234; 732 231; 732 224; 731 223; 731 222; 730 221; 730 219; 729 218; 729 216; 728 215; 728 213; 731 210; 732 210; 734 208; 735 208; 737 206; 737 202; 735 200
75; 164 210; 156 216; 153 222; 151 234; 163 241; 163 257; 166 261; 172 261; 173 249; 175 245; 175 238; 168 230; 172 215
76; 172 215; 178 209; 191 208; 193 206; 196 197; 196 188; 194 185; 188 186; 186 195; 182 198; 172 199; 168 201; 164 210
77; 488 216; 488 232; 490 237; 493 239; 504 237; 510 238; 520 247; 527 248; 526 240; 517 228; 503 228; 498 226; 496 223; 495 216
78; 495 216; 503 209; 503 205; 494 197; 494 191; 502 184; 502 180; 500 178; 494 178; 482 182; 481 191; 485 200; 485 211; 488 216
79; 822 170; 820 172; 820 173; 819 174; 819 180; 818 181; 818 182; 816 184; 815 184; 814 185; 808 185; 807 186; 806 186; 805 187; 804 187; 803 188; 803 190; 802 191; 802 195; 803 196; 803 198; 805 200; 805 201; 806 202; 806 203; 807 204; 807 205; 808 206; 808 207; 810 209; 814 209; 815 208; 815 207; 816 206; 816 202; 815 201; 815 199; 819 195; 821 195; 822 194; 824 194; 825 193; 827 193; 830 190; 830 189; 831 188; 831 184; 830 183; 830 174; 829 173; 829 172; 828 171; 827 171; 826 170
80; 994 154; 993 155; 993 162; 994 163; 994 166; 993 167; 993 168; 989 172; 988 172; 986 174; 985 174; 984 175; 983 175; 982 176; 981 176; 978 179; 978 183; 979 184; 979 185; 980 186; 980 187; 981 188; 981 189; 983 191; 983 192; 985 194; 985 195; 986 196; 986 197; 988 199; 992 199; 993 198; 993 197; 994 196; 994 191; 993 190; 993 189; 992 188; 992 187; 991 186; 991 184; 994 181; 995 181; 997 179; 998 179; 999 178; 1000 178; 1001 177; 1002 177; 1003 176; 1003 175; 1005 173; 1005 167; 1004 166; 1004 162; 1003 161; 1003 160; 1002 159; 1002 158; 1000 156; 1000 155; 999 154
81; 342 180; 337 190; 337 205; 341 209; 356 210; 362 217; 368 217; 371 215; 373 208; 364 200; 358 200; 349 197; 348 192; 351 187
82; 351 187; 354 173; 357 171; 366 170; 371 167; 370 146; 365 146; 363 148; 360 157; 356 161; 346 164; 342 168; 342 180
83; 860 141; 858 143; 857 143; 856 144; 855 144; 853 146; 852 146; 851 147; 851 153; 861 153; 863 155; 863 156; 864 157; 864 159; 865 160; 865 161; 867 163; 867 164; 869 166; 869 167; 871 169; 883 169; 884 168; 885 168; 888 165; 888 158; 887 158; 886 157; 885 157; 884 156; 878 156; 875 153; 875 152; 874 151; 874 148; 873 147; 873 144; 871 142; 870 142; 869 141
84; 10 158; 8 160; 0 159; 0 168; 3 168; 12 174; 23 173; 27 176; 37 175; 48 169; 48 164; 46 162; 32 164; 28 160
85; 28 160; 30 156; 34 156; 38 153; 38 147; 36 146; 30 147; 25 145; 21 141; 19 136; 17 135; 13 135; 10 138; 11 143; 10 158
86; 724 113; 723 114; 722 114; 721 115; 720 115; 718 117; 717 117; 716 118; 714 118; 713 119; 712 119; 711 120; 710 120; 708 122; 708 123; 707 124; 707 129; 708 130; 708 132; 709 133; 709 135; 710 136; 710 139; 707 142; 706 142; 705 143; 704 143; 702 145; 702 151; 703 152; 711 152; 712 151; 715 151; 716 150; 717 150; 718 149; 719 149; 720 148; 721 148; 722 147; 722 146; 723 145; 723 140; 722 139; 722 137; 721 136; 721 135; 720 134; 720 128; 724 124; 726 124; 729 121; 729 120; 730 119; 730 115; 728 113
87; 604 106; 603 107; 603 113; 604 114; 604 115; 605 116; 605 118; 606 119; 606 122; 607 123; 607 124; 610 127; 621 127; 622 126; 627 126; 628 127; 629 127; 632 130; 632 131; 635 134; 636 134; 637 135; 643 135; 644 134; 645 134; 645 129; 644 128; 644 127; 640 123; 640 122; 638 120; 638 119; 637 118; 637 117; 635 115; 634 115; 633 114; 628 114; 627 115; 623 115; 622 116; 621 115; 617 115; 613 111; 613 110; 611 108; 611 107; 610 107; 609 106
88; 25 76; 23 78; 21 78; 20 79; 14 79; 13 80; 11 80; 9 82; 9 83; 8 84; 8 91; 9 92; 9 98; 8 99; 8 100; 7 101; 6 101; 5 102; 4 102; 3 103; 0 103; 0 112; 13 112; 14 111; 18 111; 21 108; 21 91; 25 87; 26 87; 28 85; 29 85; 31 83; 31 78; 30 77; 30 76
89; 804 58; 803 59; 803 65; 804 66; 804 67; 805 68; 805 74; 799 80; 798 80; 794 84; 794 90; 796 92; 796 93; 797 94; 797 95; 798 96; 798 97; 800 99; 800 100; 802 102; 802 103; 804 105; 808 105; 809 104; 810 104; 810 103; 811 102; 811 98; 810 97; 810 96; 809 95; 809 94; 808 93; 808 92; 807 91; 807 89; 808 88; 808 87; 812 83; 813 83; 816 80; 816 79; 817 78; 817 77; 818 76; 818 71; 817 70; 817 69; 815 67; 815 66; 814 65; 814 63; 812 61; 812 60; 811 59; 810 59; 809 58
90; 584 51; 583 52; 583 59; 584 60; 584 61; 586 63; 586 64; 587 65; 587 66; 588 67; 588 68; 587 69; 587 70; 585 72; 585 73; 583 75; 582 75; 581 76; 580 76; 577 79; 577 80; 576 81; 576 85; 577 86; 577 87; 578 88; 578 89; 581 92; 581 93; 585 97; 586 97; 587 98; 592 98; 593 97; 593 91; 590 88; 590 87; 589 86; 589 85; 590 84; 590 83; 596 77; 597 77; 600 74; 600 67; 599 66; 599 65; 597 63; 597 62; 596 61; 595 61; 592 58; 592 57; 590 55; 590 54; 589 53; 589 52; 588 51
91; 475 41; 474 42; 473 42; 471 44; 471 45; 470 46; 470 47; 469 48; 469 50; 468 51; 468 53; 465 56; 465 57; 464 58; 464 62; 473 71; 473 72; 476 75; 476 79; 470 85; 470 89; 471 90; 478 90; 487 81; 487 80; 488 79; 488 72; 487 71; 487 70; 478 61; 478 60; 477 59; 477 57; 478 56; 478 55; 479 54; 479 53; 480 52; 480 50; 481 49; 481 44; 480 43; 480 42; 479 41
92; 168 11; 162 17; 161 17; 158 20; 156 20; 155 21; 154 21; 148 15; 142 15; 140 17; 140 21; 141 22; 141 23; 146 28; 147 28; 149 30; 149 31; 152 34; 159 34; 161 32; 161 31; 162 30; 163 30; 166 27; 167 27; 168 26; 169 26; 171 24; 179 24; 180 25; 187 25; 187 24; 188 23; 188 19; 185 16; 182 16; 181 15; 180 15; 179 14; 178 14; 177 13; 176 13; 175 12; 174 12; 173 11
93; 513 9; 512 10; 509 10; 508 11; 507 11; 506 12; 504 12; 503 13; 502 13; 500 15; 499 15; 498 16; 498 21; 499 22; 512 22; 515 25; 515 26; 516 27; 516 28; 517 29; 517 31; 518 32; 518 33; 519 34; 519 35; 522 38; 527 38; 528 37; 536 37; 538 35; 538 34; 539 33; 539 28; 538 27; 537 27; 536 26; 535 26; 534 25; 528 25; 524 21; 524 20; 523 19; 523 13; 520 10; 518 10; 517 9
94; 871 3; 868 6; 868 7; 866 9; 866 10; 865 11; 865 12; 864 13; 864 15; 863 16; 863 21; 864 22; 864 23; 868 27; 869 27; 875 33; 875 38; 874 39; 874 40; 873 41; 873 45; 874 46; 874 47; 876 49; 881 49; 882 48; 882 46; 883 45; 883 44; 884 43; 884 42; 886 40; 886 39; 887 38; 887 37; 888 36; 888 35; 889 34; 889 30; 888 29; 888 28; 885 25; 884 25; 883 24; 882 24; 881 23; 880 23; 875 18; 875 14; 876 13; 876 11; 877 10; 877 6; 876 5; 876 4; 875 3
95; 929 29; 927 27; 926 18; 920 17; 917 26; 910 33; 909 39; 916 47; 916 53; 911 58; 912 65; 917 65; 931 54; 928 41
96; 928 41; 945 32; 946 25; 942 12; 951 5; 951 0; 929 0; 929 13; 934 22; 934 26; 929 29
