0; 846 1014; 844 1016; 844 1017; 843 1018; 843 1023; 868 1023; 868 1019; 867 1018; 867 1017; 866 1016; 864 1016; 863 1015; 853 1015; 852 1014
1; 745 1000; 744 1001; 741 1001; 739 1003; 739 1005; 738 1006; 738 1009; 737 1010; 737 1014; 736 1015; 736 1017; 734 1019; 732 1019; 731 1020; 730 1019; 723 1019; 721 1021; 721 1023; 747 1023; 747 1017; 748 1016; 748 1014; 751 1011; 752 1011; 753 1010; 760 1010; 761 1009; 762 1009; 764 1007; 764 1002; 763 1002; 762 1001; 758 1001; 757 1000
2; 464 990; 463 991; 462 991; 460 993; 460 999; 461 1000; 461 1001; 463 1003; 463 1005; 462 1006; 462 1007; 458 1011; 457 1011; 455 1013; 454 1013; 452 1015; 452 1023; 466 1023; 466 1022; 467 1021; 467 1020; 468 1019; 468 1018; 473 1013; 473 1012; 476 1009; 476 1002; 474 1000; 474 999; 473 998; 473 997; 472 996; 472 995; 471 994; 471 993; 470 992; 470 991; 469 991; 468 990
3; 151 984; 150 985; 148 985; 147 986; 146 986; 142 990; 142 994; 143 995; 143 996; 144 997; 144 998; 145 999; 145 1001; 146 1002; 146 1006; 142 1010; 141 1010; 136 1015; 136 1019; 137 1020; 137 1021; 142 1021; 144 1019; 146 1019; 147 1018; 149 1018; 150 1017; 152 1017; 153 1016; 154 1016; 157 1013; 157 1012; 158 1011; 158 1005; 157 1004; 157 1002; 156 1001; 156 999; 155 998; 155 997; 156 996; 156 995; 158 993; 159 993; 160 992; 162 992; 164 990; 164 985; 163 984
4; 595 981; 593 983; 593 984; 592 985; 592 987; 591 988; 591 990; 588 993; 585 993; 584 994; 581 994; 580 993; 569 993; 567 995; 567 997; 566 998; 566 1001; 565 1002; 565 1005; 564 1006; 564 1010; 563 1011; 563 1016; 564 1017; 570 1017; 573 1014; 573 1012; 574 1011; 574 1008; 578 1004; 584 1004; 585 1005; 594 1005; 595 1004; 596 1004; 597 1003; 597 1002; 598 1001; 598 998; 599 997; 599 993; 600 992; 600 991; 601 990; 601 982; 600 981
5; 821 968; 819 970; 818 970; 817 971; 816 971; 814 973; 813 973; 812 974; 811 974; 810 975; 809 975; 807 977; 806 977; 806 978; 805 979; 805 985; 806 986; 806 989; 807 990; 807 992; 808 993; 808 995; 809 996; 809 998; 804 1003; 803 1003; 802 1004; 801 1004; 800 1005; 800 1011; 801 1011; 802 1012; 806 1012; 807 1011; 809 1011; 810 1010; 812 1010; 813 1009; 814 1009; 815 1008; 817 1008; 820 1005; 820 1004; 821 1003; 821 996; 820 995; 820 994; 819 993; 819 992; 818 991; 818 989; 817 988; 817 983; 821 979; 822 979; 823 978; 824 978; 826 976; 826 975; 827 974; 827 969; 826 968
6; 44 961; 42 963; 42 964; 41 965; 41 968; 40 969; 40 972; 39 973; 39 981; 42 984; 43 984; 44 985; 46 985; 47 986; 50 986; 51 987; 53 987; 56 990; 56 1000; 58 1002; 62 1002; 63 1001; 63 1000; 65 998; 65 996; 66 995; 66 993; 67 992; 67 983; 63 979; 61 979; 60 978; 58 978; 57 977; 55 977; 54 976; 53 976; 50 973; 50 969; 51 968; 51 963; 49 961
7; 728 948; 727 949; 727 950; 726 951; 726 955; 727 956; 727 957; 728 958; 729 958; 731 960; 731 961; 732 962; 732 965; 731 966; 731 967; 729 969; 729 970; 726 973; 726 974; 725 975; 725 983; 731 989; 732 989; 736 993; 737 993; 738 994; 742 994; 744 992; 744 988; 743 987; 743 986; 741 984; 741 983; 740 982; 740 981; 739 980; 739 975; 740 974; 740 973; 741 972; 741 971; 744 968; 744 967; 745 966; 745 960; 743 958; 742 958; 736 952; 736 951; 734 949; 734 948
8; 11 947; 10 948; 10 952; 11 953; 11 954; 13 956; 13 960; 12 961; 12 962; 11 963; 10 963; 3 970; 0 970; 0 981; 1 981; 3 983; 3 984; 4 985; 4 986; 5 987; 5 989; 6 990; 6 991; 7 992; 7 993; 12 993; 14 991; 14 985; 13 984; 13 983; 12 982; 12 977; 13 976; 13 975; 18 970; 19 970; 20 969; 21 969; 23 967; 24 967; 25 966; 25 960; 23 958; 23 957; 22 956; 22 955; 21 954; 21 953; 19 951; 19 950; 17 948; 16 948; 15 947
9; 142 940; 141 941; 141 948; 142 949; 142 956; 143 957; 143 960; 144 961; 144 962; 146 964; 157 964; 158 965; 161 965; 162 966; 163 966; 164 967; 164 969; 165 970; 165 976; 167 978; 171 978; 172 977; 173 977; 173 976; 174 975; 174 973; 175 972; 175 960; 174 959; 174 958; 172 956; 171 956; 170 955; 168 955; 167 954; 154 954; 152 952; 152 951; 151 950; 151 949; 150 948; 150 945; 149 944; 149 943; 146 940
10; 959 939; 957 941; 957 948; 958 949; 959 949; 960 950; 963 950; 964 951; 965 951; 967 953; 967 954; 968 955; 968 956; 967 957; 967 968; 970 971; 971 971; 972 972; 988 972; 990 970; 990 965; 989 964; 988 964; 987 963; 986 963; 985 962; 982 962; 981 961; 980 961; 978 959; 978 957; 977 956; 977 951; 978 950; 978 946; 977 945; 977 944; 975 942; 974 942; 973 941; 970 941; 969 940; 965 940; 964 939
11; 414 933; 412 935; 412 943; 411 944; 411 949; 412 950; 412 952; 414 954; 414 955; 415 955; 416 956; 418 956; 419 957; 430 957; 431 958; 432 958; 434 960; 434 961; 435 962; 435 965; 436 966; 436 970; 439 973; 444 973; 445 972; 445 965; 444 964; 444 958; 443 957; 443 955; 442 954; 442 952; 441 951; 441 950; 440 949; 439 949; 438 948; 436 948; 435 947; 430 947; 429 946; 424 946; 421 943; 421 936; 420 935; 420 934; 419 933
12; 322 925; 312 935; 311 935; 310 936; 306 936; 305 935; 304 935; 302 933; 301 933; 300 932; 295 932; 293 934; 293 938; 294 938; 297 941; 298 941; 300 943; 301 943; 304 946; 305 946; 307 948; 313 948; 319 942; 320 942; 320 941; 321 940; 322 940; 323 939; 324 939; 325 938; 329 938; 330 939; 331 939; 333 941; 334 941; 335 942; 339 942; 341 940; 341 935; 340 934; 339 934; 336 931; 335 931; 330 926; 329 926; 328 925
13; 771 921; 768 924; 767 924; 766 925; 765 925; 764 926; 763 926; 762 927; 761 927; 759 929; 758 929; 757 930; 757 931; 756 932; 756 940; 757 941; 757 945; 756 946; 756 947; 754 949; 751 949; 750 950; 749 950; 748 951; 747 951; 747 957; 748 957; 749 958; 752 958; 753 959; 759 959; 760 958; 764 958; 765 957; 767 957; 769 955; 769 949; 768 948; 768 936; 772 932; 773 932; 774 931; 775 931; 776 930; 777 930; 778 929; 778 928; 779 927; 779 923; 777 921
14; 656 918; 654 920; 653 920; 651 922; 650 922; 649 923; 648 923; 647 924; 646 924; 644 926; 643 926; 641 928; 641 929; 640 930; 640 934; 641 935; 641 936; 642 937; 642 938; 643 939; 643 941; 644 942; 644 944; 645 945; 645 951; 642 954; 641 954; 638 957; 638 961; 640 963; 646 963; 652 957; 653 957; 654 956; 655 956; 659 952; 659 947; 658 946; 658 945; 655 942; 655 941; 654 940; 654 938; 653 937; 653 934; 654 933; 654 932; 655 931; 656 931; 661 926; 661 918
15; 444 911; 443 912; 443 914; 442 915; 442 921; 441 922; 441 927; 442 928; 442 933; 445 936; 446 936; 447 937; 448 937; 449 938; 451 938; 452 939; 456 939; 457 940; 458 940; 459 941; 459 942; 460 943; 460 954; 461 955; 465 955; 467 953; 467 952; 468 951; 468 949; 469 948; 469 946; 470 945; 470 934; 467 931; 466 931; 465 930; 462 930; 461 929; 458 929; 457 928; 456 928; 455 927; 454 927; 453 926; 453 925; 452 924; 452 916; 451 915; 451 914; 448 911
16; 943 902; 942 903; 942 910; 944 912; 944 913; 946 915; 946 916; 948 918; 948 919; 951 922; 957 922; 958 921; 959 921; 961 919; 962 919; 963 918; 964 918; 965 917; 970 917; 971 918; 972 918; 978 924; 985 924; 986 923; 986 918; 980 912; 980 911; 978 909; 978 908; 975 905; 967 905; 966 906; 965 906; 964 907; 963 907; 962 908; 960 908; 959 909; 956 909; 955 908; 954 908; 953 907; 953 906; 949 902
17; 567 894; 564 897; 564 898; 563 899; 563 900; 561 902; 561 903; 559 905; 559 906; 558 907; 558 908; 557 909; 557 913; 558 914; 558 915; 560 917; 561 917; 568 924; 568 930; 567 931; 567 932; 566 933; 566 934; 565 935; 565 939; 566 940; 566 941; 571 941; 572 940; 572 939; 578 933; 578 932; 580 930; 580 929; 581 928; 581 927; 582 926; 582 921; 581 920; 581 919; 579 917; 578 917; 575 914; 574 914; 572 912; 572 911; 570 909; 570 906; 572 904; 572 903; 573 902; 573 901; 574 900; 574 896; 572 894
18; 915 885; 914 886; 913 886; 912 887; 911 887; 911 888; 910 889; 910 891; 909 892; 909 894; 908 895; 907 895; 906 896; 903 896; 902 895; 899 895; 898 894; 891 894; 890 895; 889 895; 886 898; 886 899; 885 900; 885 901; 884 902; 884 903; 883 904; 883 906; 882 907; 882 908; 881 909; 881 910; 880 911; 880 917; 881 918; 886 918; 887 917; 888 917; 888 916; 890 914; 890 913; 891 912; 891 911; 895 907; 904 907; 905 908; 912 908; 913 907; 914 907; 914 906; 917 903; 917 902; 919 900; 919 898; 920 897; 920 895; 921 894; 921 893; 922 892; 922 887; 921 886; 920 886; 919 885
19; 6 871; 4 873; 4 874; 3 875; 2 875; 1 876; 0 876; 0 896; 1 896; 3 898; 4 898; 5 899; 5 900; 7 902; 7 906; 6 907; 6 908; 4 910; 4 916; 5 917; 9 917; 18 908; 18 907; 20 905; 20 899; 16 895; 15 895; 14 894; 13 894; 8 889; 8 883; 9 882; 9 881; 10 880; 10 879; 11 878; 11 871
20; 1020 853; 1019 854; 1018 854; 1017 855; 1016 855; 1011 860; 1010 860; 1009 861; 1008 861; 1007 862; 1007 868; 1008 869; 1008 870; 1009 871; 1009 872; 1010 873; 1010 874; 1011 875; 1011 881; 1013 883; 1013 884; 1014 885; 1023 885; 1023 853
21; 350 849; 348 851; 348 860; 347 861; 347 863; 346 864; 346 871; 348 873; 349 873; 350 874; 351 874; 352 875; 353 875; 354 876; 355 876; 356 877; 357 877; 358 878; 359 878; 362 881; 362 882; 363 883; 363 884; 362 885; 362 886; 361 887; 361 888; 360 889; 360 894; 361 895; 366 895; 369 892; 369 891; 370 890; 370 889; 371 888; 371 887; 372 886; 372 885; 373 884; 373 883; 374 882; 374 874; 372 872; 371 872; 370 871; 368 871; 367 870; 366 870; 365 869; 364 869; 363 868; 362 868; 361 867; 360 867; 359 866; 359 865; 358 864; 358 862; 359 861; 359 853; 358 852; 358 851; 357 851; 355 849
22; 452 861; 455 864; 455 869; 448 874; 441 868; 434 867; 433 873; 445 885; 452 885; 461 877; 465 877; 470 882; 476 882; 477 876; 459 852
23; 459 852; 459 843; 454 837; 452 825; 448 825; 440 829; 429 827; 428 845; 440 861; 452 861
24; 56 818; 55 819; 54 819; 53 820; 52 820; 48 824; 47 824; 46 825; 40 825; 38 823; 37 823; 34 820; 28 820; 27 821; 27 826; 29 828; 30 828; 40 838; 44 838; 45 837; 46 837; 47 836; 48 836; 50 834; 51 834; 52 833; 53 833; 54 832; 55 832; 56 831; 60 831; 61 832; 62 832; 65 835; 72 835; 73 834; 73 829; 68 824; 67 824; 61 818
25; 844 813; 843 814; 841 814; 840 815; 832 815; 831 816; 830 816; 828 818; 828 823; 829 823; 830 824; 839 824; 843 828; 843 829; 845 831; 845 832; 846 833; 846 834; 847 835; 847 836; 848 837; 848 838; 849 839; 849 840; 850 840; 851 841; 866 841; 867 840; 869 840; 870 839; 871 839; 872 838; 872 832; 870 830; 865 830; 864 831; 860 831; 859 830; 858 830; 855 827; 855 826; 854 825; 854 823; 853 822; 853 818; 852 817; 852 816; 849 813
26; 376 803; 375 804; 373 804; 372 805; 370 805; 369 806; 367 806; 366 807; 365 807; 364 808; 363 808; 362 809; 362 814; 363 815; 376 815; 379 818; 379 820; 380 821; 380 822; 381 823; 381 824; 382 825; 382 826; 383 827; 384 827; 385 828; 386 828; 387 829; 393 829; 394 828; 397 828; 398 827; 400 827; 401 826; 402 826; 403 825; 404 825; 405 824; 406 824; 406 823; 407 822; 407 818; 406 817; 406 816; 398 816; 397 817; 392 817; 389 814; 389 813; 387 811; 387 810; 386 809; 386 808; 385 807; 385 806; 382 803
27; 910 793; 908 795; 907 795; 907 796; 906 797; 906 799; 905 800; 905 804; 904 805; 904 806; 903 807; 903 810; 901 812; 900 812; 899 813; 898 813; 897 814; 891 814; 890 815; 888 815; 887 816; 887 820; 889 822; 890 822; 891 823; 898 823; 899 824; 905 824; 906 823; 907 823; 908 822; 909 822; 911 820; 911 819; 913 817; 913 816; 915 814; 915 808; 919 804; 928 804; 930 802; 930 801; 931 800; 931 796; 930 795; 921 795; 920 794; 918 794; 917 793
28; 294 792; 293 793; 293 799; 294 800; 294 801; 296 803; 296 804; 298 806; 298 807; 303 812; 308 812; 309 811; 310 811; 311 810; 312 810; 313 809; 314 809; 315 808; 316 808; 317 807; 323 807; 324 808; 324 809; 326 811; 326 812; 328 814; 334 814; 335 813; 335 808; 333 806; 333 803; 332 802; 332 801; 330 799; 329 799; 328 798; 328 797; 324 793; 320 793; 319 794; 318 794; 315 797; 314 797; 312 799; 311 799; 310 800; 305 800; 302 797; 302 796; 301 795; 301 794; 299 792
29; 125 771; 125 773; 124 774; 124 778; 123 779; 123 781; 122 782; 122 785; 121 786; 121 791; 122 792; 122 793; 129 800; 130 800; 133 803; 133 804; 134 805; 134 807; 133 808; 133 816; 138 816; 143 811; 143 810; 145 808; 145 807; 146 806; 146 805; 147 804; 147 798; 145 796; 144 796; 143 795; 142 795; 141 794; 139 794; 134 789; 134 788; 133 787; 133 786; 132 785; 132 782; 133 781; 133 780; 134 779; 134 774; 133 773; 133 772; 132 772; 131 771
30; 232 750; 226 756; 224 756; 223 757; 213 757; 212 758; 210 758; 207 761; 207 773; 206 774; 206 782; 213 782; 214 781; 214 780; 216 778; 216 774; 215 773; 215 771; 216 770; 216 769; 218 767; 219 767; 220 766; 233 766; 236 763; 236 761; 237 760; 237 757; 238 756; 238 751; 237 750
31; 322 757; 310 765; 312 783; 319 784; 324 778; 331 777; 342 765
32; 342 765; 351 770; 357 766; 344 755; 331 751; 321 739; 317 739; 316 745; 321 750; 322 757
33; 351 770; 359 779; 364 779; 367 775; 377 772; 379 770; 378 750; 387 744; 387 739; 381 738; 368 744; 369 762; 363 767; 357 766
34; 58 732; 49 741; 48 741; 47 742; 42 742; 41 741; 40 741; 38 739; 38 738; 36 736; 35 736; 34 735; 30 735; 29 736; 29 740; 30 741; 31 741; 33 743; 34 743; 38 747; 38 748; 40 750; 41 750; 43 752; 47 752; 48 751; 49 751; 56 744; 62 744; 67 749; 72 749; 72 744; 71 743; 71 742; 70 742; 69 741; 69 740; 67 738; 67 737; 65 735; 65 734; 63 732
35; 618 735; 601 737; 598 740; 596 758; 586 762; 585 767; 587 769; 594 769; 604 766; 607 763; 607 746; 611 743; 616 743
36; 616 743; 623 751; 631 753; 637 758; 636 771; 638 774; 643 774; 645 771; 647 752; 631 743; 630 739; 632 736; 632 730; 630 728; 626 728; 618 735
37; 925 745; 905 745; 899 758; 899 766; 905 766; 909 757; 913 753; 924 752
38; 924 752; 931 759; 940 759; 949 750; 965 750; 968 747; 968 727; 966 725; 962 725; 959 728; 960 738; 957 741; 938 742; 933 733; 928 733; 928 741; 925 745
39; 102 731; 97 725; 91 725; 80 731; 78 739; 81 745; 81 751; 72 758; 72 763; 81 763; 92 756; 89 738; 94 734; 100 733
40; 100 733; 106 742; 115 746; 119 750; 116 757; 116 764; 121 765; 126 756; 128 744; 124 740; 117 739; 114 735; 116 723; 114 721; 109 721; 102 731
41; 685 740; 688 745; 686 749; 686 754; 690 758; 693 765; 701 764; 704 770; 707 772; 718 772; 727 770; 728 764; 715 763; 712 760; 707 745; 699 741; 694 736
42; 694 736; 693 730; 695 727; 695 718; 694 716; 689 716; 679 729; 679 735; 681 738; 685 740
43; 1017 712; 1015 714; 1015 725; 1014 726; 1014 728; 1013 729; 1012 729; 1011 730; 1010 730; 1009 731; 1008 731; 1007 732; 1005 732; 1003 734; 1002 734; 1001 735; 1001 741; 1002 742; 1002 744; 1003 745; 1003 755; 1004 756; 1009 756; 1011 754; 1011 743; 1012 742; 1012 741; 1016 737; 1023 737; 1023 712
44; 843 702; 841 704; 841 708; 845 712; 845 714; 846 715; 846 716; 847 717; 847 719; 848 720; 848 722; 850 724; 851 724; 852 725; 857 725; 858 724; 862 724; 863 723; 866 723; 867 724; 868 724; 871 727; 871 728; 872 729; 872 730; 874 732; 874 733; 876 735; 880 735; 881 734; 881 727; 880 726; 880 725; 879 724; 879 717; 878 716; 878 715; 876 713; 875 713; 874 712; 862 712; 861 713; 857 713; 854 710; 854 709; 853 708; 853 707; 851 705; 851 704; 850 703; 849 703; 848 702
45; 759 682; 758 683; 757 683; 757 684; 748 693; 747 693; 746 694; 744 694; 742 692; 741 692; 740 691; 739 691; 738 690; 733 690; 733 695; 734 696; 734 697; 737 700; 738 700; 745 707; 746 707; 747 708; 751 708; 754 705; 754 704; 755 703; 755 702; 761 696; 762 696; 763 695; 766 695; 767 696; 768 696; 769 697; 770 697; 771 698; 777 698; 778 697; 779 697; 780 696; 780 691; 779 690; 778 690; 777 689; 776 689; 775 688; 774 688; 773 687; 772 687; 770 685; 769 685; 766 682
46; 860 666; 859 667; 859 668; 853 674; 853 675; 850 678; 846 678; 843 675; 842 675; 841 674; 836 674; 835 675; 835 680; 841 686; 842 686; 845 689; 846 689; 849 692; 854 692; 857 689; 857 688; 859 686; 859 685; 861 683; 861 682; 865 678; 871 678; 872 679; 874 679; 875 680; 879 680; 880 679; 881 679; 882 678; 883 678; 883 673; 882 672; 881 672; 880 671; 878 671; 877 670; 876 670; 875 669; 874 669; 873 668; 871 668; 870 667; 869 667; 868 666
47; 964 643; 964 647; 966 649; 968 649; 969 650; 969 653; 970 654; 970 655; 974 659; 976 659; 977 660; 980 660; 981 661; 981 662; 982 663; 982 665; 983 666; 983 667; 985 669; 991 669; 992 668; 992 659; 991 658; 991 651; 990 650; 990 649; 988 647; 987 647; 986 646; 977 646; 976 647; 971 647; 970 646; 970 645; 968 643
48; 562 666; 546 680; 546 685; 551 693; 551 700; 545 707; 545 712; 547 715; 552 715; 563 702; 566 686
49; 566 686; 576 679; 580 674; 580 669; 576 666; 573 657; 574 653; 579 649; 579 644; 577 641; 570 642; 567 648; 561 654; 562 666
50; 125 641; 123 643; 123 644; 122 645; 122 647; 121 648; 121 651; 120 652; 120 653; 119 654; 119 660; 123 664; 124 664; 125 665; 129 665; 130 666; 131 666; 132 667; 133 667; 134 668; 135 668; 136 669; 137 669; 138 670; 139 670; 140 671; 146 671; 148 669; 148 661; 146 659; 145 659; 144 658; 142 658; 141 657; 137 657; 136 656; 135 656; 132 653; 132 651; 131 650; 131 643; 130 642; 130 641
51; 451 685; 465 702; 470 702; 471 694; 467 684; 477 673; 476 662; 486 655; 485 649; 478 647; 471 656; 460 654; 458 661; 464 667; 464 671; 459 677; 454 679
52; 454 679; 453 661; 443 657; 439 653; 438 645; 434 639; 428 639; 427 661; 442 669; 442 682; 445 685; 451 685
53; 857 618; 853 622; 853 623; 847 629; 846 629; 845 630; 842 630; 840 628; 839 628; 836 625; 831 625; 830 626; 830 631; 837 638; 837 639; 839 641; 839 642; 840 643; 840 644; 841 645; 846 645; 847 644; 848 644; 849 643; 850 643; 852 641; 852 639; 853 638; 853 637; 856 634; 856 633; 857 632; 858 632; 860 630; 865 630; 866 631; 866 632; 867 633; 867 634; 868 635; 868 636; 869 637; 869 638; 871 640; 871 641; 872 642; 877 642; 878 641; 878 634; 877 633; 877 632; 875 630; 874 630; 873 629; 872 629; 871 628; 868 628; 867 627; 867 626; 866 625; 866 623; 861 618
54; 786 613; 783 616; 783 617; 776 624; 771 624; 769 622; 768 622; 765 619; 760 619; 760 624; 761 625; 761 626; 765 630; 765 631; 766 632; 767 632; 770 635; 771 635; 773 637; 779 637; 780 636; 781 636; 782 635; 783 635; 785 633; 785 632; 786 631; 786 630; 787 629; 787 628; 790 625; 792 625; 793 626; 794 626; 795 627; 796 627; 798 629; 803 629; 804 628; 804 623; 801 620; 800 620; 796 616; 795 616; 793 614; 792 614; 791 613
55; 417 612; 414 615; 414 616; 413 617; 413 618; 410 621; 410 622; 407 625; 400 625; 399 624; 398 624; 397 623; 392 623; 390 625; 390 630; 391 631; 392 631; 393 632; 394 632; 395 633; 396 633; 397 634; 398 634; 400 636; 401 636; 402 637; 403 637; 404 638; 405 638; 406 639; 410 639; 413 636; 413 635; 415 633; 415 630; 416 629; 416 628; 417 627; 417 626; 419 624; 420 624; 421 623; 424 623; 425 624; 426 624; 427 625; 428 625; 429 626; 434 626; 435 625; 435 621; 433 619; 432 619; 429 616; 428 616; 426 614; 425 614; 424 613; 423 613; 422 612
56; 658 608; 657 609; 657 613; 658 614; 658 615; 660 617; 660 618; 662 620; 662 621; 663 622; 663 624; 662 625; 662 626; 661 627; 661 628; 660 629; 660 630; 658 632; 658 633; 653 638; 653 643; 661 651; 661 652; 662 653; 662 655; 664 657; 669 657; 670 656; 670 655; 671 654; 671 649; 670 648; 670 647; 667 644; 667 642; 666 641; 666 640; 667 639; 667 638; 668 637; 668 636; 669 635; 669 634; 670 633; 670 632; 671 631; 671 629; 673 627; 673 620; 666 613; 666 612; 662 608
57; 0 606; 0 633; 4 633; 5 632; 7 632; 8 631; 9 631; 9 630; 10 629; 10 624; 9 623; 9 622; 8 621; 8 617; 9 616; 9 612; 8 611; 8 610; 7 609; 7 608; 6 607; 5 607; 4 606
58; 520 605; 519 606; 519 608; 518 609; 518 610; 517 611; 517 613; 515 615; 515 616; 514 617; 514 618; 513 619; 513 624; 514 625; 514 626; 518 630; 519 630; 520 631; 521 631; 522 632; 523 632; 528 637; 528 640; 527 641; 527 643; 526 644; 526 648; 527 649; 527 650; 529 652; 530 652; 531 653; 535 653; 535 652; 536 651; 536 643; 537 642; 537 640; 538 639; 538 637; 539 636; 539 631; 538 630; 538 629; 537 628; 536 628; 535 627; 533 627; 532 626; 531 626; 530 625; 529 625; 528 624; 527 624; 523 620; 523 616; 524 615; 524 613; 525 612; 525 606; 524 605
59; 189 597; 184 602; 179 602; 178 601; 177 601; 176 600; 174 600; 173 599; 171 599; 170 598; 164 598; 163 599; 163 601; 162 602; 162 603; 161 604; 161 606; 160 607; 160 609; 159 610; 159 612; 158 613; 158 617; 159 618; 163 618; 165 616; 165 615; 166 614; 166 613; 169 610; 177 610; 178 611; 180 611; 182 613; 183 613; 184 614; 188 614; 190 612; 191 612; 192 611; 192 610; 195 607; 195 606; 196 605; 196 600; 195 599; 195 598; 194 598; 193 597
60; 312 590; 311 591; 304 591; 301 594; 301 604; 300 605; 300 607; 299 608; 299 610; 296 613; 294 613; 293 614; 291 614; 290 615; 289 615; 288 616; 288 620; 289 621; 305 621; 308 618; 308 609; 309 608; 309 604; 310 603; 310 602; 311 601; 312 601; 313 600; 315 600; 316 599; 321 599; 322 598; 323 598; 325 596; 325 592; 324 591; 323 591; 322 590
61; 848 589; 845 592; 845 593; 844 594; 844 595; 843 596; 843 598; 839 602; 838 602; 837 603; 831 603; 830 602; 823 602; 822 603; 821 603; 821 604; 820 605; 820 608; 819 609; 819 614; 818 615; 818 622; 820 624; 824 624; 825 623; 825 622; 826 621; 826 617; 827 616; 827 615; 829 613; 830 613; 831 612; 846 612; 849 609; 849 608; 850 607; 850 604; 851 603; 851 601; 852 600; 852 598; 853 597; 853 596; 854 595; 854 590; 853 589
62; 896 582; 890 588; 890 589; 888 591; 888 592; 887 593; 887 600; 889 602; 890 602; 892 604; 893 604; 898 609; 898 611; 897 612; 897 613; 894 616; 893 616; 892 617; 892 622; 899 622; 900 621; 901 621; 902 620; 903 620; 909 614; 909 607; 902 600; 902 599; 900 597; 900 595; 899 594; 900 593; 900 591; 902 589; 902 584; 900 582
63; 518 576; 517 577; 517 585; 518 586; 518 597; 521 600; 533 600; 534 601; 535 601; 539 605; 539 609; 540 610; 540 613; 541 614; 546 614; 547 613; 547 609; 548 608; 548 602; 547 601; 547 596; 543 592; 541 592; 540 591; 537 591; 536 590; 532 590; 531 589; 530 589; 528 587; 528 586; 527 585; 527 580; 526 579; 526 578; 524 576
64; 63 594; 47 602; 44 598; 44 590; 37 589; 35 607; 37 610; 46 612; 53 617; 53 630; 55 633; 60 633; 60 617; 63 612; 68 611
65; 68 611; 74 618; 83 619; 90 616; 92 610; 81 610; 78 607; 80 602; 79 582; 66 580; 52 566; 47 566; 47 573; 52 579; 52 585; 61 590; 63 594
66; 815 553; 815 561; 816 562; 816 563; 818 565; 818 566; 820 568; 820 569; 822 571; 822 572; 825 575; 830 575; 831 574; 832 574; 833 573; 836 573; 837 572; 843 572; 845 574; 845 575; 846 576; 846 578; 847 579; 847 580; 849 582; 854 582; 856 580; 856 576; 855 575; 855 573; 854 572; 854 570; 853 569; 853 568; 852 567; 852 564; 851 563; 851 562; 849 560; 848 560; 847 559; 843 559; 842 560; 841 560; 840 561; 837 561; 836 562; 834 562; 833 563; 832 563; 831 564; 829 564; 826 561; 826 560; 825 559; 825 558; 824 557; 824 556; 823 555; 823 554; 822 553
67; 249 547; 247 549; 247 566; 249 568; 249 569; 250 569; 251 570; 255 570; 256 571; 260 571; 261 572; 263 572; 267 576; 267 587; 270 590; 275 590; 275 589; 276 588; 276 584; 275 583; 275 580; 276 579; 276 568; 273 565; 272 565; 271 564; 269 564; 268 563; 266 563; 265 562; 263 562; 262 561; 260 561; 257 558; 257 555; 256 554; 256 551; 255 550; 255 549; 253 547
68; 739 543; 738 544; 738 549; 740 551; 741 551; 742 552; 745 552; 746 553; 749 553; 750 554; 751 554; 755 558; 755 561; 756 562; 756 564; 757 565; 757 566; 758 567; 758 570; 759 571; 759 572; 760 572; 761 573; 768 573; 769 572; 772 572; 773 571; 777 571; 778 570; 779 570; 781 568; 781 564; 779 562; 769 562; 766 559; 766 558; 765 557; 765 556; 764 555; 764 553; 763 552; 763 547; 760 544; 758 544; 757 543
69; 82 556; 81 560; 76 565; 64 566; 63 573; 81 574; 93 582; 101 581; 107 573; 108 564; 102 564; 97 570; 91 569; 88 566; 90 559
70; 90 559; 90 547; 87 541; 84 539; 71 540; 67 537; 63 527; 57 527; 57 540; 59 546; 63 549; 78 550; 82 556
71; 860 520; 858 522; 858 527; 862 531; 862 532; 863 533; 863 537; 860 540; 860 541; 855 546; 854 546; 853 547; 853 548; 852 549; 852 553; 853 554; 853 555; 857 559; 857 560; 858 561; 858 562; 860 564; 860 565; 861 566; 861 567; 862 568; 867 568; 868 567; 868 559; 867 558; 867 557; 866 556; 866 555; 865 554; 865 551; 866 550; 866 549; 874 541; 874 540; 875 539; 875 533; 873 531; 873 530; 871 528; 871 527; 864 520
72; 986 495; 985 496; 985 504; 993 512; 993 514; 994 515; 993 516; 993 518; 992 519; 992 521; 991 522; 991 523; 990 524; 990 526; 989 527; 989 532; 992 535; 993 535; 995 537; 997 537; 998 538; 999 538; 1000 539; 1002 539; 1003 540; 1011 540; 1011 535; 1010 534; 1009 534; 1002 527; 1002 524; 1003 523; 1003 521; 1004 520; 1004 518; 1005 517; 1005 516; 1006 515; 1006 509; 1005 508; 1005 507; 1004 506; 1003 506; 1001 504; 1000 504; 999 503; 998 503; 990 495
73; 326 492; 324 494; 324 496; 321 499; 320 499; 319 498; 311 498; 304 505; 303 505; 301 507; 298 507; 296 505; 295 505; 293 503; 289 503; 288 504; 287 504; 287 505; 286 506; 286 510; 287 511; 287 512; 296 521; 297 521; 298 522; 303 522; 305 520; 305 519; 306 518; 306 517; 309 514; 310 514; 313 511; 314 511; 316 509; 318 509; 319 508; 323 508; 324 507; 325 507; 330 502; 331 502; 332 501; 332 500; 333 499; 333 493; 332 492
74; 501 510; 490 510; 482 523; 482 531; 493 542; 489 549; 490 555; 495 555; 504 543; 504 536; 501 531; 501 527; 506 521
75; 506 521; 514 516; 511 498; 519 491; 519 487; 517 485; 510 485; 498 493; 498 500; 501 505; 501 510
76; 381 462; 381 463; 380 464; 380 466; 379 467; 379 469; 378 470; 378 473; 377 474; 377 476; 376 477; 376 483; 377 484; 377 485; 379 487; 380 487; 381 488; 382 488; 383 489; 384 489; 385 490; 387 490; 388 491; 389 491; 392 494; 392 496; 393 497; 393 504; 394 505; 394 506; 395 507; 400 507; 402 505; 402 503; 403 502; 403 486; 400 483; 399 483; 398 482; 396 482; 395 481; 393 481; 392 480; 391 480; 388 477; 388 473; 389 472; 389 465; 386 462
77; 393 422; 392 423; 392 428; 396 432; 396 433; 397 434; 397 435; 398 436; 398 439; 397 440; 397 442; 396 443; 396 444; 392 448; 392 449; 391 450; 391 454; 392 455; 392 456; 394 458; 395 458; 397 460; 398 460; 405 467; 405 468; 410 468; 412 466; 412 465; 413 464; 413 460; 406 453; 406 452; 405 451; 405 449; 406 448; 406 447; 408 445; 408 444; 409 443; 409 442; 410 441; 410 440; 412 438; 412 434; 411 433; 411 432; 409 430; 408 430; 406 428; 405 428; 402 425; 401 425; 398 422
78; 78 398; 75 401; 75 404; 74 405; 74 408; 73 409; 73 411; 72 412; 72 413; 71 414; 71 415; 70 416; 69 416; 68 417; 64 417; 63 416; 61 416; 60 415; 55 415; 55 420; 56 421; 56 422; 57 423; 58 423; 59 424; 62 424; 63 425; 66 425; 67 426; 77 426; 80 423; 80 420; 81 419; 81 415; 82 414; 82 413; 83 412; 83 411; 84 410; 85 410; 86 409; 87 409; 88 408; 94 408; 96 406; 96 402; 95 401; 94 401; 93 400; 90 400; 89 399; 86 399; 85 398
79; 9 398; 8 399; 8 405; 9 406; 9 410; 10 411; 10 415; 11 416; 11 417; 12 418; 13 418; 14 419; 22 419; 23 420; 26 420; 27 421; 28 421; 30 423; 30 424; 31 425; 31 428; 32 429; 32 433; 33 434; 33 435; 35 437; 39 437; 40 436; 40 427; 39 426; 39 416; 38 415; 38 414; 36 412; 33 412; 32 411; 24 411; 23 410; 21 410; 17 406; 17 405; 16 404; 16 401; 15 400; 15 399; 14 398
80; 487 396; 486 397; 484 397; 483 398; 480 398; 479 399; 478 399; 477 400; 476 400; 474 402; 474 403; 473 404; 473 409; 474 410; 474 413; 475 414; 475 421; 472 424; 471 424; 469 426; 468 426; 465 429; 465 434; 467 436; 471 436; 472 435; 473 435; 475 433; 476 433; 477 432; 478 432; 479 431; 480 431; 481 430; 482 430; 483 429; 485 429; 488 426; 488 419; 487 418; 487 417; 486 416; 486 414; 485 413; 485 410; 489 406; 490 406; 494 402; 494 401; 495 400; 495 396
81; 195 391; 194 392; 193 392; 192 393; 192 394; 191 395; 191 397; 190 398; 190 399; 189 400; 189 401; 188 402; 188 403; 187 404; 187 405; 184 408; 182 408; 181 409; 180 409; 179 408; 175 408; 174 409; 172 409; 171 410; 171 414; 172 415; 173 415; 174 416; 178 416; 179 417; 182 417; 183 418; 185 418; 186 419; 191 419; 194 416; 194 414; 195 413; 195 411; 196 410; 196 409; 197 408; 197 405; 198 404; 198 403; 200 401; 201 401; 202 400; 205 400; 206 401; 213 401; 214 400; 214 394; 213 393; 209 393; 208 392; 205 392; 204 391
82; 800 382; 798 384; 798 395; 799 396; 799 397; 801 399; 805 399; 810 394; 811 394; 812 393; 814 393; 815 394; 816 394; 819 397; 819 400; 820 401; 820 406; 823 409; 827 409; 828 408; 828 406; 829 405; 829 398; 830 397; 830 389; 828 387; 827 387; 826 386; 824 386; 823 385; 821 385; 820 384; 813 384; 812 383; 810 383; 809 382
83; 712 378; 711 379; 702 379; 700 381; 700 386; 701 387; 702 387; 703 388; 712 388; 713 387; 715 387; 717 385; 717 384; 718 383; 718 378
84; 607 376; 604 379; 604 383; 605 384; 605 385; 608 388; 608 393; 606 395; 606 396; 605 397; 605 398; 602 401; 602 408; 605 411; 605 412; 606 412; 609 415; 610 415; 614 419; 619 419; 620 418; 620 411; 619 410; 618 410; 615 407; 615 406; 614 405; 614 403; 615 402; 615 401; 617 399; 617 398; 618 397; 618 396; 619 395; 619 394; 621 392; 621 391; 622 390; 622 386; 621 385; 621 384; 620 383; 619 383; 618 382; 618 381; 613 376
85; 265 414; 263 420; 264 429; 266 431; 281 432; 284 435; 284 446; 291 447; 295 441; 295 434; 292 425; 277 419; 271 410
86; 271 410; 270 391; 267 388; 255 385; 252 381; 251 370; 245 370; 242 376; 242 388; 246 392; 254 394; 262 400; 262 409; 265 414
87; 160 364; 158 366; 158 367; 157 368; 157 370; 153 374; 150 374; 149 373; 146 373; 145 372; 137 372; 135 374; 135 375; 134 376; 134 378; 133 379; 133 382; 132 383; 132 385; 131 386; 131 387; 130 388; 130 389; 129 390; 129 394; 130 395; 135 395; 138 392; 138 391; 139 390; 139 389; 140 388; 140 387; 144 383; 148 383; 149 384; 151 384; 152 385; 160 385; 163 382; 163 381; 164 380; 164 379; 165 378; 165 374; 166 373; 166 365; 165 364
88; 1006 359; 1005 360; 1002 360; 1001 361; 999 361; 998 362; 996 362; 995 363; 994 363; 993 364; 993 365; 992 366; 992 371; 993 372; 993 377; 994 378; 994 380; 995 381; 995 382; 994 383; 994 384; 991 387; 989 387; 988 388; 987 388; 986 389; 985 389; 985 390; 984 391; 984 396; 985 397; 990 397; 991 396; 993 396; 994 395; 995 395; 996 394; 998 394; 999 393; 1000 393; 1001 392; 1002 392; 1005 389; 1005 388; 1006 387; 1006 381; 1005 380; 1005 377; 1004 376; 1004 371; 1007 368; 1009 368; 1010 367; 1011 367; 1012 366; 1013 366; 1014 365; 1014 360; 1013 359
89; 535 343; 535 344; 534 345; 534 349; 535 350; 535 352; 537 354; 537 355; 538 356; 538 357; 539 358; 539 359; 540 360; 540 361; 542 363; 550 363; 551 362; 552 362; 553 361; 555 361; 556 360; 559 360; 560 361; 561 361; 562 362; 563 362; 564 363; 564 364; 565 365; 565 366; 566 367; 566 368; 567 369; 567 370; 569 372; 575 372; 575 365; 574 364; 574 363; 573 362; 573 360; 572 359; 572 358; 571 357; 571 355; 570 354; 570 353; 569 352; 569 351; 567 349; 560 349; 559 350; 557 350; 556 351; 548 351; 547 350; 546 350; 544 348; 544 347; 541 344; 541 343
90; 463 341; 462 342; 456 342; 455 343; 452 343; 451 344; 451 349; 453 351; 454 351; 455 352; 463 352; 466 355; 466 357; 467 358; 467 361; 468 362; 468 363; 469 364; 469 365; 472 368; 473 368; 474 369; 479 369; 480 368; 484 368; 485 367; 491 367; 492 366; 493 366; 494 365; 494 360; 492 358; 480 358; 476 354; 476 353; 475 352; 475 349; 474 348; 474 345; 473 344; 473 343; 472 342; 471 342; 470 341
91; 920 334; 920 335; 919 336; 919 348; 918 349; 918 353; 919 354; 919 356; 920 357; 921 357; 922 358; 924 358; 925 359; 927 359; 928 360; 929 360; 930 361; 931 361; 934 364; 934 365; 935 366; 935 368; 934 369; 934 375; 936 377; 941 377; 942 376; 942 375; 943 374; 943 372; 944 371; 944 369; 945 368; 945 366; 946 365; 946 357; 944 355; 943 355; 942 354; 939 354; 938 353; 936 353; 935 352; 934 352; 932 350; 931 350; 929 348; 929 347; 928 346; 928 343; 929 342; 929 337; 928 336; 928 335; 927 334
92; 400 321; 399 322; 398 322; 397 323; 396 323; 395 324; 394 324; 392 326; 391 326; 390 327; 389 327; 388 328; 387 328; 386 329; 386 333; 388 335; 394 335; 395 334; 396 334; 397 333; 400 333; 401 334; 402 334; 406 338; 406 339; 407 340; 407 342; 408 343; 408 344; 410 346; 410 347; 418 347; 419 346; 421 346; 422 345; 424 345; 425 344; 427 344; 428 343; 429 343; 431 341; 431 336; 430 335; 424 335; 423 336; 421 336; 420 337; 419 337; 418 336; 417 336; 412 331; 412 330; 411 329; 411 328; 409 326; 409 325; 408 324; 408 323; 406 321
93; 21 323; 8 328; 0 329; 0 360; 8 358; 12 354; 12 347; 9 339; 13 334; 24 331
94; 24 331; 38 332; 44 337; 46 348; 53 349; 54 330; 49 326; 37 324; 35 322; 34 311; 28 310; 25 319; 21 323
95; 942 301; 941 302; 940 302; 937 305; 937 306; 935 308; 935 309; 932 312; 927 312; 926 311; 925 311; 924 310; 923 310; 922 309; 918 309; 917 310; 917 316; 926 325; 927 325; 928 326; 933 326; 935 324; 936 324; 937 323; 937 322; 939 320; 939 319; 945 313; 947 313; 948 312; 950 312; 951 313; 951 316; 952 317; 952 319; 954 321; 954 322; 956 324; 960 324; 962 322; 962 317; 958 313; 957 313; 956 312; 952 312; 951 311; 951 305; 950 304; 950 303; 949 302; 948 302; 947 301
96; 325 354; 333 341; 343 339; 343 333; 309 323
97; 309 323; 305 325; 299 333; 297 344; 316 354; 325 354
98; 309 323; 309 314; 297 301; 293 301; 279 310; 270 305; 262 306; 262 310; 276 322; 284 321; 291 314; 298 315; 305 325
99; 0 297; 0 316; 14 316; 15 315; 16 315; 18 313; 18 309; 17 308; 10 308; 9 307; 6 307; 4 305; 4 304; 3 303; 3 299; 2 298; 2 297
100; 575 286; 574 287; 574 288; 571 291; 571 292; 569 294; 569 295; 568 296; 568 297; 565 300; 564 300; 563 301; 560 301; 559 300; 558 300; 557 299; 551 299; 550 300; 549 300; 549 301; 548 302; 548 306; 549 307; 550 307; 551 308; 553 308; 554 309; 556 309; 557 310; 558 310; 559 311; 560 311; 561 312; 569 312; 574 307; 574 306; 576 304; 576 303; 578 301; 578 300; 579 299; 584 299; 585 300; 586 300; 587 301; 592 301; 593 300; 594 300; 594 294; 593 293; 592 293; 589 290; 588 290; 587 289; 586 289; 584 287; 583 287; 582 286
101; 504 265; 502 267; 501 267; 497 271; 496 271; 495 272; 493 272; 492 273; 491 273; 490 272; 486 272; 485 271; 482 271; 481 270; 480 270; 479 269; 475 269; 472 272; 472 273; 471 274; 471 275; 470 276; 470 277; 469 278; 469 279; 468 280; 468 281; 465 284; 465 288; 466 289; 467 289; 468 290; 474 290; 475 289; 475 288; 477 286; 477 285; 480 282; 485 282; 486 283; 489 283; 490 284; 492 284; 493 285; 499 285; 502 282; 502 281; 503 280; 503 279; 504 278; 504 277; 510 271; 510 266; 509 265
102; 963 253; 963 254; 962 255; 962 259; 964 261; 964 262; 965 263; 965 265; 966 266; 966 269; 965 270; 965 271; 964 272; 964 273; 959 278; 958 278; 955 281; 955 289; 957 291; 957 292; 958 293; 958 294; 959 295; 959 298; 960 299; 960 300; 961 300; 962 301; 966 301; 967 300; 968 300; 969 299; 969 298; 970 297; 970 293; 969 292; 969 291; 968 290; 968 289; 967 288; 967 285; 968 284; 968 283; 973 278; 974 278; 976 276; 976 275; 977 274; 977 273; 978 272; 978 268; 977 267; 977 266; 975 264; 975 263; 973 261; 973 260; 972 259; 972 258; 970 256; 970 255; 968 253
103; 413 242; 412 243; 411 243; 410 244; 410 245; 409 246; 409 252; 414 257; 414 258; 413 259; 413 261; 412 262; 412 263; 411 264; 411 273; 417 279; 418 279; 420 281; 420 284; 421 285; 421 287; 422 288; 428 288; 429 287; 429 286; 430 285; 430 284; 431 283; 431 277; 430 276; 430 275; 429 274; 428 274; 423 269; 423 265; 424 264; 424 261; 425 260; 425 259; 426 258; 426 256; 427 255; 427 250; 424 247; 423 247; 418 242
104; 31 280; 31 283; 26 290; 21 290; 15 286; 11 286; 10 292; 23 302; 28 302; 34 294; 41 289; 49 294; 53 294; 53 287; 48 282; 37 276
105; 37 276; 36 268; 38 258; 24 248; 23 232; 18 231; 16 234; 13 251; 16 255; 26 261; 28 265; 27 274; 31 280
106; 737 227; 736 228; 736 232; 737 233; 737 234; 739 236; 739 237; 742 240; 742 241; 747 246; 753 246; 754 245; 755 245; 756 244; 757 244; 759 242; 760 242; 761 241; 762 241; 763 240; 765 240; 767 242; 768 242; 769 243; 769 244; 770 245; 770 246; 773 249; 777 249; 778 248; 779 248; 779 243; 778 242; 778 241; 776 239; 776 238; 775 237; 775 236; 773 234; 773 233; 772 232; 772 231; 770 229; 770 228; 769 228; 768 227; 764 227; 763 228; 762 228; 761 229; 760 229; 758 231; 757 231; 756 232; 755 232; 754 233; 753 233; 752 234; 751 234; 750 233; 749 233; 745 229; 744 229; 742 227
107; 611 225; 610 226; 610 230; 611 231; 611 232; 616 237; 616 241; 615 242; 615 243; 611 247; 611 248; 609 250; 609 257; 610 258; 610 259; 612 261; 613 261; 622 270; 623 270; 624 271; 625 271; 626 272; 631 272; 631 266; 627 262; 626 262; 625 261; 624 261; 621 258; 621 257; 620 256; 620 254; 621 253; 621 252; 622 251; 622 250; 623 249; 623 248; 627 244; 627 243; 629 241; 629 237; 628 236; 628 235; 623 230; 622 230; 617 225
108; 994 214; 993 215; 992 215; 992 220; 994 222; 994 223; 995 224; 995 226; 996 227; 996 229; 997 230; 997 231; 998 232; 998 233; 1000 235; 1000 236; 1001 236; 1002 237; 1007 237; 1008 236; 1009 236; 1010 235; 1012 235; 1013 234; 1017 234; 1018 233; 1023 233; 1023 223; 1017 223; 1016 224; 1014 224; 1013 225; 1008 225; 1007 224; 1006 224; 1004 222; 1004 221; 1002 219; 1002 218; 1001 217; 1001 216; 1000 216; 998 214
109; 115 209; 111 213; 111 218; 110 219; 110 221; 109 222; 109 223; 108 224; 108 227; 105 230; 98 230; 97 231; 96 231; 96 237; 97 237; 98 238; 99 238; 100 239; 102 239; 103 240; 112 240; 113 239; 114 239; 115 238; 116 238; 116 236; 117 235; 117 230; 118 229; 118 226; 119 225; 119 223; 123 219; 124 219; 125 218; 130 218; 131 217; 132 217; 133 216; 133 211; 132 210; 127 210; 126 209
110; 799 202; 797 204; 797 206; 796 207; 796 211; 795 212; 795 214; 794 215; 794 216; 793 217; 793 222; 795 224; 797 224; 798 225; 801 225; 802 226; 804 226; 805 227; 807 227; 808 228; 809 228; 810 229; 810 230; 811 231; 811 234; 810 235; 810 243; 811 244; 816 244; 817 243; 817 242; 818 241; 818 239; 819 238; 819 236; 820 235; 820 233; 821 232; 821 231; 822 230; 822 224; 821 223; 821 222; 819 220; 817 220; 816 219; 814 219; 813 218; 811 218; 810 217; 809 217; 806 214; 806 204; 804 202
111; 466 214; 463 217; 457 217; 454 219; 454 223; 458 228; 458 239; 456 245; 452 249; 447 250; 443 254; 443 258; 450 259; 465 254; 480 233; 480 227; 478 223
112; 478 223; 482 220; 486 213; 492 207; 500 211; 504 211; 505 205; 492 195; 487 195; 478 208; 474 207; 470 203; 466 203; 466 214
113; 599 191; 594 196; 593 196; 592 197; 592 198; 589 201; 588 201; 587 202; 585 202; 584 201; 583 201; 582 200; 581 200; 579 198; 573 198; 573 204; 575 206; 576 206; 580 210; 581 210; 584 213; 591 213; 593 211; 594 211; 601 204; 602 204; 603 203; 607 203; 608 204; 609 204; 610 205; 619 205; 619 199; 618 199; 617 198; 616 198; 615 197; 614 197; 613 196; 612 196; 610 194; 609 194; 607 192; 606 192; 605 191
114; 506 190; 506 196; 507 197; 507 198; 508 199; 508 200; 510 202; 510 203; 511 204; 511 205; 512 206; 512 207; 516 211; 520 211; 521 210; 522 210; 523 209; 524 209; 525 208; 527 208; 528 207; 532 207; 533 208; 534 208; 537 211; 537 212; 538 213; 538 214; 540 216; 545 216; 546 215; 546 209; 545 208; 545 207; 544 206; 544 205; 543 204; 543 203; 541 201; 541 200; 537 196; 529 196; 528 197; 527 197; 526 198; 524 198; 523 199; 519 199; 516 196; 516 195; 515 194; 515 193; 512 190
115; 294 182; 293 183; 293 188; 292 189; 292 203; 293 204; 293 205; 294 206; 295 206; 296 207; 300 207; 301 208; 302 208; 303 209; 304 209; 305 210; 306 210; 309 213; 309 214; 310 215; 310 224; 311 225; 316 225; 317 224; 317 223; 319 221; 319 220; 320 219; 320 217; 321 216; 321 208; 320 207; 320 206; 318 204; 317 204; 316 203; 313 203; 312 202; 310 202; 309 201; 307 201; 306 200; 305 200; 304 199; 304 198; 303 197; 303 196; 302 195; 302 193; 301 192; 301 184; 299 182
116; 239 180; 238 181; 237 181; 235 183; 234 183; 233 184; 232 184; 231 185; 230 185; 228 187; 224 187; 223 186; 222 186; 220 184; 219 184; 217 182; 212 182; 211 183; 211 189; 214 192; 215 192; 218 195; 218 196; 220 198; 221 198; 223 200; 227 200; 228 199; 229 199; 230 198; 231 198; 234 195; 235 195; 236 194; 237 194; 238 193; 240 193; 241 192; 243 192; 244 193; 245 193; 246 194; 247 194; 249 196; 250 196; 251 197; 256 197; 257 196; 258 196; 259 195; 259 191; 258 191; 256 189; 255 189; 252 186; 251 186; 247 182; 246 182; 244 180
117; 634 145; 626 153; 625 153; 623 155; 619 155; 613 149; 609 149; 608 150; 608 157; 611 160; 611 161; 615 165; 615 166; 617 168; 625 168; 632 161; 633 161; 634 160; 635 160; 636 159; 639 159; 641 161; 642 161; 645 164; 651 164; 652 163; 652 158; 650 156; 649 156; 641 148; 641 147; 640 146; 639 146; 638 145
118; 385 125; 384 126; 384 127; 383 128; 383 129; 381 131; 381 132; 379 134; 379 135; 377 137; 377 138; 376 139; 376 143; 377 144; 377 145; 378 146; 378 147; 379 147; 383 151; 384 151; 388 155; 388 156; 389 157; 389 158; 388 159; 388 161; 387 162; 387 163; 386 164; 386 169; 388 171; 392 171; 395 168; 395 167; 397 165; 397 164; 398 163; 398 162; 399 161; 399 160; 400 159; 400 158; 401 157; 401 153; 400 152; 400 151; 398 149; 397 149; 393 145; 392 145; 389 142; 389 136; 391 134; 391 133; 392 132; 392 128; 391 127; 391 126; 390 125
119; 161 146; 143 142; 138 128; 133 128; 131 131; 130 148; 147 152; 151 156; 150 165; 153 168; 158 167; 163 152
120; 191 159; 203 160; 213 174; 219 173; 215 154; 196 148
121; 196 148; 215 134; 215 128; 209 127; 204 130; 195 117; 186 118; 172 128
122; 172 128; 152 123; 151 129; 163 137
123; 163 137; 161 146; 163 152; 179 166; 183 166; 191 159; 196 148; 172 128
124; 721 100; 719 102; 719 103; 712 110; 706 110; 705 109; 704 109; 703 108; 698 108; 697 109; 696 109; 695 110; 695 114; 696 115; 697 115; 698 116; 699 116; 700 117; 701 117; 702 118; 703 118; 706 121; 707 121; 709 123; 715 123; 718 120; 718 119; 721 116; 721 115; 722 114; 722 113; 724 111; 726 111; 727 110; 728 111; 729 111; 730 112; 731 112; 733 114; 738 114; 739 113; 739 107; 733 101; 732 101; 731 100
125; 657 100; 655 102; 655 103; 654 104; 654 105; 651 108; 650 108; 649 109; 647 109; 646 108; 643 108; 642 107; 641 107; 640 106; 637 106; 636 105; 631 105; 628 108; 628 110; 627 111; 627 113; 626 114; 626 116; 625 117; 625 118; 624 119; 624 125; 625 126; 629 126; 633 122; 633 121; 634 120; 634 119; 637 116; 640 116; 641 117; 643 117; 644 118; 645 118; 646 119; 649 119; 650 120; 655 120; 656 119; 657 119; 657 118; 658 117; 658 115; 659 114; 659 112; 660 111; 660 110; 661 109; 661 108; 664 105; 664 100
126; 463 89; 462 90; 461 90; 459 92; 459 93; 458 94; 458 108; 454 112; 453 112; 452 113; 450 113; 449 114; 447 114; 446 115; 445 115; 445 121; 456 121; 457 120; 461 120; 462 119; 463 119; 464 118; 465 118; 465 117; 466 116; 466 115; 467 114; 467 105; 468 104; 468 102; 471 99; 472 99; 473 98; 477 98; 478 97; 479 97; 480 96; 480 91; 479 90; 469 90; 468 89
127; 28 87; 27 88; 27 89; 24 92; 16 92; 15 91; 14 91; 12 89; 7 89; 7 90; 6 91; 6 94; 5 95; 5 105; 7 107; 8 107; 9 108; 10 108; 11 109; 11 110; 12 111; 12 112; 11 113; 11 115; 10 116; 10 125; 14 129; 15 129; 17 131; 18 131; 19 132; 25 132; 26 131; 26 125; 25 124; 24 124; 19 119; 19 117; 20 116; 20 115; 25 110; 27 110; 28 109; 29 109; 30 108; 31 108; 32 107; 33 107; 33 106; 34 105; 34 89; 32 87
128; 355 86; 354 87; 351 87; 350 88; 347 88; 346 89; 345 89; 344 90; 344 91; 343 92; 343 98; 344 99; 344 101; 345 102; 345 103; 346 104; 346 109; 345 110; 345 111; 343 113; 342 113; 341 114; 340 114; 339 115; 338 115; 336 117; 335 117; 335 123; 336 124; 341 124; 342 123; 343 123; 344 122; 346 122; 347 121; 348 121; 349 120; 350 120; 351 119; 352 119; 353 118; 354 118; 355 117; 355 105; 354 104; 354 98; 357 95; 358 95; 359 94; 361 94; 363 92; 363 87; 362 86
129; 56 84; 55 85; 53 85; 52 86; 49 86; 48 87; 47 87; 46 88; 45 88; 44 89; 44 90; 43 91; 43 95; 44 96; 44 98; 45 99; 45 100; 46 101; 46 102; 48 104; 48 108; 41 115; 40 115; 38 117; 38 118; 37 119; 37 123; 43 123; 44 122; 45 122; 48 119; 49 119; 50 118; 53 118; 54 117; 55 117; 55 116; 56 115; 56 107; 55 106; 55 104; 54 103; 54 96; 58 92; 59 92; 60 91; 61 91; 63 89; 63 85; 62 84
130; 102 100; 92 95; 79 96; 76 99; 74 114; 70 118; 60 121; 59 127; 65 128; 82 123; 84 108; 90 103; 98 103
131; 98 103; 114 111; 120 111; 123 107; 126 96; 129 93; 140 94; 142 86; 129 83; 121 84; 117 97; 114 101; 102 100
132; 560 73; 558 75; 558 76; 557 77; 557 79; 556 80; 556 83; 555 84; 555 92; 558 95; 562 95; 563 96; 568 96; 569 97; 571 97; 572 98; 573 98; 575 100; 575 101; 576 102; 576 103; 577 104; 577 111; 578 112; 578 113; 579 114; 586 114; 586 109; 585 108; 585 105; 584 104; 584 94; 580 90; 578 90; 577 89; 574 89; 573 88; 571 88; 570 87; 569 87; 567 85; 567 84; 566 83; 566 76; 565 75; 565 74; 564 73
133; 407 60; 399 68; 398 68; 397 69; 393 69; 391 67; 390 67; 388 65; 383 65; 382 66; 382 71; 388 77; 388 78; 393 83; 398 83; 399 82; 400 82; 400 81; 409 72; 414 72; 416 74; 417 74; 419 76; 425 76; 425 71; 415 61; 414 61; 413 60
134; 465 77; 470 77; 474 81; 480 81; 480 75; 473 67; 468 64; 463 64; 458 66
135; 458 66; 452 61; 444 51; 440 51; 439 58; 442 64; 435 71; 434 85; 443 95; 449 96; 451 94; 453 86; 465 77
136; 826 45; 822 49; 821 49; 819 51; 818 51; 816 53; 810 53; 808 51; 807 51; 805 49; 798 49; 797 50; 797 55; 798 55; 801 58; 802 58; 810 66; 817 66; 820 63; 821 63; 823 61; 824 61; 825 60; 826 60; 827 59; 828 59; 829 58; 831 58; 832 59; 833 59; 838 64; 843 64; 844 63; 844 57; 836 49; 836 48; 834 46; 833 46; 832 45
137; 18 43; 17 44; 17 48; 20 51; 21 51; 22 52; 24 52; 25 53; 26 53; 28 55; 28 56; 29 57; 29 71; 30 72; 30 73; 32 75; 34 75; 35 76; 38 76; 39 77; 47 77; 47 76; 48 75; 48 70; 47 69; 46 69; 45 68; 44 68; 43 67; 42 67; 39 64; 39 62; 38 61; 38 48; 37 47; 37 46; 36 46; 35 45; 33 45; 32 44; 27 44; 26 43
138; 177 42; 173 46; 173 47; 172 48; 172 49; 171 50; 171 51; 169 53; 168 53; 167 54; 166 54; 165 55; 161 55; 160 54; 153 54; 152 55; 152 59; 153 60; 153 61; 154 61; 156 63; 157 63; 161 67; 162 67; 163 68; 167 68; 168 67; 169 67; 179 57; 179 56; 180 55; 181 55; 182 54; 186 54; 188 56; 189 56; 190 57; 194 57; 196 55; 196 50; 195 50; 194 49; 193 49; 191 47; 190 47; 188 45; 187 45; 186 44; 185 44; 184 43; 183 43; 182 42
139; 985 39; 1011 51; 1023 51; 1023 34; 1018 34; 1010 40; 994 35
140; 994 35; 982 22; 975 22; 965 28; 959 28; 952 22; 946 22; 946 27; 959 40; 966 40; 975 33; 980 33; 985 39
141; 861 16; 855 22; 854 22; 852 24; 851 24; 850 25; 847 25; 841 19; 835 19; 834 20; 834 24; 841 31; 841 32; 845 36; 846 36; 847 37; 853 37; 861 29; 862 29; 863 28; 865 28; 866 29; 867 29; 868 30; 869 30; 872 33; 873 33; 874 34; 878 34; 879 33; 879 27; 876 24; 875 24; 869 18; 869 17; 868 16
142; 491 0; 491 2; 489 4; 489 5; 487 7; 487 8; 486 9; 486 13; 487 14; 487 15; 492 15; 493 14; 493 13; 499 7; 500 7; 504 3; 504 0
143; 458 9; 463 12; 466 22; 470 26; 477 26; 484 30; 491 30; 493 28; 493 24; 489 20; 480 20; 473 14; 470 0; 451 0; 451 3
144; 451 3; 445 9; 440 8; 436 4; 435 0; 427 0; 428 12; 432 15; 442 18; 445 21; 445 33; 451 32; 455 21; 455 12; 458 9
145; 327 0; 327 3; 330 6; 330 7; 331 8; 331 13; 330 14; 330 21; 331 22; 336 22; 337 21; 337 20; 338 19; 338 17; 339 16; 339 15; 340 14; 340 12; 342 10; 342 4; 341 3; 341 0
146; 130 0; 130 7; 133 10; 134 10; 138 14; 138 15; 139 16; 139 21; 138 22; 138 24; 137 25; 137 26; 136 27; 136 29; 135 30; 135 35; 142 42; 143 42; 144 43; 149 43; 152 40; 152 35; 151 34; 151 33; 149 31; 148 31; 147 30; 147 24; 148 23; 148 22; 149 21; 149 12; 145 8; 144 8; 143 7; 142 7; 141 6; 140 6; 138 4; 137 4; 135 2; 135 1; 134 0
147; 81 0; 81 1; 79 3; 78 3; 77 4; 75 4; 74 5; 72 5; 71 6; 70 6; 69 7; 68 7; 68 8; 67 9; 67 25; 64 28; 62 28; 61 29; 59 29; 58 30; 57 30; 55 32; 55 36; 56 37; 65 37; 66 36; 72 36; 73 35; 74 35; 76 33; 76 16; 77 15; 77 14; 80 11; 81 11; 82 10; 84 10; 86 8; 86 0
148; 3 0; 3 2; 4 3; 11 3; 12 2; 16 2; 17 3; 18 3; 23 8; 23 9; 24 10; 24 12; 25 13; 25 14; 29 18; 35 18; 36 17; 41 17; 42 16; 43 16; 45 14; 45 10; 44 9; 44 8; 43 7; 42 7; 41 6; 36 6; 35 7; 33 7; 32 6; 31 6; 29 4; 29 3; 28 2; 28 0
