0; 1010 1010; 1005 1015; 1005 1016; 1004 1017; 1004 1020; 1003 1021; 1003 1023; 1023 1023; 1023 1012; 1021 1012; 1020 1011; 1017 1011; 1016 1010
1; 750 1000; 749 1001; 748 1001; 748 1013; 747 1014; 747 1023; 780 1023; 780 1019; 779 1018; 778 1018; 777 1017; 776 1017; 775 1016; 762 1016; 761 1015; 760 1015; 758 1013; 758 1012; 757 1011; 757 1010; 758 1009; 758 1003; 757 1002; 757 1001; 756 1001; 755 1000
2; 966 999; 962 1003; 961 1003; 960 1004; 959 1004; 955 1008; 955 1015; 959 1019; 959 1020; 960 1021; 960 1023; 973 1023; 973 1020; 971 1018; 971 1017; 968 1014; 968 1012; 969 1011; 969 1010; 974 1005; 974 1004; 975 1003; 975 999
3; 682 995; 682 999; 683 999; 684 1000; 685 1000; 686 1001; 689 1001; 690 1002; 691 1002; 695 1006; 695 1007; 696 1008; 696 1012; 695 1013; 695 1015; 694 1016; 694 1017; 693 1018; 693 1019; 692 1020; 692 1023; 703 1023; 703 1022; 704 1021; 704 1019; 705 1018; 705 1017; 706 1016; 706 1015; 707 1014; 707 1013; 708 1012; 708 1011; 709 1010; 709 1003; 707 1001; 706 1001; 705 1000; 704 1000; 703 999; 702 999; 701 998; 699 998; 698 997; 695 997; 694 996; 693 996; 692 995
4; 187 995; 184 998; 184 999; 183 1000; 183 1001; 182 1002; 182 1003; 180 1005; 180 1006; 179 1007; 179 1008; 175 1012; 174 1012; 170 1016; 170 1023; 183 1023; 183 1021; 184 1020; 184 1019; 186 1017; 186 1016; 188 1014; 188 1013; 192 1009; 195 1009; 197 1011; 197 1012; 198 1013; 205 1013; 206 1012; 206 1011; 207 1010; 207 1006; 204 1003; 203 1003; 201 1001; 200 1001; 198 999; 197 999; 196 998; 195 998; 193 996; 192 996; 191 995
5; 854 971; 854 976; 855 977; 855 979; 859 983; 859 986; 857 988; 857 989; 856 990; 856 991; 854 993; 854 995; 853 996; 853 997; 852 998; 852 1004; 854 1006; 855 1006; 857 1008; 858 1008; 859 1009; 860 1009; 861 1010; 862 1010; 863 1011; 864 1011; 865 1012; 870 1012; 871 1011; 871 1005; 870 1005; 868 1003; 867 1003; 865 1001; 865 1000; 864 999; 864 998; 865 997; 865 996; 866 995; 866 994; 868 992; 868 991; 869 990; 869 989; 870 988; 870 986; 871 985; 871 984; 872 983; 872 978; 870 976; 869 976; 868 975; 867 975; 865 973; 864 973; 863 972; 859 972; 858 971
6; 31 951; 30 952; 28 952; 27 953; 26 953; 24 955; 24 960; 31 960; 32 959; 35 959; 37 961; 37 965; 35 967; 35 968; 34 969; 34 971; 33 972; 33 975; 32 976; 32 978; 31 979; 31 984; 32 984; 34 986; 36 986; 37 987; 39 987; 40 988; 41 988; 42 989; 43 989; 45 991; 45 992; 46 993; 46 995; 51 995; 53 993; 53 986; 50 983; 50 982; 48 980; 47 980; 44 977; 44 973; 45 972; 45 970; 46 969; 46 967; 47 966; 47 965; 48 964; 48 955; 47 955; 45 953; 44 953; 43 952; 38 952; 37 951
7; 933 947; 930 950; 929 950; 928 951; 927 951; 926 952; 925 952; 923 954; 922 954; 920 956; 919 956; 918 957; 917 957; 916 958; 916 964; 917 965; 917 966; 918 967; 918 968; 920 970; 920 971; 921 972; 921 973; 923 975; 923 976; 924 977; 924 978; 922 980; 922 981; 920 983; 920 987; 921 988; 926 988; 927 987; 929 987; 930 986; 934 986; 935 985; 936 985; 938 983; 938 977; 935 974; 935 973; 933 971; 933 970; 931 968; 931 967; 929 965; 929 962; 932 959; 933 959; 934 958; 935 958; 938 955; 938 950; 937 949; 937 947
8; 688 946; 684 950; 684 951; 683 952; 683 953; 681 955; 681 956; 680 957; 680 958; 679 959; 679 960; 676 963; 675 963; 668 956; 664 956; 661 959; 661 965; 662 965; 663 966; 665 966; 666 967; 667 967; 668 968; 669 968; 671 970; 671 975; 682 975; 685 972; 685 971; 686 970; 686 969; 687 968; 687 967; 688 966; 688 965; 689 964; 689 963; 690 962; 690 961; 692 959; 694 959; 695 958; 696 959; 705 959; 706 958; 706 954; 703 951; 702 951; 701 950; 700 950; 697 947; 696 947; 695 946
9; 522 918; 521 919; 520 919; 519 920; 518 920; 517 921; 516 921; 513 924; 513 925; 511 927; 510 927; 507 930; 506 930; 505 931; 505 938; 508 941; 508 942; 510 944; 510 945; 511 946; 511 947; 513 949; 513 950; 514 951; 514 955; 512 957; 512 958; 510 960; 510 965; 517 965; 519 963; 520 963; 526 957; 526 956; 527 955; 527 950; 525 948; 525 947; 523 945; 523 944; 521 942; 521 941; 520 940; 520 939; 519 938; 519 935; 518 934; 518 932; 521 929; 522 929; 523 928; 529 928; 529 921; 526 918
10; 414 895; 409 900; 408 900; 406 902; 405 902; 404 903; 403 903; 401 905; 400 905; 398 907; 398 912; 399 913; 399 914; 400 915; 400 916; 401 917; 401 918; 402 919; 402 920; 403 921; 403 922; 404 923; 404 924; 405 925; 405 932; 404 933; 404 935; 398 941; 398 945; 405 945; 407 943; 407 942; 409 940; 411 940; 412 939; 413 939; 414 938; 415 938; 415 937; 420 932; 420 927; 419 926; 419 925; 418 924; 418 923; 416 921; 416 920; 414 918; 414 917; 412 915; 412 914; 411 913; 411 911; 417 905; 418 905; 419 904; 419 903; 420 902; 420 898; 419 897; 419 896; 418 895
11; 744 890; 743 891; 743 895; 744 896; 744 898; 743 899; 743 904; 742 905; 742 906; 741 907; 741 908; 740 909; 740 910; 739 911; 739 913; 738 914; 738 921; 740 923; 741 923; 744 926; 744 928; 743 929; 743 934; 744 935; 744 936; 745 937; 751 937; 751 936; 753 934; 753 933; 754 932; 754 925; 753 924; 753 923; 752 922; 752 921; 751 920; 751 919; 750 918; 750 914; 751 913; 751 911; 752 910; 752 909; 753 908; 753 906; 754 905; 754 903; 755 902; 755 900; 756 899; 756 895; 752 891; 751 891; 750 890
12; 117 875; 116 876; 115 876; 114 877; 112 877; 111 878; 110 878; 109 879; 108 879; 106 881; 106 887; 107 888; 107 890; 108 891; 108 893; 109 894; 109 895; 110 896; 110 897; 111 898; 111 908; 112 908; 114 910; 119 910; 120 909; 121 909; 123 907; 124 907; 124 901; 123 900; 123 899; 122 898; 122 897; 121 896; 121 895; 120 894; 120 892; 119 891; 119 890; 118 889; 118 887; 119 886; 119 885; 121 883; 122 883; 126 879; 126 875
13; 962 873; 962 878; 965 881; 965 882; 966 883; 966 884; 967 885; 967 892; 966 893; 966 894; 963 897; 963 898; 962 899; 961 899; 960 900; 957 900; 956 899; 955 899; 954 898; 953 898; 952 897; 948 897; 946 899; 946 904; 947 905; 948 905; 949 906; 950 906; 953 909; 953 910; 955 912; 955 913; 956 913; 957 914; 961 914; 962 913; 963 913; 964 912; 964 911; 967 908; 967 907; 969 905; 969 904; 971 902; 971 901; 975 897; 975 896; 978 893; 978 892; 979 891; 979 887; 976 884; 975 884; 974 883; 973 883; 970 880; 970 877; 969 876; 969 875; 968 874; 967 874; 966 873
14; 388 873; 386 875; 386 876; 384 878; 384 879; 383 880; 383 881; 382 882; 382 883; 381 884; 381 886; 377 890; 375 890; 374 889; 373 889; 372 888; 371 888; 370 887; 364 887; 361 890; 361 894; 363 894; 364 895; 365 895; 366 896; 367 896; 368 897; 369 897; 370 898; 371 898; 372 899; 373 899; 374 900; 375 900; 377 902; 384 902; 386 900; 386 899; 387 898; 387 897; 388 896; 388 894; 389 893; 389 892; 390 891; 390 890; 391 889; 391 888; 394 885; 404 885; 405 884; 407 884; 407 878; 401 878; 400 877; 399 877; 396 874; 395 874; 394 873
15; 901 864; 897 868; 896 868; 894 870; 894 871; 892 873; 891 873; 890 874; 886 874; 885 875; 884 875; 883 876; 883 877; 882 878; 882 884; 889 891; 889 892; 893 896; 893 897; 894 898; 893 899; 893 901; 891 903; 890 903; 889 904; 888 904; 887 905; 886 905; 886 906; 885 907; 885 911; 886 912; 892 912; 893 911; 893 910; 897 906; 900 906; 901 905; 902 905; 906 901; 906 896; 905 895; 905 894; 900 889; 900 888; 897 885; 897 884; 896 883; 896 882; 895 881; 895 878; 897 876; 898 876; 899 875; 900 875; 901 874; 902 874; 903 873; 904 873; 904 872; 906 870; 906 864
16; 9 858; 7 860; 7 861; 6 862; 6 866; 5 867; 5 869; 4 870; 4 871; 3 872; 3 873; 1 875; 0 875; 0 889; 7 889; 10 886; 10 884; 11 883; 11 880; 12 879; 12 877; 13 876; 13 874; 17 870; 20 870; 21 871; 22 871; 23 872; 25 872; 26 873; 32 873; 33 872; 33 867; 30 867; 29 866; 28 866; 26 864; 25 864; 23 862; 22 862; 21 861; 20 861; 19 860; 18 860; 17 859; 16 859; 15 858
17; 451 842; 450 843; 449 843; 449 847; 450 848; 450 853; 449 854; 449 855; 448 856; 448 857; 446 859; 446 860; 443 863; 443 864; 442 865; 442 866; 441 867; 441 871; 443 873; 449 873; 452 870; 452 869; 453 868; 453 867; 454 866; 454 865; 455 864; 455 862; 456 861; 456 859; 457 858; 457 857; 458 856; 458 854; 459 853; 459 852; 460 851; 460 845; 459 844; 459 843; 458 843; 457 842
18; 205 828; 205 833; 206 834; 206 835; 207 836; 208 836; 209 837; 210 837; 211 838; 212 838; 213 839; 214 839; 217 842; 217 843; 218 844; 218 845; 217 846; 217 848; 216 849; 216 850; 215 851; 215 853; 214 854; 214 856; 213 857; 213 864; 215 866; 216 866; 217 867; 225 867; 226 868; 228 868; 229 869; 230 869; 231 870; 235 870; 236 869; 237 869; 239 867; 239 863; 238 862; 231 862; 230 861; 229 861; 226 858; 226 857; 225 856; 226 855; 226 853; 227 852; 227 850; 229 848; 229 846; 230 845; 230 843; 231 842; 231 837; 228 834; 227 834; 226 833; 225 833; 224 832; 221 832; 220 831; 216 831; 215 830; 214 830; 212 828
19; 66 820; 64 822; 63 822; 63 823; 60 826; 55 826; 54 827; 53 827; 52 828; 51 828; 50 829; 49 829; 46 832; 46 838; 47 839; 47 840; 48 841; 48 842; 49 843; 49 844; 50 845; 50 846; 52 848; 52 849; 53 850; 53 853; 48 858; 47 858; 45 860; 45 866; 49 866; 50 865; 51 865; 52 864; 53 864; 54 863; 56 863; 57 862; 59 862; 60 861; 61 861; 63 859; 64 859; 66 857; 66 851; 65 850; 65 849; 64 848; 64 847; 63 846; 63 845; 62 844; 62 843; 61 842; 61 841; 59 839; 59 835; 63 831; 66 831; 67 830; 68 830; 69 829; 70 829; 71 828; 71 827; 72 826; 72 822; 71 821; 71 820
20; 738 796; 737 797; 737 817; 738 818; 738 821; 741 824; 747 824; 748 823; 755 823; 756 822; 759 822; 760 823; 761 823; 763 825; 763 826; 764 827; 764 836; 766 838; 771 838; 773 836; 773 831; 769 827; 769 825; 770 824; 770 823; 772 821; 772 817; 771 816; 771 814; 770 813; 770 812; 769 811; 768 811; 767 810; 762 810; 761 811; 756 811; 755 812; 750 812; 746 808; 746 807; 744 805; 744 801; 745 800; 745 796
21; 624 791; 624 792; 619 797; 610 797; 608 799; 606 799; 605 800; 600 800; 598 802; 598 803; 597 804; 597 816; 598 817; 598 818; 599 819; 599 820; 603 820; 607 816; 607 814; 608 813; 608 811; 611 808; 626 808; 627 807; 628 807; 629 806; 630 806; 630 805; 631 804; 631 798; 630 797; 630 793; 629 792; 629 791
22; 52 781; 52 802; 53 803; 53 804; 54 804; 55 805; 74 805; 76 807; 76 808; 77 809; 77 815; 78 816; 83 816; 85 814; 85 803; 86 802; 86 798; 85 797; 85 796; 83 794; 76 794; 75 795; 64 795; 61 792; 61 790; 60 789; 60 784; 57 781
23; 672 773; 672 779; 676 783; 677 783; 678 784; 678 785; 679 786; 679 788; 678 789; 678 790; 676 792; 676 793; 675 794; 675 795; 673 797; 673 798; 670 801; 670 807; 673 810; 674 810; 675 811; 677 811; 679 813; 679 815; 676 818; 676 819; 675 820; 675 824; 676 825; 682 825; 683 824; 684 824; 685 823; 685 822; 686 821; 686 813; 682 809; 682 804; 683 803; 683 802; 684 801; 684 800; 686 798; 686 797; 689 794; 689 793; 692 790; 692 789; 693 788; 693 783; 689 779; 688 779; 687 778; 686 778; 684 776; 681 776; 680 775; 679 775; 677 773
24; 205 768; 204 769; 204 773; 205 774; 205 775; 208 778; 209 778; 210 779; 212 779; 213 780; 215 780; 218 783; 218 788; 217 789; 217 790; 215 792; 215 793; 212 796; 212 797; 210 799; 210 805; 211 806; 211 807; 216 812; 221 812; 222 811; 222 810; 223 809; 223 799; 225 797; 225 796; 228 793; 228 792; 229 791; 229 790; 230 789; 230 788; 231 787; 231 786; 232 785; 232 781; 230 779; 229 779; 228 778; 227 778; 226 777; 224 777; 222 775; 221 775; 219 773; 218 773; 217 772; 214 772; 213 771; 212 771; 209 768
25; 43 748; 42 749; 41 749; 39 751; 38 751; 36 753; 34 753; 33 754; 30 754; 29 755; 25 755; 24 756; 22 756; 21 757; 20 757; 20 758; 18 760; 18 765; 19 766; 19 768; 20 769; 20 773; 21 774; 21 777; 22 778; 22 780; 24 782; 28 782; 31 779; 31 770; 30 769; 31 768; 31 767; 34 764; 35 764; 36 763; 41 763; 42 762; 45 762; 46 761; 47 761; 48 760; 49 760; 51 758; 51 751; 50 750; 50 749; 49 748
26; 103 736; 102 737; 98 737; 97 738; 91 738; 90 739; 89 738; 80 738; 79 739; 79 740; 78 741; 78 747; 80 749; 81 749; 82 750; 88 750; 89 749; 99 749; 100 750; 101 750; 105 754; 109 754; 110 753; 110 752; 111 751; 111 750; 113 748; 113 744; 112 743; 112 738; 110 736
27; 367 685; 365 687; 363 687; 363 689; 362 690; 362 691; 361 692; 361 693; 360 694; 360 695; 359 696; 359 703; 360 704; 361 704; 362 705; 366 705; 367 706; 369 706; 370 707; 372 707; 373 708; 375 708; 376 709; 377 709; 379 711; 379 712; 380 713; 379 714; 379 715; 376 718; 376 723; 379 726; 386 726; 386 722; 387 721; 387 718; 388 717; 388 715; 389 714; 389 711; 390 710; 390 703; 387 700; 385 700; 384 699; 381 699; 380 698; 379 698; 378 697; 376 697; 375 696; 373 696; 370 693; 370 690; 371 689; 372 689; 372 685
28; 565 684; 564 685; 564 689; 565 690; 565 691; 566 692; 566 693; 568 695; 569 695; 570 696; 571 696; 574 699; 574 702; 570 706; 569 706; 567 708; 566 708; 565 709; 565 715; 564 716; 564 720; 565 721; 565 722; 566 723; 566 724; 570 728; 570 729; 571 730; 571 734; 572 735; 572 736; 573 737; 573 738; 578 738; 578 737; 579 736; 579 727; 577 725; 577 724; 576 723; 576 720; 577 719; 577 717; 578 716; 578 715; 583 710; 584 710; 589 705; 589 701; 588 700; 588 699; 586 697; 586 696; 584 694; 583 694; 582 693; 579 693; 576 690; 576 688; 575 687; 575 686; 573 684
29; 154 657; 152 659; 151 659; 150 660; 149 660; 148 661; 148 662; 147 663; 147 667; 149 669; 150 669; 152 671; 152 672; 153 673; 153 679; 152 680; 152 682; 151 683; 151 684; 150 685; 150 686; 148 688; 148 689; 147 690; 147 691; 146 692; 146 693; 144 695; 144 699; 147 702; 148 702; 149 703; 150 703; 151 704; 152 704; 153 705; 154 705; 155 706; 159 706; 162 703; 162 699; 159 696; 159 692; 160 691; 160 690; 161 689; 161 688; 162 687; 162 686; 163 685; 163 684; 164 683; 164 682; 165 681; 165 680; 166 679; 166 673; 165 672; 164 672; 163 671; 161 671; 160 670; 158 670; 157 669; 157 668; 156 667; 156 665; 157 664; 157 662; 158 661; 158 657
30; 973 629; 970 632; 970 633; 969 634; 969 635; 967 637; 967 638; 966 639; 966 640; 964 642; 964 643; 961 646; 958 646; 955 643; 950 643; 950 647; 951 648; 952 648; 953 649; 953 652; 954 653; 954 654; 955 655; 955 656; 956 657; 957 657; 959 659; 966 659; 968 657; 968 656; 970 654; 970 653; 972 651; 972 650; 974 648; 974 647; 977 644; 978 644; 979 643; 980 644; 983 644; 984 645; 987 645; 992 650; 996 650; 997 649; 997 644; 996 643; 996 642; 993 642; 992 641; 991 641; 989 639; 989 638; 985 634; 984 634; 983 633; 982 633; 980 631; 979 631; 977 629
31; 661 587; 660 588; 660 590; 659 591; 659 594; 658 595; 658 597; 657 598; 657 603; 656 604; 656 605; 654 607; 653 607; 652 608; 651 607; 642 607; 639 610; 639 611; 638 612; 638 617; 648 617; 649 618; 651 618; 652 619; 654 619; 655 620; 664 620; 666 618; 666 613; 667 612; 667 608; 668 607; 668 604; 669 603; 669 602; 670 601; 671 601; 672 600; 674 600; 675 599; 676 599; 677 598; 678 598; 680 596; 680 592; 679 591; 678 591; 677 590; 675 590; 674 589; 671 589; 670 588; 668 588; 667 587
32; 7 563; 5 565; 5 578; 4 579; 4 585; 5 586; 5 588; 6 589; 6 590; 7 591; 12 591; 13 590; 14 590; 15 589; 17 589; 18 588; 21 588; 22 587; 24 587; 25 586; 26 586; 29 589; 29 594; 31 596; 31 597; 33 599; 37 599; 38 598; 38 597; 39 596; 39 583; 38 582; 38 578; 37 577; 37 576; 35 574; 26 574; 25 575; 24 575; 23 576; 21 576; 20 577; 19 577; 18 578; 14 578; 13 577; 12 577; 9 574; 9 572; 10 571; 10 569; 11 568; 11 563
33; 223 559; 222 560; 221 560; 218 563; 216 563; 215 564; 214 564; 213 565; 212 565; 211 566; 211 570; 212 571; 212 573; 213 574; 212 575; 212 581; 217 581; 218 580; 218 572; 219 571; 220 571; 222 573; 222 574; 223 575; 223 579; 224 580; 224 581; 225 582; 225 583; 226 584; 226 586; 227 587; 227 588; 228 589; 229 589; 230 590; 234 590; 235 589; 237 589; 238 588; 240 588; 241 587; 243 587; 246 584; 246 578; 238 578; 235 575; 235 574; 234 573; 234 567; 233 566; 233 564; 232 563; 232 562; 230 560; 230 559
34; 589 534; 586 537; 586 538; 585 539; 585 541; 584 542; 584 543; 583 544; 583 546; 582 547; 582 548; 581 549; 581 550; 579 552; 575 552; 572 549; 571 549; 570 548; 566 548; 564 550; 563 550; 562 551; 562 555; 563 556; 564 556; 566 558; 567 558; 569 560; 570 560; 571 561; 572 561; 573 562; 574 562; 576 564; 577 564; 578 565; 586 565; 587 564; 587 563; 588 562; 588 560; 589 559; 589 558; 590 557; 590 556; 591 555; 591 554; 592 553; 592 552; 593 551; 593 549; 595 547; 596 547; 597 546; 601 546; 601 539; 598 536; 597 536; 596 535; 594 535; 593 534
35; 458 523; 457 524; 456 524; 455 525; 453 525; 452 526; 450 526; 449 527; 448 527; 447 528; 437 528; 437 536; 439 538; 446 538; 447 537; 448 537; 449 536; 450 536; 451 535; 454 535; 455 536; 456 536; 458 538; 458 540; 459 541; 459 542; 460 543; 460 545; 461 546; 461 547; 463 549; 463 550; 464 551; 464 552; 465 553; 466 553; 467 554; 472 554; 473 553; 475 553; 478 550; 478 549; 479 548; 479 547; 480 546; 480 541; 473 541; 468 536; 468 534; 467 533; 467 531; 466 530; 466 528; 465 527; 465 526; 462 523
36; 130 512; 129 513; 128 513; 126 515; 125 515; 123 517; 122 517; 121 518; 107 518; 106 519; 104 519; 102 521; 102 522; 101 523; 101 534; 103 536; 103 537; 108 537; 109 536; 109 535; 111 533; 111 532; 114 529; 121 529; 122 528; 131 528; 134 525; 134 521; 135 520; 135 513; 134 512
37; 755 543; 759 543; 762 547; 763 563; 765 565; 772 565; 775 563; 775 558; 773 555; 771 535; 769 533; 755 533
38; 755 533; 752 530; 753 522; 749 519; 750 507; 746 507; 742 516; 731 524; 731 529; 739 542; 739 545; 729 552; 729 556; 732 560; 736 560; 752 550; 755 543
39; 959 478; 958 479; 957 479; 956 480; 955 480; 955 484; 958 487; 958 488; 959 489; 959 491; 958 492; 958 495; 957 496; 957 501; 958 502; 958 503; 960 505; 961 505; 962 506; 966 506; 967 505; 975 505; 976 504; 980 504; 984 508; 984 512; 985 513; 985 516; 987 518; 995 518; 996 517; 996 513; 995 512; 995 510; 994 509; 994 504; 993 503; 993 500; 992 499; 992 496; 989 493; 978 493; 977 494; 968 494; 967 493; 966 493; 965 492; 965 491; 964 490; 964 488; 963 487; 963 486; 964 485; 964 479; 963 478
40; 351 459; 351 469; 350 470; 350 471; 349 472; 349 473; 347 475; 347 476; 344 479; 344 480; 343 481; 343 482; 341 484; 341 489; 342 490; 342 491; 345 494; 349 494; 350 493; 351 493; 352 494; 352 495; 353 496; 353 499; 356 502; 357 502; 358 503; 364 503; 364 495; 363 494; 362 494; 360 492; 359 492; 358 491; 357 491; 356 490; 356 489; 355 488; 355 482; 358 479; 358 478; 360 476; 360 475; 362 473; 362 472; 364 470; 364 465; 360 461; 359 461; 358 460; 356 460; 355 459
41; 465 453; 464 454; 464 460; 465 461; 465 463; 466 464; 466 466; 467 467; 467 471; 468 472; 468 475; 470 477; 479 477; 480 476; 482 476; 483 475; 486 475; 487 474; 489 474; 490 475; 491 475; 493 477; 493 483; 497 487; 503 487; 503 482; 502 481; 502 479; 501 478; 501 476; 500 475; 500 474; 501 473; 501 465; 500 464; 500 463; 499 463; 498 462; 492 462; 491 463; 487 463; 486 464; 483 464; 482 465; 478 465; 476 463; 476 461; 475 460; 475 457; 473 455; 473 454; 472 454; 471 453
42; 107 438; 106 439; 105 439; 104 440; 102 440; 101 441; 98 441; 97 442; 95 442; 94 443; 92 443; 91 444; 90 444; 88 446; 88 453; 89 454; 89 455; 90 456; 90 457; 91 458; 91 460; 92 461; 92 463; 93 464; 93 468; 91 470; 90 470; 89 471; 86 471; 86 477; 98 477; 99 476; 100 476; 101 475; 102 475; 105 472; 105 466; 104 465; 104 463; 103 462; 103 460; 102 459; 102 457; 101 456; 101 453; 102 452; 102 451; 103 450; 104 450; 105 449; 106 449; 107 448; 108 448; 112 444; 112 440; 111 439; 111 438
43; 2 412; 1 413; 0 413; 0 429; 3 429; 4 428; 11 428; 12 427; 16 427; 17 426; 18 426; 19 427; 20 427; 22 429; 22 436; 23 437; 23 439; 24 440; 25 440; 26 441; 32 441; 32 420; 31 419; 31 417; 30 416; 30 415; 29 414; 23 414; 22 415; 17 415; 16 416; 11 416; 10 415; 9 415; 8 414; 8 413; 7 412
44; 645 401; 644 402; 644 406; 645 407; 645 408; 646 409; 647 409; 651 413; 651 414; 653 416; 653 421; 652 422; 652 424; 651 425; 651 427; 650 428; 650 429; 649 430; 649 432; 648 433; 648 439; 650 441; 657 441; 657 440; 659 438; 660 438; 661 439; 661 444; 670 444; 671 445; 676 445; 676 441; 675 441; 668 434; 667 434; 666 433; 665 433; 663 431; 663 426; 664 425; 664 424; 665 423; 665 420; 666 419; 666 417; 667 416; 667 412; 664 409; 663 409; 662 408; 659 408; 658 407; 656 407; 652 403; 652 402; 650 402; 649 401
45; 893 372; 892 373; 892 375; 891 376; 891 380; 892 381; 892 382; 897 387; 897 391; 893 395; 892 395; 888 399; 887 399; 883 403; 883 408; 884 409; 884 410; 886 412; 886 413; 887 414; 888 414; 890 416; 891 416; 896 421; 896 422; 899 425; 903 425; 903 419; 902 418; 902 417; 901 416; 901 415; 900 414; 900 413; 899 412; 899 411; 898 410; 898 405; 904 399; 905 399; 907 397; 908 397; 912 393; 912 389; 911 388; 911 387; 906 382; 906 381; 899 374; 899 373; 898 372
46; 386 365; 385 366; 385 370; 386 371; 387 371; 388 372; 388 376; 389 377; 389 379; 390 380; 390 381; 391 382; 391 383; 392 384; 392 386; 387 391; 387 392; 379 400; 379 405; 382 408; 383 408; 384 409; 384 410; 386 412; 386 413; 387 414; 387 415; 388 416; 388 417; 390 419; 390 420; 393 423; 393 426; 397 426; 397 422; 396 421; 396 420; 397 419; 397 410; 396 409; 396 408; 392 404; 392 402; 398 396; 399 396; 405 390; 406 390; 406 389; 407 388; 407 383; 400 376; 399 376; 397 374; 397 373; 395 371; 394 371; 392 369; 391 369; 390 368; 390 365
47; 38 346; 37 347; 37 351; 40 354; 41 354; 42 355; 42 356; 43 357; 43 360; 42 361; 42 362; 40 364; 39 364; 36 367; 35 367; 32 370; 31 370; 29 372; 28 372; 27 373; 27 378; 28 379; 28 380; 29 381; 29 382; 31 384; 31 385; 33 387; 34 387; 35 388; 35 389; 36 390; 36 394; 40 398; 41 398; 43 400; 47 400; 48 399; 48 392; 42 386; 41 386; 40 385; 40 379; 44 375; 44 374; 52 366; 53 366; 54 365; 54 364; 55 363; 55 359; 53 357; 53 356; 51 354; 51 353; 50 353; 43 346
48; 823 330; 822 331; 822 339; 823 340; 823 341; 824 342; 824 343; 825 344; 825 345; 826 346; 826 348; 827 349; 827 350; 828 351; 836 351; 837 350; 840 350; 841 349; 843 349; 844 348; 845 348; 846 347; 849 347; 850 348; 851 348; 852 349; 852 356; 853 357; 853 363; 854 364; 860 364; 862 362; 862 356; 861 355; 861 354; 860 353; 860 351; 859 350; 859 346; 860 345; 860 339; 859 338; 859 337; 858 336; 858 335; 857 334; 850 334; 849 335; 847 335; 846 336; 845 336; 844 337; 842 337; 841 338; 839 338; 838 339; 837 338; 836 338; 833 335; 833 334; 832 333; 832 332; 831 332; 830 331; 829 331; 828 330
49; 208 315; 207 316; 207 322; 208 323; 208 325; 207 326; 207 329; 206 330; 206 334; 205 335; 205 337; 204 338; 204 347; 205 348; 209 348; 210 349; 212 349; 214 351; 214 355; 217 358; 219 358; 220 359; 224 359; 225 358; 225 348; 222 345; 221 345; 220 344; 219 344; 218 343; 218 342; 217 341; 217 340; 216 339; 216 336; 217 335; 217 333; 218 332; 218 330; 219 329; 219 326; 220 325; 220 318; 218 316; 217 316; 216 315
50; 632 309; 630 311; 630 312; 628 314; 619 314; 617 316; 616 316; 615 317; 615 324; 616 325; 616 326; 617 327; 617 328; 619 330; 619 331; 621 333; 621 334; 622 335; 622 336; 623 337; 623 339; 619 343; 618 343; 612 349; 612 354; 613 355; 613 356; 618 356; 618 355; 620 353; 621 353; 622 352; 623 352; 624 351; 625 351; 627 349; 628 349; 630 347; 631 347; 632 346; 633 346; 634 345; 635 345; 636 344; 636 337; 635 336; 635 335; 633 333; 633 331; 632 330; 632 329; 631 328; 631 327; 630 326; 630 325; 629 324; 629 320; 631 318; 636 318; 637 317; 641 317; 642 316; 642 311; 641 311; 640 310; 639 310; 638 309
51; 385 301; 383 303; 383 307; 384 308; 384 313; 383 314; 383 319; 384 320; 384 322; 386 324; 393 324; 394 323; 396 323; 397 322; 399 322; 400 321; 402 321; 403 320; 405 320; 406 319; 411 319; 412 320; 414 320; 415 321; 415 323; 414 324; 414 326; 413 327; 413 333; 414 334; 418 334; 419 333; 421 333; 424 330; 424 324; 423 323; 422 323; 420 321; 419 321; 418 320; 418 316; 417 315; 417 311; 416 310; 416 309; 413 306; 409 306; 408 307; 406 307; 405 308; 404 308; 403 309; 402 309; 401 310; 399 310; 398 311; 394 311; 393 310; 393 303; 391 301
52; 762 300; 761 301; 757 301; 755 303; 754 303; 753 304; 752 304; 751 305; 749 305; 748 306; 746 306; 745 307; 744 307; 741 310; 741 316; 743 318; 743 319; 745 321; 745 322; 746 323; 746 324; 748 326; 748 327; 749 328; 749 332; 747 334; 746 334; 745 335; 742 335; 741 336; 740 336; 738 338; 738 344; 739 345; 744 345; 745 344; 746 344; 747 343; 753 343; 754 342; 755 342; 757 340; 758 340; 761 337; 762 337; 763 336; 763 329; 762 328; 762 327; 760 325; 760 324; 758 322; 758 321; 757 320; 757 319; 756 318; 756 317; 755 316; 755 315; 759 311; 761 311; 763 309; 764 309; 765 308; 765 307; 766 306; 766 300
53; 82 244; 82 247; 81 248; 81 249; 80 250; 78 250; 78 254; 79 255; 80 255; 81 256; 84 256; 85 257; 86 257; 88 259; 89 259; 90 260; 90 264; 88 266; 87 266; 82 271; 81 271; 80 272; 79 272; 78 273; 78 278; 79 279; 79 281; 80 282; 80 283; 82 285; 82 286; 83 287; 83 291; 85 293; 86 293; 87 294; 91 294; 92 293; 93 293; 94 292; 95 292; 95 291; 97 289; 97 284; 92 279; 93 278; 93 277; 96 274; 97 274; 106 265; 106 261; 105 260; 105 258; 101 254; 100 254; 94 248; 93 248; 92 247; 91 247; 90 246; 89 246; 88 245; 87 245; 86 244
54; 43 268; 29 272; 29 276; 35 276; 36 280; 40 280; 42 283; 34 297; 34 303; 46 309; 51 319; 58 318; 55 310; 56 303; 50 303; 48 300; 48 296; 55 284; 55 277; 45 275; 42 270
55; 42 270; 56 270; 60 265; 63 252; 74 249; 74 242; 63 236; 53 239; 51 253; 47 258; 39 252; 33 252; 33 261; 42 265; 43 268
56; 884 201; 882 203; 882 204; 881 205; 881 207; 880 208; 880 209; 879 210; 879 215; 880 216; 880 218; 879 219; 877 219; 876 220; 876 226; 879 229; 881 229; 882 230; 888 230; 889 231; 894 231; 896 233; 903 233; 904 232; 904 228; 903 227; 902 227; 900 225; 895 225; 894 226; 893 225; 892 225; 888 221; 888 219; 889 218; 889 217; 890 216; 890 215; 892 213; 893 213; 893 212; 894 211; 894 204; 891 201
57; 606 181; 605 182; 604 182; 603 183; 601 183; 601 188; 602 189; 602 192; 605 195; 615 195; 616 194; 623 194; 624 195; 624 196; 625 197; 625 202; 626 203; 626 204; 628 206; 632 206; 634 204; 634 203; 635 202; 635 197; 634 196; 634 193; 633 192; 633 191; 634 190; 634 185; 632 183; 631 183; 630 182; 623 182; 622 183; 613 183; 612 182; 611 182; 610 181
58; 506 162; 506 167; 510 171; 510 172; 511 173; 511 178; 512 179; 511 180; 511 187; 512 188; 512 189; 513 189; 514 190; 520 190; 521 189; 529 189; 532 192; 532 193; 533 194; 533 196; 534 196; 535 197; 535 198; 536 199; 536 200; 537 201; 537 203; 538 204; 538 205; 539 206; 539 207; 544 207; 544 205; 545 204; 545 198; 544 197; 544 196; 543 196; 540 193; 540 191; 541 190; 542 190; 543 189; 544 189; 544 188; 545 187; 545 182; 542 179; 541 179; 540 178; 535 178; 534 179; 525 179; 524 180; 523 179; 522 179; 519 176; 519 170; 518 169; 517 169; 512 164; 512 163; 511 162
59; 975 152; 975 153; 973 155; 973 156; 972 157; 972 162; 974 164; 975 164; 976 165; 982 165; 984 167; 984 169; 983 170; 983 171; 982 172; 982 173; 981 174; 981 176; 980 177; 980 179; 979 180; 979 184; 980 185; 980 186; 982 188; 989 188; 990 189; 990 196; 995 201; 1000 201; 1000 193; 999 192; 999 191; 998 191; 997 190; 996 190; 995 189; 990 189; 989 188; 989 181; 990 180; 990 179; 992 177; 992 176; 993 175; 993 174; 994 173; 994 170; 995 169; 995 168; 996 167; 996 166; 997 165; 997 157; 996 156; 995 156; 994 155; 988 155; 987 156; 984 156; 980 152
60; 571 151; 570 152; 569 152; 569 153; 568 154; 568 161; 576 161; 577 162; 579 162; 580 163; 581 163; 582 164; 582 165; 583 166; 583 169; 582 170; 582 172; 581 173; 581 175; 580 176; 580 184; 585 189; 585 196; 586 197; 586 199; 590 199; 591 198; 592 198; 593 197; 593 188; 592 187; 592 186; 591 185; 591 179; 592 178; 592 177; 593 176; 593 168; 594 167; 594 166; 595 165; 595 163; 596 162; 596 157; 593 154; 588 154; 587 153; 584 153; 583 152; 580 152; 579 151
61; 924 178; 925 199; 927 201; 947 201; 949 203; 949 211; 952 215; 958 216; 958 193; 954 189; 937 190; 933 187
62; 933 187; 935 164; 931 146; 923 145; 922 162; 919 165; 905 168; 902 171; 903 180; 905 182; 904 193; 911 195; 911 181; 915 177; 921 176; 924 178
63; 294 172; 295 164; 287 163; 278 157; 274 157; 260 179; 259 187; 262 189; 272 189; 273 178; 279 170; 292 174
64; 292 174; 293 179; 296 182; 301 182; 315 175; 317 169; 309 153; 311 150; 319 147; 319 141; 313 139; 308 142; 299 142; 295 145; 294 153; 303 167; 302 171; 299 173; 294 172
65; 221 102; 220 103; 219 103; 217 105; 217 106; 216 107; 216 112; 217 113; 217 114; 218 115; 218 116; 216 118; 204 118; 203 119; 198 119; 196 121; 196 128; 197 129; 197 131; 198 132; 198 134; 199 135; 199 137; 200 138; 200 139; 203 142; 203 146; 207 146; 209 144; 209 133; 211 131; 212 131; 213 130; 218 130; 219 131; 223 131; 224 130; 226 130; 228 128; 228 127; 229 126; 229 119; 228 118; 228 116; 227 115; 227 114; 226 113; 226 112; 227 111; 227 102
66; 364 101; 364 102; 361 105; 361 106; 359 108; 359 114; 357 116; 355 116; 354 117; 336 117; 335 118; 334 118; 332 120; 332 130; 333 131; 333 132; 332 133; 332 140; 333 140; 334 141; 338 141; 339 140; 340 140; 340 139; 341 138; 341 135; 342 134; 342 132; 343 131; 343 130; 345 128; 346 128; 347 127; 365 127; 367 125; 367 122; 368 121; 368 115; 369 114; 369 113; 370 112; 370 111; 372 109; 372 104; 369 101
67; 743 112; 733 104; 743 87; 743 83; 727 71; 718 69; 720 79; 728 86; 718 101; 718 107; 726 115; 734 114; 738 117; 744 115
68; 744 115; 748 119; 753 119; 769 103; 762 83; 768 78; 771 67; 762 69; 748 78; 755 100; 743 112
69; 903 36; 902 37; 900 37; 899 38; 898 38; 897 39; 896 39; 895 40; 893 40; 892 41; 891 40; 884 40; 884 44; 886 44; 887 45; 893 45; 894 46; 897 46; 898 47; 903 47; 906 50; 906 51; 907 52; 907 53; 908 54; 908 56; 909 57; 909 59; 910 60; 910 61; 911 62; 911 63; 912 64; 912 65; 913 66; 914 66; 915 67; 919 67; 920 66; 922 66; 923 65; 924 65; 925 64; 926 64; 927 63; 928 63; 929 62; 931 62; 932 61; 936 61; 937 60; 937 54; 935 52; 934 52; 933 51; 929 51; 928 52; 926 52; 925 53; 920 53; 918 51; 918 50; 917 49; 917 48; 916 47; 916 46; 915 45; 915 44; 914 43; 914 41; 913 40; 913 39; 912 38; 912 37; 911 36
70; 0 29; 0 40; 2 40; 3 41; 4 41; 6 43; 8 43; 10 45; 10 48; 9 49; 9 50; 6 53; 6 54; 5 55; 5 56; 1 60; 0 60; 0 66; 3 66; 7 70; 8 70; 10 72; 11 72; 12 73; 18 73; 18 66; 17 65; 17 64; 15 62; 15 60; 16 59; 16 58; 18 56; 18 55; 19 54; 19 53; 20 52; 20 51; 21 50; 21 49; 23 47; 23 41; 21 39; 13 39; 8 34; 7 34; 2 29
71; 620 7; 619 8; 619 10; 616 13; 616 14; 615 15; 615 22; 612 25; 610 25; 609 26; 604 26; 603 27; 596 27; 594 29; 594 40; 595 41; 595 43; 594 44; 594 45; 593 46; 593 52; 594 53; 595 53; 596 54; 603 54; 603 49; 602 48; 602 46; 603 45; 603 42; 608 37; 614 37; 615 36; 624 36; 626 34; 626 11; 625 10; 625 8; 624 7
72; 914 0; 914 1; 913 2; 913 8; 914 9; 915 9; 916 10; 917 10; 918 11; 919 11; 920 12; 921 12; 922 13; 923 13; 924 14; 925 14; 926 15; 927 15; 928 16; 935 16; 937 14; 937 13; 938 12; 938 11; 939 10; 939 9; 940 8; 940 6; 941 5; 941 0
73; 849 0; 849 2; 852 5; 852 11; 851 12; 851 16; 850 17; 850 19; 849 20; 849 24; 850 25; 850 26; 851 27; 852 27; 853 28; 855 28; 856 29; 861 29; 862 30; 866 30; 867 31; 871 31; 872 30; 874 30; 874 25; 871 22; 870 22; 869 21; 868 21; 864 17; 864 8; 865 7; 865 0
