0; 793 1009; 792 1010; 792 1011; 791 1012; 791 1023; 811 1023; 811 1022; 812 1021; 812 1020; 816 1016; 816 1011; 815 1010; 805 1010; 804 1009
1; 247 1002; 246 1003; 246 1017; 245 1018; 245 1019; 244 1020; 244 1023; 272 1023; 272 1021; 270 1021; 269 1020; 267 1020; 266 1019; 263 1019; 262 1018; 260 1018; 257 1015; 257 1014; 256 1013; 256 1005; 253 1002
2; 878 1000; 876 1002; 876 1003; 875 1004; 875 1008; 876 1009; 876 1013; 877 1014; 877 1017; 878 1018; 878 1023; 888 1023; 888 1022; 890 1020; 891 1020; 892 1021; 898 1021; 899 1020; 902 1020; 904 1022; 904 1023; 916 1023; 916 1021; 913 1018; 913 1017; 912 1016; 912 1015; 911 1014; 911 1013; 910 1012; 910 1009; 907 1006; 903 1006; 902 1007; 899 1007; 898 1008; 896 1008; 895 1009; 892 1009; 891 1010; 890 1010; 889 1009; 888 1009; 886 1007; 886 1005; 885 1004; 885 1003; 884 1002; 884 1001; 883 1000
3; 741 1000; 731 1010; 731 1011; 729 1013; 729 1019; 731 1021; 731 1022; 732 1023; 745 1023; 745 1020; 742 1017; 742 1016; 743 1015; 743 1014; 748 1009; 748 1003; 745 1000
4; 366 992; 366 993; 365 994; 364 994; 361 997; 360 997; 357 1000; 356 1000; 353 1003; 353 1009; 355 1011; 355 1012; 357 1014; 357 1016; 358 1017; 358 1018; 359 1019; 359 1020; 360 1021; 360 1023; 373 1023; 373 1020; 370 1017; 370 1016; 368 1014; 368 1013; 367 1012; 367 1007; 370 1004; 371 1004; 374 1001; 374 996; 373 995; 373 994; 372 993; 372 992
5; 485 987; 482 990; 482 991; 481 992; 481 993; 480 994; 480 995; 479 996; 479 998; 478 999; 478 1000; 475 1003; 474 1003; 473 1002; 472 1002; 471 1001; 465 1001; 464 1002; 464 1007; 465 1008; 465 1009; 469 1013; 470 1013; 471 1014; 472 1014; 473 1015; 474 1015; 475 1016; 482 1016; 485 1013; 485 1012; 486 1011; 486 1010; 487 1009; 487 1008; 488 1007; 488 1006; 489 1005; 489 1004; 493 1000; 495 1000; 496 1001; 503 1001; 504 1000; 505 1000; 506 999; 506 998; 507 997; 507 993; 506 992; 503 992; 502 991; 501 991; 500 990; 498 990; 497 989; 495 989; 494 988; 492 988; 491 987
6; 0 979; 0 993; 5 993; 7 995; 7 996; 12 1001; 17 1001; 19 999; 19 995; 18 994; 18 993; 17 992; 17 991; 16 990; 16 989; 10 983; 10 982; 9 982; 7 980; 6 980; 5 979
7; 829 975; 828 976; 827 976; 826 977; 825 977; 823 979; 822 979; 820 981; 819 981; 817 983; 817 989; 820 992; 820 993; 821 994; 821 995; 826 1000; 826 1002; 827 1003; 826 1004; 826 1006; 820 1012; 820 1017; 822 1019; 822 1020; 826 1020; 826 1019; 832 1013; 833 1013; 837 1009; 838 1009; 840 1007; 840 1000; 837 997; 837 996; 836 995; 835 995; 831 991; 831 988; 834 985; 835 985; 837 983; 837 977; 835 975
8; 40 960; 38 962; 37 962; 29 970; 29 976; 40 987; 40 988; 41 989; 41 990; 40 991; 40 993; 38 995; 38 996; 37 997; 37 1001; 39 1003; 39 1004; 41 1006; 45 1006; 47 1004; 47 1003; 48 1002; 48 1001; 51 998; 51 997; 55 993; 55 987; 54 986; 53 986; 43 976; 43 973; 46 970; 46 969; 47 968; 47 963; 46 962; 46 961; 45 960
9; 944 955; 942 957; 942 958; 941 959; 941 961; 940 962; 940 964; 939 965; 939 966; 938 967; 938 973; 937 974; 937 976; 936 977; 936 978; 935 979; 935 980; 934 981; 934 982; 933 983; 933 989; 934 990; 939 990; 940 989; 942 989; 943 988; 944 988; 945 989; 947 989; 949 991; 950 991; 952 993; 953 993; 954 994; 959 994; 959 987; 962 984; 965 984; 966 983; 967 983; 968 982; 968 977; 965 974; 963 974; 962 973; 959 973; 958 972; 952 972; 950 970; 950 966; 951 965; 951 957; 949 955
10; 596 971; 584 981; 584 985; 586 988; 593 988; 597 984; 599 984; 612 998; 617 998; 627 990; 632 988; 632 983; 624 978
11; 624 978; 625 966; 622 961; 607 958; 597 950; 589 950; 587 952; 588 961; 592 966; 596 968; 596 971
12; 191 940; 190 941; 189 941; 187 943; 186 943; 181 948; 180 948; 179 949; 178 949; 177 950; 175 950; 174 949; 173 949; 172 948; 165 948; 164 949; 162 949; 161 950; 160 950; 159 951; 159 955; 161 957; 162 957; 163 958; 167 958; 168 959; 169 959; 171 961; 172 961; 174 963; 178 963; 179 962; 180 962; 183 959; 184 959; 189 954; 190 954; 191 953; 194 953; 201 960; 207 960; 208 959; 209 959; 209 955; 205 951; 205 950; 202 947; 202 946; 201 945; 201 944; 197 940
13; 263 927; 263 930; 262 931; 262 933; 261 934; 261 935; 260 936; 260 937; 259 938; 259 939; 258 940; 258 941; 257 942; 257 948; 259 950; 260 950; 261 951; 262 951; 263 952; 264 952; 266 954; 267 954; 268 955; 269 955; 272 958; 272 960; 271 961; 271 962; 270 963; 270 968; 272 970; 278 970; 279 969; 280 969; 285 964; 285 963; 286 962; 286 961; 287 960; 287 955; 286 954; 286 953; 283 950; 282 950; 280 948; 279 948; 277 946; 276 946; 275 945; 274 945; 273 944; 272 944; 270 942; 270 938; 271 937; 271 930; 268 927
14; 589 926; 584 931; 583 931; 579 935; 578 935; 577 936; 575 936; 568 929; 563 929; 563 936; 564 937; 564 938; 565 939; 565 940; 567 942; 567 943; 571 947; 571 948; 572 949; 577 949; 579 947; 580 947; 581 946; 582 946; 584 944; 585 944; 589 940; 592 940; 593 941; 593 942; 594 943; 594 944; 595 945; 595 946; 596 947; 602 947; 606 943; 606 937; 595 926
15; 981 925; 981 931; 983 933; 983 934; 984 935; 984 937; 985 938; 985 940; 986 941; 986 944; 988 946; 989 946; 990 947; 994 947; 995 946; 1004 946; 1006 948; 1006 954; 1007 955; 1007 956; 1008 957; 1010 957; 1015 962; 1015 964; 1014 965; 1014 966; 1011 969; 1010 969; 1009 970; 1004 970; 1001 973; 1001 979; 1002 980; 1006 980; 1007 979; 1021 979; 1022 978; 1023 978; 1023 936; 1021 936; 1020 935; 1016 935; 1015 934; 1007 934; 1006 935; 1003 935; 1002 936; 997 936; 993 932; 993 931; 992 930; 992 928; 989 925
16; 206 976; 200 977; 185 971; 178 971; 179 980; 188 987; 185 1004; 191 1009; 188 1023; 199 1023; 202 1012; 208 1007; 208 1003; 198 997; 199 987; 205 984
17; 233 966; 241 965; 251 953; 251 949; 238 937; 238 933; 242 930; 242 924; 238 920; 232 921; 225 932; 224 938; 228 947
18; 228 947; 217 951; 217 966; 206 976; 205 984; 213 995; 218 995; 221 992; 218 979; 233 966
19; 693 919; 686 926; 685 926; 681 930; 678 930; 677 929; 676 929; 674 927; 674 926; 671 923; 666 923; 665 924; 665 929; 667 931; 667 932; 668 933; 668 934; 670 936; 670 937; 674 941; 674 942; 675 942; 676 943; 681 943; 683 941; 684 941; 692 933; 693 933; 694 932; 695 932; 696 933; 697 933; 702 938; 702 939; 708 939; 709 938; 709 937; 710 936; 710 930; 709 929; 708 929; 707 928; 706 928; 697 919
20; 357 916; 356 917; 355 917; 354 918; 351 918; 350 919; 347 919; 346 920; 345 920; 343 922; 343 927; 346 930; 350 930; 351 929; 354 929; 355 928; 358 928; 359 929; 360 929; 363 932; 363 933; 365 935; 365 936; 371 942; 376 942; 377 941; 378 941; 379 940; 380 940; 383 937; 384 937; 388 933; 388 929; 386 927; 382 927; 381 928; 380 928; 378 930; 373 930; 371 928; 371 927; 368 924; 368 923; 364 919; 364 918; 363 917; 362 917; 361 916
21; 172 912; 171 913; 170 913; 169 914; 169 915; 166 918; 165 918; 161 922; 160 922; 158 924; 156 924; 152 920; 145 920; 143 922; 143 927; 153 937; 160 937; 167 930; 168 930; 169 929; 170 929; 171 928; 181 928; 184 925; 184 916; 182 914; 181 914; 180 913; 178 913; 177 912
22; 825 904; 821 908; 820 908; 813 915; 810 915; 808 913; 807 913; 804 910; 799 910; 798 911; 798 917; 807 926; 808 926; 809 927; 810 927; 811 928; 816 928; 825 919; 826 919; 827 918; 828 918; 829 917; 830 917; 831 918; 833 918; 834 919; 835 919; 836 920; 842 920; 843 919; 844 919; 846 917; 846 913; 845 913; 844 912; 843 912; 842 911; 841 911; 837 907; 836 907; 834 905; 833 905; 832 904
23; 262 897; 261 898; 260 898; 259 899; 259 903; 261 905; 261 906; 263 908; 263 911; 264 912; 264 922; 268 922; 269 921; 272 921; 273 922; 280 922; 281 923; 282 923; 285 926; 285 934; 286 935; 286 936; 293 936; 293 935; 294 934; 294 931; 295 930; 295 926; 296 925; 296 921; 297 920; 297 915; 296 914; 295 914; 294 913; 280 913; 279 912; 277 912; 273 908; 273 905; 272 904; 272 902; 271 901; 271 900; 269 898; 268 898; 267 897
24; 61 880; 59 882; 59 883; 58 884; 58 889; 57 890; 57 892; 56 893; 56 895; 52 899; 41 899; 39 901; 39 907; 40 908; 43 908; 44 909; 51 909; 52 910; 61 910; 62 909; 62 908; 63 907; 63 906; 64 905; 64 901; 65 900; 65 898; 66 897; 66 895; 69 892; 74 892; 75 893; 81 893; 82 892; 82 886; 80 884; 78 884; 77 883; 75 883; 74 882; 72 882; 71 881; 69 881; 68 880
25; 454 873; 454 874; 452 876; 452 877; 451 878; 451 879; 450 880; 450 881; 449 882; 449 885; 448 886; 448 887; 447 888; 446 888; 445 889; 442 889; 441 888; 433 888; 431 890; 431 891; 430 892; 430 897; 431 897; 432 898; 440 898; 441 899; 443 899; 444 900; 446 900; 447 901; 453 901; 455 899; 455 898; 456 897; 456 894; 457 893; 457 892; 458 891; 458 890; 462 886; 463 886; 464 885; 465 885; 466 886; 468 886; 469 887; 475 887; 476 886; 476 882; 475 881; 475 880; 474 879; 473 879; 471 877; 470 877; 469 876; 468 876; 467 875; 466 875; 465 874; 464 874; 463 873
26; 240 867; 239 868; 239 869; 238 870; 238 875; 237 876; 237 880; 236 881; 236 885; 235 886; 235 887; 233 889; 226 889; 225 890; 224 890; 222 892; 222 893; 221 894; 221 900; 227 900; 228 899; 232 899; 233 900; 243 900; 244 899; 245 899; 245 898; 246 897; 246 889; 247 888; 247 884; 248 883; 248 881; 251 878; 261 878; 262 877; 262 871; 259 868; 247 868; 246 867
27; 122 864; 121 865; 121 866; 113 874; 112 874; 111 875; 110 875; 109 876; 109 881; 110 882; 110 883; 111 884; 111 885; 112 886; 112 887; 113 888; 113 889; 114 890; 114 892; 115 893; 115 896; 114 897; 114 898; 112 900; 111 900; 110 901; 109 901; 107 903; 107 908; 108 909; 115 909; 116 908; 117 908; 118 907; 119 907; 120 906; 121 906; 122 905; 123 905; 124 904; 125 904; 126 903; 127 903; 129 901; 129 897; 128 896; 128 895; 126 893; 126 892; 125 891; 125 890; 124 889; 124 888; 123 887; 123 886; 122 885; 122 881; 123 880; 123 879; 125 877; 126 877; 129 874; 129 867; 126 864
28; 562 906; 571 913; 578 912; 572 896; 557 899
29; 557 899; 528 878; 531 871; 529 861; 514 861; 513 874; 515 883; 532 895; 526 902; 529 909; 534 909; 541 902; 547 913; 562 906
30; 498 900; 499 904; 489 913; 474 908; 474 914; 486 925; 493 925; 502 915; 515 916; 518 905; 508 900
31; 508 900; 511 890; 507 876; 513 874; 514 861; 496 866; 494 876; 497 886; 487 892; 487 897; 498 900
32; 357 865; 360 877; 364 880; 375 883; 377 885; 375 896; 377 899; 383 900; 391 884; 391 879; 389 877; 377 872; 367 863; 358 864
33; 358 864; 356 857; 353 855; 349 855; 336 864; 340 882; 337 886; 332 888; 332 894; 334 896; 344 895; 349 892; 349 886; 346 880; 350 876; 351 869; 357 865
34; 387 828; 385 830; 385 831; 384 832; 384 833; 376 841; 370 841; 368 839; 367 839; 366 838; 361 838; 361 844; 373 856; 379 856; 380 855; 380 854; 384 850; 384 849; 386 847; 386 846; 390 842; 392 842; 396 846; 397 846; 398 847; 405 847; 406 846; 406 842; 400 836; 400 835; 394 829; 393 829; 392 828
35; 1007 826; 1004 829; 1004 832; 1003 833; 1003 835; 1002 836; 1002 837; 1001 838; 1001 839; 1000 840; 1000 841; 996 845; 987 845; 985 847; 985 848; 984 849; 984 853; 985 854; 985 855; 989 859; 995 859; 996 858; 1003 858; 1006 855; 1006 854; 1007 853; 1007 851; 1008 850; 1008 848; 1009 847; 1009 846; 1010 845; 1010 844; 1011 843; 1011 842; 1014 839; 1020 839; 1021 838; 1023 838; 1023 829; 1019 829; 1018 828; 1016 828; 1015 827; 1014 827; 1013 826
36; 157 824; 150 831; 150 832; 146 836; 145 836; 144 837; 142 837; 141 836; 140 836; 136 832; 131 832; 129 834; 129 835; 128 836; 128 842; 129 843; 131 843; 132 844; 134 844; 135 845; 136 845; 142 851; 146 851; 155 842; 155 841; 158 838; 162 838; 165 841; 171 841; 173 839; 173 838; 174 837; 174 833; 172 831; 171 831; 170 830; 169 830; 168 829; 167 829; 162 824
37; 556 818; 543 822; 539 827; 539 832; 548 844; 546 851; 542 855; 544 863; 550 863; 562 850; 562 846; 554 833; 562 826; 564 821
38; 564 821; 567 821; 575 827; 572 835; 574 844; 578 844; 590 828; 590 823; 575 812; 575 808; 578 804; 578 799; 575 797; 570 797; 566 801; 556 818
39; 889 825; 878 824; 878 830; 885 848; 903 846; 910 858; 915 858; 918 855; 915 837; 912 834; 903 833
40; 903 833; 913 826; 912 809; 914 806; 923 804; 925 802; 925 793; 900 796; 900 818; 889 825
41; 413 852; 403 859; 404 866; 415 876; 424 878; 438 864; 448 863; 455 858; 454 852; 450 849; 440 850; 438 848
42; 438 848; 450 837; 450 828; 444 818; 440 817; 439 810; 433 804; 425 803; 424 818; 430 827
43; 430 827; 415 829; 411 832; 409 845; 413 852; 438 848
44; 450 828; 453 825; 462 824; 467 820; 464 802; 475 798; 476 788; 453 791; 451 793; 453 812; 444 818
45; 534 760; 529 765; 529 766; 528 767; 528 775; 529 776; 529 782; 530 783; 529 784; 529 785; 527 787; 525 787; 524 788; 523 788; 522 789; 522 790; 521 791; 521 796; 523 798; 523 799; 524 799; 525 800; 531 800; 533 798; 536 798; 537 797; 540 797; 542 795; 542 784; 541 783; 541 775; 546 770; 546 764; 545 763; 545 762; 543 760
46; 227 774; 223 776; 220 768; 217 765; 213 765; 211 767; 211 785; 216 789; 231 788; 234 791; 235 801; 239 805; 244 805; 245 787; 243 775
47; 243 775; 249 772; 253 774; 259 782; 267 781; 268 776; 257 761; 238 764; 231 755; 227 755; 224 757; 227 774
48; 381 763; 384 767; 382 771; 382 778; 385 781; 395 783; 398 786; 398 793; 400 795; 409 796; 414 786; 414 780; 412 778; 398 774; 393 770; 393 758; 381 754
49; 381 754; 365 754; 360 771; 356 774; 347 772; 344 776; 344 782; 368 784; 371 765; 374 763; 381 763
50; 633 752; 632 753; 630 753; 630 758; 631 759; 631 760; 632 761; 632 762; 633 763; 633 766; 634 767; 634 773; 637 776; 647 776; 648 775; 651 775; 652 774; 657 774; 658 775; 659 775; 661 777; 661 778; 662 779; 662 781; 663 782; 663 783; 664 784; 664 785; 666 787; 670 787; 672 785; 672 779; 671 778; 671 777; 670 776; 670 775; 669 774; 669 772; 668 771; 668 769; 667 768; 667 767; 666 766; 666 765; 664 763; 656 763; 655 764; 652 764; 651 765; 645 765; 642 762; 642 761; 641 760; 641 757; 640 756; 640 754; 639 753; 638 753; 637 752
51; 584 743; 583 744; 582 744; 580 746; 579 746; 575 750; 574 750; 572 752; 570 752; 569 751; 568 751; 565 748; 564 748; 563 747; 555 747; 553 749; 553 753; 557 757; 558 757; 562 761; 562 762; 564 764; 571 764; 572 763; 573 763; 577 759; 578 759; 580 757; 581 757; 582 756; 585 756; 587 758; 588 758; 591 761; 591 762; 597 762; 597 756; 596 755; 596 753; 595 752; 595 750; 594 749; 594 748; 590 744; 589 744; 588 743
52; 452 743; 451 744; 449 744; 448 745; 445 745; 444 746; 442 746; 441 747; 439 747; 438 746; 436 746; 435 745; 429 745; 426 748; 426 755; 427 756; 427 757; 428 758; 428 759; 429 759; 431 761; 435 761; 436 760; 437 760; 439 758; 440 758; 442 756; 443 756; 444 755; 446 755; 447 754; 452 754; 454 756; 454 760; 455 761; 455 763; 456 764; 462 764; 464 762; 464 753; 462 751; 462 750; 461 749; 461 747; 460 746; 460 745; 458 743
53; 952 761; 959 761; 967 763; 970 766; 970 773; 973 778; 979 779; 983 777; 979 758; 977 756; 962 752; 955 743; 947 742; 944 746; 944 751
54; 944 751; 941 754; 930 755; 926 751; 926 741; 921 738; 915 739; 917 760; 921 763; 935 764; 938 775; 947 775; 949 772; 949 764; 952 761
55; 91 731; 90 732; 89 732; 89 733; 88 734; 88 749; 84 753; 77 753; 75 755; 75 761; 76 762; 93 762; 94 761; 95 761; 95 760; 96 759; 96 753; 97 752; 97 749; 98 748; 98 745; 99 744; 99 743; 100 742; 101 742; 102 741; 110 741; 112 739; 112 734; 110 732; 105 732; 104 731
56; 483 716; 481 718; 480 718; 479 719; 478 719; 477 720; 475 720; 474 721; 473 721; 471 723; 470 723; 469 724; 465 724; 463 722; 463 721; 459 717; 454 717; 452 719; 452 724; 454 726; 454 727; 457 730; 457 731; 459 733; 459 734; 461 736; 461 737; 462 737; 463 738; 469 738; 471 740; 471 742; 470 743; 470 746; 469 747; 469 752; 472 755; 476 755; 479 752; 479 751; 480 750; 480 748; 481 747; 481 746; 485 742; 485 738; 484 738; 483 737; 481 737; 480 736; 479 736; 478 735; 478 734; 481 731; 482 731; 483 730; 484 731; 485 731; 486 732; 487 732; 488 733; 488 734; 489 735; 489 738; 494 738; 495 737; 496 737; 497 736; 498 736; 500 734; 500 729; 499 728; 498 728; 493 723; 493 722; 489 718; 489 717; 488 716
57; 154 754; 147 760; 136 760; 134 762; 135 767; 146 771; 155 771; 163 754
58; 163 754; 172 757; 175 762; 180 762; 194 753; 194 746; 189 734; 197 727; 195 720; 177 725; 176 734; 172 735; 168 731; 160 736; 155 744; 154 754
59; 168 731; 165 720; 147 721; 142 710; 134 712; 133 727; 136 732; 154 731; 160 736
60; 393 707; 391 709; 391 710; 389 712; 389 713; 387 715; 387 724; 386 725; 386 731; 387 732; 387 733; 388 733; 390 735; 396 735; 396 734; 397 733; 397 726; 396 725; 396 724; 395 723; 395 718; 396 717; 396 716; 398 714; 398 708; 397 707
61; 348 702; 347 703; 346 703; 346 719; 347 720; 347 723; 344 726; 340 726; 339 727; 338 727; 336 729; 336 730; 335 731; 335 736; 336 737; 336 738; 337 739; 342 739; 343 738; 344 738; 345 737; 346 737; 347 736; 350 736; 351 735; 356 735; 357 734; 357 733; 358 732; 358 728; 357 727; 357 722; 358 721; 358 715; 359 714; 360 714; 361 713; 369 713; 372 710; 372 705; 371 705; 370 704; 369 704; 368 703; 358 703; 357 702
62; 597 727; 599 734; 612 745; 613 748; 609 754; 609 758; 611 762; 615 762; 625 751; 626 742; 614 732; 614 729; 619 724; 619 720; 616 717; 607 719
63; 607 719; 605 716; 609 708; 616 710; 622 709; 624 702; 608 695; 601 695; 598 699; 595 711; 592 714; 581 714; 578 718; 578 723; 594 725; 597 727
64; 0 687; 0 710; 1 710; 2 711; 3 711; 6 714; 6 715; 7 716; 7 717; 10 720; 11 720; 12 721; 18 721; 20 719; 20 718; 21 717; 21 716; 22 715; 22 708; 20 706; 19 706; 18 705; 17 705; 16 704; 14 704; 13 703; 11 703; 10 702; 8 702; 4 698; 4 689; 2 687
65; 770 678; 768 680; 768 681; 767 682; 767 691; 768 692; 768 696; 769 697; 769 699; 772 702; 779 702; 780 701; 783 701; 784 700; 786 700; 787 699; 791 699; 795 703; 795 704; 796 705; 796 706; 797 707; 797 708; 798 709; 799 709; 800 710; 806 710; 807 709; 807 703; 806 702; 806 700; 805 699; 805 697; 804 696; 804 694; 803 693; 803 691; 802 690; 802 689; 799 686; 792 686; 791 687; 787 687; 786 688; 784 688; 783 689; 781 689; 779 687; 779 686; 778 685; 778 682; 777 681; 777 680; 776 679; 775 679; 774 678
66; 387 666; 386 667; 386 668; 384 670; 384 671; 381 674; 379 674; 378 675; 377 674; 376 674; 375 673; 374 673; 373 672; 372 672; 371 671; 369 671; 368 670; 367 670; 366 669; 360 669; 359 670; 359 671; 358 672; 358 673; 357 674; 357 676; 356 677; 356 679; 355 680; 355 681; 354 682; 354 684; 353 685; 353 690; 356 693; 360 693; 363 690; 363 688; 364 687; 364 686; 368 682; 370 682; 371 683; 372 683; 374 685; 375 685; 376 686; 377 686; 378 687; 379 687; 380 688; 381 688; 382 689; 388 689; 390 687; 390 686; 391 685; 391 682; 392 681; 392 678; 393 677; 393 676; 394 675; 394 674; 396 672; 396 667; 395 667; 394 666
67; 698 656; 695 659; 695 661; 694 662; 694 663; 693 664; 693 667; 692 668; 692 670; 691 671; 691 672; 689 674; 677 674; 676 675; 676 681; 677 682; 677 683; 678 683; 679 684; 685 684; 686 685; 688 685; 689 686; 690 686; 691 687; 695 687; 698 684; 698 681; 699 680; 699 677; 700 676; 700 675; 702 673; 703 673; 704 672; 705 672; 707 670; 708 670; 709 669; 709 668; 710 667; 710 659; 709 658; 708 658; 707 657; 703 657; 702 656
68; 46 656; 46 657; 35 668; 35 673; 36 674; 36 675; 44 683; 44 684; 45 685; 45 687; 43 689; 43 690; 41 692; 41 696; 42 697; 42 698; 45 701; 51 701; 51 700; 53 698; 53 697; 59 691; 59 684; 57 682; 57 681; 50 674; 50 673; 49 672; 49 670; 50 669; 50 668; 53 665; 53 664; 54 663; 54 658; 52 656
69; 332 649; 330 651; 330 652; 329 653; 329 656; 328 657; 328 659; 327 660; 327 665; 330 668; 331 668; 333 670; 340 670; 342 668; 342 667; 343 666; 343 664; 344 663; 344 653; 341 650; 340 650; 339 649
70; 146 643; 144 645; 144 652; 143 653; 143 656; 141 658; 141 663; 145 667; 147 667; 149 669; 150 669; 151 670; 152 670; 153 671; 154 671; 156 673; 156 677; 155 678; 155 684; 157 686; 162 686; 163 685; 164 685; 165 684; 165 683; 168 680; 168 679; 169 678; 169 677; 170 676; 170 675; 171 674; 171 667; 170 667; 169 666; 168 666; 167 665; 166 665; 165 664; 164 664; 163 663; 162 663; 161 662; 159 662; 158 661; 157 661; 153 657; 153 656; 152 655; 153 654; 153 652; 154 651; 154 645; 152 643
71; 433 641; 430 644; 429 644; 427 646; 426 646; 425 647; 424 647; 422 649; 421 649; 419 651; 416 651; 415 650; 414 650; 412 648; 411 648; 410 647; 409 647; 408 646; 402 646; 402 647; 401 648; 401 654; 402 655; 403 655; 405 657; 406 657; 407 658; 408 658; 414 664; 419 664; 420 663; 421 663; 425 659; 426 659; 430 655; 431 655; 432 654; 433 654; 438 659; 438 660; 444 660; 447 657; 447 652; 446 651; 446 650; 445 649; 444 649; 441 646; 441 645; 437 641
72; 814 627; 813 628; 811 628; 810 629; 809 629; 808 630; 807 630; 806 631; 805 631; 804 632; 803 632; 801 634; 801 635; 800 636; 800 640; 799 641; 799 648; 792 655; 792 656; 791 657; 791 661; 792 662; 792 663; 794 665; 796 665; 797 666; 805 666; 806 665; 807 665; 807 664; 808 663; 808 661; 809 660; 809 647; 810 646; 810 645; 812 643; 813 643; 816 640; 817 640; 817 639; 818 638; 818 637; 819 636; 819 635; 820 634; 820 629; 818 627
73; 184 623; 182 625; 182 634; 181 635; 181 639; 182 640; 182 643; 183 644; 183 645; 184 645; 185 646; 192 646; 193 645; 196 645; 197 644; 203 644; 207 648; 207 650; 208 651; 208 654; 209 655; 209 656; 210 657; 215 657; 216 656; 217 656; 218 655; 218 649; 216 647; 216 646; 215 645; 215 639; 214 638; 214 637; 213 636; 213 635; 212 635; 211 634; 204 634; 203 635; 193 635; 190 632; 190 625; 188 623
74; 523 622; 517 628; 516 628; 515 629; 514 629; 513 630; 511 630; 510 629; 508 629; 507 628; 501 628; 501 629; 500 630; 500 637; 501 638; 501 639; 505 643; 510 643; 520 633; 521 633; 522 632; 524 632; 526 634; 527 634; 530 637; 537 637; 539 635; 540 635; 540 630; 539 629; 538 629; 537 628; 536 628; 535 627; 534 627; 530 623; 529 623; 528 622
75; 351 605; 350 606; 350 611; 351 612; 351 613; 352 614; 352 615; 353 616; 353 620; 354 621; 354 622; 356 624; 357 624; 358 625; 361 625; 362 626; 366 626; 367 627; 372 627; 375 630; 375 631; 376 632; 376 633; 375 634; 375 638; 376 639; 376 640; 378 642; 382 642; 385 639; 385 638; 386 637; 386 623; 385 622; 385 620; 384 619; 383 619; 382 618; 376 618; 375 617; 371 617; 370 616; 367 616; 364 613; 364 611; 363 610; 363 609; 362 608; 362 607; 361 606; 360 606; 359 605
76; 945 641; 957 652; 961 652; 974 638; 982 636; 987 630; 986 623; 977 622; 972 624; 960 636; 956 636; 946 630
77; 946 630; 944 618; 926 615; 923 612; 921 602; 912 602; 913 624; 915 626; 931 627; 935 631; 935 636; 938 640; 945 641
78; 415 598; 414 599; 407 599; 406 600; 404 600; 403 601; 403 602; 402 603; 402 607; 403 608; 403 611; 404 612; 404 615; 405 616; 405 620; 402 623; 401 623; 400 624; 398 624; 397 625; 396 625; 395 626; 394 626; 394 627; 393 628; 393 633; 394 634; 399 634; 400 633; 407 633; 408 632; 413 632; 414 631; 415 631; 415 630; 416 629; 416 624; 415 623; 415 612; 417 610; 420 610; 421 609; 422 609; 423 608; 423 607; 424 606; 424 601; 423 600; 423 599; 422 598
79; 685 595; 675 605; 674 605; 673 606; 669 606; 667 604; 666 604; 664 602; 659 602; 659 608; 660 609; 660 610; 661 611; 661 612; 662 613; 662 614; 668 620; 669 620; 670 621; 675 621; 684 612; 684 611; 685 610; 686 610; 687 609; 689 609; 690 610; 691 610; 693 612; 700 612; 703 609; 703 608; 704 607; 704 601; 703 600; 696 600; 695 599; 694 599; 690 595
80; 122 650; 128 643; 125 628; 134 620; 132 611; 113 615; 110 632
81; 110 632; 99 647; 94 649; 93 654; 105 666; 123 659; 122 650
82; 77 601; 67 590; 61 590; 50 599; 42 593; 34 595; 34 601; 43 612; 50 612; 61 603; 70 607
83; 70 607; 67 620; 77 632; 70 645; 77 651; 79 658; 93 654; 94 649; 90 644; 90 635; 82 623; 88 613; 83 603; 77 601
84; 265 588; 259 594; 258 594; 253 599; 249 599; 246 596; 245 596; 243 594; 241 594; 240 593; 233 593; 233 597; 236 600; 236 601; 243 608; 243 609; 246 612; 247 612; 248 613; 253 613; 258 608; 259 608; 262 605; 263 605; 264 604; 269 604; 271 606; 272 606; 274 608; 280 608; 281 607; 281 602; 280 601; 280 600; 279 599; 279 598; 272 591; 272 590; 271 589; 270 589; 269 588
85; 620 648; 623 655; 639 653; 646 662; 652 662; 655 659; 651 643; 640 642; 630 645; 626 641
86; 626 641; 625 635; 619 631; 612 630; 598 646; 598 651; 605 661; 603 674; 607 679; 614 678; 619 672; 619 666; 610 652; 615 645; 620 648
87; 619 631; 619 628; 630 617; 630 612; 617 601; 616 598; 620 591; 617 581; 611 582; 602 597; 602 601; 615 614; 611 622; 612 630
88; 124 547; 122 549; 122 559; 123 560; 123 562; 124 563; 124 564; 125 565; 126 565; 127 566; 128 566; 129 567; 130 567; 131 568; 137 568; 138 567; 139 567; 140 566; 146 566; 152 572; 152 573; 156 577; 160 577; 161 576; 163 576; 165 574; 165 569; 159 563; 159 562; 158 561; 158 560; 157 559; 157 558; 154 555; 143 555; 142 556; 139 556; 138 557; 135 557; 133 555; 133 553; 132 552; 132 550; 129 547
89; 645 545; 645 546; 644 547; 644 551; 643 552; 643 553; 642 554; 642 555; 641 556; 641 557; 639 559; 639 560; 638 561; 638 568; 641 571; 642 571; 644 573; 645 573; 649 577; 650 577; 652 579; 652 582; 648 586; 648 591; 650 593; 651 593; 652 594; 656 594; 665 585; 665 584; 667 582; 667 581; 668 580; 668 576; 665 573; 664 573; 661 570; 660 570; 657 567; 656 567; 652 563; 652 562; 651 561; 651 560; 652 559; 652 558; 653 557; 653 556; 654 555; 654 550; 653 549; 653 548; 651 546; 650 546; 649 545
90; 989 542; 984 547; 983 547; 982 548; 982 549; 979 552; 979 553; 978 554; 977 554; 976 555; 973 555; 972 554; 971 554; 968 551; 962 551; 961 552; 961 559; 964 562; 965 562; 971 568; 972 568; 973 569; 974 569; 975 570; 976 570; 977 571; 981 571; 984 568; 984 567; 987 564; 987 563; 989 561; 989 560; 992 557; 995 557; 996 558; 997 558; 998 559; 999 559; 1001 561; 1006 561; 1011 556; 1011 552; 1010 551; 1005 551; 1003 549; 1002 549; 998 545; 997 545; 996 544; 995 544; 993 542
91; 228 537; 226 539; 226 540; 225 541; 225 542; 224 543; 224 544; 223 545; 223 547; 221 549; 221 556; 227 562; 228 562; 232 566; 232 569; 231 570; 231 571; 227 575; 227 581; 229 583; 236 583; 239 580; 240 580; 243 577; 244 577; 245 576; 245 575; 249 571; 249 567; 236 554; 236 553; 235 552; 235 551; 238 548; 238 542; 237 541; 237 540; 236 539; 235 539; 233 537
92; 25 524; 24 525; 23 525; 22 526; 22 531; 25 534; 25 535; 27 537; 27 538; 28 539; 28 540; 29 541; 29 542; 30 543; 30 544; 31 544; 32 545; 37 545; 38 544; 39 544; 40 543; 42 543; 43 542; 45 542; 46 541; 49 541; 50 540; 51 541; 53 541; 55 543; 55 544; 56 545; 56 547; 57 548; 57 549; 58 550; 63 550; 64 549; 65 549; 65 542; 64 541; 64 540; 63 539; 63 537; 61 535; 61 533; 60 532; 60 530; 59 529; 59 528; 58 527; 52 527; 51 528; 50 528; 49 529; 47 529; 46 530; 45 530; 43 532; 42 532; 41 533; 37 533; 33 529; 33 528; 31 526; 31 525; 30 525; 29 524
93; 310 523; 309 524; 308 524; 307 525; 307 526; 306 527; 306 530; 305 531; 305 532; 303 534; 303 540; 305 542; 306 542; 307 543; 313 543; 314 542; 314 541; 318 537; 319 537; 320 538; 321 538; 322 539; 324 539; 325 540; 326 540; 327 541; 328 541; 329 542; 330 542; 331 543; 332 543; 333 544; 340 544; 341 543; 342 543; 343 542; 344 542; 346 540; 346 534; 341 529; 340 529; 339 528; 334 528; 333 529; 327 529; 326 528; 325 528; 324 527; 323 527; 322 526; 320 526; 319 525; 318 525; 317 524; 315 524; 314 523
94; 954 509; 953 510; 952 510; 951 511; 950 511; 949 512; 949 513; 948 514; 948 522; 949 523; 949 526; 950 527; 950 528; 951 529; 951 530; 952 531; 952 533; 949 536; 948 536; 947 537; 946 537; 945 538; 944 538; 943 539; 943 545; 944 546; 944 547; 945 548; 945 549; 946 550; 952 550; 957 545; 958 545; 959 544; 962 544; 965 541; 965 537; 964 536; 964 534; 963 533; 963 531; 962 530; 962 529; 961 528; 961 523; 963 521; 964 521; 965 520; 968 520; 969 519; 970 519; 971 518; 971 512; 969 510; 968 510; 967 509
95; 141 509; 139 511; 139 512; 137 514; 137 515; 131 521; 130 521; 129 522; 126 522; 125 521; 124 521; 122 519; 115 519; 114 520; 114 521; 113 522; 113 528; 114 529; 115 529; 116 530; 119 530; 120 531; 121 531; 124 534; 125 534; 126 535; 127 535; 128 536; 132 536; 134 534; 135 534; 136 533; 136 532; 140 528; 140 527; 143 524; 151 524; 152 523; 154 523; 155 522; 156 522; 157 521; 157 514; 154 511; 153 511; 152 510; 150 510; 149 509
96; 862 508; 862 509; 861 510; 861 521; 860 522; 860 531; 861 531; 862 532; 870 532; 871 533; 873 533; 874 534; 876 534; 877 535; 879 535; 880 536; 881 536; 883 538; 883 539; 884 540; 884 541; 885 542; 885 543; 887 545; 888 545; 889 546; 895 546; 895 545; 896 544; 896 539; 895 538; 895 537; 894 536; 894 528; 892 526; 891 526; 890 525; 889 525; 888 524; 883 524; 882 523; 876 523; 872 519; 872 514; 871 513; 871 512; 868 509; 867 509; 866 508
97; 713 495; 712 496; 711 496; 710 497; 710 498; 709 499; 709 501; 708 502; 708 505; 707 506; 707 507; 706 508; 706 509; 703 512; 702 512; 701 511; 700 511; 697 508; 692 508; 690 510; 690 515; 691 516; 691 517; 694 520; 695 520; 697 522; 698 522; 700 524; 701 524; 702 525; 703 525; 704 526; 705 526; 706 527; 711 527; 714 524; 714 523; 715 522; 715 519; 716 518; 716 515; 717 514; 717 513; 721 509; 722 509; 723 510; 724 510; 726 512; 732 512; 733 511; 733 510; 734 509; 734 504; 733 503; 732 503; 730 501; 728 501; 727 500; 726 500; 724 498; 723 498; 722 497; 721 497; 720 496; 719 496; 718 495
98; 0 493; 0 515; 1 516; 3 516; 4 517; 9 517; 11 515; 11 514; 12 513; 12 510; 13 509; 13 506; 14 505; 14 497; 12 495; 11 495; 10 494; 7 494; 6 493
99; 264 483; 264 484; 263 485; 263 486; 262 487; 262 489; 261 490; 261 491; 258 494; 258 499; 260 501; 260 502; 261 502; 269 510; 269 513; 265 517; 265 518; 263 520; 263 525; 265 527; 270 527; 272 525; 273 525; 275 523; 276 523; 278 521; 279 521; 283 517; 283 511; 279 507; 279 506; 276 503; 276 502; 273 499; 273 498; 274 497; 274 496; 275 495; 275 494; 276 493; 276 489; 275 488; 275 487; 274 486; 274 485; 273 484; 272 484; 271 483
100; 161 481; 161 496; 163 504; 169 507; 182 507; 186 511; 187 518; 193 519; 197 508; 196 497; 193 495; 176 495; 170 484
101; 170 484; 171 477; 178 471; 181 471; 186 479; 194 479; 195 472; 185 457; 181 457; 168 465; 162 462; 154 463; 152 466; 152 473; 161 481
102; 247 460; 260 476; 267 475; 278 464; 287 469; 291 469; 295 465; 295 460; 279 450; 275 450; 263 461; 260 461; 256 454
103; 256 454; 263 452; 264 446; 261 442; 250 436; 246 436; 236 450; 227 455; 224 460; 225 468; 236 468; 244 460; 247 460
104; 845 432; 842 435; 841 435; 840 436; 839 436; 838 437; 837 437; 836 438; 835 438; 834 439; 833 439; 832 440; 831 440; 829 442; 829 449; 832 452; 832 453; 833 454; 833 455; 834 456; 834 457; 835 458; 835 459; 836 460; 836 464; 830 470; 830 474; 831 475; 831 476; 832 477; 832 478; 834 480; 835 480; 836 481; 843 481; 844 480; 845 480; 848 477; 848 476; 851 473; 852 473; 855 470; 855 466; 854 465; 854 464; 853 463; 853 462; 852 461; 852 460; 851 459; 851 458; 850 457; 850 454; 852 452; 853 452; 854 451; 855 451; 855 450; 856 449; 856 442; 855 442; 852 439; 852 437; 851 436; 851 434; 849 432
105; 931 428; 928 431; 928 436; 931 439; 931 440; 933 442; 933 445; 934 446; 934 448; 936 450; 944 450; 945 449; 946 449; 947 448; 948 448; 949 447; 950 447; 951 446; 952 446; 953 445; 954 445; 955 446; 956 446; 957 447; 957 448; 958 449; 958 450; 959 451; 959 452; 960 453; 960 454; 961 455; 968 455; 970 453; 970 449; 969 448; 969 447; 968 446; 968 444; 967 443; 967 441; 966 440; 966 438; 965 437; 965 436; 964 435; 963 435; 962 434; 955 434; 954 435; 952 435; 951 436; 950 436; 949 437; 943 437; 940 434; 940 433; 939 432; 939 431; 938 430; 938 429; 937 429; 936 428
106; 26 428; 25 429; 19 429; 18 430; 17 430; 16 431; 16 432; 15 433; 15 447; 14 448; 14 449; 11 452; 10 452; 9 453; 8 453; 6 455; 6 456; 5 457; 5 463; 7 465; 12 465; 13 464; 15 464; 16 463; 17 463; 18 462; 20 462; 21 461; 22 461; 25 458; 25 447; 24 446; 24 443; 28 439; 31 439; 32 438; 34 438; 37 435; 37 430; 35 428
107; 519 408; 518 409; 518 410; 516 412; 516 414; 515 415; 515 416; 513 418; 513 419; 510 422; 510 426; 511 427; 511 428; 512 428; 515 431; 516 431; 518 433; 519 433; 520 434; 521 434; 525 438; 525 440; 526 441; 526 443; 527 444; 527 445; 530 448; 531 448; 532 449; 533 449; 534 450; 539 450; 540 449; 541 449; 542 448; 542 441; 541 440; 541 439; 535 433; 534 433; 532 431; 531 431; 525 425; 525 421; 526 420; 526 419; 528 417; 528 410; 527 409; 526 409; 525 408
108; 319 409; 315 406; 312 400; 308 400; 306 402; 307 411; 305 414; 299 414; 285 422; 281 422; 275 415; 269 415; 269 422; 279 436; 283 436; 298 427; 304 432; 310 432; 319 420
109; 319 420; 328 416; 333 416; 339 425; 344 425; 346 423; 346 416; 338 403; 332 403; 319 409
110; 1007 398; 1006 399; 1006 400; 1005 401; 1005 403; 1004 404; 1004 405; 1001 408; 1001 409; 999 411; 999 417; 1003 421; 1003 422; 1004 423; 1004 424; 1005 425; 1005 426; 1007 428; 1007 431; 1004 434; 1004 440; 1005 441; 1005 442; 1008 445; 1013 445; 1015 443; 1015 442; 1018 439; 1019 439; 1020 438; 1023 438; 1023 425; 1020 425; 1019 424; 1018 424; 1014 420; 1014 419; 1012 417; 1012 413; 1013 412; 1013 411; 1014 410; 1014 408; 1015 407; 1015 401; 1012 398
111; 133 395; 131 397; 131 402; 135 406; 135 407; 136 408; 135 409; 135 410; 134 411; 134 412; 133 413; 133 414; 130 417; 130 418; 128 420; 128 421; 127 422; 127 426; 128 427; 128 428; 131 431; 131 432; 140 441; 145 441; 145 439; 146 438; 146 433; 145 432; 145 431; 140 426; 140 425; 139 424; 139 423; 140 422; 140 421; 149 412; 149 411; 150 410; 150 405; 146 401; 145 401; 139 395
112; 750 385; 746 389; 746 390; 744 392; 744 393; 742 395; 741 395; 739 397; 736 397; 734 395; 733 395; 732 394; 727 394; 724 397; 724 398; 723 399; 723 403; 724 404; 725 404; 726 405; 727 405; 728 406; 730 406; 734 410; 735 410; 736 411; 742 411; 745 408; 745 407; 746 406; 746 405; 753 398; 754 398; 755 397; 758 397; 759 398; 760 398; 761 399; 762 399; 763 400; 768 400; 769 399; 769 394; 768 393; 767 393; 764 390; 763 390; 761 388; 760 388; 759 387; 758 387; 757 386; 756 386; 755 385
113; 581 446; 573 437; 576 427; 572 423; 567 423; 560 433; 559 441; 572 452; 569 466; 572 469; 578 469; 587 456
114; 587 456; 606 455; 612 451; 603 430; 611 424; 612 419; 602 418; 589 426; 590 433; 597 441; 595 446; 581 446
115; 611 424; 622 425; 632 412; 632 408; 620 397; 621 386; 618 383; 612 383; 606 392; 606 397; 618 408; 617 414; 612 419
116; 703 371; 702 372; 702 373; 700 375; 700 376; 699 377; 699 378; 697 380; 697 381; 695 383; 695 384; 692 387; 691 387; 690 388; 688 388; 687 387; 686 387; 685 386; 678 386; 676 388; 676 389; 675 390; 675 394; 679 394; 680 395; 683 395; 684 396; 685 396; 686 397; 689 397; 690 398; 691 398; 692 399; 696 399; 698 397; 699 397; 699 396; 701 394; 701 393; 703 391; 703 390; 704 389; 704 388; 707 385; 712 385; 713 386; 717 386; 718 385; 719 385; 720 384; 720 383; 721 382; 721 378; 719 376; 718 376; 717 375; 716 375; 715 374; 714 374; 713 373; 711 373; 709 371
117; 216 370; 215 371; 214 371; 212 373; 211 373; 205 379; 204 379; 203 380; 200 380; 199 379; 198 379; 196 377; 195 377; 194 376; 189 376; 187 378; 187 382; 189 384; 189 385; 198 394; 203 394; 211 386; 212 386; 215 383; 217 383; 219 385; 219 386; 222 389; 227 389; 230 386; 230 381; 223 374; 223 373; 220 370
118; 882 367; 876 373; 875 373; 871 377; 870 377; 869 378; 869 379; 868 380; 868 384; 870 386; 870 387; 872 389; 872 390; 875 393; 875 394; 877 396; 877 397; 878 398; 878 401; 877 402; 877 403; 874 406; 874 413; 875 414; 875 415; 876 416; 876 417; 880 417; 881 416; 881 415; 889 407; 890 407; 890 406; 892 404; 892 398; 891 397; 891 396; 881 386; 881 381; 888 374; 888 369; 886 367
119; 374 401; 386 413; 380 420; 380 425; 382 427; 387 427; 397 420; 400 416; 400 412; 388 400; 388 398
120; 388 398; 396 388; 403 382; 403 378; 397 375; 389 367; 383 366; 371 380; 358 378; 356 380; 356 385; 367 391; 372 396; 374 401
121; 269 364; 268 365; 265 365; 263 367; 263 379; 262 380; 262 381; 261 382; 260 382; 259 383; 256 383; 255 384; 248 384; 247 385; 244 385; 242 387; 242 393; 243 394; 243 404; 244 405; 252 405; 254 403; 254 395; 257 392; 258 392; 259 391; 262 391; 263 390; 265 390; 266 389; 268 389; 269 388; 270 388; 272 386; 272 373; 273 372; 273 370; 274 369; 274 364
122; 320 350; 312 358; 312 359; 310 361; 310 362; 308 364; 308 368; 311 371; 312 371; 315 374; 316 374; 318 376; 319 376; 323 380; 323 383; 319 387; 319 388; 318 389; 318 393; 320 395; 325 395; 326 394; 326 393; 335 384; 335 383; 337 381; 337 377; 335 375; 334 375; 333 374; 332 374; 330 372; 329 372; 327 370; 326 370; 323 367; 323 362; 326 359; 326 352; 324 350
123; 539 347; 538 348; 537 348; 533 352; 532 352; 531 353; 530 353; 526 357; 526 362; 529 365; 529 366; 531 368; 531 369; 535 373; 535 374; 536 375; 536 376; 537 377; 536 378; 536 379; 532 383; 531 383; 529 385; 529 389; 530 390; 530 392; 531 393; 535 393; 537 391; 537 390; 538 389; 539 389; 542 386; 543 386; 547 382; 548 382; 549 381; 549 376; 546 373; 546 372; 545 371; 545 370; 544 369; 544 368; 543 367; 543 366; 542 365; 542 363; 541 362; 542 361; 542 359; 547 354; 547 350; 544 347
124; 757 340; 756 341; 747 341; 745 343; 745 358; 744 359; 744 360; 740 364; 738 364; 737 365; 735 365; 732 368; 732 373; 733 374; 733 375; 744 375; 745 374; 752 374; 753 375; 753 377; 754 378; 754 380; 758 380; 759 379; 759 375; 757 373; 756 373; 755 372; 755 353; 758 350; 765 350; 766 349; 767 349; 769 347; 769 343; 766 340
125; 588 338; 588 339; 587 340; 587 357; 588 358; 588 359; 590 361; 592 361; 593 362; 600 362; 601 361; 608 361; 609 362; 610 362; 611 363; 611 364; 612 365; 612 368; 613 369; 613 370; 615 372; 616 372; 617 373; 623 373; 623 362; 622 361; 622 356; 621 355; 621 353; 619 351; 618 351; 617 350; 604 350; 603 351; 602 350; 600 350; 596 346; 596 342; 595 341; 595 340; 594 339; 594 338
126; 896 332; 889 325; 885 325; 879 331; 863 340; 858 339; 852 333; 847 333; 843 336; 843 341; 850 345; 857 353; 862 353; 872 346; 875 346; 881 351; 885 351; 892 346
127; 892 346; 896 346; 910 337; 919 344; 927 345; 927 340; 921 328; 915 323; 911 323; 898 332; 896 332
128; 43 417; 44 427; 52 429; 62 407; 58 382
129; 58 382; 50 377; 38 382; 28 405; 43 417
130; 58 382; 62 380; 69 386; 67 399; 74 400; 81 383; 67 372; 67 368; 61 360; 50 377
131; 65 335; 54 324; 58 318; 57 312; 49 309; 40 326; 54 338
132; 54 338; 51 350; 61 360; 67 368; 76 357; 81 361; 80 377; 87 378; 95 357; 79 346; 83 333; 77 332; 71 337; 65 335
133; 702 307; 701 308; 701 315; 702 316; 702 326; 703 327; 703 330; 704 331; 704 332; 705 332; 706 333; 718 333; 719 332; 723 332; 725 334; 725 339; 726 340; 726 342; 727 343; 735 343; 737 341; 737 334; 736 333; 736 325; 733 322; 732 322; 731 321; 727 321; 726 322; 715 322; 713 320; 713 319; 712 318; 712 312; 711 311; 711 310; 709 308; 707 308; 706 307
134; 964 339; 968 354; 974 361; 983 359; 990 354; 995 356; 1000 363; 1010 361; 1010 357; 998 340; 993 340; 979 347; 975 344; 973 339; 967 335
135; 967 335; 967 331; 974 320; 989 320; 991 318; 991 314; 988 311; 974 306; 968 306; 958 322; 945 321; 943 323; 942 331; 950 332; 964 339
136; 391 304; 390 305; 389 305; 388 306; 377 306; 376 307; 375 307; 374 308; 374 309; 373 310; 373 317; 374 318; 374 326; 372 328; 368 328; 367 329; 366 329; 365 330; 364 330; 364 331; 363 332; 363 337; 364 338; 364 339; 365 340; 366 340; 367 341; 371 341; 372 340; 373 340; 374 339; 381 339; 382 338; 383 338; 385 336; 385 321; 386 320; 386 319; 389 316; 393 316; 394 315; 396 315; 399 312; 399 308; 398 307; 398 306; 396 304
137; 809 288; 808 289; 803 289; 802 290; 796 290; 794 292; 793 292; 793 293; 792 294; 792 302; 793 303; 793 310; 790 313; 783 313; 780 316; 780 320; 782 322; 786 322; 787 323; 791 323; 792 324; 804 324; 806 322; 806 318; 805 317; 805 305; 804 304; 805 303; 805 302; 808 299; 810 299; 811 298; 813 298; 814 297; 815 297; 816 296; 816 295; 817 294; 817 289; 816 288
138; 480 280; 477 283; 477 284; 472 289; 468 289; 467 288; 467 287; 465 285; 464 285; 463 284; 459 284; 458 285; 457 285; 456 286; 456 291; 458 293; 458 294; 459 295; 459 296; 460 297; 460 298; 462 300; 462 301; 468 307; 474 307; 476 305; 476 304; 478 302; 478 301; 480 299; 480 298; 481 297; 481 296; 484 293; 487 293; 489 295; 490 295; 491 296; 497 296; 497 290; 492 285; 491 285; 489 283; 488 283; 486 281; 485 281; 484 280
139; 213 278; 212 279; 210 279; 210 283; 211 284; 211 285; 213 287; 213 289; 214 290; 214 292; 215 293; 215 294; 216 295; 216 296; 218 298; 219 298; 220 299; 224 299; 225 298; 227 298; 228 297; 230 297; 231 296; 232 296; 233 295; 234 295; 235 294; 239 294; 243 298; 243 299; 244 300; 244 301; 246 303; 251 303; 252 302; 252 301; 253 300; 253 296; 252 295; 252 293; 251 292; 251 291; 250 290; 250 289; 248 287; 248 286; 247 285; 247 284; 245 282; 240 282; 239 283; 237 283; 236 284; 233 284; 232 285; 229 285; 228 286; 225 286; 220 281; 220 280; 218 278
140; 657 272; 654 275; 654 276; 653 277; 653 280; 652 281; 652 285; 651 286; 651 289; 650 290; 650 291; 649 292; 648 292; 647 293; 638 293; 635 296; 635 304; 636 305; 644 305; 645 304; 650 304; 651 305; 655 305; 656 304; 657 304; 658 303; 658 302; 659 301; 659 298; 660 297; 660 292; 661 291; 661 289; 663 287; 664 287; 665 286; 666 286; 669 283; 669 282; 670 281; 670 277; 669 276; 669 275; 667 273; 666 273; 665 272
141; 161 271; 160 272; 159 272; 154 277; 153 277; 152 278; 151 278; 148 281; 148 285; 149 286; 149 287; 150 288; 150 290; 151 291; 151 295; 149 297; 149 298; 148 299; 148 300; 147 301; 147 303; 146 304; 146 309; 151 314; 151 315; 159 323; 159 324; 158 325; 158 326; 156 328; 156 334; 157 335; 157 336; 159 338; 164 338; 167 335; 167 334; 168 333; 168 332; 173 327; 173 326; 174 325; 174 321; 170 317; 169 317; 162 310; 163 309; 163 308; 165 306; 166 306; 166 300; 165 299; 165 297; 164 296; 164 295; 163 294; 163 292; 162 291; 162 290; 161 289; 161 288; 160 287; 160 286; 161 285; 161 284; 162 283; 163 283; 164 282; 165 282; 168 279; 168 274; 165 271
142; 106 262; 105 263; 105 264; 104 265; 104 266; 103 267; 103 268; 102 269; 94 269; 93 270; 92 270; 92 271; 88 275; 87 275; 86 276; 85 276; 83 278; 83 282; 88 287; 89 287; 91 289; 92 289; 93 290; 94 290; 95 291; 100 291; 101 290; 103 290; 104 289; 106 289; 107 288; 108 288; 109 287; 111 287; 112 286; 116 286; 118 288; 118 289; 119 290; 119 294; 120 295; 120 296; 121 297; 122 297; 123 298; 127 298; 128 297; 129 297; 130 296; 130 290; 129 289; 129 288; 128 287; 128 285; 127 284; 127 264; 117 264; 116 263; 114 263; 113 262
143; 922 260; 921 261; 921 264; 920 265; 920 266; 918 268; 918 269; 915 272; 915 273; 913 275; 913 280; 915 282; 916 282; 918 284; 919 284; 920 285; 921 285; 922 286; 923 286; 925 288; 926 288; 928 290; 928 293; 926 295; 926 296; 925 297; 925 301; 930 306; 934 306; 935 305; 936 305; 936 304; 937 303; 937 300; 939 298; 939 297; 941 295; 941 294; 942 293; 942 288; 940 286; 939 286; 938 285; 936 285; 934 283; 933 283; 927 277; 927 274; 928 273; 928 272; 929 271; 929 270; 930 269; 930 263; 928 261; 927 261; 926 260
144; 872 255; 870 257; 870 262; 874 266; 875 266; 877 268; 878 268; 880 270; 881 270; 885 274; 885 276; 884 277; 884 278; 881 281; 881 287; 883 289; 887 289; 893 283; 893 282; 895 280; 895 279; 897 277; 897 276; 898 275; 898 271; 892 265; 891 265; 889 263; 888 263; 886 261; 885 261; 883 259; 882 259; 879 256; 878 256; 877 255
145; 573 265; 564 260; 558 261; 555 264; 550 276; 548 278; 538 279; 536 281; 536 285; 549 292; 555 292; 558 288; 559 279; 565 272; 578 273
146; 578 273; 583 277; 601 276; 604 271; 604 256; 615 250; 616 242; 598 244; 595 247; 594 262; 590 267; 573 265
147; 816 241; 814 243; 814 244; 813 245; 813 248; 812 249; 812 252; 811 253; 811 254; 810 255; 810 262; 811 262; 812 263; 813 263; 814 264; 815 264; 816 265; 817 265; 818 266; 819 266; 820 267; 821 267; 822 268; 823 268; 826 271; 826 274; 825 275; 825 281; 826 282; 826 283; 827 284; 828 284; 829 285; 834 285; 835 284; 835 283; 836 282; 836 280; 837 279; 837 276; 838 275; 838 274; 840 272; 840 267; 838 265; 837 265; 835 263; 834 263; 833 262; 832 262; 831 261; 830 261; 824 255; 824 254; 823 253; 824 252; 824 250; 825 249; 825 244; 822 241
148; 955 236; 954 237; 953 237; 951 239; 950 239; 948 241; 947 241; 945 243; 944 243; 942 245; 942 251; 946 255; 946 256; 949 259; 949 260; 951 262; 951 263; 952 264; 952 265; 948 269; 947 269; 946 270; 946 277; 948 279; 948 280; 949 281; 954 281; 954 280; 965 269; 965 262; 963 260; 963 259; 956 252; 956 248; 962 242; 962 237; 961 236
149; 196 221; 193 224; 193 238; 192 239; 192 240; 190 242; 189 242; 185 246; 185 253; 186 254; 186 255; 188 257; 193 257; 194 256; 195 256; 197 254; 198 254; 199 253; 200 253; 202 251; 202 244; 203 243; 203 237; 202 236; 202 233; 203 232; 203 231; 204 230; 206 230; 207 229; 214 229; 215 228; 215 223; 214 223; 213 222; 206 222; 205 221
150; 399 216; 399 223; 400 224; 400 225; 401 226; 401 227; 403 229; 403 230; 404 231; 404 232; 406 234; 410 234; 411 233; 413 233; 414 232; 416 232; 417 231; 418 231; 419 230; 420 230; 421 229; 426 229; 431 234; 431 235; 434 238; 438 238; 439 237; 440 237; 441 236; 441 232; 435 226; 435 225; 429 219; 425 219; 424 220; 422 220; 421 221; 419 221; 418 222; 415 222; 414 223; 411 223; 410 222; 409 222; 407 220; 407 219; 404 216
151; 634 214; 633 215; 633 219; 634 220; 634 227; 635 228; 635 233; 636 234; 636 235; 638 237; 639 237; 640 238; 650 238; 651 239; 654 239; 657 242; 657 247; 658 248; 658 249; 659 250; 660 250; 661 251; 665 251; 666 250; 666 249; 667 248; 667 245; 668 244; 668 234; 666 232; 665 232; 664 231; 657 231; 656 230; 652 230; 651 229; 648 229; 647 228; 646 228; 644 226; 644 224; 643 223; 643 218; 639 214
152; 783 205; 780 208; 779 208; 778 209; 777 209; 775 211; 774 211; 772 213; 771 213; 769 215; 768 215; 768 219; 770 219; 774 223; 774 224; 780 230; 780 231; 781 232; 781 235; 780 236; 780 237; 779 238; 779 239; 778 240; 778 241; 777 242; 777 247; 778 248; 778 249; 779 250; 784 250; 784 249; 788 245; 788 244; 790 242; 790 241; 793 238; 793 234; 792 233; 792 232; 790 230; 790 229; 789 228; 789 227; 787 225; 787 224; 784 221; 784 219; 783 218; 784 217; 784 216; 785 215; 785 214; 788 211; 788 206; 787 205
153; 585 203; 584 204; 583 204; 581 206; 580 206; 579 207; 578 207; 577 208; 576 208; 575 209; 574 209; 571 212; 571 216; 572 217; 572 218; 574 220; 574 221; 575 222; 575 223; 577 225; 577 226; 580 229; 580 233; 573 240; 573 244; 575 246; 580 246; 583 243; 584 243; 588 239; 589 239; 592 236; 592 230; 587 225; 587 224; 584 221; 584 220; 583 219; 583 217; 587 213; 588 213; 591 210; 591 205; 589 203
154; 460 225; 450 230; 448 246; 443 249; 434 248; 431 251; 431 257; 453 258; 458 242; 462 238; 466 240; 473 238; 473 234; 463 226
155; 487 222; 485 232; 493 245; 493 249; 486 256; 487 264; 492 264; 506 253; 497 235; 497 231; 504 226; 504 221; 492 214
156; 492 214; 484 203; 479 203; 467 211; 459 204; 454 204; 453 211; 460 225; 463 226; 480 216; 487 222
157; 809 199; 807 201; 807 207; 808 208; 808 209; 809 210; 809 211; 810 212; 810 213; 812 215; 812 216; 814 218; 822 218; 823 217; 826 217; 827 216; 830 216; 831 215; 832 216; 833 216; 835 218; 835 221; 836 222; 836 223; 838 225; 844 225; 845 224; 845 223; 846 222; 846 218; 845 217; 845 211; 844 210; 844 208; 843 207; 843 206; 842 206; 840 204; 836 204; 835 205; 830 205; 829 206; 828 206; 827 207; 825 207; 824 208; 823 207; 822 207; 821 206; 821 205; 819 203; 819 202; 818 201; 817 201; 815 199
158; 356 198; 352 202; 352 203; 348 207; 348 208; 345 211; 344 211; 343 212; 341 212; 340 211; 339 211; 337 209; 336 209; 334 207; 330 207; 329 208; 329 212; 330 213; 330 214; 333 217; 333 218; 335 220; 336 220; 339 223; 340 223; 342 225; 347 225; 349 223; 349 222; 350 221; 350 220; 352 218; 352 217; 357 212; 358 212; 359 211; 360 211; 361 210; 362 210; 363 211; 364 211; 365 212; 366 212; 367 213; 368 213; 369 214; 373 214; 374 213; 374 212; 375 211; 375 207; 373 205; 371 205; 370 204; 369 204; 367 202; 366 202; 365 201; 364 201; 362 199; 361 199; 360 198
159; 753 243; 762 232; 766 216; 747 210; 745 200; 740 195; 734 196; 734 216; 752 224; 748 233
160; 726 250; 726 262; 730 270; 736 273; 751 269; 769 247; 767 239; 763 239; 757 247; 753 243
161; 753 243; 748 233; 729 231; 712 223; 707 235; 702 237; 705 241; 726 250
162; 702 237; 685 230; 681 226; 681 215; 675 216; 672 233; 690 242; 688 254; 692 258; 697 258; 701 243; 705 241
163; 281 231; 275 227; 273 222; 255 223; 251 215; 247 213; 240 214; 240 220; 246 233; 265 232; 270 239; 277 240; 281 237
164; 284 204; 306 204; 313 213; 320 213; 322 207; 315 194; 301 193; 296 182; 289 182; 285 194
165; 285 194; 275 194; 268 206; 268 210; 274 216; 285 222; 281 231; 281 237; 289 238; 297 223; 296 217; 282 208; 284 204
166; 925 190; 911 180; 904 180; 894 196; 879 194; 877 197; 877 201; 894 209; 900 208; 905 199; 913 194; 918 197; 929 196
167; 929 196; 946 202; 950 206; 950 214; 953 217; 958 217; 960 210; 959 195; 943 189; 941 185; 942 178; 938 174; 933 174; 931 176; 928 187; 925 190
168; 189 173; 187 175; 187 176; 186 177; 186 178; 185 179; 185 180; 184 181; 184 182; 183 183; 183 184; 182 185; 182 186; 179 189; 174 189; 173 188; 167 188; 163 192; 163 196; 166 199; 170 199; 171 200; 175 200; 176 201; 177 201; 178 202; 184 202; 188 198; 188 197; 191 194; 191 193; 192 192; 192 191; 196 187; 199 187; 200 188; 201 188; 202 189; 207 189; 210 186; 210 182; 209 181; 208 181; 207 180; 206 180; 205 179; 204 179; 202 177; 201 177; 200 176; 199 176; 197 174; 196 174; 195 173
169; 780 158; 773 166; 773 172; 775 174; 780 174; 787 169; 790 169; 802 175; 809 175; 814 167; 815 161; 819 157; 819 152; 804 148
170; 804 148; 791 133; 785 134; 774 142; 771 142; 765 136; 758 137; 759 145; 762 151; 767 156; 780 156; 780 158
171; 537 204; 535 226; 553 232; 556 244; 564 247; 565 228; 548 222; 544 218; 544 206; 539 203
172; 539 203; 547 183; 536 173; 535 172; 528 169; 527 157; 517 154; 515 177; 532 188; 531 199; 537 204
173; 536 173; 552 163; 545 140; 554 133; 551 125; 546 125; 533 136; 539 154; 531 161; 535 172
174; 244 125; 242 127; 242 128; 241 129; 241 130; 240 131; 240 132; 238 134; 238 138; 239 139; 239 140; 240 141; 240 145; 239 146; 239 148; 238 149; 238 155; 240 157; 241 157; 242 158; 244 158; 245 159; 246 159; 247 160; 250 160; 251 161; 253 161; 254 162; 260 162; 262 160; 262 155; 261 154; 260 154; 259 153; 258 153; 257 152; 255 152; 254 151; 253 151; 252 150; 252 149; 251 148; 251 143; 252 142; 252 141; 253 140; 253 139; 255 137; 255 135; 256 134; 256 132; 257 131; 257 127; 256 126; 255 126; 254 125
175; 910 119; 905 124; 905 125; 904 126; 904 127; 902 129; 902 130; 901 131; 901 132; 898 135; 890 135; 889 134; 881 134; 881 135; 880 136; 880 137; 878 139; 876 139; 875 140; 874 140; 873 141; 873 146; 879 146; 882 143; 884 143; 885 144; 886 144; 887 145; 888 145; 889 146; 890 146; 891 147; 893 147; 894 148; 901 148; 902 147; 903 147; 905 145; 905 144; 907 142; 907 141; 909 139; 909 138; 912 135; 913 135; 914 134; 918 134; 919 133; 920 133; 921 132; 921 131; 922 130; 922 125; 921 124; 921 123; 918 120; 917 120; 916 119
176; 639 109; 639 110; 634 115; 633 115; 630 118; 630 119; 628 121; 628 122; 627 123; 627 129; 628 130; 629 130; 631 132; 632 132; 636 136; 637 136; 639 138; 639 142; 635 146; 635 147; 634 148; 634 152; 637 155; 641 155; 643 153; 644 153; 648 149; 649 149; 652 146; 652 145; 654 143; 654 137; 651 134; 650 134; 642 126; 642 125; 641 124; 642 123; 642 122; 647 117; 647 113; 646 112; 646 111; 644 109
177; 724 106; 723 107; 723 108; 722 109; 722 110; 721 111; 721 113; 720 114; 720 115; 719 116; 719 118; 718 119; 718 121; 717 122; 717 123; 716 124; 715 124; 714 125; 703 125; 701 127; 701 128; 700 129; 700 134; 701 135; 702 135; 703 136; 710 136; 711 137; 715 137; 716 138; 720 138; 721 137; 722 137; 724 135; 724 134; 725 133; 725 131; 726 130; 726 129; 727 128; 727 127; 728 126; 728 125; 729 124; 729 123; 732 120; 733 120; 734 121; 736 121; 737 122; 741 122; 742 121; 743 121; 744 120; 744 115; 741 112; 740 112; 739 111; 738 111; 737 110; 736 110; 735 109; 734 109; 733 108; 732 108; 731 107; 729 107; 728 106
178; 52 134; 50 136; 36 134; 30 147; 21 151; 19 154; 19 159; 21 162; 26 165; 32 165; 42 147; 56 149; 60 144
179; 60 144; 70 143; 73 140; 73 133; 64 127; 68 118; 68 111; 66 108; 55 102; 48 102; 46 105; 46 110; 49 113; 55 115; 57 118; 52 134
180; 805 100; 804 101; 804 108; 805 109; 805 110; 806 110; 807 111; 816 111; 818 113; 818 114; 819 115; 819 119; 820 120; 820 127; 821 128; 821 130; 824 133; 828 133; 829 132; 838 132; 839 131; 841 131; 842 130; 843 130; 845 128; 845 124; 844 123; 844 122; 843 121; 837 121; 836 122; 834 122; 830 118; 830 113; 829 112; 829 103; 826 100
181; 911 84; 908 87; 908 102; 909 103; 909 105; 913 109; 928 109; 929 108; 930 109; 931 109; 934 112; 934 114; 935 115; 935 118; 937 120; 938 120; 939 121; 945 121; 946 120; 946 114; 945 113; 945 111; 944 110; 944 107; 943 106; 943 102; 942 101; 942 98; 940 96; 929 96; 928 97; 923 97; 922 96; 921 96; 920 95; 920 93; 919 92; 919 87; 918 86; 918 85; 917 85; 916 84
182; 286 80; 284 82; 283 82; 280 85; 279 85; 273 91; 273 97; 274 98; 274 99; 279 104; 280 104; 283 107; 283 108; 284 109; 284 111; 283 112; 283 114; 282 115; 282 119; 283 120; 283 121; 285 123; 286 123; 287 124; 294 124; 295 123; 296 123; 296 122; 297 121; 297 116; 298 115; 298 108; 297 107; 297 106; 294 103; 294 102; 289 97; 289 93; 292 90; 292 89; 293 88; 293 83; 290 80
183; 774 74; 770 78; 769 78; 766 81; 766 82; 763 85; 761 85; 760 86; 757 86; 755 88; 754 88; 753 89; 753 90; 752 91; 752 95; 753 96; 753 97; 757 101; 758 101; 759 102; 764 102; 769 97; 769 96; 773 92; 773 91; 774 90; 775 90; 776 89; 778 89; 780 91; 780 92; 782 94; 789 94; 792 91; 792 90; 793 89; 793 85; 791 83; 790 83; 789 82; 788 82; 787 81; 786 81; 785 80; 785 79; 781 75; 780 75; 779 74
184; 87 104; 80 108; 74 123; 76 130; 81 130; 89 120; 103 125; 108 125; 118 109; 117 104; 110 104; 102 113; 97 110
185; 97 110; 99 105; 107 98; 107 92; 97 79; 103 72; 103 65; 100 61; 96 61; 91 68; 83 73; 83 77; 93 91; 93 94; 88 99; 87 104
186; 207 56; 206 57; 205 57; 204 58; 190 58; 188 60; 188 62; 187 63; 187 72; 186 73; 186 75; 183 78; 173 78; 172 79; 172 85; 174 87; 175 87; 176 88; 179 88; 180 89; 187 89; 188 90; 194 90; 196 88; 196 87; 197 86; 197 73; 198 72; 198 71; 200 69; 201 69; 202 68; 210 68; 212 66; 212 64; 213 63; 213 59; 212 58; 212 57; 211 56
187; 282 51; 280 53; 280 60; 281 61; 281 70; 282 71; 282 72; 284 74; 285 74; 286 75; 292 75; 293 74; 302 74; 303 75; 303 76; 304 77; 304 78; 305 79; 305 80; 306 81; 307 81; 308 82; 309 82; 310 83; 315 83; 316 82; 317 82; 320 79; 320 75; 318 73; 318 72; 317 71; 317 70; 316 69; 316 68; 315 67; 315 66; 313 64; 312 64; 311 63; 308 63; 307 62; 295 62; 292 59; 292 58; 291 57; 291 54; 288 51
188; 380 44; 379 45; 379 46; 373 52; 372 52; 369 55; 369 59; 381 71; 381 74; 378 77; 377 77; 376 78; 376 84; 379 87; 380 87; 381 88; 386 88; 387 87; 388 87; 388 86; 390 84; 390 83; 393 80; 393 79; 397 75; 397 71; 389 63; 388 63; 384 59; 384 57; 389 52; 389 47; 387 45; 386 45; 385 44
189; 117 28; 117 29; 114 32; 114 33; 113 34; 113 35; 107 41; 106 41; 105 42; 104 42; 103 41; 101 41; 100 40; 99 40; 98 39; 92 39; 91 40; 91 45; 92 45; 94 47; 95 47; 97 49; 98 49; 100 51; 101 51; 102 52; 103 52; 104 53; 105 53; 106 54; 113 54; 113 53; 114 52; 114 51; 115 50; 115 49; 116 48; 116 47; 117 46; 117 45; 118 44; 118 43; 119 42; 119 41; 120 40; 121 40; 122 39; 123 39; 124 40; 125 40; 126 41; 132 41; 133 40; 133 39; 134 38; 134 33; 131 30; 130 30; 129 29; 127 29; 126 28
190; 825 25; 824 26; 820 26; 819 27; 814 27; 813 28; 812 28; 812 36; 813 37; 813 46; 812 47; 812 48; 811 49; 810 49; 809 50; 804 50; 803 51; 802 51; 801 52; 801 54; 800 55; 800 61; 801 62; 807 62; 808 61; 811 61; 812 60; 817 60; 818 59; 822 59; 824 57; 824 48; 823 47; 823 42; 822 41; 822 40; 823 39; 823 37; 825 35; 826 35; 827 34; 834 34; 834 33; 835 32; 835 27; 833 25
191; 346 20; 344 22; 343 22; 342 23; 339 23; 338 24; 335 24; 333 26; 333 27; 332 28; 332 34; 333 35; 333 42; 331 44; 330 44; 329 45; 323 45; 321 47; 321 52; 324 55; 325 55; 326 56; 339 56; 340 55; 341 55; 342 54; 342 45; 341 44; 342 43; 342 35; 345 32; 346 32; 347 31; 348 31; 349 30; 350 30; 352 28; 352 22; 351 21; 351 20
192; 521 13; 520 14; 519 14; 519 15; 518 16; 518 22; 517 23; 517 25; 516 26; 516 29; 513 32; 511 32; 510 31; 503 31; 502 32; 502 33; 501 34; 501 38; 502 39; 502 40; 503 41; 504 41; 505 42; 507 42; 508 43; 510 43; 511 44; 517 44; 518 43; 519 43; 521 41; 521 39; 522 38; 522 37; 523 36; 523 33; 524 32; 524 27; 525 26; 525 25; 526 24; 531 24; 532 25; 533 25; 534 26; 538 26; 540 24; 540 19; 539 19; 538 18; 537 18; 536 17; 535 17; 534 16; 533 16; 532 15; 530 15; 529 14; 526 14; 525 13
193; 212 8; 212 9; 210 11; 210 12; 206 16; 206 17; 204 19; 204 20; 202 22; 200 22; 198 20; 197 20; 195 18; 190 18; 188 20; 188 26; 190 28; 191 28; 192 29; 194 29; 197 32; 198 32; 200 34; 205 34; 207 32; 207 31; 208 30; 208 29; 209 28; 209 27; 210 26; 210 25; 212 23; 212 22; 213 21; 214 21; 215 20; 218 20; 223 25; 227 25; 228 24; 229 24; 231 22; 231 21; 232 20; 232 16; 230 14; 228 14; 227 13; 225 13; 224 12; 223 12; 222 11; 221 11; 218 8
194; 628 7; 627 8; 627 9; 626 10; 626 17; 628 19; 628 20; 629 21; 629 22; 630 23; 630 25; 619 36; 619 37; 618 38; 618 43; 628 53; 629 53; 630 54; 634 54; 636 52; 636 47; 635 46; 635 45; 631 41; 631 40; 630 39; 636 33; 637 33; 638 32; 638 31; 641 28; 641 27; 642 26; 642 20; 639 17; 638 17; 635 14; 635 13; 634 12; 634 11; 633 10; 633 8; 632 7
195; 580 37; 581 46; 584 49; 600 48; 604 52; 607 59; 617 60; 617 56; 614 51; 614 41; 610 38; 592 37; 589 33
196; 589 33; 588 26; 580 22; 582 17; 593 16; 594 10; 592 8; 573 5; 568 23; 560 31; 560 41; 566 42; 578 35; 580 37
197; 962 1; 962 2; 961 3; 961 4; 960 5; 960 7; 959 8; 959 13; 958 14; 958 24; 959 25; 959 26; 960 26; 961 27; 962 27; 963 28; 969 28; 970 29; 975 29; 976 30; 977 30; 979 32; 979 33; 980 34; 980 40; 981 41; 981 43; 982 44; 983 44; 984 45; 985 45; 986 46; 991 46; 991 42; 990 41; 990 25; 989 24; 989 23; 988 22; 987 22; 986 21; 982 21; 981 20; 977 20; 976 19; 972 19; 971 18; 970 18; 969 17; 969 16; 968 15; 968 4; 966 2; 966 1
198; 983 0; 983 8; 984 9; 984 10; 986 12; 988 12; 989 13; 1002 13; 1003 14; 1004 14; 1006 16; 1006 17; 1007 18; 1007 19; 1008 20; 1008 24; 1009 25; 1009 26; 1010 27; 1012 27; 1013 28; 1018 28; 1018 24; 1015 21; 1015 18; 1016 17; 1016 6; 1015 5; 1015 4; 1014 3; 1013 3; 1012 2; 1011 2; 1010 1; 1009 1; 1008 0
199; 918 0; 918 2; 919 3; 919 4; 920 5; 920 8; 919 9; 919 15; 918 16; 918 22; 921 25; 922 25; 923 26; 925 26; 926 27; 928 27; 929 28; 932 28; 933 29; 935 29; 937 31; 937 35; 936 36; 936 37; 935 38; 935 43; 937 45; 943 45; 944 44; 944 43; 945 42; 945 41; 946 40; 946 39; 947 38; 947 37; 948 36; 948 33; 949 32; 949 25; 948 24; 947 24; 946 23; 945 23; 944 22; 943 22; 942 21; 940 21; 939 20; 935 20; 934 19; 932 19; 928 15; 928 13; 929 12; 929 9; 930 8; 930 3; 929 2; 929 0
200; 781 0; 781 2; 783 4; 783 5; 791 13; 791 14; 792 15; 792 20; 786 26; 786 31; 788 33; 792 33; 794 31; 795 31; 800 26; 801 26; 803 24; 804 24; 806 22; 806 18; 805 17; 805 16; 801 12; 801 11; 800 10; 800 9; 798 7; 798 6; 796 4; 796 3; 795 2; 795 0
201; 693 0; 693 2; 694 3; 694 7; 695 8; 695 11; 689 17; 689 28; 688 29; 688 34; 687 35; 687 36; 686 37; 685 37; 684 38; 675 38; 674 39; 674 44; 676 46; 678 46; 679 47; 684 47; 685 48; 696 48; 698 46; 698 33; 697 32; 697 28; 698 27; 698 26; 700 24; 701 24; 702 23; 706 23; 707 22; 708 22; 709 21; 710 21; 710 20; 711 19; 711 15; 710 14; 710 13; 711 12; 711 11; 715 7; 715 6; 716 5; 716 0
202; 659 0; 659 7; 660 8; 660 9; 661 9; 663 11; 664 11; 665 12; 666 12; 667 13; 670 13; 671 14; 680 14; 682 12; 682 11; 683 10; 683 9; 685 7; 685 5; 686 4; 686 0; 674 0; 674 1; 672 3; 669 3; 667 1; 667 0
203; 281 0; 281 3; 280 4; 280 8; 281 9; 282 9; 284 11; 285 11; 286 12; 287 12; 289 14; 290 14; 294 18; 295 18; 296 19; 296 20; 297 21; 297 24; 296 25; 296 26; 295 27; 295 34; 296 35; 301 35; 302 34; 302 33; 304 31; 304 29; 305 28; 305 27; 306 26; 306 24; 307 23; 307 22; 308 21; 308 16; 305 13; 304 13; 303 12; 302 12; 300 10; 299 10; 293 4; 293 3; 292 2; 292 0
204; 85 0; 85 1; 84 2; 84 4; 82 6; 82 7; 75 14; 74 13; 73 13; 69 9; 64 9; 63 10; 62 10; 61 11; 61 16; 65 20; 66 20; 67 21; 68 21; 72 25; 77 25; 78 24; 79 24; 86 17; 86 16; 89 13; 94 13; 97 16; 97 17; 100 20; 106 20; 108 18; 108 17; 109 16; 109 14; 110 13; 111 13; 112 12; 113 12; 115 10; 116 10; 117 9; 118 9; 119 8; 124 8; 125 7; 127 7; 128 6; 128 4; 129 3; 129 0; 106 0; 106 5; 107 6; 107 11; 106 12; 101 12; 97 8; 97 7; 94 4; 94 3; 93 2; 93 0
205; 0 0; 0 48; 9 48; 12 45; 12 42; 14 40; 16 40; 17 41; 17 48; 18 49; 18 50; 19 51; 19 57; 20 58; 20 59; 24 63; 29 63; 31 61; 31 60; 32 59; 32 49; 33 48; 33 47; 35 45; 35 41; 34 40; 34 39; 29 34; 29 33; 28 32; 28 29; 25 26; 13 26; 12 25; 9 25; 6 22; 6 18; 7 17; 7 16; 8 15; 8 14; 9 13; 9 10; 10 9; 10 8; 12 6; 12 5; 15 2; 15 0
