0; 131 987; 130 988; 129 988; 128 989; 128 990; 126 992; 125 992; 124 993; 123 993; 122 994; 120 992; 120 991; 112 991; 111 992; 110 992; 109 993; 108 993; 107 994; 107 1002; 108 1003; 108 1005; 109 1006; 109 1008; 110 1009; 110 1011; 111 1012; 111 1013; 110 1014; 110 1015; 108 1017; 107 1017; 107 1023; 126 1023; 126 1018; 125 1017; 125 1015; 124 1014; 124 1013; 123 1012; 123 1010; 122 1009; 122 1007; 121 1006; 121 1005; 120 1004; 120 1000; 122 998; 126 998; 127 997; 129 997; 130 996; 134 996; 135 995; 136 995; 136 988; 135 987
1; 381 948; 381 950; 380 951; 379 951; 378 952; 377 951; 376 951; 374 949; 368 949; 367 950; 366 950; 364 952; 359 952; 358 953; 357 953; 355 955; 355 960; 356 961; 356 963; 357 964; 357 965; 358 966; 358 968; 359 969; 359 970; 360 971; 360 972; 361 973; 361 975; 360 976; 360 977; 359 978; 358 978; 357 979; 356 979; 355 980; 354 980; 353 981; 352 981; 350 983; 350 984; 349 985; 349 989; 353 989; 354 988; 361 988; 362 987; 365 987; 366 986; 367 986; 368 985; 370 985; 371 984; 372 984; 374 982; 374 974; 373 973; 373 972; 372 971; 372 969; 371 968; 371 967; 369 965; 369 963; 368 962; 368 961; 371 958; 382 958; 384 956; 384 955; 386 953; 386 949; 385 948
2; 422 990; 422 980; 412 981; 407 986; 399 986; 395 994; 402 1010; 395 1014; 395 1018; 411 1020; 416 1016; 411 996; 413 992; 420 993
3; 420 993; 430 1014; 434 1014; 433 1001; 449 994; 452 989; 452 983; 444 967; 438 964; 435 964; 433 974; 440 981; 438 986; 426 991; 422 990
4; 438 964; 438 958; 432 956; 433 944; 429 940; 401 941; 399 944; 402 953; 417 951; 422 954; 423 963; 435 964
5; 136 934; 136 935; 135 936; 135 937; 134 938; 134 946; 135 947; 136 947; 137 948; 147 948; 148 949; 152 949; 156 953; 156 954; 155 955; 155 963; 156 964; 157 964; 158 965; 159 965; 160 966; 167 966; 167 955; 166 954; 166 942; 165 941; 165 940; 164 940; 163 939; 155 939; 154 938; 150 938; 149 937; 147 937; 144 934
6; 508 926; 505 929; 505 930; 504 931; 504 933; 503 934; 503 935; 502 936; 502 937; 501 938; 501 939; 500 940; 500 941; 497 944; 495 944; 493 942; 492 942; 489 939; 485 939; 484 940; 483 940; 481 942; 481 946; 482 947; 483 947; 485 949; 486 949; 492 955; 493 955; 494 956; 495 956; 496 957; 503 957; 506 954; 506 952; 507 951; 507 950; 508 949; 508 948; 509 947; 509 946; 510 945; 510 944; 514 940; 517 940; 518 941; 519 941; 520 942; 524 942; 527 939; 527 935; 525 933; 524 933; 523 932; 522 932; 519 929; 518 929; 517 928; 516 928; 515 927; 514 927; 513 926
7; 978 903; 978 908; 979 908; 980 909; 980 910; 981 911; 981 914; 982 915; 982 916; 984 918; 985 918; 986 919; 987 919; 989 921; 988 922; 988 926; 987 927; 987 928; 986 929; 986 930; 984 932; 984 933; 983 934; 983 935; 980 938; 980 944; 984 948; 991 948; 992 947; 992 944; 993 943; 993 940; 994 939; 994 937; 999 932; 999 931; 1003 927; 1003 926; 1004 925; 1004 919; 1002 917; 1001 917; 1000 916; 999 916; 998 915; 997 915; 991 909; 991 908; 989 906; 988 906; 987 905; 985 905; 983 903
8; 80 880; 79 881; 78 881; 78 882; 76 884; 76 885; 75 886; 75 887; 72 890; 72 891; 68 895; 67 895; 66 896; 65 896; 64 895; 62 895; 60 893; 53 893; 51 895; 51 901; 53 901; 54 902; 55 902; 56 903; 57 903; 58 904; 60 904; 62 906; 63 906; 65 908; 66 908; 67 909; 73 909; 75 907; 75 906; 77 904; 77 903; 78 902; 78 901; 79 900; 79 899; 81 897; 81 896; 84 893; 88 893; 89 894; 89 895; 91 897; 91 898; 92 899; 99 899; 100 898; 100 893; 98 891; 96 891; 95 890; 94 890; 91 887; 91 886; 90 885; 90 884; 88 882; 87 882; 85 880
9; 732 870; 731 871; 727 871; 726 872; 724 872; 723 873; 722 873; 721 874; 721 875; 720 876; 720 894; 717 897; 715 897; 714 898; 712 898; 711 899; 710 899; 705 904; 705 910; 709 910; 710 909; 713 909; 714 908; 719 908; 720 907; 726 907; 727 906; 729 906; 730 905; 731 905; 732 904; 732 894; 731 893; 731 888; 732 887; 732 884; 733 883; 733 882; 737 878; 738 878; 739 877; 741 877; 742 876; 742 872; 741 871; 737 871; 736 870
10; 202 866; 197 871; 196 871; 195 870; 191 870; 191 880; 192 881; 192 883; 189 886; 183 886; 180 883; 175 883; 174 884; 174 891; 175 891; 176 892; 179 892; 180 893; 180 894; 181 895; 181 896; 182 897; 187 897; 188 896; 191 896; 192 897; 200 897; 201 896; 201 895; 202 894; 202 892; 203 891; 203 888; 204 887; 204 886; 205 885; 205 883; 206 882; 206 881; 209 878; 213 878; 213 874; 214 873; 214 869; 213 868; 211 868; 209 866
11; 40 825; 37 828; 37 833; 38 834; 39 834; 40 835; 41 835; 42 836; 43 836; 44 837; 46 837; 47 838; 48 838; 50 840; 50 846; 49 847; 49 849; 48 850; 48 851; 47 852; 47 855; 46 856; 46 862; 48 864; 49 864; 51 866; 52 866; 56 870; 60 870; 61 871; 61 875; 62 876; 68 876; 68 872; 67 871; 61 871; 60 870; 60 867; 62 865; 62 861; 60 859; 60 858; 59 857; 59 855; 60 854; 60 852; 61 851; 61 849; 62 848; 62 846; 63 845; 63 844; 64 843; 64 838; 63 837; 63 836; 61 834; 60 834; 59 833; 51 833; 48 830; 48 829; 44 825
12; 631 797; 630 798; 628 798; 627 799; 621 799; 620 800; 619 800; 618 801; 617 801; 616 802; 615 802; 613 804; 613 809; 614 810; 614 811; 616 813; 616 814; 617 815; 617 817; 618 818; 618 819; 619 820; 619 822; 620 823; 620 825; 619 826; 619 827; 618 828; 617 828; 616 829; 615 829; 614 830; 612 830; 609 833; 609 838; 610 839; 615 839; 617 837; 618 837; 619 836; 623 836; 624 835; 625 835; 626 834; 627 834; 630 831; 631 831; 633 829; 633 823; 631 821; 631 820; 630 819; 630 818; 629 817; 629 816; 628 815; 628 814; 627 813; 627 811; 628 810; 628 809; 630 807; 632 807; 636 803; 636 802; 637 801; 637 797
13; 187 756; 185 758; 184 758; 183 759; 182 759; 180 761; 180 765; 181 765; 183 767; 183 768; 184 769; 185 769; 186 770; 189 770; 191 772; 191 773; 193 775; 193 776; 195 778; 195 779; 196 780; 196 781; 197 782; 197 783; 200 786; 204 786; 206 784; 207 784; 214 777; 215 777; 217 775; 218 775; 219 774; 220 774; 221 773; 221 769; 218 766; 213 766; 212 767; 212 768; 208 772; 204 772; 200 768; 200 767; 199 766; 199 765; 197 763; 197 762; 195 760; 195 759; 192 756
14; 456 755; 455 756; 455 758; 454 759; 454 770; 455 771; 454 772; 454 777; 456 779; 456 780; 466 780; 467 779; 470 779; 471 780; 473 780; 474 781; 479 781; 481 779; 486 779; 487 778; 487 772; 485 770; 485 769; 484 769; 483 768; 478 768; 477 769; 466 769; 463 766; 463 765; 462 764; 463 763; 463 759; 460 756; 460 755
15; 30 771; 30 763; 27 758; 23 758; 16 764; 0 763; 0 791; 6 791; 2 778; 7 774; 20 773; 24 775
16; 24 775; 29 787; 33 787; 35 785; 44 785; 55 779; 58 776; 58 771; 55 767; 55 761; 49 752; 42 754; 42 760; 46 765; 46 769; 38 773; 32 773; 30 771
17; 784 712; 783 713; 781 713; 779 715; 779 724; 776 727; 765 727; 764 726; 759 726; 758 727; 757 727; 757 728; 756 729; 756 730; 755 731; 755 744; 753 746; 753 751; 754 752; 754 753; 758 753; 761 750; 761 749; 762 748; 762 746; 763 745; 763 742; 767 738; 780 738; 781 739; 786 739; 788 737; 788 731; 787 730; 787 728; 786 727; 786 726; 787 725; 787 724; 788 723; 789 723; 791 721; 791 715; 790 714; 790 713; 789 712
18; 604 678; 602 680; 602 684; 603 685; 603 686; 604 687; 604 688; 603 689; 603 690; 601 692; 601 693; 600 694; 600 696; 599 697; 599 702; 600 703; 600 704; 601 705; 601 706; 602 707; 603 707; 604 708; 606 708; 607 709; 617 709; 618 710; 620 710; 622 712; 622 713; 623 714; 623 718; 624 719; 624 720; 625 721; 632 721; 633 720; 633 713; 634 712; 634 711; 635 710; 635 704; 634 703; 634 701; 633 700; 633 699; 632 699; 631 698; 621 698; 620 697; 614 697; 611 694; 611 693; 610 692; 610 691; 609 690; 609 686; 611 684; 611 678
19; 125 663; 123 665; 123 667; 122 668; 122 670; 121 671; 121 673; 120 674; 120 676; 119 677; 119 679; 116 682; 113 682; 111 680; 106 680; 105 681; 104 681; 102 683; 102 688; 103 689; 105 689; 106 690; 108 690; 109 691; 110 691; 111 692; 113 692; 114 693; 115 693; 116 694; 120 694; 121 693; 131 693; 131 686; 130 685; 130 681; 131 680; 131 679; 134 676; 137 676; 138 677; 139 677; 140 678; 146 678; 150 674; 150 670; 148 670; 147 669; 145 669; 144 668; 143 668; 142 667; 140 667; 139 666; 138 666; 137 665; 136 665; 135 664; 134 664; 133 663
20; 212 635; 212 641; 213 642; 213 643; 214 644; 214 648; 215 649; 215 654; 216 655; 216 658; 217 659; 217 660; 218 660; 219 661; 223 661; 224 660; 226 660; 227 659; 230 659; 231 658; 234 658; 235 657; 238 657; 241 660; 241 662; 242 663; 248 663; 249 662; 250 662; 251 661; 251 657; 250 656; 250 654; 249 653; 249 650; 248 649; 248 647; 245 644; 240 644; 239 645; 236 645; 235 646; 233 646; 232 647; 230 647; 229 648; 227 648; 224 645; 224 639; 223 638; 223 637; 221 635
21; 889 625; 888 626; 888 630; 890 632; 890 633; 893 636; 893 641; 892 642; 892 644; 889 647; 884 647; 883 646; 882 646; 878 642; 874 642; 872 644; 872 645; 871 646; 871 651; 874 651; 875 652; 877 652; 880 655; 881 655; 883 657; 884 657; 887 660; 888 660; 889 661; 894 661; 896 659; 896 658; 897 657; 897 656; 898 655; 898 654; 899 653; 899 652; 900 651; 900 650; 901 649; 901 648; 902 647; 902 646; 903 645; 903 644; 904 643; 904 642; 905 641; 905 640; 906 639; 906 638; 907 637; 907 630; 905 628; 904 628; 903 627; 898 627; 897 626; 896 626; 895 625
22; 914 544; 911 547; 911 552; 914 555; 914 558; 913 559; 913 560; 912 561; 912 568; 913 569; 913 570; 915 572; 923 572; 924 571; 934 571; 936 573; 936 582; 940 586; 941 586; 942 587; 947 587; 948 586; 948 582; 947 581; 947 568; 946 567; 946 566; 942 562; 942 559; 940 557; 930 557; 929 558; 928 558; 927 559; 924 559; 923 558; 922 558; 921 557; 921 553; 922 552; 922 547; 919 544
23; 143 527; 141 529; 141 531; 140 532; 140 541; 139 542; 139 543; 137 545; 137 546; 131 552; 131 553; 126 558; 126 565; 127 566; 128 566; 129 567; 130 567; 132 569; 133 569; 136 572; 136 573; 137 573; 138 574; 142 574; 143 573; 144 573; 144 567; 139 562; 139 559; 140 558; 140 557; 145 552; 145 551; 147 549; 147 548; 150 545; 150 544; 151 543; 151 536; 150 535; 150 530; 149 529; 149 528; 148 528; 147 527
24; 8 516; 8 517; 7 518; 7 531; 8 532; 8 533; 9 534; 9 541; 10 542; 10 543; 11 544; 11 545; 12 545; 13 546; 17 546; 18 545; 23 545; 24 544; 32 544; 34 546; 34 547; 35 548; 35 551; 38 554; 39 554; 41 556; 45 556; 45 549; 44 548; 44 539; 43 538; 43 535; 42 534; 42 533; 41 532; 40 532; 39 531; 34 531; 33 532; 28 532; 27 533; 20 533; 18 531; 18 529; 17 528; 17 523; 16 522; 16 518; 14 516
25; 72 423; 70 425; 70 429; 72 431; 72 434; 74 436; 74 438; 75 439; 75 445; 76 446; 76 448; 77 449; 77 450; 79 452; 89 452; 90 451; 94 451; 95 450; 98 450; 103 455; 103 459; 102 460; 102 464; 104 466; 105 466; 106 467; 113 467; 113 462; 112 461; 112 460; 111 459; 111 454; 112 453; 112 448; 111 447; 111 444; 110 443; 110 440; 107 437; 100 437; 99 438; 89 438; 88 437; 88 435; 83 435; 82 436; 80 436; 78 434; 78 433; 79 432; 79 431; 80 430; 80 425; 78 423
26; 453 394; 453 395; 448 400; 448 407; 447 408; 447 417; 450 420; 450 421; 451 422; 451 425; 455 425; 456 424; 458 424; 459 423; 461 423; 462 422; 468 422; 470 424; 470 425; 471 426; 471 429; 472 430; 472 431; 473 432; 473 433; 475 435; 476 435; 477 436; 482 436; 483 435; 483 431; 482 430; 482 426; 481 425; 481 420; 480 419; 480 412; 478 410; 468 410; 467 411; 459 411; 458 410; 457 410; 455 408; 456 407; 456 406; 457 405; 457 394
27; 317 386; 316 387; 315 387; 312 390; 309 390; 308 389; 302 389; 301 390; 300 390; 298 392; 298 400; 299 401; 299 402; 300 403; 300 404; 301 405; 301 406; 302 407; 302 408; 303 409; 303 410; 304 411; 304 413; 302 415; 301 415; 300 416; 298 416; 295 419; 295 423; 296 424; 296 426; 302 426; 303 425; 305 425; 306 424; 307 424; 308 423; 310 423; 311 422; 313 422; 314 421; 315 421; 316 420; 317 420; 318 419; 318 413; 317 412; 317 411; 316 410; 316 409; 315 408; 315 407; 314 406; 314 405; 313 404; 313 402; 312 401; 312 397; 314 395; 316 395; 317 396; 322 396; 323 395; 326 395; 326 389; 323 386
28; 1010 369; 1008 371; 1008 372; 1007 373; 1007 380; 1003 384; 1002 384; 1001 385; 1001 391; 1002 392; 1002 395; 1003 396; 1010 396; 1013 399; 1013 407; 1008 412; 1008 416; 1010 418; 1010 419; 1014 419; 1014 415; 1015 414; 1015 413; 1016 412; 1018 412; 1019 411; 1023 411; 1023 371; 1017 371; 1015 369
29; 11 367; 10 368; 3 368; 2 369; 0 369; 0 378; 9 378; 13 382; 13 386; 12 387; 12 391; 13 392; 13 393; 14 394; 20 394; 20 393; 21 392; 21 387; 22 386; 22 370; 19 367
30; 459 359; 456 362; 455 362; 452 365; 451 365; 449 367; 448 367; 447 368; 445 368; 444 369; 440 369; 439 370; 436 370; 431 365; 425 365; 424 366; 423 366; 420 369; 420 374; 422 374; 423 375; 429 375; 430 374; 431 374; 432 373; 433 373; 437 377; 437 378; 439 380; 439 381; 440 382; 445 382; 446 381; 447 381; 451 377; 452 377; 454 375; 455 375; 456 374; 457 374; 458 373; 460 373; 461 374; 465 374; 465 373; 468 370; 468 369; 469 368; 469 364; 468 363; 468 362; 467 361; 467 360; 466 360; 465 359
31; 621 388; 618 391; 600 393; 601 399; 607 399; 611 396; 614 396; 622 402; 628 402; 630 400; 632 392
32; 645 371; 646 367; 653 365; 653 361; 650 358; 644 358; 637 349; 632 349; 613 369
33; 613 369; 613 373; 621 381; 621 388; 632 392; 634 390; 640 389; 639 381; 641 379; 645 381; 653 381; 653 376; 645 371
34; 368 346; 367 347; 367 357; 366 358; 366 370; 367 371; 367 372; 369 374; 370 374; 371 375; 376 375; 377 374; 388 374; 391 377; 391 385; 392 386; 392 387; 393 388; 393 390; 397 390; 400 387; 400 372; 399 371; 399 370; 397 368; 397 366; 396 365; 396 363; 395 362; 390 362; 389 363; 378 363; 376 361; 376 360; 375 359; 375 348; 374 348; 372 346
35; 319 330; 318 331; 316 331; 315 332; 315 333; 314 334; 314 335; 313 336; 313 339; 312 340; 312 342; 311 343; 311 345; 310 346; 310 347; 306 351; 303 351; 302 350; 296 350; 296 351; 295 352; 295 357; 301 357; 304 360; 305 360; 306 361; 307 361; 308 362; 309 362; 310 363; 314 363; 317 360; 317 359; 318 358; 318 356; 319 355; 319 353; 320 352; 320 351; 321 350; 321 348; 322 347; 322 346; 325 343; 330 343; 330 338; 329 337; 329 334; 328 333; 328 332; 327 332; 326 331; 325 331; 324 330
36; 797 325; 797 334; 804 341; 804 342; 805 343; 805 344; 808 347; 808 348; 810 350; 814 350; 818 346; 819 346; 821 344; 822 344; 825 341; 826 341; 827 340; 829 340; 830 339; 831 339; 835 343; 835 345; 836 346; 836 347; 838 349; 839 349; 840 350; 846 350; 847 349; 847 344; 844 341; 843 341; 839 337; 839 335; 838 334; 838 331; 837 330; 837 329; 834 326; 828 326; 826 328; 825 328; 823 330; 822 330; 820 332; 819 332; 817 334; 816 334; 815 335; 812 335; 807 330; 807 329; 805 327; 805 326; 804 326; 803 325
37; 949 324; 949 331; 950 332; 950 333; 952 335; 953 335; 954 336; 955 336; 957 338; 957 339; 958 340; 958 343; 957 344; 957 345; 952 350; 951 350; 946 355; 946 361; 950 365; 951 365; 954 368; 960 368; 961 367; 961 361; 960 360; 960 359; 961 358; 961 357; 965 353; 965 352; 972 345; 972 339; 967 334; 966 334; 965 333; 964 333; 956 325; 955 325; 954 324
38; 54 286; 54 292; 56 294; 57 294; 59 296; 60 296; 62 298; 63 298; 65 300; 65 304; 64 305; 64 306; 62 308; 62 309; 58 313; 58 314; 57 315; 57 320; 62 325; 63 325; 65 327; 66 327; 67 328; 71 328; 72 329; 73 329; 74 330; 74 331; 76 333; 80 333; 80 332; 81 331; 81 324; 80 323; 79 323; 77 321; 76 321; 74 319; 73 319; 72 318; 72 317; 71 316; 71 315; 72 314; 72 313; 74 311; 74 310; 76 308; 76 307; 78 305; 78 304; 81 301; 81 297; 78 294; 76 294; 75 293; 72 293; 69 290; 68 290; 67 289; 62 289; 59 286
39; 734 279; 733 280; 731 280; 731 284; 732 285; 733 285; 734 286; 735 286; 736 287; 738 287; 741 290; 741 291; 742 292; 742 295; 741 296; 741 297; 740 298; 740 300; 739 301; 739 303; 738 304; 738 305; 737 306; 737 307; 736 308; 736 314; 738 316; 739 316; 740 317; 741 317; 742 318; 743 318; 744 319; 745 319; 746 320; 748 320; 749 321; 751 321; 752 322; 759 322; 761 320; 761 313; 754 313; 753 312; 752 312; 749 309; 749 306; 750 305; 750 304; 752 302; 752 300; 753 299; 753 298; 754 297; 754 296; 755 295; 755 287; 753 285; 752 285; 751 284; 749 284; 748 283; 746 283; 745 282; 744 282; 743 281; 741 281; 740 280; 739 280; 738 279
40; 579 265; 577 267; 577 268; 576 269; 576 270; 574 272; 574 273; 572 275; 572 276; 568 280; 566 280; 565 279; 563 279; 562 278; 558 278; 557 279; 556 279; 556 284; 557 285; 557 286; 564 293; 565 293; 566 294; 572 294; 575 291; 575 290; 577 288; 577 287; 580 284; 580 283; 583 280; 584 280; 585 279; 590 284; 591 284; 593 286; 594 286; 595 287; 599 287; 600 286; 602 286; 603 285; 603 281; 602 280; 601 280; 595 274; 594 274; 592 272; 592 271; 588 267; 587 267; 585 265
41; 771 242; 766 247; 765 247; 762 250; 762 251; 761 252; 761 254; 759 256; 759 257; 758 258; 758 259; 757 260; 757 261; 756 262; 756 269; 757 270; 758 270; 759 271; 760 271; 761 272; 762 272; 763 273; 765 273; 766 274; 767 274; 768 275; 769 275; 771 277; 771 278; 772 279; 772 280; 778 280; 780 282; 784 282; 785 281; 785 280; 786 279; 786 273; 783 270; 782 270; 781 269; 780 269; 779 268; 778 268; 777 267; 776 267; 775 266; 774 266; 773 265; 772 265; 768 261; 768 257; 772 253; 774 253; 776 251; 776 245; 775 244; 775 242
42; 365 272; 371 273; 374 270; 376 258; 382 248; 382 242; 372 234; 361 233; 353 235; 349 243
43; 349 243; 336 254; 337 261; 347 273; 347 276; 351 285; 355 284; 361 278; 363 273; 365 272
44; 911 217; 910 218; 909 218; 907 220; 907 224; 910 227; 910 228; 911 229; 911 230; 912 231; 912 233; 913 234; 913 237; 914 238; 914 240; 916 242; 925 242; 926 241; 928 241; 929 240; 931 240; 932 239; 937 239; 940 242; 940 243; 939 244; 939 249; 943 249; 945 247; 950 247; 950 241; 949 240; 949 237; 948 236; 948 232; 947 231; 947 228; 946 227; 946 226; 945 225; 939 225; 938 226; 936 226; 935 227; 933 227; 932 228; 930 228; 929 229; 924 229; 922 227; 922 226; 921 225; 921 224; 920 223; 920 222; 918 220; 918 219; 917 218; 916 218; 915 217
45; 804 204; 803 205; 802 205; 800 207; 799 207; 796 210; 796 215; 797 216; 797 217; 798 218; 798 221; 799 222; 799 228; 793 234; 793 239; 794 239; 795 240; 806 240; 807 239; 808 239; 809 238; 810 238; 811 237; 811 236; 812 235; 812 231; 811 230; 811 223; 810 222; 810 220; 811 219; 811 218; 813 216; 814 216; 814 212; 813 212; 811 210; 811 209; 810 208; 810 207; 809 206; 809 205; 808 204
46; 363 187; 363 193; 364 194; 364 197; 365 198; 365 202; 366 203; 366 204; 367 205; 367 206; 368 206; 369 207; 373 207; 374 206; 378 206; 379 205; 383 205; 384 204; 388 204; 391 207; 391 211; 392 212; 392 213; 394 215; 401 215; 401 207; 400 206; 400 202; 399 201; 399 198; 398 197; 398 195; 397 194; 397 193; 395 191; 390 191; 389 192; 387 192; 386 193; 382 193; 381 194; 377 194; 376 193; 375 193; 373 191; 373 190; 372 189; 372 188; 371 187
47; 898 180; 897 181; 896 181; 895 182; 895 183; 894 184; 894 185; 891 188; 887 188; 886 187; 872 187; 872 188; 871 189; 871 192; 870 193; 870 197; 874 197; 875 198; 876 198; 877 199; 891 199; 892 200; 900 200; 901 199; 902 199; 902 198; 903 197; 903 196; 904 195; 904 194; 908 190; 908 186; 907 185; 907 184; 904 181; 903 181; 902 180
48; 686 171; 685 172; 684 172; 684 173; 682 175; 682 176; 681 177; 681 178; 680 179; 680 180; 674 186; 673 186; 672 187; 668 187; 668 190; 667 191; 667 197; 668 197; 670 199; 671 199; 673 201; 678 201; 681 198; 681 197; 683 195; 683 194; 684 193; 684 192; 687 189; 687 188; 690 185; 691 185; 696 180; 696 175; 694 173; 693 173; 691 171
49; 350 162; 348 164; 348 166; 347 167; 347 168; 346 169; 346 171; 345 172; 345 174; 344 175; 344 179; 343 180; 343 181; 342 182; 341 182; 339 184; 339 190; 344 195; 348 195; 351 192; 351 191; 352 190; 352 188; 353 187; 353 186; 356 183; 358 183; 359 184; 363 184; 363 179; 361 179; 359 177; 359 176; 361 174; 362 174; 362 173; 365 170; 366 170; 367 169; 369 169; 371 171; 371 172; 373 174; 378 174; 378 173; 379 172; 379 171; 380 170; 380 169; 381 168; 381 164; 380 163; 375 163; 374 164; 372 164; 371 163; 367 163; 366 164; 360 164; 359 163; 358 163; 357 162
50; 732 165; 729 168; 722 165; 718 153; 714 153; 712 158; 712 165; 717 174; 726 176; 721 199; 729 204; 739 203; 741 208; 748 209; 748 204; 736 197; 734 191; 740 169
51; 740 169; 743 167; 748 173; 753 173; 756 171; 757 165; 753 160; 746 160; 738 152; 730 134; 726 133; 721 127; 711 127; 716 140; 726 148; 732 165
52; 446 80; 446 81; 444 83; 444 88; 447 91; 448 91; 452 95; 452 98; 451 99; 451 100; 449 102; 449 103; 448 104; 448 105; 447 106; 447 107; 444 110; 444 118; 446 120; 447 120; 449 122; 450 122; 454 126; 455 126; 456 127; 463 127; 464 126; 464 119; 459 114; 459 109; 461 107; 461 106; 462 105; 462 104; 464 102; 464 101; 466 99; 466 98; 467 97; 467 91; 465 89; 464 89; 463 88; 462 88; 460 86; 459 86; 457 84; 456 84; 455 83; 454 83; 451 80
53; 984 63; 983 64; 983 65; 982 66; 982 72; 983 73; 984 73; 985 74; 985 77; 984 78; 984 86; 987 89; 998 89; 999 88; 1002 88; 1003 87; 1008 87; 1009 88; 1010 88; 1012 90; 1012 92; 1011 93; 1011 94; 1010 95; 1010 100; 1009 101; 1009 103; 1008 104; 1008 105; 1007 106; 1007 110; 1008 111; 1008 112; 1012 112; 1012 111; 1013 110; 1013 106; 1014 105; 1014 103; 1017 100; 1018 100; 1019 99; 1023 99; 1023 93; 1020 93; 1019 92; 1018 92; 1016 90; 1016 89; 1017 88; 1017 87; 1018 86; 1019 86; 1019 81; 1018 80; 1018 79; 1017 78; 1017 77; 1014 74; 1009 74; 1008 75; 1005 75; 1004 76; 1001 76; 1000 77; 995 77; 992 74; 992 69; 991 68; 991 66; 990 65; 990 64; 989 63
54; 863 61; 861 63; 860 63; 859 64; 859 65; 858 66; 858 69; 855 72; 853 72; 852 73; 850 73; 849 74; 848 74; 847 75; 846 75; 844 77; 844 82; 845 83; 845 84; 846 85; 846 86; 847 87; 847 89; 849 91; 849 92; 850 93; 850 94; 851 95; 851 98; 849 100; 848 100; 847 101; 841 101; 840 102; 838 102; 838 106; 839 107; 839 108; 840 109; 840 110; 842 112; 847 112; 848 111; 849 111; 850 110; 852 110; 853 109; 855 109; 856 108; 858 108; 859 107; 861 107; 862 106; 863 106; 865 104; 865 97; 864 96; 864 95; 863 94; 863 93; 862 92; 862 91; 861 90; 861 89; 859 87; 859 86; 858 85; 858 81; 859 80; 859 79; 860 78; 860 77; 862 75; 863 75; 863 74; 866 71; 866 70; 867 69; 867 68; 868 67; 868 62; 867 61
55; 675 56; 672 59; 672 62; 671 63; 671 67; 670 68; 670 71; 669 72; 669 73; 668 74; 668 75; 666 77; 654 77; 651 80; 651 81; 650 82; 650 86; 657 86; 658 87; 661 87; 662 88; 665 88; 666 89; 668 89; 669 90; 670 90; 671 91; 675 91; 676 90; 676 89; 677 88; 677 86; 678 85; 678 81; 679 80; 679 78; 680 77; 680 75; 685 70; 686 70; 686 64; 685 63; 685 57; 682 57; 681 56
56; 296 46; 296 52; 297 53; 297 56; 299 58; 299 59; 300 60; 300 68; 301 69; 301 72; 302 73; 302 74; 303 75; 304 75; 305 76; 309 76; 310 75; 316 75; 317 74; 323 74; 324 75; 325 75; 326 76; 326 77; 327 78; 332 78; 334 76; 334 75; 335 74; 335 66; 334 65; 334 63; 332 61; 321 61; 320 62; 318 62; 317 63; 312 63; 311 62; 310 62; 309 61; 308 61; 305 58; 305 49; 303 47; 302 47; 301 46
