0; 779 1009; 778 1010; 778 1017; 780 1019; 781 1019; 782 1020; 786 1020; 789 1023; 802 1023; 802 1015; 801 1014; 801 1013; 800 1013; 799 1012; 794 1012; 793 1011; 790 1011; 789 1010; 786 1010; 785 1009
1; 985 995; 983 997; 983 1002; 984 1003; 984 1004; 985 1005; 985 1008; 981 1012; 978 1012; 977 1013; 974 1013; 973 1014; 972 1014; 971 1015; 969 1015; 968 1016; 967 1016; 964 1019; 964 1020; 963 1021; 963 1023; 990 1023; 990 1022; 992 1020; 993 1020; 994 1019; 995 1019; 995 1018; 996 1017; 996 1011; 995 1010; 995 1008; 994 1007; 994 1002; 993 1001; 993 998; 990 995
2; 323 990; 322 991; 322 998; 323 999; 323 1001; 324 1002; 324 1010; 325 1011; 325 1012; 327 1014; 336 1014; 337 1013; 341 1013; 342 1012; 345 1012; 346 1013; 347 1013; 349 1015; 349 1020; 350 1021; 350 1023; 359 1023; 359 1010; 358 1009; 358 1005; 357 1004; 357 1003; 355 1001; 354 1001; 353 1000; 349 1000; 348 1001; 340 1001; 339 1002; 336 1002; 333 999; 333 998; 332 997; 332 996; 331 995; 331 994; 330 993; 330 991; 329 990
3; 211 960; 210 961; 209 961; 209 967; 210 968; 210 971; 211 972; 211 975; 212 976; 212 981; 213 982; 213 983; 214 984; 224 984; 225 983; 233 983; 236 986; 236 987; 237 988; 237 994; 239 996; 243 996; 245 994; 245 976; 244 975; 244 973; 243 972; 243 971; 242 971; 241 970; 237 970; 236 971; 233 971; 232 972; 226 972; 225 973; 224 973; 223 972; 222 972; 220 970; 220 969; 219 968; 219 966; 218 965; 218 963; 215 960
4; 565 953; 564 954; 563 954; 561 956; 560 956; 558 958; 556 958; 554 960; 553 960; 550 963; 550 967; 551 968; 551 969; 553 971; 553 972; 556 975; 556 976; 559 979; 559 980; 560 981; 560 983; 559 984; 559 985; 557 987; 556 987; 553 990; 553 996; 554 997; 559 997; 561 995; 562 995; 564 993; 565 993; 566 992; 567 992; 569 990; 570 990; 574 986; 574 982; 572 980; 572 979; 567 974; 567 973; 564 970; 564 965; 566 963; 567 963; 569 961; 570 961; 571 960; 571 953
5; 729 940; 729 941; 728 942; 728 945; 727 946; 727 949; 726 950; 726 963; 728 965; 735 965; 736 966; 746 966; 749 969; 749 974; 748 975; 748 980; 750 982; 756 982; 756 980; 757 979; 757 974; 758 973; 758 958; 756 956; 742 956; 741 955; 738 955; 736 953; 736 942; 734 940
6; 830 976; 826 981; 816 986; 815 991; 818 995; 832 991; 844 1006; 848 1006; 863 995; 862 986
7; 862 986; 866 982; 866 975; 862 960; 861 959; 839 964; 833 953; 824 954; 830 968; 830 976
8; 862 960; 881 962; 884 965; 883 975; 890 977; 895 956; 891 952; 876 950; 873 946; 874 935; 866 933; 861 959
9; 201 912; 200 913; 199 913; 197 915; 196 915; 195 916; 194 916; 191 919; 190 919; 187 922; 187 927; 188 928; 188 929; 193 934; 193 935; 196 938; 196 939; 197 940; 197 943; 194 946; 193 946; 192 947; 191 947; 189 949; 189 954; 191 956; 196 956; 197 955; 198 955; 199 954; 200 954; 202 952; 203 952; 205 950; 206 950; 210 946; 210 940; 209 939; 209 938; 205 934; 205 933; 202 930; 202 929; 201 928; 201 924; 206 919; 206 918; 207 917; 207 912
10; 390 903; 389 904; 389 908; 390 909; 390 912; 391 913; 391 914; 392 915; 392 919; 393 920; 393 925; 394 926; 394 927; 412 927; 415 930; 415 931; 416 932; 416 937; 417 938; 417 939; 418 940; 423 940; 424 939; 424 938; 425 937; 425 919; 422 916; 403 916; 400 913; 400 911; 399 910; 399 907; 398 906; 398 904; 397 903
11; 539 884; 535 888; 535 894; 532 897; 530 897; 529 898; 528 898; 527 899; 526 899; 525 900; 524 900; 523 901; 522 901; 521 902; 520 902; 518 904; 518 910; 519 911; 519 912; 520 913; 520 914; 521 915; 521 916; 523 918; 523 919; 525 921; 525 922; 526 923; 526 924; 527 925; 531 925; 534 922; 534 917; 531 914; 531 913; 530 912; 530 911; 531 910; 531 909; 532 908; 533 908; 534 907; 535 907; 536 906; 537 906; 538 905; 540 905; 541 904; 542 904; 543 903; 544 903; 545 902; 546 902; 548 900; 548 894; 547 893; 547 891; 546 890; 546 889; 545 888; 545 887; 543 885; 543 884
12; 128 889; 119 906; 106 905; 107 911; 115 917; 112 921; 102 925; 95 913; 88 915; 96 937; 118 931; 125 940; 130 940; 131 934; 125 922; 133 902
13; 133 902; 147 900; 149 912; 155 912; 166 898; 166 893; 151 882; 156 874; 155 867; 147 869; 128 889
14; 996 902; 992 914; 984 924; 978 921; 971 923; 973 930; 986 937; 993 935; 1002 918; 1014 920; 1016 918; 1016 911; 1007 908; 1004 903
15; 1019 886; 1023 886; 1023 861; 1016 861; 1005 851; 999 851; 997 853; 997 858; 1004 864; 1004 868
16; 1004 868; 994 880; 994 885; 999 891; 995 894; 996 902; 1004 903; 1015 895; 1019 886
17; 521 843; 519 845; 518 845; 517 846; 516 846; 515 847; 514 847; 513 848; 512 848; 511 849; 510 849; 506 853; 506 857; 507 858; 507 859; 508 860; 508 861; 509 862; 509 863; 510 864; 510 865; 511 866; 511 867; 512 868; 512 869; 513 870; 513 873; 508 878; 507 878; 504 881; 504 887; 505 888; 505 889; 510 889; 514 885; 515 885; 516 884; 517 884; 519 882; 521 882; 522 881; 523 881; 525 879; 526 879; 526 873; 524 871; 524 869; 523 868; 523 866; 522 865; 522 864; 521 863; 521 862; 520 861; 520 860; 519 859; 519 858; 520 857; 520 856; 523 853; 524 853; 525 852; 526 852; 527 851; 528 851; 528 850; 529 849; 529 845; 527 843
18; 764 828; 764 829; 762 831; 762 832; 761 833; 761 844; 762 845; 761 846; 761 848; 760 849; 760 850; 759 851; 759 852; 758 853; 758 854; 757 855; 757 856; 756 857; 756 858; 755 859; 755 860; 754 861; 754 866; 757 869; 758 869; 759 870; 760 870; 761 871; 763 871; 764 872; 766 872; 767 873; 768 873; 769 874; 774 874; 775 873; 776 873; 776 872; 777 871; 777 867; 776 866; 775 866; 774 865; 773 865; 772 864; 771 864; 767 860; 767 858; 768 857; 768 856; 769 855; 769 854; 770 853; 770 852; 771 851; 771 850; 773 848; 773 846; 774 845; 774 835; 773 834; 773 833; 772 832; 772 831; 769 828
19; 592 816; 590 818; 589 818; 588 819; 587 819; 586 820; 585 820; 584 821; 583 821; 581 823; 580 823; 579 824; 578 824; 577 825; 576 825; 574 827; 574 833; 575 834; 575 835; 576 836; 576 837; 577 838; 577 839; 578 840; 578 841; 579 842; 579 843; 580 844; 580 848; 577 851; 576 851; 575 852; 574 852; 571 855; 571 859; 574 862; 578 862; 579 861; 580 861; 581 860; 582 860; 583 859; 584 859; 585 858; 586 858; 587 857; 589 857; 590 856; 591 856; 594 853; 594 849; 593 848; 593 847; 592 846; 592 844; 590 842; 590 841; 589 840; 589 839; 588 838; 588 837; 587 836; 587 832; 588 831; 588 830; 589 829; 590 829; 591 828; 592 828; 594 826; 595 826; 596 825; 596 823; 597 822; 597 817; 596 816
20; 131 814; 129 816; 129 820; 130 821; 130 822; 132 824; 132 825; 133 826; 133 828; 134 829; 134 831; 135 832; 135 834; 136 835; 136 836; 137 837; 144 837; 145 836; 147 836; 148 835; 150 835; 151 834; 152 834; 153 833; 159 833; 162 836; 162 838; 163 839; 163 841; 164 842; 164 843; 165 844; 166 844; 167 845; 172 845; 173 844; 173 838; 172 837; 172 835; 171 834; 171 833; 170 832; 170 830; 169 829; 169 827; 168 826; 168 824; 167 823; 167 822; 166 821; 166 820; 165 820; 164 819; 159 819; 158 820; 157 820; 156 821; 154 821; 153 822; 151 822; 150 823; 149 823; 148 824; 147 824; 146 825; 144 825; 141 822; 141 821; 140 820; 140 819; 139 818; 139 817; 138 816; 138 815; 137 814
21; 545 808; 542 811; 542 812; 541 813; 541 814; 539 816; 539 817; 534 822; 534 823; 533 824; 533 825; 532 826; 532 830; 535 833; 536 833; 539 836; 540 836; 542 838; 543 838; 544 839; 545 839; 548 842; 548 847; 547 848; 547 849; 546 850; 546 858; 550 858; 551 857; 552 857; 552 856; 554 854; 554 853; 555 852; 555 851; 557 849; 557 848; 560 845; 560 844; 561 843; 561 837; 558 834; 557 834; 556 833; 555 833; 554 832; 553 832; 551 830; 550 830; 546 826; 546 823; 547 822; 547 821; 550 818; 550 817; 551 816; 551 812; 550 811; 550 810; 549 809; 549 808
22; 190 756; 189 757; 188 757; 187 758; 186 758; 184 760; 183 760; 179 764; 178 764; 177 765; 177 772; 182 777; 182 778; 185 781; 185 782; 187 784; 187 787; 186 788; 186 789; 182 793; 182 794; 181 795; 181 800; 184 803; 190 803; 191 802; 191 800; 192 799; 192 798; 201 789; 201 783; 198 780; 198 779; 192 773; 192 772; 191 771; 191 770; 190 769; 191 768; 191 767; 193 765; 194 765; 198 761; 198 757; 197 756
23; 17 747; 12 752; 10 752; 9 753; 8 753; 7 754; 6 754; 4 756; 3 756; 2 757; 1 757; 0 758; 0 765; 1 765; 4 768; 4 769; 6 771; 6 772; 7 773; 7 774; 8 775; 8 779; 4 783; 3 783; 2 784; 0 784; 0 794; 7 794; 8 793; 9 793; 10 792; 11 792; 12 791; 13 791; 14 790; 15 790; 18 787; 19 787; 22 784; 22 778; 20 776; 20 775; 19 774; 19 773; 17 771; 17 770; 15 768; 15 767; 14 766; 14 763; 18 759; 20 759; 22 757; 23 757; 23 749; 22 748; 22 747
24; 995 754; 990 747; 983 747; 971 757; 962 769; 958 769; 952 765; 947 765; 945 767; 945 772; 959 783; 964 783; 975 770; 978 770; 983 775; 990 776; 990 770; 992 768
25; 992 768; 1001 768; 1012 755; 1023 756; 1023 742; 1010 739; 997 754; 995 754
26; 682 696; 680 698; 679 698; 676 701; 676 702; 669 709; 668 709; 667 710; 666 709; 665 709; 660 704; 653 704; 651 706; 651 710; 652 710; 659 717; 659 718; 665 724; 670 724; 681 713; 682 713; 684 711; 685 711; 686 712; 687 712; 692 717; 697 717; 698 716; 698 715; 699 714; 699 710; 694 705; 694 704; 686 696
27; 1007 692; 1005 694; 1005 699; 1006 700; 1006 702; 1007 703; 1007 705; 1008 706; 1008 711; 1012 715; 1013 715; 1014 716; 1018 716; 1019 715; 1023 715; 1023 703; 1019 703; 1015 699; 1015 697; 1014 696; 1014 694; 1013 693; 1013 692
28; 361 680; 358 683; 358 685; 357 686; 357 687; 354 690; 351 690; 350 689; 348 689; 347 688; 346 688; 345 687; 342 687; 340 685; 333 685; 333 686; 329 690; 329 691; 328 692; 328 694; 327 695; 327 697; 326 698; 326 699; 325 700; 325 701; 324 702; 324 707; 325 708; 331 708; 333 706; 333 705; 334 704; 334 703; 335 702; 335 701; 337 699; 338 699; 339 698; 342 698; 343 699; 346 699; 347 700; 348 700; 349 701; 352 701; 353 702; 354 702; 355 703; 360 703; 362 701; 362 700; 363 699; 363 697; 364 696; 364 694; 365 693; 365 692; 366 691; 366 690; 367 689; 367 688; 368 687; 368 681; 367 680
29; 460 667; 458 669; 456 669; 454 671; 452 671; 451 672; 450 672; 448 674; 447 674; 446 675; 445 675; 445 676; 444 677; 444 682; 445 683; 445 684; 447 686; 447 687; 449 689; 449 690; 450 691; 450 692; 451 693; 451 697; 446 702; 445 702; 443 704; 443 709; 445 711; 449 711; 450 710; 452 710; 454 708; 456 708; 457 707; 458 707; 460 705; 461 705; 463 703; 463 702; 464 701; 464 697; 463 696; 463 695; 462 694; 462 692; 461 691; 461 690; 460 689; 460 688; 458 686; 458 684; 457 683; 457 682; 458 681; 458 680; 460 678; 462 678; 463 677; 464 677; 467 674; 467 668; 466 667
30; 68 663; 60 671; 60 672; 54 678; 54 683; 55 684; 55 685; 56 686; 57 686; 66 695; 66 699; 60 705; 60 710; 61 711; 67 711; 73 705; 74 705; 79 700; 79 694; 78 693; 78 692; 68 682; 68 681; 67 680; 67 679; 68 678; 68 676; 70 674; 71 674; 73 672; 73 671; 74 670; 74 666; 73 665; 73 664; 72 663
31; 361 654; 357 658; 356 658; 350 664; 349 664; 348 665; 347 665; 339 657; 334 657; 333 658; 331 658; 331 663; 337 669; 337 670; 339 672; 339 673; 341 675; 341 676; 344 679; 348 679; 349 678; 350 678; 356 672; 357 672; 360 669; 361 669; 362 668; 366 668; 372 674; 376 674; 378 672; 378 666; 377 666; 375 664; 375 663; 373 661; 373 660; 367 654
32; 257 642; 255 644; 254 644; 253 645; 252 645; 250 647; 249 647; 244 652; 243 652; 241 654; 241 661; 245 665; 245 666; 251 672; 251 673; 252 674; 252 675; 251 676; 251 677; 248 680; 247 680; 246 681; 246 682; 245 683; 245 687; 246 688; 246 689; 253 689; 261 681; 262 681; 265 678; 265 672; 264 671; 264 670; 257 663; 257 662; 255 660; 255 659; 254 658; 255 657; 255 656; 258 653; 259 653; 260 652; 261 652; 261 651; 262 650; 262 644; 261 643; 261 642
33; 394 640; 392 642; 391 642; 391 647; 393 649; 394 649; 399 654; 399 655; 400 656; 400 657; 401 658; 401 659; 404 662; 409 662; 411 660; 412 660; 413 659; 414 659; 416 657; 417 657; 418 656; 419 656; 421 654; 425 654; 428 657; 428 658; 429 659; 429 660; 432 663; 436 663; 438 661; 438 656; 436 654; 436 652; 435 651; 435 648; 434 647; 434 645; 429 640; 424 640; 423 641; 422 641; 421 642; 420 642; 417 645; 416 645; 414 647; 413 647; 412 648; 410 648; 409 649; 408 649; 407 648; 406 648; 405 647; 405 646; 404 645; 404 644; 403 643; 403 642; 401 640
34; 321 598; 320 599; 320 600; 319 601; 319 607; 320 608; 320 612; 318 614; 318 615; 316 617; 316 622; 317 623; 317 624; 318 625; 319 625; 323 629; 324 629; 329 634; 329 635; 330 636; 330 637; 329 638; 329 639; 326 642; 326 649; 327 650; 332 650; 333 649; 334 649; 334 648; 340 642; 340 641; 344 637; 344 631; 341 628; 340 628; 336 624; 335 624; 329 618; 329 610; 330 609; 330 603; 325 598
35; 1004 588; 1004 594; 1005 595; 1005 610; 1006 611; 1006 612; 1008 614; 1023 614; 1023 602; 1018 602; 1015 599; 1015 598; 1014 597; 1014 591; 1013 590; 1013 589; 1012 589; 1011 588
36; 462 583; 461 584; 461 585; 459 587; 459 588; 457 590; 457 591; 454 594; 454 595; 450 599; 448 599; 446 597; 446 596; 445 595; 445 590; 440 590; 438 592; 437 592; 437 593; 436 594; 436 599; 443 606; 443 607; 447 611; 448 611; 450 613; 455 613; 457 611; 457 610; 459 608; 459 607; 460 606; 460 605; 461 604; 461 603; 463 601; 463 600; 467 596; 471 596; 474 599; 475 599; 476 600; 481 600; 483 598; 483 594; 478 589; 477 589; 474 586; 473 586; 472 585; 471 585; 470 584; 469 584; 468 583
37; 222 576; 219 579; 219 580; 218 581; 218 582; 217 583; 217 584; 215 586; 215 587; 213 589; 213 590; 211 592; 209 592; 208 593; 207 592; 206 592; 205 591; 204 591; 203 590; 202 590; 201 589; 197 589; 194 592; 194 596; 196 598; 197 598; 198 599; 199 599; 200 600; 201 600; 203 602; 204 602; 206 604; 207 604; 208 605; 209 605; 210 606; 214 606; 217 603; 217 601; 218 600; 218 599; 221 596; 221 595; 224 592; 224 591; 225 590; 226 590; 227 589; 228 589; 229 590; 230 590; 231 591; 232 591; 234 593; 240 593; 243 590; 243 585; 242 585; 241 584; 240 584; 239 583; 238 583; 237 582; 236 582; 234 580; 233 580; 231 578; 230 578; 228 576
38; 993 569; 992 570; 991 570; 991 571; 989 573; 989 576; 988 577; 988 578; 986 580; 985 580; 984 581; 983 580; 981 580; 980 579; 977 579; 976 578; 974 578; 973 577; 971 577; 970 576; 966 576; 963 579; 963 580; 962 581; 962 586; 961 587; 961 589; 960 590; 960 592; 959 593; 959 599; 961 601; 965 601; 966 600; 967 600; 967 599; 968 598; 968 595; 969 594; 969 593; 970 592; 970 591; 971 590; 972 590; 973 589; 975 589; 976 590; 978 590; 979 591; 980 591; 981 592; 984 592; 985 593; 993 593; 994 592; 994 591; 996 589; 996 587; 997 586; 997 584; 998 583; 998 578; 999 577; 999 576; 1000 575; 1000 570; 999 570; 998 569
39; 787 556; 785 558; 784 558; 779 563; 779 564; 774 569; 774 570; 773 571; 773 576; 781 576; 787 570; 789 570; 790 571; 791 571; 792 572; 792 573; 795 576; 795 577; 797 579; 797 580; 802 585; 806 585; 808 583; 809 583; 812 580; 813 580; 815 578; 816 578; 817 577; 818 577; 821 574; 821 569; 819 567; 814 567; 813 568; 812 568; 810 570; 808 570; 807 571; 806 571; 805 570; 804 570; 802 568; 802 567; 800 565; 800 564; 796 560; 796 559; 793 556
40; 587 537; 584 540; 583 540; 581 542; 580 542; 579 543; 578 543; 577 544; 576 544; 574 546; 573 546; 572 547; 572 552; 573 553; 573 554; 574 555; 574 556; 576 558; 576 559; 578 561; 578 562; 581 565; 581 566; 582 567; 582 568; 581 569; 581 570; 579 572; 578 572; 575 575; 575 581; 576 582; 582 582; 585 579; 586 579; 588 577; 589 577; 591 575; 592 575; 594 573; 595 573; 596 572; 596 568; 595 567; 595 566; 594 565; 594 564; 592 562; 592 561; 590 559; 590 558; 587 555; 587 554; 586 553; 586 552; 587 551; 587 550; 589 548; 590 548; 594 544; 594 539; 592 537
41; 840 521; 839 522; 837 522; 836 523; 836 524; 835 525; 835 526; 834 527; 834 532; 831 535; 824 535; 823 534; 814 534; 813 535; 812 535; 811 536; 811 537; 810 538; 810 544; 809 545; 809 549; 808 550; 808 557; 811 560; 816 560; 817 559; 817 554; 818 553; 818 550; 822 546; 828 546; 829 547; 840 547; 841 546; 842 546; 843 545; 843 544; 844 543; 844 531; 845 530; 845 522; 844 521
42; 87 516; 86 517; 86 518; 84 520; 84 521; 82 523; 82 524; 81 525; 81 526; 80 527; 80 528; 79 529; 72 529; 71 528; 68 528; 67 527; 60 527; 57 530; 57 532; 56 533; 56 536; 55 537; 55 541; 54 542; 54 549; 55 550; 55 551; 62 551; 63 550; 63 549; 64 548; 64 544; 65 543; 65 542; 67 540; 73 540; 74 541; 78 541; 79 542; 87 542; 89 540; 89 532; 90 531; 90 530; 92 528; 92 527; 93 526; 93 525; 94 524; 94 518; 92 516
43; 953 486; 951 488; 951 493; 952 494; 952 497; 953 498; 953 504; 954 505; 954 508; 956 510; 962 510; 963 509; 967 509; 968 508; 971 508; 972 507; 977 507; 981 511; 981 515; 982 516; 982 517; 985 520; 989 520; 990 519; 991 519; 992 518; 993 518; 993 514; 991 512; 991 511; 990 510; 990 508; 989 507; 989 506; 988 505; 988 503; 987 502; 987 500; 986 499; 986 497; 984 495; 977 495; 976 496; 971 496; 970 497; 964 497; 962 495; 962 494; 961 493; 961 491; 960 490; 960 488; 958 486
44; 321 483; 314 490; 313 490; 308 495; 308 499; 310 501; 310 502; 314 506; 314 507; 317 510; 317 511; 318 512; 318 515; 317 516; 317 517; 315 519; 314 519; 311 522; 311 528; 313 530; 318 530; 323 525; 324 525; 328 521; 329 521; 332 518; 332 512; 327 507; 327 506; 324 503; 324 502; 322 500; 322 497; 323 496; 323 495; 328 490; 328 484; 327 483
45; 367 480; 364 483; 364 492; 363 493; 363 501; 364 502; 364 503; 365 504; 367 504; 368 505; 381 505; 382 506; 384 506; 385 507; 385 508; 386 509; 386 510; 385 511; 385 518; 388 521; 393 521; 394 520; 394 519; 395 518; 395 513; 396 512; 396 500; 395 499; 395 498; 392 495; 377 495; 376 494; 375 494; 374 493; 374 492; 373 491; 373 482; 371 480
46; 214 469; 212 471; 212 479; 211 480; 211 491; 214 494; 228 494; 229 495; 231 495; 233 497; 233 498; 234 499; 234 501; 233 502; 233 503; 232 504; 232 508; 234 510; 241 510; 242 509; 242 502; 243 501; 243 496; 244 495; 244 488; 243 487; 243 486; 242 486; 241 485; 240 485; 239 484; 225 484; 224 483; 223 483; 221 481; 221 476; 220 475; 220 471; 218 469
47; 609 461; 608 462; 607 462; 603 466; 602 466; 601 467; 600 467; 598 469; 597 469; 596 470; 595 470; 594 471; 594 478; 596 480; 596 481; 597 482; 597 483; 598 484; 598 485; 600 487; 600 488; 602 490; 602 491; 601 492; 601 493; 599 495; 598 495; 597 496; 596 496; 595 497; 595 498; 594 499; 594 503; 595 504; 595 505; 602 505; 603 504; 604 504; 606 502; 607 502; 608 501; 609 501; 610 500; 611 500; 612 499; 613 499; 615 497; 615 491; 614 490; 614 489; 612 487; 612 486; 609 483; 609 482; 607 480; 607 479; 606 478; 606 476; 607 475; 607 474; 609 472; 610 472; 615 467; 615 462; 614 461
48; 629 449; 628 450; 627 450; 626 451; 626 456; 627 457; 628 457; 634 463; 634 465; 633 466; 633 467; 631 469; 631 470; 623 478; 623 479; 622 480; 622 484; 627 489; 628 489; 636 497; 640 497; 642 495; 642 490; 636 484; 636 482; 635 481; 636 480; 636 479; 637 478; 637 477; 646 468; 646 461; 640 455; 639 455; 633 449
49; 540 449; 540 450; 539 451; 539 455; 540 456; 540 457; 541 458; 541 459; 542 460; 542 461; 543 462; 543 465; 537 471; 536 471; 531 476; 530 476; 529 477; 529 483; 538 492; 538 493; 541 496; 545 496; 547 494; 547 488; 546 487; 546 486; 544 484; 544 482; 543 481; 543 480; 544 479; 544 478; 548 474; 549 474; 552 471; 553 471; 556 468; 556 464; 555 463; 555 462; 552 459; 552 458; 549 455; 549 454; 548 453; 548 452; 547 451; 547 450; 546 449
50; 987 445; 981 451; 981 452; 979 454; 979 455; 977 457; 977 458; 975 460; 975 461; 972 464; 972 465; 970 467; 970 468; 969 469; 969 473; 973 477; 974 477; 975 478; 976 478; 979 481; 988 481; 989 480; 989 475; 988 475; 982 469; 982 466; 983 465; 983 464; 984 463; 984 462; 987 459; 988 459; 989 458; 992 458; 993 459; 994 459; 996 461; 1001 461; 1003 459; 1003 453; 1001 451; 1000 451; 999 450; 998 450; 993 445
51; 42 436; 41 437; 40 437; 40 438; 39 439; 39 449; 36 452; 35 452; 34 453; 23 453; 22 454; 20 454; 19 455; 18 455; 16 457; 0 457; 0 468; 3 468; 5 470; 5 471; 6 472; 6 479; 8 481; 12 481; 16 477; 24 477; 26 475; 26 471; 27 470; 27 466; 29 464; 30 464; 31 463; 37 463; 38 462; 45 462; 46 461; 47 461; 48 460; 49 460; 49 459; 50 458; 50 454; 49 453; 49 446; 48 445; 48 436
52; 403 430; 403 431; 402 432; 402 438; 404 440; 405 440; 410 445; 410 448; 409 449; 409 450; 407 452; 407 453; 405 455; 405 456; 403 458; 403 459; 401 461; 401 465; 405 469; 406 469; 407 470; 408 470; 410 472; 411 472; 413 474; 414 474; 415 475; 421 475; 422 474; 422 468; 420 466; 419 466; 418 465; 417 465; 415 463; 415 458; 417 456; 417 455; 419 453; 419 452; 420 451; 420 450; 422 448; 422 447; 423 446; 423 440; 422 439; 421 439; 419 437; 418 437; 415 434; 414 434; 413 433; 412 433; 410 431; 409 431; 408 430
53; 880 406; 879 407; 879 430; 881 432; 892 432; 893 433; 899 433; 901 435; 901 436; 902 437; 902 440; 901 441; 901 445; 902 446; 902 447; 908 447; 910 445; 910 443; 911 442; 911 438; 912 437; 912 425; 911 424; 911 423; 910 423; 909 422; 893 422; 892 421; 891 421; 889 419; 889 409; 887 407; 886 407; 885 406
54; 674 405; 672 407; 671 407; 670 408; 669 408; 668 409; 667 409; 665 411; 664 411; 663 412; 662 412; 661 413; 659 413; 657 415; 657 421; 659 423; 659 424; 663 428; 663 429; 666 432; 666 436; 662 440; 661 440; 659 442; 659 448; 660 449; 665 449; 666 448; 667 448; 669 446; 670 446; 671 445; 672 445; 673 444; 674 444; 675 443; 676 443; 680 439; 680 433; 678 431; 678 430; 674 426; 674 425; 672 423; 672 422; 671 421; 671 419; 673 417; 674 417; 675 416; 676 416; 677 415; 678 415; 680 413; 680 407; 679 406; 679 405
55; 458 399; 454 403; 453 403; 449 407; 448 407; 447 408; 447 409; 445 411; 445 415; 446 416; 446 417; 456 427; 456 428; 457 429; 457 430; 456 431; 456 432; 451 437; 451 438; 450 439; 450 443; 451 444; 451 445; 452 446; 457 446; 462 441; 463 441; 469 435; 469 434; 471 432; 471 428; 470 427; 470 426; 462 418; 461 418; 460 417; 460 416; 459 415; 459 411; 462 408; 463 408; 466 405; 466 401; 465 400; 465 399
56; 222 378; 222 384; 223 385; 223 387; 224 388; 224 391; 225 392; 225 394; 226 395; 226 397; 227 398; 227 399; 228 400; 228 401; 235 401; 236 400; 237 400; 238 399; 240 399; 241 398; 243 398; 244 397; 245 397; 246 396; 250 396; 252 398; 252 399; 253 400; 253 402; 256 405; 262 405; 262 404; 263 403; 263 398; 262 397; 262 395; 261 394; 261 393; 260 392; 260 391; 259 390; 259 389; 258 388; 258 387; 257 386; 257 385; 256 384; 256 383; 249 383; 248 384; 247 384; 246 385; 245 385; 244 386; 243 386; 242 387; 240 387; 239 388; 235 388; 233 386; 233 385; 232 384; 232 383; 231 382; 231 381; 230 380; 230 379; 229 378
57; 533 376; 532 377; 532 385; 534 387; 535 387; 536 388; 537 388; 541 392; 541 393; 540 394; 540 396; 539 397; 539 399; 538 400; 538 403; 537 404; 537 406; 536 407; 536 413; 538 415; 539 415; 540 416; 542 416; 543 417; 545 417; 546 418; 549 418; 550 419; 557 419; 559 417; 559 412; 558 411; 557 411; 556 410; 555 410; 554 409; 553 409; 552 408; 551 408; 549 406; 549 402; 550 401; 550 399; 551 398; 551 396; 552 395; 552 393; 553 392; 553 385; 552 384; 551 384; 550 383; 549 383; 548 382; 546 382; 545 381; 544 381; 543 380; 542 380; 541 379; 540 379; 537 376
58; 51 373; 50 374; 50 375; 49 376; 49 380; 53 384; 54 384; 56 386; 56 387; 57 388; 57 390; 56 391; 56 392; 48 400; 48 401; 46 403; 46 409; 52 415; 52 416; 54 418; 54 422; 55 423; 55 424; 56 425; 62 425; 63 424; 63 419; 62 418; 62 417; 61 416; 61 414; 60 413; 60 410; 59 409; 59 407; 58 406; 59 405; 59 404; 62 401; 62 400; 67 395; 67 394; 69 392; 69 391; 70 390; 70 386; 66 382; 65 382; 63 380; 62 380; 60 378; 59 378; 57 376; 57 375; 55 373
59; 1004 369; 1002 371; 1002 373; 1001 374; 1001 378; 1002 379; 1006 379; 1007 380; 1009 380; 1010 381; 1011 381; 1014 384; 1015 384; 1017 386; 1018 386; 1019 387; 1023 387; 1023 373; 1015 373; 1014 372; 1013 372; 1010 369
60; 128 355; 127 356; 126 356; 124 358; 123 358; 122 359; 121 359; 120 360; 119 360; 117 362; 116 362; 114 364; 114 370; 115 371; 120 371; 122 369; 123 369; 124 368; 129 368; 132 371; 132 372; 133 373; 133 374; 134 375; 134 376; 135 377; 135 378; 136 379; 136 380; 137 381; 137 382; 140 385; 144 385; 145 384; 146 384; 148 382; 149 382; 150 381; 151 381; 152 380; 153 380; 154 379; 158 379; 160 377; 160 372; 157 369; 153 369; 152 370; 151 370; 150 371; 149 371; 148 372; 145 372; 141 368; 141 367; 140 366; 140 365; 139 364; 139 363; 137 361; 137 360; 136 359; 136 358; 133 355
61; 11 344; 9 346; 9 347; 7 349; 7 350; 5 352; 4 352; 2 354; 0 354; 0 367; 1 367; 2 368; 4 368; 7 371; 8 371; 13 376; 13 378; 12 379; 12 380; 9 383; 9 389; 10 390; 14 390; 21 383; 21 382; 25 378; 25 377; 26 376; 26 372; 23 369; 22 369; 21 368; 20 368; 16 364; 15 364; 11 360; 11 359; 10 358; 14 354; 15 354; 17 352; 17 346; 15 344
62; 744 343; 742 345; 742 347; 741 348; 741 350; 740 351; 740 356; 742 358; 746 358; 749 355; 750 355; 751 354; 754 354; 755 355; 756 355; 758 357; 758 358; 761 361; 762 361; 763 362; 769 362; 770 361; 770 357; 769 357; 768 356; 767 356; 765 354; 764 354; 763 353; 762 353; 761 352; 760 352; 759 351; 758 351; 751 344; 750 344; 749 343
63; 828 331; 827 332; 826 332; 819 339; 818 339; 815 342; 815 347; 816 348; 816 349; 822 355; 822 356; 826 360; 826 361; 827 362; 827 364; 826 365; 826 366; 822 370; 822 371; 821 372; 821 377; 823 379; 828 379; 828 378; 831 375; 831 374; 839 366; 839 360; 837 358; 837 357; 834 354; 834 353; 831 350; 831 349; 830 348; 830 347; 829 346; 830 345; 830 344; 834 340; 834 339; 835 338; 835 332; 834 331
64; 437 372; 430 381; 420 376; 416 376; 413 380; 413 384; 427 394; 433 394; 446 379
65; 455 348; 452 345; 450 333; 434 330; 421 331; 427 338; 429 340; 429 351; 437 372
66; 437 372; 446 379; 459 383; 462 368; 475 364; 475 360; 462 347; 455 348
67; 421 331; 404 325; 393 343; 386 341; 378 343; 379 349; 398 356; 408 339; 421 341; 427 338
68; 171 309; 169 311; 169 312; 167 314; 167 315; 164 318; 164 319; 163 320; 163 321; 160 324; 156 324; 155 323; 154 323; 152 321; 151 321; 150 320; 145 320; 144 321; 144 326; 147 329; 148 329; 151 332; 152 332; 157 337; 163 337; 167 333; 167 332; 169 330; 169 329; 171 327; 171 326; 172 325; 172 324; 174 322; 178 322; 182 326; 183 326; 184 327; 188 327; 191 324; 191 320; 189 318; 188 318; 186 316; 185 316; 182 313; 181 313; 177 309
69; 714 302; 713 303; 713 307; 714 308; 714 309; 716 311; 716 312; 717 313; 717 315; 718 316; 718 317; 719 318; 719 321; 720 322; 720 323; 722 325; 728 325; 730 323; 731 323; 732 322; 734 322; 735 321; 736 321; 739 324; 740 324; 742 326; 746 326; 747 325; 748 325; 750 323; 750 309; 749 308; 749 307; 748 306; 742 306; 741 307; 740 307; 739 308; 738 308; 737 309; 736 309; 735 310; 734 310; 733 311; 731 311; 730 312; 728 312; 727 311; 726 311; 724 309; 724 308; 723 307; 723 305; 722 304; 722 303; 721 302
70; 393 297; 388 302; 387 302; 387 303; 381 309; 380 309; 379 310; 376 310; 375 309; 374 309; 372 307; 372 306; 369 303; 365 303; 363 305; 363 311; 367 315; 368 315; 375 322; 381 322; 392 311; 393 311; 394 310; 396 310; 398 312; 399 312; 401 314; 401 315; 402 315; 403 316; 409 316; 410 315; 411 315; 412 314; 412 310; 411 310; 409 308; 408 308; 397 297
71; 457 292; 455 294; 455 295; 454 296; 454 297; 453 298; 453 299; 452 300; 452 301; 450 303; 450 304; 448 306; 448 313; 449 314; 450 314; 454 318; 455 318; 456 319; 457 319; 458 320; 459 320; 462 323; 462 327; 460 329; 459 329; 456 332; 456 337; 458 339; 464 339; 469 334; 469 333; 472 330; 472 329; 476 325; 476 320; 472 316; 471 316; 470 315; 469 315; 466 312; 465 312; 461 308; 461 304; 462 303; 462 302; 463 301; 463 294; 461 292
72; 565 279; 563 281; 563 282; 562 283; 562 284; 561 285; 561 286; 560 287; 560 288; 558 290; 558 291; 557 292; 557 293; 554 296; 550 296; 549 295; 548 295; 545 292; 541 292; 538 295; 538 296; 537 297; 537 301; 538 301; 539 302; 541 302; 542 303; 543 303; 544 304; 545 304; 546 305; 547 305; 548 306; 549 306; 550 307; 551 307; 552 308; 553 308; 554 309; 558 309; 561 306; 561 305; 563 303; 563 302; 564 301; 564 300; 565 299; 565 298; 566 297; 566 296; 570 292; 574 292; 575 293; 576 293; 578 295; 584 295; 585 294; 585 287; 584 286; 583 286; 582 285; 581 285; 580 284; 579 284; 578 283; 577 283; 576 282; 575 282; 574 281; 573 281; 572 280; 571 280; 570 279
73; 307 273; 304 276; 304 281; 305 282; 305 283; 306 284; 306 286; 307 287; 307 288; 309 290; 309 292; 310 293; 310 295; 312 297; 317 297; 318 296; 320 296; 321 295; 323 295; 324 294; 329 294; 330 293; 331 294; 332 294; 335 297; 335 302; 336 303; 336 304; 337 305; 342 305; 343 304; 343 303; 344 302; 344 291; 343 290; 343 286; 342 285; 342 284; 341 283; 341 282; 340 281; 333 281; 332 282; 328 282; 327 283; 325 283; 324 284; 318 284; 317 283; 317 282; 315 280; 315 278; 314 277; 314 276; 311 273
74; 515 316; 521 328; 529 327; 524 305; 519 301
75; 519 301; 519 299; 512 288; 509 288; 505 282; 501 282; 494 286; 494 292; 488 297; 488 301; 492 314; 495 318; 515 316
76; 519 299; 529 284; 534 284; 539 288; 543 288; 545 285; 544 279; 529 271; 524 271; 519 277; 516 285; 512 288
77; 628 250; 623 255; 623 256; 618 261; 617 261; 616 262; 615 262; 614 263; 613 263; 612 262; 611 262; 605 256; 600 256; 599 257; 599 261; 600 262; 600 263; 603 266; 603 267; 607 271; 607 272; 611 276; 615 276; 616 275; 617 275; 628 264; 629 264; 630 263; 631 263; 632 264; 633 264; 638 269; 638 270; 643 270; 646 267; 646 263; 645 263; 644 262; 643 262; 637 256; 637 255; 632 250
78; 190 242; 189 243; 188 243; 185 246; 184 246; 183 247; 182 247; 181 248; 180 248; 179 249; 178 249; 177 250; 176 250; 175 251; 175 256; 177 258; 182 258; 183 257; 184 257; 185 256; 186 256; 187 255; 191 255; 197 261; 197 262; 199 264; 199 265; 200 266; 200 267; 204 271; 208 271; 211 268; 212 268; 212 267; 213 266; 214 266; 217 263; 219 263; 220 262; 221 262; 223 260; 223 256; 221 254; 217 254; 215 256; 214 256; 213 257; 212 257; 211 258; 207 258; 203 254; 203 253; 201 251; 201 250; 200 249; 200 248; 198 246; 198 245; 196 243; 196 242
79; 499 275; 503 280; 508 280; 511 277; 510 269; 512 267; 521 268; 522 262; 517 260; 507 252; 491 254
80; 491 254; 488 250; 490 246; 490 239; 483 238; 478 251; 479 263; 473 267; 473 272; 488 280; 494 280; 499 275
81; 430 229; 429 230; 429 236; 430 237; 430 240; 429 241; 429 250; 430 251; 430 252; 431 253; 432 253; 433 254; 436 254; 437 255; 446 255; 447 256; 449 256; 452 259; 452 264; 451 265; 451 270; 453 272; 457 272; 459 270; 459 263; 460 262; 460 259; 461 258; 461 256; 462 255; 462 251; 461 250; 461 249; 459 247; 454 247; 453 246; 449 246; 448 245; 443 245; 442 244; 441 244; 440 243; 440 242; 439 241; 439 232; 437 230; 436 230; 435 229
82; 941 222; 940 223; 940 224; 938 226; 937 226; 935 228; 934 228; 931 231; 930 231; 927 234; 926 234; 926 240; 927 241; 927 242; 931 246; 931 247; 935 251; 935 252; 936 253; 936 256; 932 260; 931 260; 929 262; 929 267; 930 268; 935 268; 936 267; 937 267; 938 266; 939 266; 940 265; 941 265; 943 263; 944 263; 949 258; 949 254; 948 253; 948 252; 947 251; 947 250; 945 248; 945 247; 942 244; 942 243; 941 242; 941 241; 940 240; 940 239; 948 231; 948 226; 947 225; 947 224; 945 222
83; 37 268; 37 273; 33 279; 33 283; 37 287; 42 287; 43 281; 50 270; 47 258
84; 47 258; 59 242; 58 236; 45 224; 38 233; 38 235; 23 252; 23 256; 37 268
85; 45 224; 51 215; 51 211; 49 209; 43 209; 32 223; 32 227; 38 233
86; 637 207; 636 208; 635 208; 634 209; 634 211; 633 212; 633 215; 632 216; 632 217; 630 219; 626 219; 625 218; 624 218; 623 217; 620 217; 619 216; 617 216; 616 215; 610 215; 607 218; 607 220; 606 221; 606 224; 605 225; 605 228; 604 229; 604 231; 603 232; 603 238; 604 239; 610 239; 612 237; 612 235; 613 234; 613 233; 614 232; 614 231; 617 228; 619 228; 620 229; 622 229; 623 230; 626 230; 627 231; 630 231; 631 232; 636 232; 637 231; 638 231; 638 230; 639 229; 639 228; 640 227; 640 225; 641 224; 641 220; 642 219; 642 217; 643 216; 643 215; 645 213; 645 208; 642 208; 641 207
87; 120 174; 117 177; 116 177; 115 178; 114 178; 113 179; 112 179; 111 180; 110 180; 108 182; 107 182; 105 184; 105 190; 107 192; 107 193; 108 194; 108 195; 110 197; 110 198; 111 199; 111 200; 112 201; 112 202; 113 203; 113 205; 112 206; 112 207; 111 208; 110 208; 109 209; 108 209; 105 212; 105 218; 107 220; 111 220; 112 219; 113 219; 115 217; 116 217; 118 215; 119 215; 121 213; 122 213; 123 212; 124 212; 127 209; 127 204; 125 202; 125 201; 123 199; 123 198; 122 197; 122 196; 121 195; 121 194; 118 191; 118 188; 122 184; 123 184; 126 181; 126 176; 124 174
88; 134 170; 133 171; 133 178; 134 179; 134 189; 135 190; 135 191; 138 194; 146 194; 147 193; 151 193; 152 192; 157 192; 160 195; 160 197; 161 198; 161 201; 162 202; 162 204; 163 205; 164 205; 165 206; 171 206; 172 205; 173 205; 173 200; 172 199; 172 198; 171 197; 171 196; 170 195; 170 194; 169 193; 169 186; 168 185; 168 184; 167 183; 167 182; 165 180; 159 180; 158 181; 152 181; 151 182; 145 182; 143 180; 143 178; 142 177; 142 173; 139 170
89; 738 161; 736 163; 736 164; 735 165; 735 168; 734 169; 734 172; 733 173; 733 175; 732 176; 732 178; 731 179; 731 180; 730 181; 729 181; 728 182; 725 182; 724 181; 717 181; 715 183; 715 184; 714 185; 714 190; 719 190; 720 191; 724 191; 725 192; 727 192; 728 193; 737 193; 738 192; 738 191; 739 190; 739 187; 740 186; 740 184; 741 183; 741 181; 742 180; 742 177; 746 173; 748 173; 749 174; 751 174; 752 175; 757 175; 759 173; 759 167; 758 166; 757 166; 756 165; 755 165; 754 164; 751 164; 750 163; 749 163; 748 162; 746 162; 745 161
90; 585 160; 582 163; 582 165; 581 166; 581 170; 580 171; 580 173; 579 174; 579 176; 578 177; 578 181; 582 185; 585 185; 586 186; 588 186; 589 187; 591 187; 592 188; 596 188; 600 192; 600 195; 599 196; 599 203; 600 204; 601 204; 603 206; 609 206; 609 196; 610 195; 610 182; 608 180; 605 180; 604 179; 601 179; 600 178; 599 178; 598 177; 594 177; 590 173; 590 170; 591 169; 591 163; 590 162; 590 161; 589 160
91; 599 146; 599 147; 598 148; 598 155; 599 156; 599 158; 600 159; 600 165; 601 166; 601 167; 604 170; 611 170; 612 169; 617 169; 618 168; 621 168; 622 169; 623 169; 625 171; 625 173; 626 174; 626 177; 627 178; 627 179; 628 180; 628 181; 629 181; 630 182; 635 182; 636 181; 636 177; 635 176; 635 170; 634 169; 634 160; 633 159; 633 158; 632 157; 619 157; 618 158; 612 158; 611 157; 610 157; 609 156; 609 155; 608 154; 608 152; 607 151; 607 148; 605 146
92; 682 144; 680 146; 680 150; 681 151; 681 152; 682 153; 683 153; 687 157; 687 160; 685 162; 685 163; 677 171; 677 177; 679 179; 680 179; 682 181; 683 181; 685 183; 686 183; 689 186; 690 186; 693 189; 697 189; 698 188; 698 186; 699 185; 699 181; 697 179; 696 179; 695 178; 694 178; 691 175; 691 174; 690 173; 691 172; 691 171; 694 168; 694 167; 699 162; 699 161; 701 159; 701 153; 696 148; 695 148; 694 147; 693 147; 692 146; 690 146; 688 144
93; 516 138; 515 139; 514 139; 508 145; 507 145; 505 147; 504 147; 503 148; 503 149; 502 150; 502 155; 504 157; 504 158; 514 168; 514 171; 513 172; 513 173; 508 178; 508 184; 510 186; 515 186; 515 185; 518 182; 519 182; 522 179; 522 178; 527 173; 527 168; 526 167; 526 166; 522 162; 522 161; 516 155; 516 151; 522 145; 522 139; 521 139; 520 138
94; 197 123; 195 125; 195 126; 192 129; 191 129; 190 130; 190 131; 188 133; 188 134; 187 135; 187 141; 188 142; 192 142; 193 141; 196 141; 197 140; 198 140; 199 139; 202 139; 205 142; 205 143; 206 144; 207 144; 208 145; 208 146; 213 151; 217 151; 220 148; 221 148; 226 143; 227 143; 229 141; 230 141; 231 140; 231 134; 229 132; 223 132; 218 137; 216 137; 215 136; 214 136; 204 126; 204 125; 202 123
95; 608 120; 607 121; 606 121; 605 122; 604 122; 603 123; 602 123; 601 124; 600 124; 599 125; 594 125; 592 127; 592 132; 594 134; 594 135; 595 135; 596 136; 601 136; 602 135; 603 135; 604 134; 609 134; 612 137; 612 138; 613 139; 613 140; 615 142; 615 143; 617 145; 617 146; 618 147; 618 148; 620 150; 626 150; 627 149; 628 149; 629 148; 630 148; 631 147; 632 147; 635 144; 636 144; 639 141; 639 140; 640 139; 640 135; 638 133; 634 133; 633 134; 632 134; 630 136; 629 136; 628 137; 625 137; 622 134; 622 133; 621 132; 621 131; 619 129; 619 128; 618 127; 618 126; 616 124; 616 123; 614 121; 614 120
96; 828 117; 827 118; 826 118; 819 125; 818 125; 815 128; 815 134; 816 135; 816 136; 825 145; 825 146; 826 147; 826 149; 825 150; 825 151; 824 152; 823 152; 820 155; 820 156; 819 157; 819 161; 820 162; 820 163; 821 164; 821 165; 825 165; 831 159; 832 159; 835 156; 836 156; 840 152; 840 146; 834 140; 834 139; 829 134; 829 130; 835 124; 835 119; 833 117
97; 27 68; 26 69; 25 69; 24 70; 24 74; 23 75; 23 78; 22 79; 22 81; 21 82; 21 90; 23 92; 25 92; 26 93; 29 93; 30 94; 32 94; 33 95; 35 95; 36 96; 37 96; 40 99; 40 102; 39 103; 39 111; 41 113; 41 114; 48 114; 48 108; 49 107; 49 104; 50 103; 50 102; 51 101; 51 99; 52 98; 52 90; 51 89; 50 89; 49 88; 48 88; 47 87; 44 87; 43 86; 42 86; 41 85; 38 85; 37 84; 36 84; 35 83; 34 83; 32 81; 32 78; 33 77; 33 75; 34 74; 34 70; 32 68
98; 986 64; 981 69; 980 69; 978 71; 978 72; 973 77; 973 78; 972 79; 972 83; 984 95; 984 96; 985 97; 985 99; 984 100; 984 101; 983 102; 983 103; 982 104; 982 106; 981 107; 981 112; 983 114; 988 114; 990 112; 990 111; 991 110; 991 109; 998 102; 998 101; 999 100; 999 99; 1000 98; 1000 94; 991 85; 990 85; 987 82; 987 81; 986 80; 986 79; 987 78; 987 77; 988 76; 989 76; 991 74; 991 73; 992 72; 992 66; 990 64
99; 4 44; 3 45; 0 45; 0 55; 4 55; 5 56; 6 56; 8 58; 8 62; 9 63; 9 64; 10 65; 10 66; 12 68; 18 68; 19 67; 19 62; 18 61; 18 60; 17 59; 17 58; 16 57; 16 55; 15 54; 15 52; 14 51; 14 47; 11 44
100; 585 41; 585 42; 583 44; 583 45; 582 46; 582 47; 581 48; 581 49; 579 51; 579 52; 574 57; 572 57; 571 56; 570 56; 566 52; 561 52; 560 53; 559 53; 557 55; 557 59; 558 60; 559 60; 560 61; 561 61; 562 62; 563 62; 566 65; 567 65; 570 68; 571 68; 573 70; 579 70; 581 68; 581 67; 582 66; 582 65; 584 63; 584 62; 585 61; 585 60; 587 58; 587 57; 590 54; 594 54; 597 57; 598 57; 599 58; 603 58; 605 56; 605 52; 601 48; 600 48; 598 46; 597 46; 594 43; 593 43; 591 41
101; 746 34; 749 35; 752 41; 752 48; 756 53; 774 54; 776 56; 775 66; 777 68; 783 67; 786 52; 784 44; 763 43; 754 28; 749 28; 744 31
102; 744 31; 736 26; 729 26; 726 23; 717 24; 718 29; 725 29; 731 35; 731 39; 721 52; 721 57; 734 67; 740 68; 742 66; 742 60; 734 52; 746 34
103; 535 21; 534 22; 534 23; 532 25; 532 26; 531 27; 531 28; 530 29; 530 30; 529 31; 529 32; 528 33; 528 34; 525 37; 525 43; 526 44; 530 44; 533 41; 533 40; 538 35; 541 35; 542 36; 543 36; 546 39; 547 39; 551 43; 552 43; 554 45; 558 45; 561 42; 561 41; 563 39; 563 38; 564 37; 564 36; 566 34; 566 33; 568 31; 568 30; 570 28; 570 24; 569 23; 563 23; 560 26; 560 27; 556 31; 552 31; 547 26; 546 26; 542 22; 541 22; 540 21
104; 265 42; 266 42; 268 44; 268 45; 272 49; 272 50; 273 50; 274 51; 276 51; 277 52; 282 52; 283 51; 284 51; 284 49; 285 48; 285 41; 286 40; 287 40; 289 38; 291 38; 292 37; 292 32; 291 32; 289 30; 288 30; 286 28; 284 28; 282 26; 271 26; 270 25; 266 25
105; 266 25; 265 24; 262 24; 261 23; 258 23; 257 22; 254 22; 253 21; 247 21; 245 23; 245 26; 244 27; 244 44; 249 49; 250 49; 251 50; 258 50; 262 46; 262 45; 265 42
106; 203 18; 203 27; 202 28; 202 32; 201 33; 201 34; 200 35; 200 36; 199 37; 199 42; 200 43; 201 43; 202 44; 203 44; 204 45; 205 45; 206 46; 208 46; 209 47; 211 47; 212 48; 214 48; 215 49; 216 49; 218 51; 218 52; 219 53; 219 54; 218 55; 218 58; 217 59; 217 64; 218 65; 224 65; 225 64; 225 63; 226 62; 226 60; 227 59; 227 56; 228 55; 228 52; 229 51; 229 43; 228 43; 227 42; 225 42; 224 41; 222 41; 221 40; 219 40; 218 39; 216 39; 215 38; 214 38; 213 37; 212 37; 210 35; 210 30; 211 29; 211 28; 212 27; 212 21; 210 19; 209 19; 208 18
107; 140 58; 133 58; 126 54; 118 54; 109 71; 96 71; 94 73; 95 80; 114 85; 125 66; 136 69; 142 60
108; 142 60; 149 60; 159 50; 161 41; 148 29; 148 25; 154 17; 154 13; 151 10; 144 10; 143 15; 136 25; 136 31; 150 44; 149 48; 140 58
109; 101 0; 101 2; 104 5; 104 8; 103 9; 103 10; 102 11; 102 12; 100 14; 100 15; 99 16; 99 17; 98 18; 98 19; 97 20; 97 26; 100 29; 101 29; 102 30; 103 30; 106 33; 107 33; 110 36; 117 36; 117 30; 116 29; 116 28; 111 23; 111 22; 110 21; 110 19; 111 18; 111 17; 112 16; 112 15; 113 14; 113 13; 114 12; 114 11; 116 9; 116 8; 118 6; 118 5; 119 4; 119 0
