0; 618 995; 615 998; 614 998; 612 1000; 611 1000; 608 1003; 607 1003; 605 1005; 602 1005; 599 1002; 599 1001; 598 1000; 598 999; 596 997; 592 997; 589 1000; 589 1004; 590 1005; 590 1006; 591 1007; 591 1008; 593 1010; 593 1011; 594 1012; 594 1013; 595 1014; 595 1016; 597 1018; 597 1019; 598 1020; 602 1020; 603 1019; 604 1019; 606 1017; 607 1017; 609 1015; 610 1015; 614 1011; 615 1011; 616 1010; 620 1010; 622 1012; 622 1013; 623 1014; 623 1016; 626 1019; 633 1019; 634 1018; 634 1014; 632 1012; 632 1011; 631 1010; 631 1009; 630 1008; 630 1007; 629 1006; 629 1005; 628 1004; 628 1003; 627 1002; 627 1001; 625 999; 625 998; 622 995
1; 1006 959; 1005 960; 1004 960; 1003 961; 1003 967; 1004 968; 1006 968; 1007 969; 1009 969; 1010 970; 1011 970; 1012 971; 1014 971; 1015 972; 1016 972; 1017 973; 1023 973; 1023 960; 1012 960; 1011 959
2; 580 937; 579 938; 579 947; 578 948; 578 956; 576 958; 575 958; 574 959; 569 959; 568 960; 567 960; 566 961; 565 961; 564 962; 564 963; 563 964; 563 970; 564 971; 569 971; 570 970; 572 970; 573 971; 583 971; 585 969; 586 969; 586 968; 587 967; 587 963; 588 962; 588 951; 592 947; 600 947; 602 945; 602 941; 601 940; 601 939; 600 938; 599 938; 598 937
3; 815 936; 813 938; 812 938; 812 942; 815 945; 815 946; 818 949; 818 951; 819 952; 819 953; 820 954; 820 955; 821 956; 821 957; 822 957; 823 958; 828 958; 829 957; 830 957; 831 956; 832 956; 834 954; 835 954; 836 953; 838 953; 839 952; 840 952; 841 951; 843 951; 847 955; 847 956; 848 957; 848 958; 850 960; 855 960; 856 959; 856 952; 855 951; 855 950; 854 949; 854 948; 853 947; 853 945; 852 944; 852 942; 851 941; 851 940; 849 938; 844 938; 843 939; 842 939; 841 940; 840 940; 838 942; 837 942; 836 943; 835 943; 834 944; 833 944; 832 945; 831 945; 830 946; 828 946; 823 941; 823 940; 821 938; 821 937; 820 936
4; 222 925; 221 926; 221 927; 220 928; 220 930; 219 931; 219 936; 212 943; 212 948; 217 953; 217 954; 223 960; 223 964; 217 970; 217 975; 219 977; 224 977; 230 971; 231 971; 236 966; 236 965; 237 964; 237 959; 227 949; 227 948; 226 947; 226 946; 225 945; 225 943; 226 942; 226 941; 228 939; 228 938; 230 936; 230 931; 229 930; 229 929; 227 927; 227 926; 226 925
5; 200 925; 199 926; 198 926; 197 927; 196 927; 195 928; 193 928; 188 933; 187 933; 185 935; 185 940; 186 941; 186 942; 188 944; 188 945; 190 947; 190 948; 191 949; 191 950; 193 952; 193 956; 188 961; 184 961; 183 962; 182 962; 182 966; 184 968; 184 969; 186 971; 190 971; 192 969; 193 969; 196 966; 197 966; 198 965; 199 965; 200 964; 201 964; 202 963; 203 963; 204 962; 205 962; 205 961; 206 960; 206 955; 205 954; 205 953; 203 951; 203 950; 202 949; 202 948; 200 946; 200 945; 199 944; 199 942; 198 941; 199 940; 199 939; 203 935; 204 935; 206 933; 206 932; 208 930; 208 926; 207 925
6; 77 859; 77 864; 78 865; 78 867; 79 868; 79 872; 80 873; 79 874; 79 878; 80 879; 80 882; 81 883; 82 883; 83 884; 90 884; 91 883; 97 883; 98 882; 103 882; 106 885; 106 887; 107 888; 107 890; 110 893; 115 893; 117 891; 117 886; 116 885; 116 884; 115 883; 115 880; 114 879; 114 871; 112 869; 104 869; 103 870; 100 870; 99 871; 96 871; 95 872; 91 872; 89 870; 89 869; 88 868; 88 863; 87 862; 87 861; 85 859
7; 11 847; 10 848; 9 848; 8 849; 8 854; 9 855; 9 856; 10 857; 11 857; 13 859; 14 859; 16 861; 16 864; 15 865; 15 866; 14 867; 14 868; 12 870; 12 871; 10 873; 10 874; 8 876; 8 882; 9 883; 9 884; 10 884; 11 885; 12 885; 13 886; 14 886; 15 887; 16 887; 17 888; 18 888; 19 889; 24 889; 27 892; 33 892; 34 891; 34 889; 35 888; 35 884; 34 883; 23 883; 21 881; 21 880; 20 879; 20 878; 21 877; 21 875; 23 873; 23 872; 24 871; 24 870; 26 868; 26 867; 28 865; 28 864; 30 862; 30 857; 29 856; 29 855; 28 854; 27 854; 26 853; 25 853; 24 852; 22 852; 20 850; 19 850; 18 849; 17 849; 15 847
8; 298 809; 297 810; 297 811; 295 813; 295 816; 294 817; 294 820; 293 821; 293 823; 292 824; 292 827; 289 830; 288 830; 287 831; 286 831; 285 830; 279 830; 278 831; 277 831; 274 834; 274 841; 289 841; 290 842; 298 842; 299 841; 299 840; 300 839; 300 836; 301 835; 301 831; 302 830; 302 826; 303 825; 303 824; 305 822; 318 822; 318 818; 317 817; 317 816; 314 813; 313 813; 312 812; 310 812; 309 811; 308 811; 306 809
9; 779 808; 776 811; 775 811; 771 815; 770 815; 768 817; 767 817; 766 818; 763 818; 759 814; 759 813; 757 811; 751 811; 750 812; 750 817; 752 819; 752 820; 753 821; 753 822; 755 824; 755 825; 757 827; 757 828; 761 832; 765 832; 770 827; 771 827; 775 823; 776 823; 778 821; 782 821; 785 824; 785 825; 789 829; 793 829; 795 827; 795 822; 794 821; 794 820; 793 819; 792 819; 788 815; 788 814; 787 813; 787 812; 786 811; 786 810; 784 808
10; 700 807; 699 808; 698 808; 697 809; 696 809; 695 810; 694 810; 693 811; 692 811; 691 812; 690 812; 689 813; 687 813; 686 814; 685 814; 685 820; 687 822; 693 822; 694 821; 695 821; 696 820; 697 820; 698 819; 699 819; 700 820; 701 820; 703 822; 703 823; 704 824; 704 825; 705 826; 705 828; 706 829; 706 830; 707 831; 707 832; 708 833; 708 834; 711 837; 715 837; 716 836; 717 836; 718 835; 719 835; 721 833; 722 833; 724 831; 725 831; 728 828; 729 828; 729 827; 730 826; 730 821; 729 820; 723 820; 719 824; 716 824; 712 820; 712 819; 711 818; 711 817; 710 816; 710 815; 709 814; 709 813; 708 812; 708 810; 705 807
11; 482 775; 480 777; 480 778; 479 779; 479 795; 478 796; 478 797; 472 803; 472 804; 471 805; 471 810; 472 811; 472 812; 473 813; 480 813; 481 812; 482 812; 483 811; 485 811; 489 807; 489 805; 490 804; 490 796; 489 795; 489 789; 490 788; 490 787; 492 785; 496 785; 497 784; 500 784; 501 783; 502 783; 503 782; 503 777; 501 775; 494 775; 493 776; 490 776; 489 775
12; 898 754; 897 755; 897 756; 895 758; 895 760; 894 761; 894 763; 892 765; 891 765; 888 768; 888 774; 895 781; 896 781; 900 785; 900 786; 901 787; 901 789; 899 791; 899 792; 896 795; 896 800; 898 802; 902 802; 913 791; 913 790; 914 789; 914 783; 912 781; 911 781; 906 776; 905 776; 902 773; 902 772; 901 771; 901 768; 902 767; 902 766; 904 764; 904 763; 905 762; 905 755; 904 754
13; 301 749; 298 752; 298 755; 297 756; 297 759; 296 760; 296 762; 295 763; 295 765; 294 766; 294 768; 292 770; 291 770; 289 772; 288 772; 288 776; 293 781; 294 781; 295 782; 299 782; 300 781; 301 781; 301 780; 302 779; 302 778; 303 777; 303 775; 304 774; 304 770; 305 769; 305 766; 306 765; 306 764; 307 763; 308 763; 309 762; 311 762; 312 763; 319 763; 320 762; 320 761; 322 759; 322 754; 321 754; 320 753; 315 753; 314 752; 312 752; 311 751; 310 751; 309 750; 307 750; 306 749
14; 230 745; 229 746; 228 746; 227 747; 226 747; 226 751; 227 752; 227 753; 229 755; 229 757; 230 758; 230 759; 231 760; 231 762; 232 763; 232 765; 233 766; 233 767; 235 769; 241 769; 242 768; 243 768; 244 767; 245 767; 246 766; 247 766; 248 765; 250 765; 252 763; 256 763; 259 766; 259 769; 260 770; 260 771; 261 772; 267 772; 268 771; 268 763; 267 762; 267 761; 266 760; 266 758; 265 757; 265 756; 264 755; 264 754; 263 753; 263 752; 260 749; 256 749; 255 750; 254 750; 252 752; 251 752; 250 753; 249 753; 248 754; 247 754; 246 755; 245 755; 244 756; 240 756; 237 753; 237 748; 234 745
15; 1008 744; 1008 745; 1007 746; 1007 747; 1006 748; 1006 753; 1007 754; 1007 755; 1008 756; 1008 757; 1009 758; 1009 761; 1006 764; 1005 764; 1003 766; 1002 766; 1001 767; 1000 767; 999 768; 998 768; 997 769; 996 769; 995 770; 993 770; 991 772; 991 777; 992 778; 992 780; 993 781; 993 783; 994 784; 994 787; 995 788; 995 789; 996 790; 996 791; 997 792; 997 793; 998 794; 1002 794; 1004 792; 1004 785; 1003 784; 1003 779; 1007 775; 1008 775; 1009 774; 1010 774; 1011 773; 1013 773; 1014 772; 1015 772; 1016 771; 1018 771; 1019 770; 1023 770; 1023 758; 1020 758; 1019 757; 1018 757; 1017 756; 1017 755; 1016 754; 1016 751; 1015 750; 1015 747; 1014 746; 1014 745; 1013 744
16; 769 727; 768 728; 768 735; 769 736; 769 738; 770 739; 770 741; 771 742; 771 744; 772 745; 772 747; 774 749; 780 749; 781 748; 783 748; 784 747; 785 747; 786 746; 788 746; 790 744; 791 744; 792 743; 794 743; 795 744; 796 744; 799 747; 799 748; 801 750; 801 751; 802 752; 809 752; 811 750; 811 746; 808 743; 808 742; 807 741; 807 740; 805 738; 805 736; 804 735; 804 734; 803 733; 803 732; 801 730; 794 730; 792 732; 791 732; 790 733; 789 733; 788 734; 786 734; 784 736; 781 736; 780 735; 779 735; 778 734; 778 733; 777 732; 777 730; 776 729; 776 728; 775 727
17; 506 709; 504 711; 504 712; 503 713; 503 717; 502 718; 502 723; 501 724; 501 728; 499 730; 498 730; 497 731; 488 731; 487 732; 486 732; 485 733; 485 740; 486 741; 491 741; 492 740; 493 741; 498 741; 499 742; 507 742; 508 741; 508 740; 509 739; 509 737; 510 736; 510 732; 511 731; 511 727; 512 726; 512 724; 515 721; 525 721; 526 720; 526 713; 524 711; 521 711; 520 710; 519 710; 518 709
18; 1004 680; 1003 681; 1001 681; 998 684; 998 692; 999 693; 999 699; 996 702; 993 702; 992 701; 987 701; 986 702; 985 702; 984 703; 984 705; 983 706; 983 710; 991 710; 993 712; 994 712; 995 713; 996 713; 997 714; 1007 714; 1010 711; 1010 705; 1009 704; 1009 692; 1011 690; 1023 690; 1023 680
19; 0 619; 0 635; 2 635; 2 634; 6 630; 11 630; 12 631; 17 631; 19 629; 19 628; 20 627; 20 623; 19 623; 18 622; 16 622; 15 621; 10 621; 9 620; 4 620; 3 619
20; 782 633; 782 625; 760 622; 757 627; 755 643; 743 646; 742 652; 745 655; 765 654; 766 637; 769 633; 773 635
21; 773 635; 775 645; 796 647; 799 642; 802 627; 805 625; 814 626; 816 624; 816 619; 803 614; 796 614; 792 619; 791 631; 787 636; 782 633
22; 875 595; 874 596; 863 596; 862 597; 860 597; 859 598; 858 598; 857 599; 857 605; 858 606; 858 608; 859 609; 859 612; 860 613; 860 620; 859 621; 859 622; 857 624; 856 624; 853 627; 852 627; 850 629; 850 633; 859 633; 860 632; 862 632; 863 631; 866 631; 867 630; 869 630; 870 629; 871 629; 872 628; 872 620; 871 619; 871 616; 870 615; 870 610; 869 609; 869 608; 872 605; 873 605; 874 604; 877 604; 878 603; 881 603; 883 601; 883 597; 881 595
23; 892 547; 890 549; 890 554; 892 554; 893 555; 894 555; 895 556; 896 556; 897 557; 897 558; 899 560; 899 564; 895 568; 894 568; 891 571; 890 571; 886 575; 886 582; 893 589; 893 590; 897 594; 902 594; 904 592; 904 587; 902 585; 902 584; 899 581; 899 579; 900 578; 900 577; 905 572; 906 572; 906 571; 907 570; 908 570; 912 566; 912 561; 911 560; 911 559; 907 555; 907 554; 906 553; 905 553; 904 552; 902 552; 901 551; 900 551; 896 547
24; 385 537; 382 540; 382 550; 381 551; 381 556; 380 557; 380 558; 378 560; 368 560; 366 562; 366 569; 367 570; 379 570; 380 571; 387 571; 389 569; 389 568; 390 567; 390 564; 391 563; 391 553; 392 552; 392 551; 394 549; 404 549; 405 548; 405 547; 406 546; 406 542; 404 540; 403 540; 402 539; 398 539; 397 538; 393 538; 392 537
25; 355 511; 354 512; 354 513; 353 514; 353 518; 352 519; 352 526; 351 527; 351 529; 348 532; 344 532; 343 531; 338 531; 336 533; 336 539; 337 540; 338 540; 339 541; 343 541; 344 542; 346 542; 347 543; 348 543; 349 544; 357 544; 358 543; 358 542; 359 541; 359 539; 360 538; 360 534; 361 533; 361 528; 362 527; 362 526; 365 523; 366 524; 367 524; 371 528; 377 528; 378 527; 379 527; 379 523; 378 522; 378 521; 375 518; 374 518; 373 517; 371 517; 370 516; 369 516; 365 512; 364 512; 363 511
26; 105 444; 105 445; 104 446; 104 454; 105 454; 106 455; 113 455; 115 457; 115 458; 116 459; 116 460; 115 461; 115 465; 114 466; 114 470; 113 471; 113 477; 115 479; 118 479; 119 480; 123 480; 124 481; 127 481; 131 485; 137 485; 138 484; 138 479; 137 478; 136 478; 135 477; 133 477; 129 473; 129 472; 128 472; 124 468; 124 466; 125 465; 125 463; 126 462; 126 457; 127 456; 127 450; 126 449; 126 448; 125 448; 124 447; 123 447; 122 446; 118 446; 117 445; 115 445; 114 444
27; 257 412; 254 415; 254 421; 256 421; 257 422; 260 422; 261 423; 262 423; 265 426; 265 427; 264 428; 264 429; 263 430; 263 431; 262 432; 262 433; 261 434; 261 435; 260 436; 260 437; 259 438; 259 446; 262 449; 263 449; 264 450; 267 450; 268 451; 270 451; 271 452; 272 452; 273 453; 279 453; 280 452; 280 446; 277 443; 276 443; 272 439; 272 435; 273 434; 273 433; 274 432; 274 431; 275 430; 275 429; 276 428; 276 427; 277 426; 277 425; 278 424; 278 419; 277 418; 276 418; 275 417; 274 417; 273 416; 272 416; 271 415; 270 415; 269 414; 268 414; 267 413; 266 413; 265 412
28; 575 368; 574 369; 574 370; 573 371; 573 372; 572 373; 572 380; 571 381; 571 384; 570 385; 570 387; 568 389; 564 389; 562 387; 556 387; 555 388; 555 394; 556 395; 557 395; 558 396; 559 396; 562 399; 563 399; 564 400; 565 400; 566 401; 575 401; 577 399; 578 399; 578 398; 579 397; 579 390; 580 389; 580 385; 581 384; 581 382; 582 381; 582 380; 584 378; 586 378; 587 379; 588 379; 589 380; 590 380; 591 381; 595 381; 596 380; 596 373; 593 370; 589 370; 588 369; 584 369; 583 368
29; 267 359; 266 360; 263 360; 262 361; 255 361; 254 362; 251 362; 250 363; 250 367; 251 368; 251 369; 253 371; 263 371; 266 374; 266 375; 267 376; 267 382; 268 383; 268 388; 269 389; 269 390; 270 391; 270 392; 271 392; 272 393; 276 393; 277 392; 279 392; 280 391; 281 391; 282 390; 287 390; 288 391; 293 391; 295 389; 295 384; 294 383; 293 383; 292 382; 287 382; 286 383; 285 383; 284 384; 282 384; 278 380; 278 379; 277 378; 277 375; 276 374; 276 370; 275 369; 275 365; 274 364; 274 362; 271 359
30; 366 349; 365 350; 365 351; 364 352; 364 356; 365 357; 365 358; 368 361; 368 362; 369 363; 369 364; 370 365; 370 366; 371 367; 371 368; 373 370; 373 371; 375 373; 380 373; 382 371; 383 371; 385 369; 386 369; 387 368; 388 368; 391 365; 392 365; 393 364; 396 364; 399 367; 399 368; 400 369; 400 373; 402 375; 406 375; 408 373; 408 368; 407 367; 407 366; 406 365; 406 364; 405 363; 405 361; 404 360; 404 359; 403 358; 403 354; 402 353; 402 352; 400 350; 395 350; 394 351; 393 351; 392 352; 391 352; 387 356; 386 356; 384 358; 383 358; 382 359; 377 359; 373 355; 373 354; 372 353; 372 352; 371 351; 371 349
31; 13 331; 12 332; 12 337; 13 337; 14 338; 14 339; 16 341; 16 342; 17 343; 17 344; 18 345; 18 346; 19 347; 19 349; 23 353; 27 353; 28 352; 29 352; 31 350; 32 350; 34 348; 35 348; 36 347; 37 347; 38 346; 39 346; 40 345; 43 345; 46 348; 46 349; 48 351; 48 352; 50 354; 54 354; 56 352; 56 347; 55 346; 55 345; 53 343; 53 342; 52 341; 52 340; 51 339; 51 337; 50 336; 50 335; 49 334; 49 333; 48 332; 42 332; 40 334; 39 334; 37 336; 36 336; 35 337; 34 337; 33 338; 32 338; 31 339; 30 339; 29 340; 27 340; 24 337; 24 336; 23 335; 23 334; 20 331
32; 351 327; 350 328; 349 328; 349 329; 348 330; 348 332; 347 333; 347 335; 346 336; 346 338; 345 339; 345 342; 341 346; 339 346; 338 345; 337 345; 336 344; 330 344; 329 345; 328 345; 328 346; 326 348; 326 352; 327 352; 328 353; 332 353; 333 354; 334 354; 335 355; 337 355; 338 356; 339 356; 340 357; 341 357; 342 358; 348 358; 351 355; 351 353; 352 352; 352 350; 353 349; 353 347; 354 346; 354 343; 355 342; 355 341; 358 338; 361 338; 362 339; 365 339; 367 341; 368 341; 369 342; 373 342; 373 338; 371 336; 371 334; 370 333; 370 332; 368 330; 366 330; 365 329; 362 329; 361 328; 360 328; 359 327
33; 580 301; 579 302; 578 302; 577 303; 577 304; 576 305; 576 306; 575 307; 575 309; 574 310; 574 311; 573 312; 573 313; 572 314; 572 315; 569 318; 566 318; 565 317; 563 317; 562 316; 557 316; 556 317; 555 317; 554 318; 554 319; 553 320; 553 325; 554 326; 558 326; 559 327; 560 327; 561 328; 564 328; 565 329; 566 329; 567 330; 568 330; 569 331; 575 331; 577 329; 577 327; 578 326; 578 325; 579 324; 579 323; 580 322; 580 321; 581 320; 581 319; 583 317; 583 316; 585 314; 590 314; 591 315; 592 315; 593 316; 597 316; 598 315; 599 315; 599 314; 600 313; 600 309; 599 308; 599 307; 598 307; 597 306; 595 306; 594 305; 593 305; 592 304; 590 304; 588 302; 587 302; 586 301
34; 196 265; 194 267; 194 268; 193 269; 193 279; 192 280; 192 283; 189 286; 180 286; 177 289; 177 294; 178 294; 180 296; 185 296; 186 297; 189 297; 190 298; 198 298; 199 297; 199 296; 200 295; 200 293; 201 292; 201 289; 202 288; 202 284; 203 283; 203 281; 204 280; 204 279; 206 277; 208 277; 209 278; 216 278; 218 276; 218 270; 216 268; 214 268; 213 267; 209 267; 208 266; 205 266; 204 265
35; 48 221; 47 222; 47 223; 46 224; 46 230; 47 231; 47 233; 48 234; 48 236; 49 237; 49 238; 50 239; 50 240; 51 241; 51 242; 52 243; 57 243; 58 242; 59 242; 60 241; 61 241; 62 240; 63 240; 65 238; 66 238; 67 237; 68 237; 70 235; 74 235; 76 237; 76 246; 81 246; 81 245; 84 242; 84 241; 85 240; 85 233; 84 232; 84 231; 83 230; 83 229; 82 228; 82 227; 80 225; 80 224; 78 222; 72 222; 71 223; 70 223; 68 225; 67 225; 66 226; 65 226; 63 228; 62 228; 60 230; 58 230; 55 227; 55 226; 54 225; 54 224; 53 223; 53 222; 52 221
36; 729 186; 723 192; 722 192; 717 197; 714 197; 713 196; 710 196; 709 195; 707 195; 706 194; 703 194; 702 193; 696 193; 693 196; 693 198; 692 199; 692 203; 691 204; 691 208; 690 209; 690 217; 692 219; 696 219; 697 218; 697 217; 698 216; 698 209; 701 206; 702 206; 703 205; 705 205; 706 206; 709 206; 710 207; 713 207; 714 208; 723 208; 724 207; 724 206; 725 205; 725 203; 731 197; 732 197; 735 194; 735 189; 734 188; 734 187; 733 186
37; 938 163; 937 164; 936 164; 936 165; 934 167; 934 173; 940 173; 941 174; 943 174; 947 178; 947 188; 946 189; 946 197; 948 199; 948 200; 949 200; 950 201; 955 201; 956 202; 968 202; 970 200; 970 193; 969 192; 967 192; 966 191; 962 191; 961 190; 960 190; 959 189; 959 179; 960 178; 960 169; 958 167; 957 167; 956 166; 954 166; 953 165; 948 165; 947 164; 943 164; 942 163
38; 459 149; 458 150; 457 150; 456 151; 454 151; 453 152; 452 152; 451 153; 449 153; 448 154; 447 154; 446 155; 446 161; 448 163; 454 163; 455 162; 460 162; 462 164; 462 165; 463 166; 463 170; 464 171; 464 175; 465 176; 465 178; 468 181; 474 181; 475 180; 477 180; 478 179; 484 179; 485 178; 486 178; 487 177; 488 177; 488 176; 489 175; 489 171; 487 169; 476 169; 473 166; 473 165; 472 164; 472 160; 471 159; 471 157; 470 156; 470 154; 469 153; 469 152; 468 151; 468 150; 467 149
39; 225 99; 224 100; 223 100; 222 101; 222 102; 219 105; 219 106; 218 107; 218 109; 217 110; 217 111; 216 112; 216 113; 215 114; 215 115; 214 116; 214 122; 211 125; 206 125; 205 126; 204 126; 203 127; 202 127; 202 128; 201 129; 201 136; 208 136; 209 135; 212 135; 213 134; 222 134; 225 131; 225 120; 226 119; 226 114; 228 112; 230 112; 231 113; 232 113; 233 114; 234 114; 236 116; 240 116; 240 115; 241 114; 241 109; 234 102; 233 102; 231 100; 230 100; 229 99
40; 744 66; 743 67; 742 67; 740 69; 740 70; 739 71; 739 73; 738 74; 738 76; 737 77; 737 78; 736 79; 736 80; 732 84; 730 84; 729 83; 728 83; 727 82; 726 82; 725 81; 719 81; 718 82; 717 82; 715 84; 715 88; 716 89; 717 89; 718 90; 719 90; 722 93; 723 93; 724 94; 725 94; 726 95; 728 95; 729 96; 730 96; 731 97; 738 97; 739 96; 740 96; 740 95; 741 94; 741 92; 742 91; 742 90; 743 89; 743 88; 744 87; 744 86; 746 84; 746 83; 749 80; 752 80; 753 81; 754 81; 755 82; 765 82; 765 78; 763 76; 763 75; 762 75; 761 74; 760 74; 757 71; 756 71; 755 70; 754 70; 752 68; 750 68; 748 66
41; 90 57; 88 59; 88 61; 87 62; 87 67; 86 68; 86 72; 85 73; 85 74; 81 78; 79 78; 77 76; 77 75; 76 74; 76 71; 75 70; 71 70; 69 72; 69 78; 72 81; 73 81; 74 82; 75 82; 80 87; 81 87; 82 88; 84 88; 85 89; 89 89; 90 88; 91 88; 92 87; 92 86; 93 85; 93 83; 94 82; 94 77; 95 76; 95 72; 96 71; 96 70; 99 67; 103 67; 104 68; 109 68; 112 65; 112 58; 102 58; 101 57
42; 332 41; 331 42; 331 49; 332 50; 332 51; 333 52; 333 54; 334 55; 334 58; 340 64; 345 64; 347 62; 348 62; 349 61; 350 61; 353 58; 354 58; 355 57; 359 57; 361 59; 361 60; 362 61; 362 63; 363 64; 363 66; 364 67; 365 67; 366 68; 370 68; 371 67; 372 67; 372 60; 371 59; 371 57; 370 56; 370 55; 369 54; 369 52; 368 51; 368 50; 367 49; 367 48; 366 47; 366 46; 363 43; 359 43; 358 44; 357 44; 356 45; 355 45; 353 47; 352 47; 351 48; 350 48; 349 49; 348 49; 347 50; 343 50; 341 48; 341 47; 340 46; 340 45; 338 43; 338 42; 337 42; 336 41
43; 958 12; 957 13; 957 19; 958 20; 958 22; 959 23; 959 25; 960 26; 960 28; 961 29; 961 30; 962 31; 962 32; 963 33; 963 34; 964 34; 965 35; 970 35; 971 34; 973 34; 974 33; 976 33; 977 32; 978 32; 979 31; 981 31; 982 30; 984 30; 985 31; 986 31; 988 33; 989 33; 993 37; 993 39; 995 41; 996 41; 997 42; 1001 42; 1002 41; 1002 33; 1001 32; 1000 32; 999 31; 998 31; 995 28; 995 26; 994 25; 994 23; 993 22; 993 21; 992 20; 992 19; 991 18; 984 18; 983 19; 981 19; 980 20; 979 20; 978 21; 976 21; 975 22; 970 22; 969 21; 968 21; 967 20; 967 19; 966 18; 966 16; 965 15; 965 14; 963 12
44; 652 0; 651 1; 651 2; 649 4; 648 4; 646 6; 645 6; 643 8; 642 8; 640 10; 639 10; 638 11; 637 11; 636 12; 629 12; 629 18; 630 19; 630 20; 631 21; 631 22; 632 23; 638 23; 639 22; 640 22; 641 21; 642 21; 643 20; 644 20; 646 18; 647 18; 649 16; 650 16; 651 15; 652 15; 653 16; 654 16; 655 17; 656 17; 658 19; 665 19; 665 13; 662 10; 662 9; 661 8; 661 6; 660 5; 660 0
45; 288 21; 288 42; 290 44; 303 45; 312 43; 311 35; 300 34; 298 32; 298 15; 295 11; 289 10
46; 289 10; 286 7; 287 0; 263 0; 261 12; 272 15; 276 15; 288 21
47; 261 12; 257 15; 246 7; 246 0; 232 0; 236 7; 232 18; 232 26; 248 34; 253 34; 254 25; 265 26; 272 15
48; 113 0; 113 7; 114 8; 114 20; 113 21; 113 22; 112 23; 111 23; 110 24; 102 24; 101 25; 101 26; 100 27; 100 33; 101 34; 107 34; 108 33; 110 33; 111 34; 120 34; 121 33; 122 33; 122 32; 123 31; 123 13; 126 10; 128 10; 129 9; 135 9; 137 7; 137 5; 138 4; 138 0
