0; 562 1005; 561 1006; 560 1006; 560 1007; 558 1009; 558 1010; 556 1012; 556 1013; 554 1015; 554 1016; 552 1018; 552 1019; 551 1020; 551 1023; 563 1023; 563 1022; 564 1021; 566 1021; 567 1022; 567 1023; 594 1023; 594 1021; 598 1017; 598 1012; 597 1011; 596 1011; 595 1010; 588 1010; 581 1017; 579 1017; 571 1009; 570 1009; 566 1005
1; 740 925; 738 927; 738 931; 739 932; 739 935; 740 936; 740 940; 741 941; 741 943; 742 944; 742 947; 743 948; 743 949; 744 950; 751 950; 752 949; 754 949; 755 948; 757 948; 758 947; 764 947; 766 949; 766 950; 767 951; 767 953; 768 954; 768 955; 769 956; 769 957; 770 958; 776 958; 777 957; 777 956; 778 955; 778 948; 777 947; 777 946; 776 945; 776 944; 775 943; 775 942; 774 941; 774 938; 773 937; 773 936; 772 935; 762 935; 761 936; 758 936; 757 937; 755 937; 754 938; 753 937; 751 937; 749 935; 749 930; 748 929; 748 927; 746 925
2; 358 922; 358 923; 357 924; 357 935; 355 937; 353 937; 352 938; 347 938; 346 939; 343 939; 342 940; 340 940; 339 941; 338 941; 337 942; 337 954; 338 955; 338 965; 339 966; 339 967; 340 968; 344 968; 349 963; 349 958; 348 957; 348 955; 347 954; 347 953; 348 952; 348 951; 349 950; 350 950; 351 949; 356 949; 357 948; 359 948; 360 947; 364 947; 365 946; 366 946; 369 943; 369 936; 368 935; 368 932; 367 931; 367 929; 366 928; 366 926; 365 925; 365 924; 364 923; 364 922
3; 663 906; 661 908; 661 912; 662 913; 662 930; 664 932; 672 932; 673 933; 680 933; 681 934; 682 934; 684 936; 684 941; 685 942; 685 947; 687 949; 691 949; 693 947; 693 945; 694 944; 694 925; 692 923; 689 923; 688 922; 677 922; 676 921; 675 921; 672 918; 672 910; 671 909; 671 908; 669 906
4; 934 891; 931 894; 930 894; 928 896; 927 896; 925 898; 924 898; 923 899; 922 899; 920 901; 919 901; 917 903; 917 907; 918 908; 918 909; 920 911; 920 912; 921 913; 921 914; 923 916; 923 917; 926 920; 926 925; 924 927; 923 927; 919 931; 919 935; 921 937; 927 937; 930 934; 931 934; 932 933; 933 933; 935 931; 936 931; 937 930; 938 930; 939 929; 939 928; 940 927; 940 922; 939 921; 939 920; 936 917; 936 916; 935 915; 935 914; 932 911; 932 910; 931 909; 931 907; 932 906; 932 905; 933 904; 934 904; 935 903; 936 903; 940 899; 940 894; 939 893; 939 892; 938 891
5; 525 803; 523 805; 523 808; 522 809; 522 819; 521 820; 521 825; 524 828; 525 828; 526 829; 540 829; 541 830; 542 830; 544 832; 544 833; 545 834; 545 842; 547 844; 548 844; 549 845; 554 845; 555 844; 556 844; 557 843; 557 839; 556 838; 556 837; 555 836; 555 821; 553 819; 552 819; 551 818; 540 818; 539 817; 536 817; 533 814; 533 807; 532 806; 532 805; 530 803
6; 403 702; 400 705; 400 726; 401 727; 401 728; 402 728; 403 729; 408 729; 409 730; 415 730; 416 731; 418 731; 422 735; 422 742; 424 744; 424 745; 429 745; 432 742; 432 740; 433 739; 433 723; 430 720; 429 720; 428 719; 416 719; 415 718; 413 718; 410 715; 410 712; 411 711; 411 704; 409 702
7; 287 674; 285 676; 285 677; 284 678; 284 680; 283 681; 283 685; 282 686; 282 694; 283 695; 283 696; 285 698; 287 698; 288 699; 292 699; 293 700; 300 700; 303 703; 303 714; 305 716; 306 716; 307 717; 313 717; 313 709; 314 708; 314 700; 315 699; 315 695; 314 694; 314 693; 312 691; 311 691; 310 690; 304 690; 303 689; 298 689; 297 688; 295 688; 293 686; 293 676; 291 674
8; 812 669; 812 670; 811 671; 811 692; 812 693; 812 694; 813 695; 814 695; 815 696; 823 696; 824 697; 829 697; 831 699; 831 700; 832 701; 832 708; 833 709; 833 710; 834 711; 841 711; 842 710; 842 709; 843 708; 843 702; 844 701; 844 690; 843 689; 843 688; 842 688; 841 687; 839 687; 838 686; 826 686; 825 685; 824 685; 821 682; 821 675; 820 674; 820 672; 818 670; 817 670; 816 669
9; 876 652; 873 655; 872 655; 867 660; 866 660; 863 663; 863 669; 868 674; 868 675; 871 678; 871 679; 873 681; 873 686; 872 687; 872 688; 867 693; 867 697; 870 700; 875 700; 876 699; 876 698; 877 697; 877 696; 885 688; 886 688; 887 687; 887 680; 883 676; 883 675; 878 670; 878 669; 877 668; 877 665; 878 664; 878 663; 882 659; 882 653; 881 653; 880 652
10; 685 644; 682 647; 682 649; 681 650; 681 662; 682 663; 682 666; 685 669; 693 669; 694 668; 704 668; 707 671; 707 675; 708 676; 708 678; 709 679; 709 680; 710 681; 718 681; 718 675; 717 674; 717 670; 716 669; 716 665; 715 664; 715 661; 714 660; 714 659; 712 657; 694 657; 691 654; 691 646; 689 644
11; 156 642; 154 644; 154 649; 158 653; 158 657; 155 660; 154 660; 153 661; 152 661; 151 662; 150 662; 149 663; 147 663; 146 664; 145 664; 143 666; 142 666; 142 667; 141 668; 141 672; 142 673; 142 675; 144 677; 144 678; 146 680; 146 681; 148 683; 148 684; 149 685; 149 686; 151 688; 155 688; 158 685; 158 681; 156 679; 156 678; 155 677; 155 676; 154 675; 154 674; 155 673; 155 672; 157 670; 158 670; 159 669; 160 669; 161 668; 162 668; 163 667; 164 667; 165 666; 166 666; 167 665; 168 665; 172 661; 172 657; 170 655; 170 654; 169 653; 169 652; 168 651; 168 650; 165 647; 165 646; 163 644; 163 643; 162 642
12; 538 628; 536 630; 536 638; 537 639; 537 641; 538 642; 538 644; 539 645; 539 648; 540 649; 540 650; 542 652; 549 652; 550 651; 555 651; 556 650; 558 650; 559 649; 561 649; 564 652; 564 658; 565 659; 565 660; 569 664; 573 664; 573 663; 574 662; 574 653; 573 652; 573 643; 572 642; 572 640; 569 637; 563 637; 562 638; 558 638; 557 639; 555 639; 554 640; 551 640; 550 639; 549 639; 547 637; 547 636; 546 635; 546 633; 545 632; 545 630; 543 628
13; 902 611; 900 613; 900 627; 901 628; 901 633; 903 635; 904 635; 905 636; 916 636; 917 635; 921 635; 922 636; 923 636; 925 638; 925 640; 926 641; 926 645; 927 646; 927 647; 928 648; 929 648; 930 649; 935 649; 936 648; 936 638; 935 637; 935 631; 934 630; 934 626; 931 623; 926 623; 925 624; 913 624; 910 621; 910 614; 908 612; 908 611
14; 794 599; 791 602; 791 606; 792 607; 792 612; 789 615; 786 615; 785 616; 782 616; 781 617; 775 617; 774 618; 773 618; 772 619; 772 620; 771 621; 771 625; 772 626; 772 631; 773 632; 773 636; 774 637; 774 640; 776 642; 781 642; 783 640; 783 630; 786 627; 788 627; 789 626; 793 626; 794 625; 800 625; 801 624; 802 624; 804 622; 804 613; 803 612; 803 611; 802 610; 802 608; 801 607; 801 604; 800 603; 800 599
15; 846 571; 846 572; 845 573; 845 575; 844 576; 844 579; 843 580; 843 583; 842 584; 842 588; 841 589; 841 596; 843 598; 846 598; 847 599; 856 599; 857 600; 860 600; 862 602; 862 603; 863 604; 863 613; 865 615; 869 615; 870 614; 871 614; 872 613; 872 612; 873 611; 873 592; 872 591; 870 591; 869 590; 867 590; 866 589; 859 589; 858 588; 855 588; 853 586; 853 584; 854 583; 854 582; 855 581; 855 575; 854 574; 854 573; 853 573; 851 571
16; 211 494; 207 498; 207 499; 205 501; 205 502; 203 504; 203 505; 199 509; 196 509; 194 507; 193 507; 191 505; 187 505; 184 508; 184 512; 191 519; 192 519; 195 522; 196 522; 198 524; 204 524; 205 523; 205 522; 206 521; 206 520; 207 519; 207 518; 208 517; 208 516; 210 514; 210 513; 215 508; 218 508; 219 509; 220 509; 221 510; 222 510; 223 511; 230 511; 232 509; 232 502; 231 502; 230 501; 229 501; 228 500; 226 500; 224 498; 223 498; 222 497; 221 497; 219 495; 218 495; 217 494
17; 713 428; 712 429; 712 430; 711 431; 711 438; 712 439; 712 448; 713 449; 713 450; 716 453; 723 453; 724 452; 731 452; 732 451; 733 451; 734 452; 735 452; 737 454; 737 456; 738 457; 738 462; 739 463; 739 464; 740 465; 741 465; 742 466; 746 466; 747 465; 748 465; 749 464; 749 458; 748 457; 748 453; 747 452; 747 446; 746 445; 746 443; 745 442; 745 441; 744 440; 724 440; 722 438; 722 437; 721 436; 721 430; 719 428
18; 123 397; 122 398; 121 398; 118 401; 118 406; 119 407; 119 408; 120 409; 120 410; 121 411; 121 412; 122 413; 122 419; 123 420; 123 421; 124 422; 124 423; 125 424; 135 424; 136 423; 143 423; 146 426; 146 431; 147 432; 147 434; 149 436; 154 436; 156 434; 156 432; 157 431; 157 419; 156 418; 156 414; 155 413; 155 412; 154 412; 153 411; 139 411; 138 412; 134 412; 133 411; 132 411; 129 408; 129 407; 128 406; 128 397
19; 76 360; 75 361; 75 370; 74 371; 74 383; 75 384; 75 385; 76 386; 78 386; 79 387; 92 387; 93 388; 95 388; 96 389; 96 390; 97 391; 97 400; 99 402; 105 402; 106 401; 106 399; 107 398; 107 379; 105 377; 103 377; 102 376; 88 376; 87 375; 86 375; 85 374; 85 373; 84 372; 84 369; 85 368; 85 363; 83 361; 82 361; 81 360
20; 984 344; 982 346; 982 354; 983 355; 983 359; 984 360; 984 363; 985 364; 985 366; 987 368; 988 368; 989 369; 994 369; 995 368; 998 368; 999 367; 1002 367; 1003 366; 1006 366; 1009 369; 1009 373; 1010 374; 1010 376; 1013 379; 1015 379; 1016 380; 1020 380; 1021 379; 1023 379; 1023 366; 1019 366; 1018 365; 1018 364; 1017 363; 1017 362; 1016 361; 1016 357; 1013 354; 1008 354; 1007 355; 1001 355; 1000 356; 994 356; 992 354; 992 349; 991 348; 991 346; 990 345; 989 345; 988 344
21; 383 332; 383 333; 382 334; 382 335; 381 336; 381 338; 380 339; 380 341; 379 342; 379 343; 378 344; 378 345; 377 346; 377 347; 374 350; 370 350; 369 349; 368 349; 367 348; 361 348; 358 351; 358 355; 359 356; 360 356; 361 357; 362 357; 363 358; 364 358; 365 359; 366 359; 367 360; 369 360; 370 361; 371 361; 372 362; 373 362; 374 363; 375 363; 376 364; 380 364; 382 362; 382 361; 383 360; 383 358; 384 357; 384 356; 385 355; 385 353; 387 351; 387 350; 388 349; 388 348; 390 346; 391 346; 392 345; 393 345; 394 346; 396 346; 397 347; 403 347; 405 345; 405 341; 404 340; 404 339; 403 338; 402 338; 401 337; 398 337; 396 335; 395 335; 394 334; 393 334; 391 332
22; 534 330; 531 333; 531 335; 530 336; 530 338; 529 339; 529 340; 528 341; 528 344; 527 345; 527 347; 525 349; 524 349; 523 350; 520 350; 519 349; 513 349; 510 352; 510 356; 512 358; 513 358; 514 359; 516 359; 517 360; 519 360; 520 361; 522 361; 523 362; 525 362; 526 363; 530 363; 533 360; 533 359; 534 358; 534 356; 535 355; 535 354; 536 353; 536 350; 537 349; 537 347; 538 346; 538 345; 540 343; 545 343; 546 344; 553 344; 555 342; 555 341; 556 340; 556 335; 554 335; 553 334; 548 334; 547 333; 545 333; 544 332; 543 332; 542 331; 540 331; 539 330
23; 471 231; 470 232; 469 232; 466 235; 466 242; 467 243; 466 244; 466 246; 465 247; 464 247; 463 248; 456 248; 455 249; 450 249; 449 250; 447 250; 446 251; 446 252; 445 253; 445 261; 446 262; 446 266; 447 267; 447 272; 448 273; 448 274; 449 275; 455 275; 457 273; 457 267; 456 266; 456 263; 457 262; 457 261; 458 260; 460 260; 461 259; 470 259; 471 258; 475 258; 476 257; 477 257; 477 256; 479 254; 479 250; 478 249; 478 246; 477 245; 477 241; 476 240; 476 231
24; 209 205; 208 206; 207 206; 207 212; 208 213; 208 215; 209 216; 209 218; 210 219; 210 221; 211 222; 211 226; 212 227; 212 228; 213 229; 221 229; 222 228; 225 228; 226 227; 230 227; 231 226; 234 226; 238 230; 238 232; 239 233; 239 235; 241 237; 247 237; 248 236; 248 235; 249 234; 249 230; 248 229; 248 227; 247 226; 247 225; 246 224; 246 223; 245 222; 245 220; 244 219; 244 215; 241 212; 237 212; 236 213; 234 213; 233 214; 230 214; 229 215; 227 215; 226 216; 224 216; 223 217; 222 217; 218 213; 218 211; 217 210; 217 208; 216 207; 216 206; 215 205
25; 284 185; 279 190; 279 191; 277 193; 277 194; 275 196; 275 197; 272 200; 271 200; 270 201; 269 200; 267 200; 263 196; 257 196; 253 200; 253 205; 254 205; 255 206; 256 206; 257 207; 260 207; 262 209; 263 209; 269 215; 273 215; 274 214; 275 214; 277 212; 277 211; 280 208; 280 207; 282 205; 282 204; 286 200; 291 200; 293 202; 294 202; 296 204; 301 204; 302 203; 302 202; 303 201; 303 197; 299 193; 298 193; 291 186; 290 186; 289 185
26; 242 153; 241 154; 241 163; 242 164; 242 167; 241 168; 241 169; 239 171; 237 171; 236 172; 230 172; 229 173; 226 173; 225 174; 223 174; 221 176; 221 177; 220 178; 220 182; 221 183; 221 185; 222 186; 222 190; 223 191; 223 195; 224 196; 224 197; 226 199; 231 199; 233 197; 233 189; 232 188; 232 186; 235 183; 237 183; 238 182; 243 182; 244 181; 249 181; 250 180; 251 180; 252 179; 252 178; 253 177; 253 173; 252 172; 252 166; 251 165; 251 160; 250 159; 250 157; 246 153
27; 808 151; 794 165; 794 170; 797 173; 797 174; 800 177; 800 178; 802 180; 802 181; 803 182; 803 183; 804 184; 804 186; 802 188; 802 189; 797 194; 797 199; 799 201; 803 201; 808 196; 809 196; 811 194; 812 194; 814 192; 815 192; 818 189; 818 184; 817 183; 817 182; 813 178; 813 177; 810 174; 810 173; 808 171; 808 170; 807 169; 807 168; 808 167; 808 166; 815 159; 815 155; 814 154; 814 153; 812 151
28; 1019 141; 1018 142; 1017 142; 1015 144; 1015 153; 1016 154; 1016 159; 1017 160; 1017 163; 1018 164; 1023 164; 1023 141
29; 73 127; 70 130; 70 136; 71 137; 71 138; 74 141; 74 145; 71 148; 70 148; 67 151; 66 151; 60 157; 60 163; 62 165; 62 166; 65 169; 65 170; 67 172; 67 173; 70 176; 75 176; 77 174; 77 169; 76 168; 76 167; 74 165; 74 164; 73 163; 73 162; 74 161; 74 160; 79 155; 80 155; 82 153; 83 153; 85 151; 86 151; 88 149; 88 141; 85 138; 85 137; 81 133; 81 132; 77 128; 77 127
30; 883 76; 880 79; 880 80; 877 83; 877 84; 874 87; 874 88; 873 89; 873 90; 870 93; 868 93; 867 92; 866 92; 863 89; 862 89; 861 88; 857 88; 853 92; 853 96; 854 96; 856 98; 857 98; 859 100; 860 100; 861 101; 862 101; 865 104; 866 104; 868 106; 874 106; 877 103; 877 102; 879 100; 879 99; 881 97; 881 96; 885 92; 886 92; 887 91; 888 91; 889 92; 890 92; 891 93; 892 93; 893 94; 900 94; 901 93; 901 87; 899 85; 898 85; 897 84; 896 84; 894 82; 894 81; 893 81; 889 77; 888 77; 887 76
31; 811 67; 809 69; 809 80; 808 81; 808 90; 810 92; 812 92; 813 93; 824 93; 825 94; 829 94; 831 96; 831 97; 832 98; 832 107; 833 108; 833 109; 834 109; 835 110; 844 110; 844 106; 843 105; 843 104; 842 103; 842 88; 841 87; 841 86; 839 84; 837 84; 836 83; 826 83; 825 82; 822 82; 819 79; 819 72; 818 71; 818 69; 816 67
32; 870 26; 864 32; 863 32; 855 40; 855 44; 856 45; 856 46; 859 49; 859 50; 865 56; 865 57; 866 58; 866 59; 865 60; 865 61; 861 65; 860 65; 859 66; 859 72; 861 74; 866 74; 867 73; 868 73; 870 71; 871 71; 873 69; 874 69; 875 68; 876 68; 879 65; 879 64; 880 63; 880 58; 877 55; 877 54; 874 51; 874 50; 869 45; 869 42; 870 41; 870 40; 873 37; 874 37; 876 35; 876 27; 875 26
33; 1019 18; 1018 19; 1017 19; 1016 20; 1016 22; 1015 23; 1015 25; 1014 26; 1014 27; 1011 30; 1008 30; 1006 28; 1005 28; 1004 27; 998 27; 997 28; 997 29; 996 30; 996 34; 999 37; 1000 37; 1001 38; 1002 38; 1003 39; 1004 39; 1005 40; 1006 40; 1007 41; 1008 41; 1009 42; 1010 42; 1011 43; 1017 43; 1018 42; 1023 42; 1023 18
