0; 37 1000; 27 1010; 26 1010; 25 1011; 24 1011; 23 1012; 23 1016; 26 1019; 33 1019; 36 1016; 36 1015; 37 1014; 38 1014; 39 1013; 42 1013; 49 1020; 49 1021; 50 1022; 50 1023; 64 1023; 64 1021; 72 1013; 72 1007; 71 1006; 65 1006; 64 1007; 63 1007; 60 1010; 59 1010; 58 1011; 55 1011; 53 1009; 52 1009; 51 1008; 51 1007; 47 1003; 46 1003; 45 1002; 45 1001; 44 1001; 43 1000
1; 501 980; 501 982; 500 983; 500 984; 499 985; 499 986; 496 989; 496 990; 491 995; 491 1001; 493 1003; 494 1003; 495 1004; 496 1004; 499 1007; 500 1007; 506 1013; 506 1014; 505 1015; 505 1016; 504 1017; 500 1017; 496 1013; 492 1013; 492 1014; 491 1015; 491 1016; 490 1017; 490 1018; 488 1020; 488 1023; 514 1023; 514 1021; 515 1020; 515 1019; 519 1015; 519 1009; 516 1006; 515 1006; 513 1004; 512 1004; 509 1001; 508 1001; 504 997; 504 995; 505 994; 505 993; 509 989; 509 983; 507 981; 506 981; 505 980
2; 712 975; 708 979; 708 985; 709 986; 709 989; 705 993; 702 993; 701 994; 698 994; 697 995; 694 995; 693 996; 691 996; 688 999; 688 1004; 689 1005; 689 1008; 690 1009; 690 1011; 691 1012; 691 1021; 692 1022; 692 1023; 698 1023; 698 1020; 699 1019; 699 1011; 698 1010; 698 1008; 702 1004; 705 1004; 706 1003; 708 1003; 709 1002; 712 1002; 713 1001; 716 1001; 717 1000; 718 1000; 720 998; 720 994; 719 993; 719 990; 718 989; 718 978; 717 977; 717 976; 716 975
3; 372 973; 371 974; 370 974; 370 978; 371 979; 371 981; 372 982; 372 996; 374 998; 380 998; 381 999; 391 999; 392 1000; 393 1000; 394 1001; 394 1002; 395 1003; 395 1011; 397 1013; 402 1013; 403 1012; 403 1011; 404 1010; 404 992; 403 991; 403 990; 402 990; 401 989; 389 989; 388 988; 384 988; 382 986; 382 985; 381 984; 381 976; 380 975; 380 974; 379 974; 378 973
4; 96 967; 95 968; 95 969; 93 971; 93 972; 82 983; 82 987; 84 989; 85 989; 91 995; 92 995; 95 998; 95 999; 96 1000; 96 1002; 95 1003; 95 1004; 92 1007; 92 1008; 91 1009; 91 1014; 92 1015; 92 1016; 98 1016; 102 1012; 103 1012; 108 1007; 108 1006; 110 1004; 110 999; 109 998; 109 997; 106 994; 105 994; 98 987; 98 985; 97 984; 98 983; 98 982; 99 981; 99 980; 103 976; 103 972; 102 971; 102 970; 101 969; 101 968; 100 967
5; 235 964; 235 965; 234 966; 233 966; 233 967; 229 971; 229 972; 226 975; 226 976; 225 977; 225 982; 229 986; 230 986; 234 990; 235 990; 238 993; 238 994; 239 995; 239 996; 238 997; 238 998; 234 1002; 234 1008; 236 1010; 240 1010; 248 1002; 248 1001; 252 997; 252 991; 250 989; 249 989; 239 979; 239 975; 243 971; 243 965; 242 964
6; 338 958; 336 960; 336 961; 330 967; 329 967; 324 972; 324 976; 325 977; 325 978; 327 980; 327 981; 329 983; 329 984; 335 990; 335 993; 329 999; 329 1000; 328 1001; 328 1006; 329 1007; 335 1007; 336 1006; 336 1005; 338 1003; 339 1003; 342 1000; 343 1000; 348 995; 348 989; 342 983; 342 982; 339 979; 339 978; 338 977; 338 973; 344 967; 344 961; 343 960; 343 959; 342 958
7; 431 944; 429 946; 429 948; 428 949; 428 952; 427 953; 427 956; 426 957; 426 960; 425 961; 425 962; 423 964; 419 964; 418 963; 412 963; 410 965; 410 971; 411 971; 412 972; 413 972; 414 973; 416 973; 417 974; 419 974; 420 975; 421 975; 422 976; 424 976; 425 977; 431 977; 433 975; 433 974; 434 973; 434 969; 435 968; 435 964; 436 963; 436 959; 439 956; 444 956; 445 957; 449 957; 450 956; 451 956; 452 955; 452 954; 453 953; 453 948; 450 948; 449 947; 448 947; 447 946; 444 946; 443 945; 439 945; 438 944
8; 279 935; 276 938; 276 941; 275 942; 275 946; 274 947; 274 950; 273 951; 273 952; 272 953; 272 954; 271 955; 269 955; 268 956; 267 955; 258 955; 257 956; 257 961; 260 964; 262 964; 263 965; 265 965; 266 966; 269 966; 270 967; 279 967; 280 966; 280 965; 281 964; 281 962; 282 961; 282 959; 283 958; 283 955; 284 954; 284 950; 287 947; 291 947; 292 948; 298 948; 300 946; 300 940; 299 939; 299 938; 293 938; 292 937; 289 937; 288 936; 286 936; 285 935
9; 532 912; 531 913; 531 914; 529 916; 529 917; 525 921; 525 922; 521 926; 521 931; 531 941; 532 941; 534 943; 534 944; 535 945; 534 946; 534 948; 529 953; 529 959; 530 960; 536 960; 547 949; 547 948; 548 947; 548 942; 540 934; 539 934; 534 929; 534 925; 537 922; 537 921; 539 919; 539 914; 537 912
10; 296 908; 295 909; 295 910; 294 911; 294 913; 293 914; 293 916; 292 917; 292 918; 291 919; 291 920; 290 921; 290 923; 289 924; 289 928; 290 929; 290 930; 291 931; 292 931; 293 932; 295 932; 299 936; 300 936; 301 937; 307 937; 309 939; 309 943; 308 944; 308 945; 307 946; 307 950; 308 951; 308 952; 309 953; 310 953; 311 954; 316 954; 316 952; 317 951; 317 946; 318 945; 318 943; 319 942; 319 940; 320 939; 320 938; 321 937; 321 932; 318 929; 317 929; 316 928; 314 928; 313 927; 311 927; 310 926; 308 926; 307 925; 305 925; 302 922; 302 917; 303 916; 303 910; 301 908
11; 572 903; 571 904; 571 905; 568 908; 568 909; 566 911; 566 912; 563 915; 563 916; 562 917; 562 922; 564 924; 565 924; 566 925; 567 925; 570 928; 571 928; 574 931; 575 931; 576 932; 576 933; 577 934; 577 939; 576 940; 576 942; 575 943; 575 948; 578 951; 583 951; 583 949; 584 948; 584 946; 585 945; 585 944; 586 943; 586 942; 587 941; 587 940; 588 939; 588 938; 590 936; 590 929; 588 927; 587 927; 585 925; 584 925; 581 922; 580 922; 576 918; 576 917; 575 916; 576 915; 576 914; 578 912; 578 911; 579 910; 579 904; 578 903
12; 892 915; 883 922; 880 944; 888 943; 894 930; 915 931; 917 928; 917 920; 922 912; 920 905; 915 905; 910 910; 910 915; 905 919; 903 915
13; 903 915; 913 903; 912 897; 910 895; 903 895; 894 902; 883 893; 877 893; 864 908; 864 912; 868 915; 874 915; 880 907; 883 907; 892 915
14; 163 864; 156 871; 155 871; 152 874; 151 874; 149 876; 149 880; 150 881; 150 882; 151 883; 157 883; 158 882; 159 882; 162 879; 163 879; 164 878; 165 878; 166 879; 167 879; 171 883; 171 884; 174 887; 174 888; 178 892; 183 892; 186 889; 187 889; 196 880; 196 875; 194 873; 189 873; 185 877; 184 877; 183 878; 181 878; 180 877; 179 877; 176 874; 176 873; 170 867; 170 866; 169 865; 168 865; 167 864
15; 896 863; 895 864; 893 864; 892 865; 892 870; 893 871; 893 877; 894 878; 894 886; 897 889; 906 889; 907 888; 912 888; 913 887; 914 888; 915 888; 918 891; 918 895; 919 896; 919 900; 920 901; 920 902; 925 902; 926 901; 927 901; 928 900; 928 899; 929 898; 929 894; 928 893; 928 881; 927 880; 927 879; 926 878; 926 877; 925 876; 915 876; 914 877; 906 877; 903 874; 903 868; 902 867; 902 865; 900 863
16; 360 862; 360 869; 361 870; 361 875; 362 876; 362 884; 363 885; 363 887; 364 888; 376 888; 377 887; 381 887; 382 886; 383 886; 384 887; 385 887; 386 888; 386 889; 387 890; 387 896; 388 897; 388 898; 389 899; 394 899; 395 898; 396 898; 396 897; 397 896; 397 892; 396 891; 396 886; 395 885; 395 880; 394 879; 394 878; 391 875; 383 875; 382 876; 377 876; 376 877; 375 877; 374 876; 373 876; 371 874; 371 873; 370 872; 370 865; 368 863; 367 863; 366 862
17; 678 840; 677 841; 676 841; 675 842; 675 850; 674 851; 674 852; 673 853; 671 853; 670 854; 666 854; 665 855; 661 855; 660 856; 659 856; 658 857; 657 857; 657 858; 656 859; 656 866; 657 867; 657 872; 658 873; 658 878; 660 880; 665 880; 666 879; 666 877; 667 876; 667 872; 666 871; 666 869; 667 868; 667 867; 669 865; 670 865; 671 864; 675 864; 676 863; 679 863; 680 862; 682 862; 683 861; 685 861; 686 860; 687 860; 688 859; 688 847; 687 846; 687 842; 685 840
18; 715 834; 714 835; 714 844; 715 845; 715 851; 716 852; 716 855; 719 858; 724 858; 725 857; 728 857; 729 856; 732 856; 733 855; 739 855; 741 857; 741 858; 742 859; 742 862; 743 863; 743 864; 746 867; 753 867; 754 866; 754 861; 752 859; 752 857; 751 856; 751 854; 750 853; 750 851; 749 850; 749 846; 748 845; 748 844; 747 843; 738 843; 737 844; 733 844; 732 845; 729 845; 728 846; 727 846; 726 845; 725 845; 724 844; 724 843; 723 842; 723 839; 722 838; 722 837; 721 836; 721 835; 720 834
19; 151 830; 150 831; 150 832; 149 833; 149 836; 148 837; 148 840; 147 841; 147 842; 146 843; 146 846; 142 850; 138 850; 137 849; 130 849; 129 850; 129 851; 127 853; 127 858; 129 858; 130 859; 135 859; 136 860; 138 860; 139 861; 142 861; 143 862; 150 862; 151 861; 151 860; 152 859; 152 857; 153 856; 153 854; 154 853; 154 851; 155 850; 155 848; 156 847; 156 846; 157 845; 157 844; 158 843; 159 843; 160 842; 161 842; 162 843; 163 843; 164 844; 171 844; 173 842; 173 837; 171 835; 170 835; 169 834; 167 834; 166 833; 165 833; 164 832; 163 832; 162 831; 160 831; 159 830
20; 878 822; 877 823; 876 823; 867 832; 866 832; 864 834; 864 838; 865 839; 865 840; 866 841; 871 841; 873 839; 874 839; 876 837; 877 837; 878 836; 880 836; 881 837; 882 837; 885 840; 885 841; 889 845; 889 846; 893 850; 898 850; 901 847; 902 847; 904 845; 904 844; 911 837; 912 837; 913 836; 913 831; 912 831; 911 830; 910 830; 909 829; 904 829; 902 831; 902 832; 898 836; 895 836; 891 832; 891 831; 888 828; 888 827; 885 824; 885 823; 884 823; 883 822
21; 780 811; 779 812; 777 812; 776 813; 773 813; 772 814; 769 814; 768 815; 767 815; 765 817; 765 821; 768 824; 774 824; 775 823; 780 823; 781 824; 781 825; 782 826; 782 830; 783 831; 783 835; 784 836; 784 840; 785 841; 785 842; 787 844; 792 844; 793 843; 795 843; 796 842; 798 842; 799 841; 801 841; 802 840; 803 840; 805 838; 806 838; 807 837; 807 831; 806 830; 800 830; 799 831; 798 831; 797 832; 796 832; 792 828; 792 823; 791 822; 791 818; 790 817; 790 814; 789 813; 789 812; 788 811
22; 693 801; 689 806; 683 808; 683 813; 687 816; 692 816; 696 812; 701 811; 712 826; 720 825; 731 816; 730 809; 724 809; 720 813; 717 813; 704 797; 697 796
23; 697 796; 699 790; 705 784; 704 778; 698 778; 691 784; 687 784; 676 774; 670 774; 657 789; 657 793; 660 796; 665 796; 672 788; 676 788; 693 801
24; 320 798; 314 806; 310 806; 298 797; 291 797; 278 811; 278 815; 282 818; 288 818; 297 810; 311 820; 317 819; 327 807; 328 801; 325 796
25; 325 796; 339 781; 339 776; 337 774; 331 774; 325 780; 321 780; 309 768; 303 768; 292 781; 292 786; 294 788; 299 788; 305 782; 308 782; 319 792; 320 798
26; 787 757; 785 759; 785 768; 786 769; 786 775; 787 776; 787 778; 788 779; 788 780; 789 781; 801 781; 802 780; 806 780; 807 779; 810 779; 814 783; 814 784; 815 785; 815 787; 816 788; 816 789; 819 792; 824 792; 825 791; 826 791; 827 790; 827 786; 823 782; 823 781; 822 780; 822 779; 821 778; 821 775; 820 774; 820 770; 817 767; 813 767; 812 768; 809 768; 808 769; 803 769; 802 770; 798 770; 796 768; 796 767; 795 766; 795 762; 794 761; 794 760; 793 759; 793 758; 792 757
27; 451 746; 451 747; 450 748; 450 750; 449 751; 449 752; 448 753; 448 755; 447 756; 447 757; 445 759; 445 760; 443 762; 443 768; 445 770; 446 770; 447 771; 448 771; 450 773; 451 773; 452 774; 453 774; 455 776; 456 776; 460 780; 460 782; 459 783; 459 784; 457 786; 457 787; 456 788; 456 793; 458 795; 462 795; 464 793; 464 792; 466 790; 466 789; 467 788; 467 787; 470 784; 470 783; 472 781; 472 774; 471 773; 470 773; 469 772; 468 772; 465 769; 464 769; 463 768; 462 768; 460 766; 459 766; 458 765; 458 764; 457 763; 457 760; 458 759; 458 757; 459 756; 459 755; 460 754; 460 750; 457 747; 456 747; 455 746
28; 101 718; 100 719; 97 719; 96 720; 92 720; 91 721; 91 726; 92 727; 92 728; 93 729; 93 730; 101 730; 102 729; 103 729; 107 733; 107 737; 108 738; 108 748; 109 749; 109 750; 112 753; 118 753; 121 750; 123 750; 124 749; 125 750; 132 750; 134 748; 134 741; 133 740; 124 740; 123 741; 121 741; 119 739; 119 738; 118 737; 118 728; 117 727; 117 720; 116 719; 115 719; 114 718
29; 600 704; 597 707; 597 712; 596 713; 596 720; 595 721; 595 723; 592 726; 584 726; 583 727; 582 727; 580 729; 580 730; 579 731; 579 738; 580 739; 584 739; 585 738; 586 738; 587 737; 602 737; 604 735; 604 729; 605 728; 605 723; 606 722; 606 719; 609 716; 612 716; 613 717; 618 717; 619 716; 620 716; 620 715; 621 714; 621 709; 620 708; 618 708; 617 707; 616 707; 615 706; 612 706; 611 705; 609 705; 608 704
30; 388 704; 387 705; 386 705; 386 706; 385 707; 385 708; 384 709; 384 711; 383 712; 383 713; 382 714; 382 716; 381 717; 381 719; 380 720; 380 721; 378 723; 374 723; 373 722; 372 722; 371 721; 366 721; 365 722; 364 722; 364 723; 363 724; 363 728; 366 731; 367 731; 368 732; 369 732; 370 733; 371 733; 372 734; 374 734; 375 735; 376 735; 377 736; 383 736; 386 733; 386 732; 387 731; 387 730; 388 729; 388 728; 389 727; 389 725; 390 724; 390 722; 391 721; 391 720; 394 717; 397 717; 398 718; 407 718; 408 717; 408 716; 409 715; 409 709; 408 709; 407 708; 402 708; 401 707; 399 707; 398 706; 397 706; 396 705; 393 705; 392 704
31; 843 676; 842 677; 841 677; 839 679; 838 679; 836 681; 835 681; 834 682; 833 682; 832 683; 831 683; 829 685; 828 685; 828 690; 830 692; 837 692; 838 691; 839 691; 840 690; 841 690; 842 689; 844 689; 848 693; 848 694; 849 695; 849 696; 850 697; 850 698; 852 700; 852 701; 854 703; 854 704; 855 705; 862 705; 863 704; 864 704; 865 703; 866 703; 869 700; 870 700; 872 698; 874 698; 876 696; 876 691; 875 690; 874 690; 873 689; 868 689; 867 690; 865 690; 863 692; 861 692; 859 690; 858 690; 856 688; 856 686; 855 685; 855 684; 853 682; 853 681; 851 679; 851 678; 850 677; 849 677; 848 676
32; 428 675; 419 684; 418 684; 415 687; 415 692; 417 694; 421 694; 427 688; 432 688; 438 694; 438 695; 444 701; 449 701; 457 693; 457 692; 460 689; 460 688; 461 687; 461 683; 460 682; 454 682; 449 687; 445 687; 439 681; 439 680; 434 675
33; 280 674; 280 675; 278 677; 278 680; 277 681; 277 684; 276 685; 276 687; 275 688; 275 690; 274 691; 274 692; 272 694; 271 694; 270 695; 269 695; 268 694; 260 694; 258 696; 258 702; 259 703; 261 703; 262 704; 266 704; 267 705; 270 705; 271 706; 273 706; 274 707; 278 707; 279 706; 280 706; 280 705; 281 704; 281 703; 282 702; 282 700; 283 699; 283 696; 284 695; 284 691; 285 690; 285 689; 289 685; 290 685; 291 686; 292 686; 293 687; 294 687; 295 688; 300 688; 303 685; 303 680; 302 679; 298 679; 297 678; 296 678; 295 677; 294 677; 293 676; 291 676; 290 675; 288 675; 287 674
34; 21 667; 19 669; 18 669; 14 673; 13 673; 11 675; 11 676; 9 678; 9 684; 20 695; 20 698; 17 701; 16 701; 15 702; 14 702; 12 704; 12 711; 14 713; 18 713; 20 711; 21 711; 25 707; 26 707; 28 705; 29 705; 34 700; 34 694; 25 685; 25 684; 24 683; 24 679; 28 675; 28 674; 29 673; 29 668; 28 667
35; 189 647; 188 648; 188 649; 187 650; 187 653; 186 654; 186 657; 185 658; 185 661; 184 662; 184 664; 183 665; 183 666; 180 669; 179 668; 175 668; 174 667; 170 667; 169 668; 168 668; 168 674; 170 676; 172 676; 173 677; 175 677; 176 678; 178 678; 180 680; 189 680; 191 678; 191 677; 192 676; 192 671; 193 670; 193 666; 194 665; 194 663; 195 662; 195 661; 198 658; 200 658; 201 659; 208 659; 210 657; 210 656; 211 655; 211 654; 212 653; 212 649; 203 649; 202 648; 196 648; 195 647
36; 994 645; 992 647; 992 648; 991 649; 991 650; 990 651; 990 653; 989 654; 989 656; 988 657; 988 658; 987 659; 987 660; 984 663; 983 663; 982 664; 980 664; 979 663; 978 663; 977 662; 971 662; 970 663; 970 664; 969 665; 969 670; 972 673; 973 673; 974 674; 977 674; 978 675; 979 675; 980 676; 982 676; 983 677; 990 677; 992 675; 992 674; 993 673; 993 672; 994 671; 994 669; 995 668; 995 666; 996 665; 996 664; 997 663; 997 662; 999 660; 1005 660; 1006 661; 1013 661; 1014 660; 1014 659; 1015 658; 1015 652; 1013 650; 1009 650; 1008 649; 1007 649; 1006 648; 1003 648; 1001 646; 1000 646; 999 645
37; 718 638; 716 640; 714 640; 713 641; 712 641; 710 643; 707 643; 703 647; 703 652; 704 653; 704 655; 705 656; 705 657; 706 658; 706 659; 707 660; 707 662; 708 663; 708 664; 709 665; 709 668; 705 672; 703 672; 700 675; 700 681; 701 682; 706 682; 707 681; 708 681; 709 680; 710 680; 711 679; 712 679; 713 678; 715 678; 716 677; 718 677; 722 673; 722 669; 721 668; 721 666; 720 665; 720 664; 719 663; 719 662; 718 661; 718 660; 717 659; 717 658; 716 657; 716 652; 718 650; 719 650; 720 649; 721 649; 725 645; 725 640; 724 639; 723 639; 722 638
38; 330 630; 329 631; 328 631; 327 632; 323 632; 322 633; 321 633; 320 634; 319 634; 316 637; 314 637; 311 640; 311 644; 312 645; 312 646; 321 655; 321 656; 322 657; 322 660; 318 664; 317 664; 315 666; 315 671; 317 673; 322 673; 323 672; 324 672; 326 670; 327 670; 330 667; 331 667; 336 662; 336 658; 335 657; 335 656; 333 654; 333 653; 327 647; 327 646; 326 645; 326 643; 328 641; 332 641; 334 639; 335 639; 335 638; 336 637; 336 630
39; 663 617; 662 618; 661 618; 661 619; 660 620; 660 621; 659 622; 658 622; 657 623; 657 624; 651 630; 651 636; 654 639; 655 639; 656 640; 657 640; 660 643; 661 643; 662 644; 663 644; 664 645; 665 645; 667 647; 667 652; 663 656; 663 661; 667 665; 672 665; 672 664; 673 663; 673 661; 674 660; 674 659; 675 658; 675 657; 676 656; 676 655; 677 654; 677 653; 680 650; 680 649; 681 648; 681 643; 678 640; 677 640; 676 639; 675 639; 673 637; 672 637; 671 636; 670 636; 669 635; 668 635; 666 633; 666 632; 665 631; 665 630; 666 629; 666 628; 670 624; 670 620; 667 617
40; 845 601; 841 605; 840 605; 837 608; 836 608; 833 611; 832 611; 831 612; 831 618; 832 619; 838 619; 839 618; 840 618; 841 617; 842 617; 844 615; 845 615; 847 617; 848 617; 849 618; 849 619; 854 624; 854 625; 856 627; 856 628; 858 630; 865 630; 866 629; 867 629; 871 625; 872 625; 876 621; 877 621; 878 620; 879 620; 879 615; 876 612; 870 612; 869 613; 869 614; 868 615; 867 615; 866 616; 865 616; 864 617; 863 617; 857 611; 857 610; 855 608; 855 607; 853 605; 853 604; 850 601
41; 749 598; 749 599; 748 600; 748 601; 747 602; 747 603; 746 604; 746 605; 745 606; 745 607; 742 610; 742 611; 741 612; 741 613; 740 614; 740 620; 742 622; 743 622; 745 624; 746 624; 747 625; 748 625; 755 632; 755 633; 754 634; 754 635; 753 636; 753 637; 752 638; 752 639; 751 640; 751 644; 753 646; 758 646; 759 645; 760 645; 760 644; 762 642; 762 641; 765 638; 765 637; 766 636; 766 635; 769 632; 769 627; 766 624; 765 624; 763 622; 762 622; 760 620; 759 620; 758 619; 757 619; 753 615; 753 612; 754 611; 754 610; 755 609; 755 608; 756 607; 756 602; 755 601; 755 600; 753 598
42; 795 580; 794 581; 792 581; 791 582; 789 582; 788 583; 780 583; 779 584; 779 588; 780 589; 780 590; 783 593; 791 593; 792 592; 793 592; 794 593; 795 593; 797 595; 797 598; 798 599; 798 602; 799 603; 799 604; 800 605; 800 609; 801 610; 801 611; 802 612; 803 612; 804 613; 811 613; 812 612; 813 612; 814 611; 816 611; 817 610; 818 610; 819 609; 820 609; 821 608; 822 608; 824 606; 824 601; 822 599; 818 599; 817 600; 811 600; 809 598; 809 597; 808 596; 808 593; 807 592; 807 590; 806 589; 806 586; 805 585; 805 583; 802 580
43; 695 606; 703 606; 709 611; 709 628; 711 630; 733 629; 732 621; 721 620; 719 618; 718 599; 716 597; 697 596; 694 599; 694 605
44; 694 605; 690 606; 682 597; 682 594; 689 587; 689 583; 686 580; 682 580; 668 591; 668 597; 680 611; 678 616; 673 620; 673 624; 676 627; 682 628; 685 625; 686 621; 693 614; 695 606
45; 129 539; 121 547; 121 548; 117 552; 117 558; 129 570; 129 571; 130 572; 130 573; 122 581; 122 582; 121 583; 121 587; 122 587; 123 588; 128 588; 129 587; 130 587; 132 585; 132 584; 137 579; 138 579; 142 575; 142 574; 143 573; 143 568; 131 556; 131 552; 135 548; 135 547; 136 546; 136 542; 135 541; 135 540; 134 540; 133 539
46; 659 535; 655 539; 655 540; 648 547; 647 547; 646 548; 646 553; 647 554; 648 554; 649 555; 655 555; 656 554; 656 553; 660 549; 665 549; 671 555; 672 555; 676 559; 681 559; 682 558; 683 558; 685 556; 685 555; 687 553; 687 552; 688 551; 688 550; 690 548; 690 547; 693 544; 693 540; 691 538; 686 538; 683 541; 683 542; 681 544; 680 544; 679 545; 677 545; 675 543; 674 543; 669 538; 668 538; 665 535
47; 1017 515; 1014 518; 1014 519; 1007 526; 1006 526; 1005 525; 1004 525; 1002 523; 1001 523; 1000 522; 993 522; 993 530; 994 531; 994 532; 998 536; 999 536; 1002 539; 1002 540; 1003 540; 1004 541; 1008 541; 1011 538; 1011 537; 1018 530; 1023 530; 1023 515
48; 374 512; 372 514; 372 518; 371 519; 371 523; 370 524; 370 528; 369 529; 369 530; 366 533; 356 533; 354 535; 354 540; 356 542; 357 542; 358 543; 364 543; 365 544; 375 544; 377 542; 377 540; 378 539; 378 533; 379 532; 379 527; 380 526; 380 525; 382 523; 387 523; 388 524; 393 524; 397 520; 397 514; 387 514; 386 513; 383 513; 382 512
49; 488 554; 486 556; 472 555; 469 560; 467 574; 463 577; 453 577; 451 580; 452 586; 474 588; 477 582; 479 569; 482 567; 491 568; 493 566; 492 557
50; 492 557; 497 551; 495 540; 513 530; 513 524; 507 506; 503 506; 499 511; 501 523; 483 532; 483 539; 488 554
51; 242 502; 246 497; 251 496; 263 512; 269 512; 282 504; 284 497; 276 495; 267 498; 259 486; 251 482; 239 490; 233 498
52; 233 498; 232 484; 225 481; 219 497; 219 507; 227 510; 237 515; 236 528; 243 530; 249 508; 242 502
53; 219 507; 216 510; 202 513; 195 502; 188 502; 187 508; 195 525; 216 522; 220 533; 225 534; 228 530; 225 514; 227 510
54; 695 493; 692 516; 689 519; 679 519; 675 523; 675 527; 698 530; 701 526; 702 513; 704 509; 707 507; 718 506; 718 502; 712 497
55; 712 497; 715 494; 720 495; 722 504; 734 505; 734 500; 730 494; 727 482; 717 481; 705 484; 700 473; 693 474; 692 482; 695 493
56; 691 451; 679 463; 679 469; 681 471; 685 471; 686 470; 687 470; 692 465; 697 465; 699 467; 700 467; 701 468; 701 469; 703 471; 704 471; 706 473; 707 473; 708 474; 709 474; 710 475; 716 475; 717 474; 717 473; 718 472; 718 471; 719 470; 719 469; 721 467; 721 466; 724 463; 724 462; 726 460; 726 456; 723 453; 719 453; 716 456; 716 457; 712 461; 709 461; 706 458; 705 458; 701 454; 700 454; 697 451
57; 350 432; 349 433; 349 434; 348 435; 348 439; 350 441; 351 441; 353 443; 354 443; 355 444; 356 444; 357 445; 358 445; 360 447; 360 449; 361 450; 361 451; 360 452; 360 466; 361 467; 361 468; 362 468; 363 469; 364 469; 365 470; 372 470; 373 471; 376 471; 377 472; 383 472; 384 471; 384 470; 385 469; 385 465; 384 464; 384 463; 381 460; 374 460; 371 457; 371 447; 372 446; 372 439; 371 438; 371 437; 370 436; 368 436; 367 435; 359 435; 358 434; 357 434; 356 433; 355 433; 354 432
58; 69 411; 68 412; 68 418; 69 419; 69 421; 70 422; 70 430; 71 431; 71 434; 74 437; 78 437; 79 436; 85 436; 86 435; 93 435; 95 437; 95 443; 96 444; 96 445; 98 447; 102 447; 103 446; 104 446; 104 445; 105 444; 105 437; 104 436; 104 428; 103 427; 103 425; 101 423; 93 423; 92 424; 86 424; 85 425; 83 425; 82 424; 81 424; 80 423; 80 422; 79 421; 79 414; 76 411
59; 674 404; 663 415; 663 422; 664 423; 670 423; 671 422; 671 421; 673 419; 674 419; 675 418; 678 418; 688 428; 688 429; 689 430; 690 430; 691 431; 695 431; 701 425; 702 425; 706 421; 707 421; 709 419; 710 419; 710 414; 708 412; 707 412; 706 411; 701 411; 698 414; 698 415; 696 417; 693 417; 692 416; 691 416; 687 412; 687 411; 682 406; 682 405; 681 404
60; 1006 390; 1006 392; 1005 393; 1005 394; 1004 395; 1004 396; 1000 400; 1000 401; 995 406; 995 411; 1007 423; 1007 424; 1008 425; 1008 426; 1007 427; 1007 428; 1003 432; 1003 439; 1004 440; 1010 440; 1015 435; 1015 434; 1017 432; 1023 432; 1023 419; 1019 419; 1018 418; 1017 418; 1015 416; 1015 415; 1010 410; 1010 407; 1011 406; 1011 405; 1014 402; 1014 401; 1015 400; 1015 395; 1010 390
61; 478 439; 475 442; 467 441; 464 444; 465 450; 486 453; 492 440
62; 492 440; 516 433; 515 412; 502 413; 498 418; 478 420; 478 439
63; 515 412; 530 408; 540 411; 541 402; 536 397; 535 391; 516 381; 518 375; 516 367; 509 369; 504 381; 504 389; 520 396; 521 399; 506 402; 502 406; 502 413
64; 157 367; 157 369; 156 370; 156 374; 153 377; 149 377; 148 376; 147 376; 146 375; 145 375; 144 374; 143 374; 142 373; 141 373; 140 372; 139 372; 138 371; 131 371; 128 374; 128 375; 127 376; 127 378; 126 379; 126 381; 125 382; 125 383; 124 384; 124 385; 123 386; 123 393; 124 394; 125 394; 126 395; 130 395; 131 394; 131 393; 133 391; 133 389; 134 388; 134 387; 136 385; 137 385; 138 384; 139 385; 141 385; 142 386; 143 386; 144 387; 145 387; 146 388; 147 388; 148 389; 149 389; 150 390; 151 390; 152 391; 156 391; 160 387; 160 386; 161 385; 161 384; 163 382; 163 381; 165 379; 165 378; 166 377; 166 376; 167 375; 167 370; 165 368; 164 368; 163 367
65; 466 348; 459 355; 458 355; 456 357; 455 357; 452 360; 452 365; 454 367; 460 367; 463 364; 464 364; 465 363; 468 363; 472 367; 472 368; 474 370; 474 371; 480 377; 486 377; 489 374; 490 374; 495 369; 496 369; 498 367; 499 367; 500 366; 500 361; 498 359; 492 359; 490 361; 489 361; 488 362; 487 362; 486 363; 483 363; 482 362; 481 362; 479 360; 479 359; 477 357; 477 356; 475 354; 475 353; 470 348
66; 83 331; 82 332; 81 332; 79 334; 79 335; 78 336; 78 337; 77 338; 77 343; 86 343; 88 345; 88 351; 87 352; 87 355; 86 356; 86 363; 89 366; 91 366; 92 367; 101 367; 102 368; 105 368; 106 369; 111 369; 112 368; 112 363; 111 362; 111 360; 110 359; 109 359; 108 358; 101 358; 99 356; 99 355; 98 354; 98 351; 99 350; 99 347; 100 346; 100 335; 98 333; 97 333; 96 332; 94 332; 93 331
67; 906 308; 905 309; 904 309; 902 311; 902 312; 901 313; 901 315; 900 316; 900 318; 899 319; 899 322; 898 323; 898 324; 897 325; 897 326; 895 328; 891 328; 890 327; 884 327; 883 328; 882 328; 880 330; 880 335; 881 336; 882 336; 883 337; 886 337; 887 338; 891 338; 892 339; 895 339; 896 340; 898 340; 899 341; 903 341; 906 338; 906 335; 907 334; 907 331; 908 330; 908 323; 909 322; 909 321; 911 319; 912 319; 913 318; 914 319; 916 319; 917 320; 922 320; 924 318; 924 313; 922 311; 921 311; 920 310; 917 310; 916 309; 915 309; 914 308
68; 301 306; 300 307; 300 313; 301 314; 301 318; 302 319; 302 328; 304 330; 308 330; 309 329; 315 329; 316 328; 323 328; 326 331; 326 338; 329 341; 335 341; 336 340; 336 329; 335 328; 335 322; 334 321; 334 319; 332 317; 331 317; 330 316; 326 316; 325 317; 318 317; 317 318; 312 318; 309 315; 309 312; 308 311; 308 309; 307 308; 307 307; 306 306
69; 524 305; 523 306; 523 312; 525 314; 525 315; 526 316; 526 318; 527 319; 527 323; 528 324; 528 325; 530 327; 537 327; 538 326; 539 326; 540 325; 542 325; 543 324; 544 324; 545 323; 546 323; 547 322; 548 322; 549 321; 550 321; 551 322; 552 322; 554 324; 554 325; 555 326; 555 327; 556 328; 556 329; 557 330; 557 331; 558 332; 565 332; 567 330; 567 326; 566 326; 564 324; 564 323; 562 321; 562 320; 561 319; 561 317; 560 316; 560 315; 559 314; 559 312; 556 309; 552 309; 551 310; 550 310; 549 311; 548 311; 547 312; 545 312; 544 313; 543 313; 542 314; 540 314; 539 315; 536 315; 535 314; 534 314; 533 313; 533 312; 532 311; 532 310; 531 309; 531 308; 530 307; 530 306; 529 305
70; 229 303; 224 308; 224 309; 221 312; 220 312; 217 315; 217 320; 219 322; 224 322; 225 321; 225 320; 229 316; 232 316; 240 324; 240 325; 243 328; 243 329; 244 329; 245 330; 250 330; 251 329; 252 329; 252 328; 257 323; 257 322; 260 319; 261 319; 262 318; 262 312; 261 311; 255 311; 253 313; 253 314; 252 315; 251 315; 249 317; 247 317; 245 315; 244 315; 243 314; 243 313; 240 310; 240 309; 238 307; 238 306; 235 303
71; 40 297; 38 299; 38 300; 35 303; 35 304; 34 305; 34 306; 28 312; 28 316; 30 318; 36 318; 39 315; 39 314; 42 311; 45 311; 46 312; 47 312; 56 321; 57 321; 58 322; 63 322; 67 318; 67 317; 69 315; 69 314; 70 313; 70 312; 71 311; 71 310; 73 308; 73 302; 71 300; 67 300; 66 301; 66 302; 64 304; 64 305; 62 307; 61 307; 60 308; 58 308; 57 307; 56 307; 46 297
72; 704 275; 702 277; 701 277; 700 278; 699 278; 698 279; 697 279; 696 280; 695 280; 693 282; 692 282; 690 284; 690 291; 691 292; 691 293; 693 295; 693 296; 694 297; 694 298; 697 301; 697 302; 698 303; 698 307; 691 314; 691 315; 690 316; 690 321; 691 322; 696 322; 705 313; 706 313; 707 312; 708 312; 711 309; 711 304; 710 303; 710 302; 708 300; 708 299; 706 297; 706 296; 704 294; 704 293; 703 292; 703 288; 707 284; 708 284; 710 282; 710 276; 709 275
73; 631 272; 629 274; 628 274; 622 280; 621 280; 618 283; 618 287; 619 288; 619 289; 626 289; 629 286; 630 286; 631 285; 635 285; 638 288; 638 289; 640 291; 640 292; 644 296; 644 297; 646 299; 652 299; 657 294; 658 294; 659 293; 660 293; 662 291; 663 291; 666 288; 666 281; 664 279; 660 279; 659 280; 659 281; 655 285; 654 285; 653 286; 650 286; 649 285; 648 285; 645 282; 645 281; 639 275; 639 274; 638 273; 637 273; 636 272
74; 120 266; 118 268; 118 269; 117 270; 117 271; 116 272; 116 273; 114 275; 114 276; 112 278; 112 279; 110 281; 110 287; 111 287; 114 290; 115 290; 118 293; 119 293; 121 295; 122 295; 125 298; 125 302; 124 303; 124 304; 122 306; 122 312; 124 314; 128 314; 130 312; 130 311; 132 309; 132 308; 138 302; 138 301; 139 300; 139 294; 137 292; 136 292; 134 290; 133 290; 131 288; 130 288; 129 287; 128 287; 124 283; 124 279; 125 278; 125 277; 126 276; 126 275; 127 274; 127 269; 124 266
75; 431 257; 428 260; 428 263; 427 264; 427 271; 426 272; 426 276; 423 279; 416 279; 415 280; 414 280; 412 282; 412 286; 415 289; 417 289; 418 290; 425 290; 426 291; 432 291; 433 290; 434 290; 434 288; 435 287; 435 279; 436 278; 436 272; 440 268; 450 268; 452 266; 452 265; 453 264; 453 259; 452 259; 451 258; 443 258; 442 257
76; 497 243; 494 246; 494 248; 493 249; 493 251; 492 252; 492 253; 490 255; 490 256; 488 258; 488 259; 487 260; 487 264; 490 267; 491 267; 492 268; 494 268; 495 269; 496 269; 497 270; 498 270; 499 271; 500 271; 501 272; 502 272; 506 276; 506 280; 505 281; 505 288; 506 289; 511 289; 512 288; 512 287; 513 286; 513 285; 514 284; 514 282; 515 281; 515 280; 516 279; 516 278; 518 276; 518 268; 517 268; 515 266; 514 266; 513 265; 512 265; 511 264; 510 264; 509 263; 507 263; 506 262; 504 262; 500 258; 500 255; 501 254; 501 253; 502 252; 502 251; 503 250; 503 249; 504 248; 504 244; 503 243
77; 747 270; 746 275; 741 280; 741 285; 747 286; 753 282; 758 286; 763 286; 776 275; 776 270; 765 258
78; 765 258; 765 255; 773 248; 773 244; 771 240; 766 240; 762 244; 756 247; 750 238; 745 238; 734 253; 734 258; 747 270
79; 682 234; 681 235; 679 235; 679 240; 680 241; 680 243; 681 244; 681 247; 682 248; 682 253; 683 254; 683 257; 685 259; 694 259; 695 258; 699 258; 700 257; 704 257; 705 258; 706 258; 707 259; 707 260; 708 261; 708 266; 709 267; 709 268; 710 269; 716 269; 716 268; 717 267; 717 254; 716 253; 716 250; 715 249; 715 247; 713 245; 706 245; 705 246; 700 246; 699 247; 693 247; 691 245; 691 244; 690 243; 690 240; 689 239; 689 236; 687 234
80; 541 214; 539 216; 539 224; 540 225; 540 230; 541 231; 541 236; 544 239; 548 239; 549 238; 554 238; 555 237; 559 237; 560 236; 562 236; 563 237; 564 237; 565 238; 565 239; 566 240; 566 247; 569 250; 576 250; 576 243; 575 242; 575 236; 574 235; 574 229; 573 228; 573 227; 571 225; 563 225; 562 226; 556 226; 555 227; 553 227; 552 226; 551 226; 548 223; 548 222; 547 221; 547 217; 545 215; 545 214
81; 294 201; 294 202; 293 203; 293 205; 290 208; 290 209; 284 215; 284 220; 295 231; 295 232; 296 233; 296 235; 292 239; 291 239; 290 240; 290 246; 291 247; 296 247; 297 246; 298 246; 299 245; 300 245; 301 244; 302 244; 304 242; 305 242; 307 240; 307 239; 310 236; 310 231; 304 225; 303 225; 298 220; 298 219; 297 218; 297 217; 296 216; 297 215; 297 214; 298 213; 298 212; 302 208; 302 204; 301 203; 301 202; 300 201
82; 520 214; 502 217; 499 214; 499 208; 496 205; 492 205; 490 207; 491 225; 493 228; 514 226; 518 230; 518 238; 524 240; 528 235; 523 213
83; 523 213; 530 212; 539 204; 552 214; 558 215; 569 200; 569 196; 563 194; 558 200; 552 201; 541 192; 535 192; 522 206; 520 214
84; 238 181; 237 182; 237 188; 238 189; 238 190; 240 192; 241 192; 242 193; 245 193; 246 194; 247 194; 249 196; 249 202; 248 203; 248 206; 247 207; 247 210; 246 211; 246 216; 249 219; 250 219; 251 220; 256 220; 257 221; 260 221; 261 222; 267 222; 268 221; 268 215; 266 213; 265 213; 264 212; 262 212; 261 211; 260 211; 258 209; 258 208; 257 207; 257 206; 258 205; 258 203; 259 202; 259 197; 260 196; 260 188; 259 187; 259 186; 258 186; 257 185; 252 185; 251 184; 248 184; 247 183; 246 183; 245 182; 243 182; 242 181
85; 820 229; 820 233; 813 239; 813 245; 815 247; 819 247; 834 234; 834 229; 827 220
86; 837 193; 833 187; 839 179; 838 171; 833 171; 820 184; 820 190; 825 197
87; 825 197; 809 212; 809 218; 820 229; 827 220; 838 214; 846 206; 845 199; 837 193
88; 138 193; 131 194; 120 192; 117 196; 113 213; 110 215; 101 214; 98 217; 98 223; 114 226; 121 225; 126 205; 129 203; 138 204; 143 196
89; 143 196; 149 201; 143 208; 143 214; 146 217; 150 217; 161 204; 161 198; 149 186; 149 182; 155 176; 155 171; 149 169; 136 180; 135 187; 138 190; 138 193
90; 430 164; 429 165; 427 165; 425 167; 425 186; 422 189; 414 189; 412 191; 412 197; 413 198; 414 198; 415 199; 422 199; 423 198; 432 198; 435 195; 435 177; 437 175; 445 175; 446 174; 447 174; 449 172; 449 171; 450 170; 450 165; 448 165; 447 164; 437 164; 436 165; 435 165; 434 164
91; 482 159; 480 161; 480 163; 479 164; 479 166; 478 167; 478 169; 477 170; 477 171; 476 172; 476 174; 475 175; 475 176; 473 178; 472 178; 471 179; 469 179; 468 178; 467 178; 466 177; 461 177; 459 179; 459 185; 460 185; 461 186; 463 186; 464 187; 467 187; 468 188; 469 188; 470 189; 472 189; 473 190; 479 190; 480 189; 480 188; 481 187; 481 186; 482 185; 482 184; 483 183; 483 182; 484 181; 484 179; 485 178; 485 176; 486 175; 486 174; 487 173; 487 172; 488 171; 489 171; 490 170; 491 171; 493 171; 494 172; 495 172; 496 173; 500 173; 501 172; 502 172; 505 169; 505 164; 504 164; 503 163; 499 163; 498 162; 495 162; 494 161; 493 161; 492 160; 490 160; 489 159
92; 184 151; 178 157; 177 157; 176 158; 175 158; 174 159; 172 159; 169 162; 169 168; 170 169; 170 170; 171 171; 171 173; 172 174; 172 175; 173 176; 173 177; 174 178; 174 179; 175 180; 175 185; 173 187; 172 187; 171 188; 169 188; 165 192; 165 196; 166 197; 173 197; 174 196; 175 196; 176 195; 177 195; 178 194; 179 194; 180 193; 182 193; 183 192; 184 192; 187 189; 187 184; 186 183; 186 181; 185 180; 185 179; 184 178; 184 177; 183 176; 183 174; 182 173; 182 172; 181 171; 181 168; 182 167; 182 166; 183 165; 184 165; 185 164; 186 164; 187 163; 188 163; 190 161; 190 154; 189 153; 189 152; 188 151
93; 1018 137; 1017 138; 1017 139; 1016 140; 1016 143; 1015 144; 1015 149; 1014 150; 1014 151; 1012 153; 1008 153; 1007 152; 1001 152; 999 154; 999 159; 1003 163; 1005 163; 1006 164; 1007 164; 1008 165; 1011 165; 1012 166; 1013 166; 1014 167; 1017 167; 1018 168; 1023 168; 1023 137
94; 749 134; 748 135; 748 136; 741 143; 741 144; 737 148; 737 149; 736 150; 736 154; 740 158; 741 158; 745 162; 746 162; 750 166; 750 167; 751 168; 750 169; 750 170; 749 171; 749 172; 747 174; 747 181; 748 182; 753 182; 759 176; 759 175; 763 171; 763 170; 764 169; 764 164; 759 159; 758 159; 751 152; 751 151; 750 150; 751 149; 751 148; 756 143; 756 138; 755 137; 755 136; 753 134
95; 117 125; 117 127; 116 128; 116 129; 113 132; 113 133; 110 136; 110 137; 109 138; 109 139; 108 140; 108 146; 111 149; 112 149; 113 150; 114 150; 116 152; 117 152; 118 153; 119 153; 121 155; 122 155; 123 156; 123 157; 124 158; 124 161; 123 162; 123 163; 122 164; 122 165; 121 166; 121 170; 122 171; 122 172; 123 173; 128 173; 129 172; 129 171; 131 169; 131 168; 132 167; 132 166; 134 164; 134 163; 136 161; 136 160; 137 159; 137 158; 138 157; 138 153; 135 150; 134 150; 133 149; 132 149; 131 148; 130 148; 128 146; 127 146; 122 141; 122 138; 124 136; 124 135; 125 134; 125 128; 122 125
96; 430 101; 430 102; 429 103; 429 104; 428 105; 428 108; 427 109; 427 112; 426 113; 426 119; 422 123; 420 123; 419 122; 418 122; 417 121; 413 121; 412 122; 411 122; 409 124; 409 129; 410 130; 411 130; 412 131; 416 131; 417 132; 419 132; 420 133; 423 133; 424 134; 432 134; 432 133; 433 132; 433 129; 434 128; 434 125; 435 124; 435 121; 436 120; 436 116; 440 112; 443 112; 444 113; 449 113; 451 111; 451 105; 450 105; 449 104; 448 104; 447 103; 440 103; 439 102; 438 102; 437 101
97; 883 104; 881 104; 876 97; 871 97; 869 104; 863 113; 863 119; 876 129; 876 133; 870 139; 870 143; 873 146; 877 146; 890 134; 891 128; 882 118; 887 115; 891 109
98; 891 109; 896 108; 908 121; 914 121; 928 107; 928 103; 920 101; 911 107; 898 94; 892 94; 883 104
99; 671 89; 671 90; 667 94; 666 94; 665 95; 664 95; 663 96; 662 96; 660 98; 660 99; 659 100; 659 105; 660 106; 660 107; 663 110; 663 111; 665 113; 665 114; 668 117; 668 118; 669 119; 669 120; 667 122; 666 122; 665 123; 664 123; 663 124; 663 125; 662 126; 662 133; 670 133; 671 132; 672 132; 673 131; 674 131; 677 128; 678 128; 681 125; 682 125; 682 124; 683 123; 683 119; 680 116; 680 115; 679 115; 678 114; 678 113; 673 108; 673 107; 672 106; 672 103; 677 98; 678 98; 679 97; 679 91; 678 90; 677 90; 676 89
100; 339 72; 336 75; 336 76; 335 77; 335 78; 334 79; 334 80; 332 82; 332 83; 331 84; 331 85; 330 86; 330 92; 331 93; 336 93; 338 91; 338 90; 339 89; 339 88; 341 86; 342 86; 343 85; 344 85; 345 86; 346 86; 349 89; 350 89; 353 92; 354 92; 357 95; 358 95; 359 96; 363 96; 365 94; 365 93; 367 91; 367 90; 368 89; 368 88; 370 86; 370 85; 374 81; 374 76; 373 75; 366 75; 365 76; 365 77; 360 82; 358 82; 357 81; 356 81; 353 78; 352 78; 348 74; 347 74; 345 72
101; 677 63; 675 65; 675 66; 674 67; 674 68; 672 70; 672 71; 670 73; 670 74; 668 76; 668 77; 667 78; 667 83; 669 85; 673 85; 680 78; 685 78; 687 80; 688 80; 690 82; 691 82; 693 84; 694 84; 695 85; 702 85; 704 83; 704 82; 705 81; 705 80; 706 79; 706 78; 707 77; 707 76; 708 75; 708 74; 709 73; 709 72; 713 68; 713 64; 704 64; 702 66; 702 67; 700 69; 700 70; 698 72; 694 72; 691 69; 690 69; 687 66; 686 66; 685 65; 684 65; 683 64; 682 64; 681 63
102; 408 82; 405 82; 400 74; 394 74; 382 87; 382 91; 394 104; 394 108; 387 115; 387 120; 389 122; 395 122; 406 110; 406 103; 400 93; 410 92
103; 410 92; 422 85; 418 65; 430 58; 430 51; 407 56; 406 62; 411 75; 408 82
104; 189 44; 189 50; 188 51; 188 53; 187 54; 187 55; 186 56; 186 57; 185 58; 185 59; 184 60; 184 67; 185 68; 186 68; 187 69; 188 69; 190 71; 192 71; 194 73; 195 73; 196 74; 197 74; 201 78; 201 84; 200 85; 200 91; 201 92; 207 92; 208 91; 208 90; 209 89; 209 85; 210 84; 210 83; 211 82; 211 81; 213 79; 213 78; 214 77; 214 72; 213 71; 213 70; 212 70; 211 69; 210 69; 209 68; 208 68; 207 67; 206 67; 205 66; 204 66; 203 65; 202 65; 201 64; 200 64; 196 60; 196 55; 197 54; 197 53; 198 52; 198 47; 196 45; 195 45; 194 44
105; 460 37; 458 39; 458 43; 460 45; 460 48; 461 49; 461 50; 462 51; 462 53; 463 54; 463 57; 464 58; 464 59; 466 61; 472 61; 473 60; 477 60; 478 59; 480 59; 481 58; 484 58; 485 57; 486 58; 487 58; 489 60; 489 62; 490 63; 490 65; 491 66; 491 67; 492 68; 497 68; 499 66; 499 59; 498 58; 498 57; 497 56; 497 52; 496 51; 496 48; 495 47; 495 46; 493 44; 489 44; 488 45; 485 45; 484 46; 482 46; 481 47; 479 47; 478 48; 476 48; 475 49; 474 49; 472 47; 471 47; 470 46; 470 44; 469 43; 469 42; 468 41; 468 40; 465 37
106; 291 93; 284 97; 286 119; 275 124; 274 133; 291 131; 298 127; 295 107
107; 295 107; 307 101; 315 73; 319 70; 328 72; 332 68; 332 61; 322 61; 317 56; 312 57; 307 64; 304 78; 301 81; 288 83; 291 93
108; 317 56; 328 48; 340 58; 347 58; 360 44; 359 39; 351 38; 345 45; 341 45; 327 34; 320 36; 312 48; 312 57
109; 60 13; 59 14; 59 15; 46 28; 46 34; 55 43; 55 44; 57 46; 57 47; 58 48; 58 49; 51 56; 51 60; 52 61; 52 62; 53 62; 54 63; 58 63; 64 57; 65 57; 68 54; 69 54; 71 52; 71 45; 65 39; 65 38; 61 34; 61 29; 65 25; 65 24; 66 23; 66 16; 64 14; 64 13
110; 623 0; 623 2; 624 3; 624 5; 628 9; 628 10; 635 17; 635 18; 636 19; 636 20; 637 21; 636 22; 636 23; 632 27; 632 28; 631 29; 631 34; 632 35; 632 36; 637 36; 640 33; 641 33; 650 24; 650 18; 642 10; 642 9; 638 5; 638 4; 637 3; 637 1; 636 0
111; 180 0; 178 2; 177 2; 176 3; 175 3; 174 4; 173 4; 171 6; 171 14; 172 15; 172 20; 173 21; 173 23; 174 24; 174 30; 180 30; 182 28; 183 28; 183 27; 184 26; 184 19; 183 18; 183 16; 184 15; 184 14; 185 13; 186 13; 187 12; 188 12; 189 11; 191 11; 192 10; 194 10; 195 9; 197 9; 198 8; 199 8; 200 7; 201 7; 203 5; 203 4; 204 3; 204 0
112; 143 0; 143 1; 142 2; 142 3; 135 10; 135 15; 138 18; 139 18; 149 28; 149 30; 150 31; 149 32; 149 34; 148 35; 148 36; 147 37; 147 44; 148 45; 154 45; 155 44; 155 43; 156 42; 156 41; 157 40; 157 38; 160 35; 160 34; 163 31; 163 27; 162 26; 162 25; 160 23; 159 23; 153 17; 153 16; 151 14; 151 13; 150 12; 150 11; 154 7; 155 7; 157 5; 157 4; 158 3; 158 0
113; 73 0; 73 5; 82 14; 83 14; 88 19; 88 21; 87 22; 87 23; 86 24; 85 24; 84 25; 84 26; 83 27; 83 33; 84 34; 85 34; 86 35; 90 35; 99 26; 99 25; 102 22; 102 16; 97 11; 96 11; 87 2; 87 0
