0; 784 1003; 783 1004; 783 1005; 782 1006; 782 1014; 783 1015; 783 1017; 784 1018; 784 1020; 785 1021; 785 1023; 795 1023; 795 1021; 796 1020; 797 1020; 798 1019; 799 1019; 800 1018; 807 1018; 811 1022; 811 1023; 822 1023; 822 1021; 821 1020; 821 1019; 817 1015; 817 1014; 814 1011; 814 1010; 809 1005; 804 1005; 803 1006; 802 1006; 801 1007; 800 1007; 799 1008; 798 1008; 797 1009; 794 1009; 791 1006; 791 1005; 789 1003
1; 704 996; 704 997; 703 998; 703 1000; 702 1001; 702 1005; 701 1006; 701 1016; 703 1018; 704 1018; 705 1019; 709 1019; 710 1020; 711 1020; 713 1022; 713 1023; 728 1023; 728 1017; 727 1016; 727 1015; 724 1012; 717 1012; 716 1011; 714 1011; 711 1008; 711 998; 710 997; 710 996
2; 568 985; 567 986; 567 987; 565 989; 565 990; 562 993; 561 993; 560 994; 557 994; 556 993; 553 993; 552 992; 550 992; 549 991; 544 991; 540 995; 540 996; 538 998; 538 999; 534 1003; 533 1003; 530 1006; 530 1010; 535 1010; 536 1009; 537 1009; 538 1008; 539 1008; 540 1007; 542 1007; 545 1004; 546 1004; 547 1003; 549 1003; 550 1002; 551 1002; 552 1003; 556 1003; 557 1004; 559 1004; 560 1005; 567 1005; 568 1004; 569 1004; 571 1002; 571 1000; 572 999; 572 996; 573 995; 573 994; 574 993; 574 985
3; 241 963; 239 965; 239 966; 233 972; 232 972; 230 974; 227 974; 226 973; 225 973; 224 972; 223 972; 222 971; 217 971; 215 973; 215 977; 220 982; 221 982; 223 984; 224 984; 225 985; 226 985; 227 986; 233 986; 243 976; 244 976; 245 975; 246 975; 247 976; 248 976; 249 977; 250 977; 252 979; 253 979; 254 980; 259 980; 261 978; 261 974; 260 973; 259 973; 257 971; 256 971; 250 965; 249 965; 247 963
4; 997 954; 997 955; 996 956; 996 961; 997 962; 997 965; 998 966; 998 969; 997 970; 997 972; 993 976; 992 976; 986 982; 986 989; 988 991; 988 992; 996 1000; 1001 1000; 1002 999; 1002 994; 1000 992; 1000 991; 999 990; 999 988; 998 987; 998 986; 999 985; 999 984; 1007 976; 1007 975; 1008 974; 1008 967; 1006 965; 1006 964; 1005 963; 1005 961; 1004 960; 1004 958; 1003 957; 1003 955; 1002 954
5; 816 951; 815 952; 815 956; 819 960; 819 961; 820 962; 820 967; 819 968; 819 969; 814 974; 814 975; 813 976; 813 982; 824 993; 824 994; 825 995; 831 995; 831 987; 829 985; 829 984; 825 980; 825 976; 826 975; 826 974; 829 971; 829 970; 833 966; 833 960; 829 956; 828 956; 827 955; 826 955; 825 954; 824 954; 821 951
6; 961 948; 959 950; 959 954; 962 957; 962 958; 963 959; 963 960; 964 961; 964 962; 963 963; 963 964; 960 967; 960 968; 955 973; 955 974; 954 975; 954 980; 955 981; 955 982; 957 984; 958 984; 965 991; 971 991; 972 990; 972 986; 970 984; 970 983; 967 980; 967 975; 968 974; 968 973; 969 972; 969 971; 974 966; 974 965; 975 964; 975 958; 969 952; 969 951; 966 948
7; 193 1004; 197 1023; 227 1023; 234 1017; 217 1003
8; 217 1003; 230 1002; 230 997; 217 988; 200 986; 192 996; 193 1004
9; 122 999; 123 988; 106 975; 111 993; 101 1002; 101 1009; 109 1018; 115 1019; 124 1008
10; 166 991; 168 977; 189 973; 178 956; 166 952; 146 956; 156 978; 150 986
11; 142 987; 137 970; 123 959; 123 946; 116 949; 112 965; 128 976; 132 994
12; 142 1023; 175 1023; 180 1001; 193 1004; 192 996; 166 991
13; 166 991; 150 986; 142 987; 132 994; 122 999; 124 1008; 130 1008; 142 1023
14; 579 939; 578 940; 578 941; 577 942; 577 949; 576 950; 576 960; 579 963; 580 963; 581 964; 582 964; 583 965; 584 965; 585 966; 587 966; 591 970; 591 981; 593 983; 597 983; 597 982; 598 981; 598 979; 599 978; 599 975; 600 974; 600 972; 601 971; 601 969; 602 968; 602 963; 601 962; 601 961; 600 961; 599 960; 597 960; 596 959; 594 959; 593 958; 592 958; 591 957; 590 957; 589 956; 588 956; 585 953; 585 952; 584 951; 584 949; 585 948; 585 941; 583 939
15; 526 932; 523 935; 522 935; 516 941; 515 941; 513 943; 513 948; 514 949; 520 949; 521 948; 522 948; 524 946; 525 946; 526 945; 527 945; 528 944; 532 944; 533 945; 534 945; 536 947; 537 947; 538 948; 539 948; 542 951; 548 951; 555 944; 555 943; 558 940; 558 934; 557 933; 552 933; 548 937; 547 937; 546 938; 545 938; 544 939; 542 939; 541 938; 540 938; 539 937; 538 937; 536 935; 535 935; 534 934; 533 934; 531 932
16; 38 931; 36 933; 36 936; 35 937; 35 942; 32 945; 31 945; 30 946; 25 946; 24 947; 20 947; 19 948; 18 948; 16 950; 16 951; 15 952; 15 956; 16 957; 16 961; 15 962; 15 970; 21 970; 23 968; 23 967; 24 966; 24 960; 28 956; 30 956; 31 955; 37 955; 38 954; 40 954; 43 951; 43 950; 44 949; 44 947; 45 946; 45 939; 44 938; 44 933; 42 931
17; 229 930; 228 931; 228 932; 227 933; 227 939; 226 940; 226 941; 223 944; 211 944; 210 945; 209 945; 208 946; 208 947; 207 948; 207 952; 206 953; 206 958; 205 959; 205 961; 204 962; 204 968; 205 969; 209 969; 210 968; 211 968; 211 967; 212 966; 212 965; 213 964; 213 962; 214 961; 214 959; 217 956; 218 956; 219 955; 222 955; 223 954; 228 954; 229 953; 232 953; 235 950; 235 931; 234 930
18; 612 927; 610 929; 610 935; 611 936; 614 936; 615 937; 618 937; 621 940; 621 947; 620 948; 620 951; 619 952; 619 957; 620 958; 621 958; 622 959; 625 959; 626 960; 628 960; 630 962; 631 962; 632 963; 633 963; 634 964; 640 964; 640 958; 638 956; 637 956; 635 954; 634 954; 631 951; 631 950; 630 949; 630 947; 631 946; 631 944; 632 943; 632 934; 626 928; 625 928; 624 927
19; 74 912; 74 913; 73 914; 73 916; 72 917; 72 922; 73 923; 73 930; 74 931; 74 934; 75 935; 75 936; 76 937; 88 937; 89 938; 90 938; 94 942; 94 946; 95 947; 95 949; 97 951; 101 951; 101 950; 102 949; 102 948; 103 947; 103 945; 104 944; 104 931; 102 929; 101 929; 100 928; 90 928; 89 927; 86 927; 83 924; 83 920; 82 919; 82 916; 81 915; 81 914; 79 912
20; 932 904; 930 906; 929 906; 927 908; 925 908; 924 909; 923 909; 922 910; 921 910; 920 911; 919 911; 915 915; 915 927; 917 929; 917 933; 915 935; 914 935; 912 937; 911 937; 910 938; 909 938; 908 939; 908 943; 909 944; 918 944; 919 943; 922 943; 923 942; 924 942; 925 941; 926 941; 927 940; 928 940; 928 939; 930 937; 930 933; 929 932; 929 929; 928 928; 928 927; 927 926; 927 921; 928 920; 928 919; 930 917; 931 917; 932 916; 933 916; 935 914; 936 914; 936 913; 937 912; 937 905; 936 904
21; 888 896; 887 897; 887 898; 886 899; 886 900; 885 901; 885 902; 884 903; 884 904; 883 905; 883 906; 882 907; 882 908; 881 909; 881 916; 884 919; 885 919; 886 920; 887 920; 888 921; 889 921; 890 922; 891 922; 893 924; 894 924; 895 925; 895 926; 896 927; 896 938; 898 940; 902 940; 903 939; 903 938; 904 937; 904 936; 905 935; 905 933; 906 932; 906 930; 908 928; 908 926; 909 925; 909 921; 908 920; 908 919; 905 916; 903 916; 902 915; 900 915; 899 914; 898 914; 897 913; 896 913; 894 911; 894 910; 893 909; 893 906; 894 905; 894 904; 895 903; 895 897; 894 896
22; 117 892; 116 893; 116 897; 124 905; 124 906; 126 908; 126 909; 127 910; 127 911; 129 913; 135 913; 137 911; 138 911; 140 909; 141 909; 142 908; 143 908; 144 907; 147 907; 151 911; 151 912; 154 915; 159 915; 161 913; 161 909; 160 908; 160 907; 159 906; 159 905; 158 904; 158 903; 157 902; 157 901; 156 900; 156 899; 154 897; 154 896; 153 895; 152 895; 151 894; 144 894; 143 895; 142 895; 141 896; 140 896; 139 897; 138 897; 137 898; 136 898; 135 899; 133 899; 132 898; 131 898; 125 892
23; 259 872; 254 877; 253 877; 251 879; 250 879; 249 880; 246 880; 241 875; 235 875; 233 877; 233 881; 234 882; 234 883; 238 887; 238 888; 240 890; 240 891; 241 892; 242 892; 244 894; 250 894; 251 893; 252 893; 254 891; 255 891; 261 885; 266 885; 268 887; 268 888; 272 892; 277 892; 279 890; 279 884; 277 882; 276 882; 273 879; 273 878; 269 874; 268 874; 266 872
24; 775 866; 774 867; 774 868; 773 869; 773 871; 772 872; 772 875; 771 876; 771 879; 770 880; 770 885; 771 886; 771 887; 773 889; 774 889; 775 890; 777 890; 778 891; 781 891; 782 892; 784 892; 787 895; 787 896; 788 897; 788 905; 791 908; 797 908; 798 907; 798 897; 799 896; 799 886; 798 885; 798 884; 797 884; 796 883; 794 883; 793 882; 789 882; 788 881; 786 881; 782 877; 782 874; 783 873; 783 868; 782 867; 782 866
25; 57 860; 56 861; 55 861; 55 862; 50 867; 49 867; 47 869; 41 869; 40 868; 38 868; 37 867; 33 867; 32 868; 31 868; 30 869; 30 873; 34 877; 35 877; 38 880; 39 880; 41 882; 42 882; 43 883; 49 883; 57 875; 58 875; 60 873; 65 873; 67 875; 68 875; 69 876; 75 876; 76 875; 77 875; 77 869; 75 867; 74 867; 73 866; 72 866; 71 865; 70 865; 69 864; 68 864; 66 862; 65 862; 63 860
26; 516 836; 516 837; 515 838; 515 845; 516 846; 517 846; 520 849; 520 850; 521 851; 521 852; 520 853; 520 855; 519 856; 519 857; 518 858; 518 859; 516 861; 516 862; 515 863; 515 870; 516 871; 516 872; 517 872; 520 875; 521 875; 522 876; 523 876; 524 877; 525 877; 526 878; 534 878; 536 876; 536 871; 534 869; 533 869; 532 868; 530 868; 528 866; 528 862; 529 861; 529 860; 530 859; 530 858; 532 856; 532 855; 534 853; 534 847; 532 845; 531 845; 529 843; 528 843; 522 837; 522 836
27; 986 820; 985 821; 984 821; 983 822; 981 822; 980 823; 979 823; 978 824; 977 824; 975 826; 974 826; 972 828; 971 828; 971 829; 970 830; 970 836; 971 837; 971 838; 973 840; 973 841; 974 842; 974 843; 975 844; 975 845; 976 846; 976 850; 972 854; 971 854; 968 857; 968 863; 969 864; 974 864; 976 862; 977 862; 979 860; 980 860; 982 858; 983 858; 984 857; 985 857; 988 854; 988 848; 987 847; 987 846; 986 845; 986 843; 985 842; 985 840; 984 839; 984 838; 983 837; 983 833; 985 831; 986 831; 988 829; 989 829; 990 828; 990 827; 991 826; 991 822; 990 821; 990 820
28; 120 802; 119 803; 118 803; 116 805; 116 806; 115 807; 115 808; 113 810; 113 811; 109 815; 108 815; 107 816; 106 816; 105 815; 103 815; 102 814; 101 814; 100 813; 95 813; 94 814; 94 819; 97 822; 98 822; 99 823; 100 823; 102 825; 103 825; 105 827; 106 827; 107 828; 111 828; 112 827; 113 827; 114 826; 114 825; 117 822; 117 821; 118 820; 118 819; 123 814; 126 814; 127 815; 128 815; 130 817; 131 817; 132 818; 136 818; 137 817; 138 817; 138 811; 137 810; 136 810; 134 808; 133 808; 132 807; 131 807; 130 806; 129 806; 127 804; 126 804; 124 802
29; 181 801; 179 803; 178 803; 176 805; 176 806; 173 809; 172 809; 171 810; 166 810; 159 803; 155 803; 153 805; 153 809; 157 813; 157 814; 165 822; 171 822; 172 821; 173 821; 177 817; 178 817; 179 816; 180 816; 181 815; 187 815; 192 820; 196 820; 197 819; 197 814; 195 812; 195 811; 192 808; 192 807; 190 805; 190 804; 189 803; 188 803; 187 802; 186 802; 185 801
30; 319 795; 309 805; 309 806; 308 807; 308 812; 309 813; 309 814; 310 815; 310 816; 312 818; 312 819; 314 821; 314 823; 315 824; 315 830; 316 831; 316 835; 315 836; 315 844; 316 845; 316 846; 318 848; 318 849; 323 849; 324 848; 324 847; 325 846; 325 842; 324 841; 324 839; 323 838; 323 833; 328 828; 328 823; 321 816; 321 815; 320 814; 320 811; 319 810; 320 809; 320 808; 324 804; 324 803; 326 801; 326 796; 325 795
31; 434 820; 439 836; 438 854; 426 859; 425 865; 444 867; 449 862; 449 848; 453 844; 461 842; 462 835; 449 833; 445 828; 445 812; 441 809; 429 808
32; 429 808; 423 794; 416 793; 420 833; 405 844; 405 849; 411 863; 420 861; 419 848; 431 839; 430 823; 434 820
33; 951 792; 949 794; 949 798; 950 799; 950 800; 954 804; 954 805; 955 806; 955 809; 954 810; 954 811; 951 814; 951 815; 946 820; 946 821; 945 822; 945 827; 947 829; 947 830; 948 831; 949 831; 951 833; 952 833; 954 835; 955 835; 957 837; 963 837; 964 836; 964 831; 958 825; 958 822; 959 821; 959 820; 960 819; 960 818; 962 816; 962 815; 965 812; 965 811; 966 810; 966 804; 959 797; 959 796; 958 795; 958 794; 956 792
34; 751 780; 750 781; 747 781; 746 782; 743 782; 742 783; 738 783; 737 784; 736 784; 734 786; 734 797; 735 798; 735 800; 734 801; 734 803; 733 804; 732 804; 731 805; 730 805; 729 806; 726 806; 723 809; 723 814; 724 815; 725 815; 726 816; 731 816; 732 815; 734 815; 735 814; 737 814; 738 813; 740 813; 741 812; 742 812; 744 810; 744 809; 745 808; 745 799; 744 798; 744 795; 745 794; 745 793; 749 789; 751 789; 752 788; 753 788; 755 786; 755 780
35; 446 780; 444 782; 444 783; 443 784; 443 785; 442 786; 442 787; 440 789; 440 790; 439 791; 439 792; 438 793; 438 799; 440 801; 444 801; 445 800; 446 800; 447 799; 447 798; 448 797; 448 796; 449 795; 449 794; 453 790; 457 790; 458 791; 462 791; 463 792; 465 792; 466 793; 470 793; 471 792; 472 792; 476 788; 484 788; 486 786; 486 782; 485 782; 484 781; 483 781; 482 780; 473 780; 472 781; 471 781; 470 782; 469 782; 468 783; 465 783; 464 782; 461 782; 460 781; 452 781; 451 780
36; 374 780; 373 781; 373 782; 369 786; 364 786; 363 785; 362 785; 361 784; 359 784; 358 783; 357 783; 356 782; 350 782; 348 784; 348 785; 346 787; 346 788; 345 789; 345 791; 343 793; 343 794; 342 795; 342 801; 343 802; 348 802; 350 800; 350 799; 355 794; 358 794; 359 795; 361 795; 362 796; 363 796; 364 797; 366 797; 367 798; 372 798; 373 797; 374 797; 376 795; 376 794; 382 788; 382 787; 383 786; 383 782; 381 780
37; 792 768; 791 769; 790 769; 783 776; 782 776; 781 777; 779 777; 774 772; 774 771; 772 769; 767 769; 766 770; 766 776; 770 780; 770 781; 776 787; 776 788; 777 789; 782 789; 784 787; 785 787; 790 782; 791 782; 793 780; 794 780; 795 779; 796 779; 797 780; 798 780; 799 781; 800 781; 803 784; 809 784; 810 783; 810 779; 809 778; 809 777; 802 770; 801 770; 800 769; 797 769; 796 768
38; 464 752; 462 754; 462 758; 464 760; 464 761; 468 765; 468 766; 469 767; 469 768; 473 772; 477 772; 478 771; 479 771; 481 769; 482 769; 484 767; 485 767; 486 766; 488 766; 489 765; 493 765; 499 771; 500 771; 501 772; 506 772; 507 771; 508 771; 508 767; 497 756; 497 755; 495 753; 490 753; 489 754; 488 754; 486 756; 485 756; 483 758; 482 758; 481 759; 480 759; 479 760; 477 760; 476 759; 475 759; 468 752
39; 693 747; 692 748; 692 749; 691 750; 691 766; 692 767; 692 768; 696 772; 702 772; 703 773; 706 773; 707 774; 708 774; 710 776; 710 777; 711 778; 711 782; 712 783; 712 786; 715 789; 716 789; 717 790; 721 790; 721 784; 720 783; 720 772; 719 771; 719 769; 718 768; 718 767; 716 765; 714 765; 713 764; 707 764; 706 763; 704 763; 703 762; 702 762; 699 759; 699 750; 698 749; 698 748; 697 747
40; 331 739; 330 740; 330 746; 332 748; 332 749; 333 750; 333 755; 332 756; 332 757; 328 761; 327 761; 326 762; 325 762; 325 763; 323 765; 323 771; 324 772; 324 773; 325 774; 325 775; 326 776; 326 777; 328 779; 328 780; 332 784; 337 784; 339 782; 339 778; 337 776; 337 775; 334 772; 334 771; 335 770; 335 768; 344 759; 344 758; 345 757; 345 752; 344 751; 344 750; 341 747; 341 746; 339 744; 339 743; 335 739
41; 10 739; 8 741; 8 742; 7 743; 6 743; 4 745; 0 745; 0 757; 6 757; 7 756; 8 756; 9 755; 10 755; 11 754; 11 753; 13 751; 13 750; 14 749; 14 748; 17 745; 17 739
42; 935 773; 932 779; 927 780; 923 777; 921 769; 919 767; 915 767; 913 769; 914 784; 919 789; 932 789; 935 792; 932 802; 938 803; 940 802; 944 793; 943 780
43; 943 780; 945 777; 940 758; 937 754; 923 749; 918 738; 913 738; 913 758; 915 760; 923 760; 931 763; 934 767; 935 773
44; 61 731; 60 732; 60 734; 59 735; 59 737; 58 738; 58 739; 57 740; 57 741; 56 742; 56 743; 55 744; 55 752; 56 752; 58 754; 59 754; 60 755; 61 755; 62 756; 64 756; 69 761; 69 762; 70 763; 70 765; 71 766; 71 776; 73 778; 78 778; 78 777; 79 776; 79 767; 80 766; 80 764; 81 763; 81 758; 77 754; 76 754; 74 752; 73 752; 71 750; 70 750; 68 748; 68 747; 67 746; 67 745; 66 744; 66 741; 67 740; 67 732; 66 731
45; 979 730; 977 732; 977 733; 976 734; 976 735; 975 736; 975 737; 974 738; 974 739; 973 740; 973 741; 972 742; 972 743; 971 744; 971 745; 970 746; 970 750; 980 760; 980 764; 979 765; 979 766; 977 768; 977 769; 976 770; 976 776; 981 776; 982 775; 983 775; 985 773; 985 772; 990 767; 990 766; 991 765; 991 759; 990 758; 990 757; 989 756; 989 755; 983 749; 983 748; 982 747; 982 742; 983 741; 983 740; 984 739; 984 738; 985 737; 985 733; 984 732; 984 731; 983 730
46; 395 794; 385 804; 374 805; 364 819; 364 824; 372 824; 380 816; 392 824; 399 822; 407 795
47; 407 795; 404 785; 406 776; 393 771; 395 794
48; 421 766; 426 762; 437 766; 444 765; 444 761; 433 752; 435 742; 433 735; 420 730; 413 731; 413 736; 423 744; 421 752; 416 756
49; 416 756; 397 761; 393 771; 406 776; 411 777; 416 784; 434 784; 434 777; 425 775; 421 771; 421 766
50; 804 728; 803 729; 803 730; 802 731; 802 735; 803 736; 803 738; 804 739; 804 741; 805 742; 805 746; 806 747; 806 748; 808 750; 823 750; 824 751; 825 751; 828 754; 828 755; 829 756; 829 759; 830 760; 830 761; 831 762; 831 763; 832 764; 837 764; 837 755; 836 754; 836 746; 835 745; 835 743; 833 741; 832 741; 831 740; 817 740; 816 739; 815 739; 813 737; 813 735; 812 734; 812 732; 811 731; 811 730; 809 728
51; 775 720; 772 723; 772 731; 773 732; 773 733; 774 734; 774 735; 773 736; 773 738; 772 739; 772 741; 771 742; 771 743; 770 744; 770 745; 769 746; 769 752; 770 753; 771 753; 774 756; 775 756; 777 758; 778 758; 783 763; 787 763; 787 757; 786 756; 786 755; 785 754; 785 753; 781 749; 781 748; 780 747; 780 746; 781 745; 781 744; 782 743; 782 742; 783 741; 784 741; 784 740; 786 738; 786 737; 787 736; 787 735; 788 734; 788 728; 786 726; 786 725; 785 725; 780 720
52; 739 705; 739 711; 745 717; 745 721; 744 722; 744 723; 737 730; 737 731; 736 732; 736 737; 737 738; 737 739; 741 743; 742 743; 743 744; 744 744; 746 746; 747 746; 748 747; 754 747; 755 746; 755 742; 754 741; 754 740; 750 736; 750 733; 752 731; 752 730; 755 727; 755 726; 756 725; 756 724; 758 722; 758 717; 749 708; 749 707; 748 707; 746 705
53; 107 705; 106 706; 105 706; 103 708; 103 709; 101 711; 95 711; 94 710; 93 710; 92 709; 91 709; 90 708; 82 708; 72 718; 72 719; 69 722; 69 726; 76 726; 77 725; 78 725; 81 722; 82 722; 84 720; 86 720; 87 719; 88 720; 89 720; 90 721; 91 721; 93 723; 95 723; 96 724; 99 724; 100 725; 104 725; 105 724; 106 724; 107 723; 107 722; 108 721; 108 720; 112 716; 113 716; 116 713; 116 709; 113 706; 112 706; 111 705
54; 571 696; 570 697; 570 699; 569 700; 569 702; 568 703; 568 704; 567 705; 567 706; 566 707; 566 709; 565 710; 565 718; 570 723; 571 723; 573 725; 574 725; 575 726; 576 726; 579 729; 579 732; 578 733; 578 735; 577 736; 577 741; 578 742; 584 742; 584 741; 586 739; 586 738; 587 737; 587 736; 589 734; 589 733; 590 732; 590 731; 591 730; 591 729; 592 728; 592 723; 590 721; 589 721; 588 720; 587 720; 586 719; 584 719; 583 718; 582 718; 581 717; 580 717; 577 714; 577 713; 576 712; 576 708; 577 707; 577 706; 578 705; 578 698; 576 696
55; 6 690; 6 691; 5 692; 5 696; 6 697; 6 698; 7 699; 7 704; 3 708; 2 708; 1 709; 0 709; 0 728; 10 728; 12 726; 12 722; 9 719; 9 717; 12 714; 14 714; 15 713; 16 713; 18 711; 18 710; 19 709; 19 707; 20 706; 20 701; 19 700; 19 699; 17 697; 17 696; 15 694; 15 693; 12 690
56; 794 676; 793 677; 793 678; 792 679; 792 683; 793 684; 793 685; 794 686; 794 687; 795 688; 795 689; 796 690; 796 695; 795 696; 795 697; 793 699; 792 699; 787 704; 787 709; 790 712; 797 712; 798 713; 809 713; 810 712; 810 706; 809 705; 808 705; 807 704; 807 703; 806 702; 806 701; 807 700; 807 699; 810 696; 810 690; 809 689; 809 688; 804 683; 804 682; 803 681; 803 680; 799 676
57; 983 672; 982 673; 982 692; 984 694; 984 695; 985 696; 987 696; 988 697; 995 697; 996 698; 998 698; 1002 702; 1002 708; 1003 709; 1003 711; 1004 712; 1009 712; 1012 709; 1012 694; 1011 693; 1011 692; 1008 689; 1005 689; 1004 688; 1000 688; 999 687; 996 687; 992 683; 992 681; 991 680; 991 675; 988 672
58; 315 668; 314 669; 313 669; 312 670; 312 675; 313 676; 314 676; 315 677; 316 677; 317 678; 320 678; 323 681; 323 682; 324 683; 324 696; 325 697; 325 698; 327 700; 328 700; 329 701; 331 701; 332 702; 333 702; 334 703; 336 703; 337 704; 339 704; 340 705; 342 705; 343 706; 348 706; 349 705; 349 701; 348 700; 348 699; 346 697; 345 697; 344 696; 343 696; 342 695; 340 695; 336 691; 336 690; 335 689; 335 681; 336 680; 336 676; 335 675; 335 674; 334 673; 334 672; 333 672; 331 670; 330 670; 329 669; 327 669; 326 668
59; 885 679; 879 679; 875 682; 871 697; 867 701; 859 702; 856 705; 856 711; 866 711; 878 707; 881 703; 883 694; 887 689
60; 887 689; 905 682; 914 674; 919 674; 926 679; 930 679; 932 677; 932 673; 925 663; 920 659; 914 660; 902 669; 893 664; 887 664; 885 666; 885 670; 889 676; 885 679
61; 494 637; 493 638; 490 638; 489 639; 486 639; 485 640; 484 640; 483 641; 483 647; 484 647; 485 648; 491 648; 492 649; 494 649; 498 653; 498 655; 499 656; 499 657; 500 658; 500 660; 501 661; 501 662; 505 666; 512 666; 513 665; 517 665; 518 664; 525 664; 526 663; 526 657; 523 654; 512 654; 509 651; 509 649; 508 648; 508 646; 507 645; 507 644; 506 643; 506 641; 504 639; 504 638; 503 638; 502 637
62; 721 634; 720 635; 719 635; 719 636; 718 637; 718 641; 717 642; 717 643; 715 645; 714 645; 713 646; 711 646; 710 647; 704 647; 703 648; 702 648; 700 650; 700 656; 701 657; 701 659; 702 660; 702 668; 703 669; 703 670; 704 671; 709 671; 710 670; 710 669; 711 668; 711 667; 712 666; 712 662; 713 661; 713 659; 715 657; 716 657; 717 656; 724 656; 725 655; 726 655; 727 654; 727 653; 729 651; 729 648; 730 647; 730 638; 729 637; 729 636; 727 634
63; 875 631; 872 634; 872 643; 870 645; 868 645; 867 646; 862 646; 861 647; 858 647; 857 648; 856 648; 854 650; 854 651; 848 657; 847 657; 844 660; 844 664; 845 665; 846 665; 847 666; 852 666; 853 665; 855 665; 857 663; 858 663; 862 659; 863 659; 864 658; 865 658; 866 657; 869 657; 870 656; 873 656; 874 655; 879 655; 880 654; 881 654; 883 652; 883 633; 882 632; 882 631
64; 294 614; 292 616; 292 620; 294 622; 294 623; 297 626; 297 627; 299 629; 299 630; 302 633; 303 633; 304 634; 311 634; 314 631; 315 631; 316 630; 317 630; 318 629; 320 629; 321 628; 322 629; 324 629; 329 634; 330 634; 331 635; 335 635; 336 634; 336 627; 335 626; 335 625; 329 619; 329 618; 327 616; 326 616; 325 615; 320 615; 319 616; 317 616; 315 618; 314 618; 312 620; 311 620; 310 621; 307 621; 300 614
65; 408 607; 407 608; 407 614; 408 615; 408 616; 409 617; 409 619; 410 620; 410 621; 409 622; 409 624; 408 625; 408 626; 406 628; 406 629; 404 631; 403 631; 402 632; 402 633; 400 635; 400 639; 401 640; 401 641; 402 642; 403 642; 405 644; 406 644; 408 646; 409 646; 411 648; 412 648; 415 651; 421 651; 422 650; 422 644; 419 641; 418 641; 415 638; 415 636; 416 635; 416 634; 423 627; 423 620; 422 619; 422 618; 420 616; 420 615; 416 611; 416 610; 413 607
66; 789 619; 790 625; 787 630; 788 637; 793 637; 796 634; 806 612; 812 606; 819 602; 819 597; 817 596; 812 596; 805 602; 800 602
67; 800 602; 791 594; 788 593; 770 593; 767 596; 767 602; 771 610; 774 612; 781 612; 789 619
68; 226 592; 225 593; 225 601; 224 602; 224 603; 221 606; 221 613; 222 614; 222 618; 223 619; 223 624; 219 628; 218 628; 216 630; 215 630; 214 631; 214 637; 215 637; 216 638; 220 638; 221 637; 222 637; 223 636; 224 636; 225 635; 227 635; 228 634; 230 634; 231 633; 233 633; 235 631; 236 631; 236 623; 235 622; 235 620; 234 619; 234 615; 233 614; 233 606; 234 605; 234 601; 235 600; 235 596; 234 595; 234 594; 233 593; 232 593; 231 592
69; 370 589; 369 590; 368 590; 366 592; 366 593; 364 595; 363 595; 360 598; 359 598; 358 599; 356 599; 355 598; 353 598; 350 595; 349 595; 348 594; 344 594; 343 595; 343 601; 344 601; 353 610; 354 610; 355 611; 362 611; 366 607; 366 606; 370 602; 371 602; 372 601; 375 601; 376 602; 378 602; 384 608; 390 608; 390 604; 389 603; 389 602; 388 601; 388 600; 385 597; 384 597; 379 592; 379 591; 378 590; 377 590; 376 589
70; 203 583; 202 584; 201 584; 200 585; 200 586; 199 587; 199 588; 197 590; 196 590; 195 591; 193 591; 192 590; 191 590; 190 589; 189 589; 188 588; 186 588; 185 587; 180 587; 179 588; 178 588; 176 590; 176 591; 172 595; 172 596; 171 597; 171 603; 174 606; 180 606; 182 604; 182 603; 186 599; 187 599; 188 600; 190 600; 191 601; 192 601; 193 602; 195 602; 196 603; 203 603; 205 601; 205 600; 206 599; 206 598; 207 597; 207 595; 208 594; 208 593; 209 592; 209 585; 207 583
71; 0 583; 0 595; 3 595; 4 596; 9 596; 10 595; 15 595; 16 596; 22 596; 24 594; 24 590; 23 589; 22 589; 21 588; 15 588; 14 587; 10 587; 9 586; 8 586; 7 585; 6 585; 5 584; 3 584; 2 583
72; 623 580; 622 581; 622 582; 621 583; 621 584; 619 586; 619 587; 618 588; 618 589; 617 590; 617 592; 614 595; 613 595; 612 596; 609 596; 608 595; 602 595; 600 597; 600 601; 602 603; 603 603; 604 604; 605 604; 606 605; 607 605; 608 606; 609 606; 610 607; 612 607; 613 608; 619 608; 622 605; 622 604; 623 603; 623 600; 624 599; 624 598; 629 593; 630 593; 631 592; 642 592; 644 590; 644 585; 643 584; 640 584; 639 583; 636 583; 635 582; 633 582; 632 581; 630 581; 629 580
73; 959 570; 957 572; 957 573; 956 574; 956 575; 955 576; 955 577; 954 578; 954 579; 953 580; 953 581; 952 582; 952 583; 949 586; 939 586; 937 588; 937 592; 939 594; 940 594; 941 595; 943 595; 944 596; 946 596; 947 597; 957 597; 959 595; 959 594; 960 593; 960 592; 961 591; 961 590; 962 589; 962 587; 963 586; 963 585; 966 582; 967 582; 968 581; 971 581; 972 582; 978 582; 981 579; 981 573; 975 573; 974 572; 971 572; 970 571; 968 571; 967 570
74; 659 558; 658 559; 652 559; 651 560; 649 560; 648 561; 648 566; 650 568; 652 568; 653 569; 658 569; 660 571; 660 572; 661 573; 661 579; 662 580; 662 584; 663 585; 663 586; 665 588; 667 588; 668 589; 677 589; 678 590; 686 590; 687 589; 687 584; 684 581; 683 581; 682 580; 679 580; 678 579; 675 579; 673 577; 673 576; 672 575; 672 573; 671 572; 671 564; 670 563; 670 562; 669 561; 669 560; 668 560; 667 559; 666 559; 665 558
75; 690 552; 689 553; 689 554; 688 555; 688 563; 687 564; 687 573; 691 577; 692 577; 693 578; 701 578; 702 579; 705 579; 707 581; 707 582; 708 583; 708 588; 709 589; 709 590; 710 591; 710 592; 711 592; 712 593; 717 593; 717 572; 714 569; 712 569; 711 568; 702 568; 701 567; 700 567; 697 564; 697 555; 696 554; 696 553; 695 553; 694 552
76; 315 551; 314 552; 313 552; 311 554; 311 555; 309 557; 309 558; 308 559; 308 560; 304 564; 304 565; 303 566; 303 571; 304 572; 309 572; 310 571; 311 571; 313 569; 313 568; 317 564; 322 564; 323 565; 324 565; 325 566; 326 566; 328 568; 329 568; 330 569; 337 569; 341 565; 341 564; 344 561; 344 555; 342 553; 336 553; 335 554; 334 554; 332 556; 328 556; 327 555; 326 555; 325 554; 324 554; 322 552; 320 552; 319 551
77; 375 550; 374 551; 373 551; 370 554; 370 555; 365 560; 365 561; 363 563; 363 568; 370 568; 371 567; 372 567; 375 564; 376 564; 377 563; 379 563; 381 565; 382 565; 387 570; 387 571; 389 573; 390 573; 391 574; 395 574; 396 573; 397 573; 399 571; 400 571; 401 570; 402 570; 406 566; 407 566; 408 565; 408 558; 401 558; 400 559; 398 559; 397 560; 392 560; 384 552; 383 552; 381 550
78; 35 538; 34 539; 33 539; 32 540; 32 541; 31 542; 31 545; 30 546; 30 547; 24 553; 20 553; 19 552; 18 552; 17 551; 13 551; 11 553; 11 558; 13 560; 14 560; 15 561; 16 561; 17 562; 18 562; 19 563; 20 563; 21 564; 24 564; 25 565; 30 565; 31 564; 32 564; 34 562; 34 560; 35 559; 35 558; 36 557; 36 556; 38 554; 38 553; 41 550; 46 550; 48 552; 52 552; 54 550; 54 545; 52 543; 51 543; 49 541; 48 541; 47 540; 46 540; 45 539; 43 539; 42 538
79; 798 525; 797 526; 797 532; 798 533; 798 538; 797 539; 797 540; 796 541; 795 541; 792 544; 791 544; 790 545; 789 545; 788 546; 787 546; 786 547; 785 547; 784 548; 784 555; 785 556; 785 557; 786 558; 786 560; 787 561; 787 568; 788 568; 789 569; 795 569; 797 567; 797 563; 796 562; 796 560; 795 559; 795 556; 796 555; 796 554; 800 550; 801 550; 802 549; 803 549; 804 548; 806 548; 810 544; 810 538; 809 537; 809 535; 807 533; 807 532; 806 531; 806 530; 805 529; 805 528; 802 525
80; 396 521; 395 522; 393 522; 392 523; 391 523; 390 524; 388 524; 386 526; 385 526; 384 527; 384 532; 393 532; 394 533; 395 533; 397 535; 397 536; 398 537; 398 539; 399 540; 399 545; 400 546; 400 548; 401 549; 401 550; 403 552; 411 552; 412 551; 417 551; 418 552; 423 552; 424 551; 425 551; 425 545; 423 543; 416 543; 415 542; 412 542; 411 541; 410 541; 408 539; 408 538; 407 537; 407 535; 406 534; 406 530; 405 529; 405 526; 404 525; 404 524; 403 523; 402 523; 400 521
81; 17 521; 17 522; 16 523; 16 530; 15 531; 15 532; 12 535; 0 535; 0 547; 3 547; 4 546; 5 546; 6 545; 20 545; 22 543; 22 542; 23 541; 23 533; 24 532; 24 529; 25 528; 25 524; 23 522; 23 521
82; 522 520; 521 521; 520 521; 519 522; 518 522; 516 524; 515 524; 513 526; 513 527; 512 528; 512 532; 513 533; 519 533; 520 532; 523 532; 525 534; 525 536; 526 537; 526 545; 527 546; 527 547; 529 549; 531 549; 532 550; 537 550; 538 549; 542 549; 543 548; 545 548; 546 547; 548 547; 550 545; 550 544; 551 543; 551 539; 550 538; 543 538; 542 539; 538 539; 536 537; 536 536; 535 535; 535 531; 534 530; 534 526; 533 525; 533 524; 532 523; 532 522; 531 521; 530 521; 529 520
83; 904 537; 889 548; 893 566; 885 573; 886 580; 893 580; 905 572; 905 566; 902 561; 901 555; 902 550; 904 548
84; 904 548; 915 549; 922 538; 922 530; 920 528; 910 526; 905 521; 904 510; 902 507; 896 507; 895 509; 894 526; 897 530; 904 534; 904 537
85; 540 499; 538 501; 538 508; 539 509; 539 510; 540 511; 540 512; 542 514; 543 514; 544 515; 545 515; 546 516; 546 517; 547 518; 547 520; 548 521; 548 523; 549 524; 549 525; 550 526; 550 527; 551 528; 551 529; 552 530; 552 531; 553 532; 553 537; 555 539; 556 539; 557 540; 565 540; 566 539; 569 539; 570 538; 576 538; 577 537; 577 531; 576 530; 575 530; 574 529; 569 529; 568 530; 566 530; 565 529; 564 529; 560 525; 560 522; 559 521; 559 518; 558 517; 558 516; 556 514; 555 514; 554 513; 552 513; 550 511; 550 510; 549 509; 549 508; 548 507; 548 505; 547 504; 547 503; 546 502; 546 501; 544 499
86; 413 494; 407 500; 406 500; 405 501; 404 501; 403 502; 402 502; 401 503; 400 503; 399 502; 397 502; 394 499; 393 499; 392 498; 387 498; 386 499; 386 505; 389 508; 389 509; 394 514; 395 514; 397 516; 404 516; 406 514; 407 514; 412 509; 413 509; 414 508; 419 508; 423 512; 429 512; 431 510; 431 506; 430 506; 419 495; 418 495; 417 494
87; 754 534; 762 541; 768 541; 780 529; 780 524; 772 523; 767 528; 762 528
88; 762 528; 760 525; 760 517; 749 509; 744 508; 737 517; 736 522; 729 531; 729 540; 732 543; 739 543; 748 535; 754 534
89; 744 508; 739 501; 739 495; 749 489; 749 483; 738 482; 730 484; 727 487; 729 503; 718 511; 719 517; 729 515; 737 517
90; 282 475; 282 476; 281 477; 281 478; 280 479; 280 482; 279 483; 279 484; 278 485; 278 488; 277 489; 277 495; 280 498; 281 498; 282 499; 284 499; 285 500; 288 500; 289 501; 291 501; 292 502; 293 502; 295 504; 295 514; 296 515; 296 516; 298 518; 302 518; 303 517; 303 516; 304 515; 304 511; 305 510; 305 505; 306 504; 306 497; 302 493; 300 493; 299 492; 297 492; 296 491; 294 491; 293 490; 292 490; 291 489; 290 489; 289 488; 289 487; 288 486; 288 477; 286 475
91; 858 472; 856 474; 856 479; 858 481; 859 481; 860 482; 861 482; 862 483; 863 483; 867 487; 867 490; 868 491; 868 492; 867 493; 867 503; 868 504; 868 505; 869 506; 870 506; 871 507; 872 507; 873 508; 874 508; 875 509; 877 509; 878 510; 879 510; 880 511; 882 511; 883 512; 888 512; 889 511; 889 506; 886 503; 884 503; 883 502; 882 502; 878 498; 878 492; 879 491; 879 483; 878 482; 878 481; 876 479; 875 479; 874 478; 873 478; 872 477; 871 477; 870 476; 869 476; 868 475; 867 475; 866 474; 865 474; 863 472
92; 948 463; 942 469; 941 469; 934 476; 934 482; 935 483; 935 485; 936 486; 936 489; 937 490; 937 491; 938 492; 938 494; 933 499; 932 499; 930 501; 930 502; 929 503; 929 507; 930 508; 936 508; 938 506; 939 506; 941 504; 942 504; 943 503; 944 503; 945 502; 946 502; 948 500; 949 500; 949 499; 950 498; 950 492; 949 491; 949 490; 948 489; 948 488; 947 487; 947 484; 946 483; 946 477; 950 473; 951 473; 954 470; 954 466; 953 465; 953 464; 952 463
93; 962 451; 961 452; 961 458; 963 460; 963 461; 964 462; 964 466; 958 472; 957 472; 956 473; 956 474; 955 475; 955 476; 954 477; 954 482; 955 483; 955 484; 957 486; 957 487; 960 490; 960 491; 964 495; 964 496; 965 497; 969 497; 971 495; 971 489; 970 488; 970 487; 967 484; 967 483; 966 482; 966 479; 972 473; 973 473; 975 471; 975 470; 976 469; 976 461; 966 451
94; 463 449; 462 450; 462 451; 461 452; 461 453; 460 454; 460 456; 459 457; 459 459; 458 460; 458 461; 454 465; 446 465; 445 466; 444 466; 443 467; 443 472; 444 473; 445 473; 446 474; 450 474; 451 475; 453 475; 454 476; 463 476; 465 474; 465 473; 466 472; 466 468; 467 467; 467 465; 468 464; 468 462; 469 461; 469 460; 471 458; 476 458; 477 459; 483 459; 484 458; 484 454; 482 452; 481 452; 480 451; 478 451; 477 450; 472 450; 471 449
95; 779 448; 774 453; 774 454; 771 457; 771 458; 767 462; 767 467; 768 468; 773 468; 781 460; 785 460; 787 462; 788 462; 792 466; 793 466; 794 467; 800 467; 801 466; 802 466; 805 463; 805 462; 806 461; 806 460; 807 459; 807 458; 809 456; 809 449; 804 449; 801 452; 801 453; 800 454; 799 454; 797 456; 795 456; 794 455; 793 455; 790 452; 789 452; 786 449; 785 449; 784 448
96; 416 446; 415 447; 414 447; 413 448; 412 448; 411 449; 410 449; 409 450; 408 450; 406 452; 405 452; 404 453; 404 454; 403 455; 403 459; 404 460; 404 461; 405 462; 405 463; 407 465; 407 467; 408 468; 408 471; 407 472; 407 473; 405 475; 404 475; 399 480; 399 485; 400 486; 404 486; 405 485; 406 485; 407 484; 408 484; 409 483; 410 483; 411 482; 412 482; 413 481; 414 481; 415 480; 416 480; 419 477; 419 476; 420 475; 420 471; 419 470; 419 468; 418 467; 418 466; 417 465; 417 463; 416 462; 416 458; 417 457; 417 456; 422 451; 422 446
97; 119 444; 118 445; 117 445; 116 446; 115 446; 114 447; 114 448; 113 449; 113 451; 112 452; 112 459; 111 460; 111 462; 104 469; 104 470; 103 471; 103 475; 104 476; 104 477; 105 478; 105 479; 106 480; 110 480; 111 479; 112 479; 119 472; 119 471; 120 470; 120 467; 121 466; 121 459; 122 458; 122 456; 125 453; 133 453; 134 452; 134 447; 133 446; 132 446; 131 445; 129 445; 128 444
98; 155 435; 154 436; 152 436; 151 437; 148 437; 147 438; 144 438; 143 439; 142 439; 141 440; 140 440; 140 445; 141 446; 149 446; 150 445; 155 445; 156 446; 157 446; 160 449; 160 450; 162 452; 162 454; 164 456; 164 457; 165 457; 166 458; 167 458; 168 459; 172 459; 173 458; 174 458; 175 457; 176 457; 178 455; 179 455; 180 454; 181 454; 182 453; 183 453; 185 451; 185 446; 178 446; 177 447; 171 447; 166 442; 166 441; 164 439; 164 438; 162 436; 161 436; 160 435
99; 545 431; 545 432; 544 433; 544 435; 543 436; 543 438; 542 439; 542 441; 541 442; 541 443; 540 444; 540 446; 539 447; 539 451; 542 454; 543 454; 544 455; 545 455; 546 456; 547 456; 551 460; 551 461; 552 462; 552 466; 551 467; 551 469; 550 470; 550 475; 551 476; 551 477; 555 477; 558 474; 558 473; 560 471; 560 470; 561 469; 561 468; 562 467; 562 466; 563 465; 563 464; 564 463; 564 458; 563 457; 563 456; 562 455; 562 454; 561 454; 560 453; 559 453; 558 452; 557 452; 550 445; 550 432; 549 431
100; 568 472; 568 479; 578 491; 583 491; 588 485; 595 481; 598 481; 605 487; 611 487; 612 481; 598 468; 593 468; 586 474; 582 474; 580 472
101; 580 472; 583 461; 583 452; 580 448; 571 442; 570 438; 572 429; 567 428; 559 438; 558 446; 568 451; 573 456; 573 462; 568 472
102; 731 438; 742 440; 754 451; 760 451; 773 443; 773 438; 767 437; 763 440; 758 440; 753 437; 746 429; 722 432
103; 722 432; 716 425; 712 425; 711 431; 716 437; 716 441; 706 452; 705 458; 709 466; 715 472; 719 472; 720 465; 716 458; 717 454; 731 438
104; 453 423; 452 424; 451 424; 447 428; 447 432; 446 433; 446 441; 442 445; 441 445; 440 446; 438 446; 437 447; 435 447; 434 448; 433 448; 431 450; 431 455; 437 455; 438 454; 440 454; 441 453; 449 453; 450 452; 451 452; 454 449; 454 448; 455 447; 455 441; 456 440; 456 435; 460 431; 463 431; 464 430; 467 430; 468 429; 468 424; 467 423
105; 15 423; 14 424; 13 424; 12 425; 11 425; 10 426; 9 426; 8 427; 7 427; 6 428; 5 428; 4 429; 3 429; 2 430; 0 430; 0 436; 8 436; 9 435; 10 435; 11 434; 16 434; 17 435; 18 435; 25 442; 25 443; 26 444; 27 444; 28 445; 33 445; 35 443; 36 443; 38 441; 39 441; 39 440; 41 438; 41 437; 43 435; 43 431; 38 431; 37 432; 35 432; 34 433; 29 433; 23 427; 23 426; 21 424; 20 424; 19 423
106; 937 421; 935 423; 935 428; 936 429; 936 433; 937 434; 937 436; 939 438; 939 439; 941 441; 946 441; 947 440; 948 440; 952 436; 953 436; 956 433; 957 433; 958 432; 964 432; 967 435; 968 435; 970 437; 975 437; 976 436; 976 431; 975 430; 974 430; 973 429; 972 429; 970 427; 969 427; 964 422; 963 422; 962 421; 956 421; 954 423; 953 423; 949 427; 946 427; 943 424; 943 423; 941 421
107; 212 442; 212 448; 201 458; 200 465; 208 481; 213 481; 214 473; 211 464; 221 454; 221 442
108; 221 442; 226 438; 226 434; 214 419; 210 419; 200 426; 195 425; 190 420; 184 420; 185 429; 194 438; 206 436; 212 442
109; 840 412; 839 413; 835 413; 834 414; 833 414; 831 416; 831 418; 830 419; 830 423; 831 424; 831 432; 830 433; 830 434; 828 436; 827 436; 826 437; 825 437; 824 438; 822 438; 820 440; 819 440; 819 441; 817 443; 817 447; 824 447; 825 446; 827 446; 828 445; 830 445; 831 444; 833 444; 834 443; 835 443; 836 442; 837 442; 839 440; 839 439; 840 438; 840 427; 841 426; 841 425; 843 423; 844 423; 845 422; 847 422; 848 421; 849 421; 850 420; 851 420; 852 419; 852 414; 850 412
110; 140 403; 139 404; 138 404; 135 407; 135 408; 132 411; 131 411; 129 413; 125 413; 124 412; 123 412; 121 410; 121 409; 115 409; 114 410; 114 415; 118 419; 118 420; 124 426; 125 426; 126 427; 130 427; 131 426; 132 426; 133 425; 133 424; 135 422; 135 421; 137 419; 138 419; 138 418; 140 416; 141 416; 142 415; 143 415; 144 414; 145 414; 146 415; 148 415; 150 417; 151 417; 152 418; 159 418; 160 417; 160 412; 158 410; 157 410; 156 409; 155 409; 154 408; 153 408; 152 407; 151 407; 149 405; 148 405; 146 403
111; 652 390; 651 391; 650 391; 645 396; 645 397; 644 398; 643 398; 642 399; 638 399; 637 398; 636 398; 632 394; 631 394; 630 393; 623 393; 623 399; 634 410; 635 410; 637 412; 642 412; 643 411; 644 411; 649 406; 650 406; 652 404; 658 404; 659 405; 660 405; 663 408; 668 408; 669 407; 669 401; 667 399; 667 398; 664 395; 663 395; 659 391; 658 391; 657 390
112; 286 427; 288 413; 282 408; 272 407; 265 391; 260 392; 257 410; 262 416; 275 419; 274 425
113; 274 425; 264 421; 252 429; 254 438; 267 433; 276 443; 282 444; 295 434; 295 430; 286 427
114; 225 393; 228 388; 226 382; 207 385; 204 402; 191 409; 193 416; 212 413; 219 394
115; 219 394; 221 416; 236 423; 245 437; 254 438; 252 429; 245 415; 231 409; 230 399; 225 393
116; 57 375; 56 376; 56 381; 58 383; 59 383; 60 384; 61 384; 62 385; 63 385; 64 386; 65 386; 67 388; 67 390; 68 391; 68 395; 67 396; 67 406; 70 409; 77 409; 78 410; 84 410; 85 409; 86 409; 86 408; 88 406; 88 402; 86 402; 85 401; 83 401; 82 400; 81 400; 79 398; 79 397; 78 396; 78 390; 79 389; 79 381; 76 378; 73 378; 72 377; 66 377; 65 376; 62 376; 61 375
117; 262 367; 260 369; 260 373; 262 375; 264 375; 265 376; 266 376; 267 377; 268 377; 269 378; 270 378; 274 382; 274 383; 275 384; 275 388; 276 389; 276 391; 277 392; 277 394; 278 395; 278 396; 279 397; 279 398; 280 399; 280 400; 281 400; 282 401; 292 401; 293 400; 294 400; 295 399; 296 399; 300 395; 300 389; 299 388; 295 388; 294 389; 292 389; 291 390; 290 390; 288 388; 288 387; 287 386; 287 385; 286 384; 286 383; 285 382; 285 379; 284 378; 284 376; 281 373; 280 373; 279 372; 275 372; 274 371; 273 371; 272 370; 271 370; 270 369; 269 369; 267 367
118; 1019 363; 1018 364; 1017 364; 1016 365; 1016 366; 1010 372; 1005 372; 1004 371; 1003 371; 1000 368; 994 368; 993 369; 993 374; 996 377; 997 377; 998 378; 999 378; 1006 385; 1011 385; 1013 383; 1013 382; 1017 378; 1019 378; 1020 377; 1023 377; 1023 363
119; 956 362; 956 364; 955 365; 955 383; 956 384; 956 385; 957 386; 958 386; 959 387; 962 387; 963 388; 966 388; 967 389; 980 389; 981 388; 982 388; 984 386; 984 381; 983 380; 983 378; 982 377; 982 376; 981 375; 981 374; 980 374; 979 373; 974 373; 972 375; 971 375; 969 377; 966 377; 964 375; 964 374; 963 373; 963 372; 964 371; 964 367; 963 366; 963 364; 961 362
120; 341 361; 340 362; 339 362; 337 364; 337 365; 336 366; 335 366; 332 369; 331 369; 330 370; 328 370; 327 371; 326 371; 325 370; 323 370; 322 369; 321 369; 320 368; 319 368; 318 367; 311 367; 310 368; 310 373; 311 374; 312 374; 313 375; 314 375; 315 376; 316 376; 318 378; 319 378; 322 381; 323 381; 324 382; 331 382; 336 377; 337 377; 339 375; 341 375; 342 374; 346 374; 347 375; 349 375; 350 376; 351 376; 352 377; 358 377; 358 372; 354 368; 353 368; 347 362; 346 362; 345 361
121; 386 354; 386 355; 385 356; 385 366; 384 367; 384 371; 385 372; 385 374; 386 375; 386 376; 387 377; 388 377; 389 378; 390 378; 391 379; 392 379; 393 380; 394 380; 400 386; 400 395; 401 396; 401 397; 402 398; 407 398; 409 396; 409 394; 410 393; 410 389; 411 388; 411 379; 410 378; 410 377; 409 377; 408 376; 406 376; 405 375; 402 375; 401 374; 400 374; 396 370; 396 368; 395 367; 395 365; 394 364; 394 357; 393 356; 393 355; 392 354
122; 186 351; 182 355; 182 356; 181 357; 181 358; 180 359; 180 360; 178 362; 178 363; 177 364; 177 369; 183 375; 184 375; 188 379; 188 380; 189 381; 189 382; 190 383; 190 385; 189 386; 189 387; 188 388; 188 389; 187 390; 187 395; 189 397; 195 397; 195 395; 196 394; 196 393; 198 391; 198 390; 200 388; 200 387; 201 386; 201 379; 200 378; 200 377; 197 374; 196 374; 194 372; 194 371; 192 369; 192 368; 190 366; 190 361; 191 360; 191 352; 190 351
123; 518 339; 517 340; 516 340; 516 341; 514 343; 514 344; 513 345; 513 346; 512 347; 512 350; 511 351; 511 359; 514 362; 515 362; 516 363; 517 363; 518 364; 519 364; 520 365; 521 365; 522 366; 523 366; 527 370; 527 371; 528 372; 528 379; 529 380; 529 382; 532 385; 536 385; 536 384; 537 383; 537 379; 536 378; 536 371; 537 370; 537 362; 535 360; 534 360; 533 359; 532 359; 531 358; 530 358; 529 357; 528 357; 527 356; 526 356; 523 353; 523 347; 524 346; 524 342; 523 341; 523 340; 522 339
124; 432 331; 431 332; 427 332; 426 333; 417 333; 414 336; 414 337; 413 338; 413 342; 412 343; 412 350; 409 353; 405 353; 404 354; 403 354; 401 356; 401 361; 402 361; 403 362; 404 362; 405 363; 420 363; 423 360; 423 359; 424 358; 424 345; 427 342; 430 342; 431 341; 434 341; 438 337; 438 332; 437 331
125; 159 328; 158 329; 157 329; 147 339; 141 339; 138 336; 137 336; 136 335; 130 335; 129 336; 128 336; 128 337; 127 338; 127 342; 128 343; 130 343; 131 344; 133 344; 134 345; 135 345; 136 346; 137 346; 138 347; 139 347; 142 350; 149 350; 150 349; 151 349; 157 343; 158 343; 160 341; 165 341; 166 342; 167 342; 170 345; 177 345; 177 339; 166 328
126; 77 327; 76 328; 74 328; 73 329; 73 335; 74 335; 76 337; 81 337; 82 338; 84 338; 86 340; 86 341; 87 342; 87 350; 88 351; 88 353; 89 354; 89 355; 90 356; 91 356; 92 357; 104 357; 105 356; 105 352; 99 346; 99 345; 98 344; 98 342; 97 341; 97 334; 96 333; 96 331; 93 328; 92 328; 91 327
127; 804 366; 817 364; 817 360; 814 357; 800 352; 795 347; 787 333; 781 334; 782 352
128; 782 352; 772 357; 769 363; 774 369; 773 373; 768 377; 769 384; 778 384; 784 380; 795 381; 804 366
129; 772 357; 759 341; 766 331; 764 323; 760 323; 747 337; 748 344; 756 354; 752 362; 752 368; 759 368; 769 363
130; 85 303; 84 304; 83 304; 78 309; 77 309; 75 311; 74 311; 71 314; 71 321; 72 321; 73 322; 77 322; 83 316; 88 316; 90 318; 91 318; 98 325; 99 325; 100 326; 104 326; 106 324; 107 324; 111 320; 112 320; 116 316; 116 310; 115 309; 111 309; 110 310; 109 310; 108 311; 107 311; 106 312; 101 312; 100 311; 99 311; 95 307; 94 307; 91 304; 90 304; 89 303
131; 771 302; 769 304; 768 304; 766 306; 763 306; 762 305; 760 305; 759 304; 758 304; 757 303; 750 303; 745 308; 745 309; 744 310; 744 311; 743 312; 743 313; 742 314; 742 315; 741 316; 741 320; 742 321; 742 322; 749 322; 750 321; 750 320; 751 319; 751 317; 754 314; 757 314; 758 315; 759 315; 763 319; 775 319; 778 316; 778 315; 779 314; 779 313; 780 312; 780 311; 781 310; 781 306; 780 305; 780 304; 778 302
132; 185 291; 184 292; 183 292; 180 295; 180 297; 179 298; 179 302; 178 303; 178 307; 177 308; 177 309; 175 311; 172 311; 171 312; 167 312; 166 313; 165 313; 164 314; 164 320; 165 320; 166 321; 184 321; 186 319; 186 318; 187 317; 187 313; 188 312; 188 309; 189 308; 189 306; 190 305; 190 304; 191 303; 191 302; 192 301; 193 301; 194 300; 196 300; 197 299; 200 299; 202 297; 202 293; 201 293; 200 292; 198 292; 197 291
133; 889 287; 887 289; 887 290; 886 291; 886 293; 885 294; 885 296; 884 297; 884 299; 881 302; 880 302; 879 303; 878 303; 877 304; 876 304; 874 306; 873 306; 870 309; 869 309; 868 310; 868 311; 867 312; 867 320; 868 321; 868 323; 869 324; 869 330; 870 331; 870 332; 871 333; 877 333; 878 332; 878 331; 879 330; 879 322; 878 321; 878 318; 879 317; 879 316; 882 313; 883 313; 884 312; 885 312; 886 311; 887 311; 889 309; 890 309; 893 306; 893 305; 894 304; 894 288; 893 287
134; 224 285; 223 286; 222 286; 221 287; 219 287; 218 288; 215 288; 214 289; 213 289; 212 290; 211 290; 207 294; 207 298; 208 299; 208 300; 209 301; 209 302; 210 303; 210 307; 209 308; 209 309; 207 311; 206 311; 205 312; 204 312; 203 313; 202 313; 198 317; 198 318; 197 319; 197 323; 198 324; 202 324; 203 323; 205 323; 207 321; 208 321; 209 320; 212 320; 213 319; 215 319; 216 318; 217 318; 218 317; 219 317; 219 316; 220 315; 220 314; 221 313; 221 309; 220 308; 220 300; 221 299; 221 298; 224 295; 226 295; 227 294; 230 294; 231 293; 232 293; 232 288; 230 286; 229 286; 228 285
135; 6 279; 5 280; 4 280; 2 282; 0 282; 0 292; 3 292; 4 291; 10 291; 12 293; 13 293; 20 300; 25 300; 27 298; 28 298; 28 297; 31 294; 31 293; 36 288; 36 283; 35 282; 30 282; 25 287; 20 287; 18 285; 17 285; 14 282; 13 282; 10 279
136; 87 275; 83 279; 83 280; 79 284; 74 284; 73 283; 72 283; 71 282; 69 282; 68 281; 66 281; 65 280; 61 280; 60 281; 59 281; 57 283; 57 284; 56 285; 56 286; 55 287; 55 288; 54 289; 54 290; 53 291; 53 292; 52 293; 52 300; 58 300; 60 298; 60 297; 61 296; 61 295; 64 292; 68 292; 69 293; 71 293; 72 294; 74 294; 75 295; 77 295; 78 296; 82 296; 83 295; 84 295; 86 293; 86 292; 87 291; 87 290; 88 289; 88 288; 89 287; 89 286; 90 285; 90 284; 92 282; 92 281; 93 280; 93 275
137; 623 270; 622 271; 622 284; 621 285; 621 287; 620 288; 620 289; 616 293; 615 293; 614 294; 613 294; 612 295; 611 295; 610 296; 609 296; 606 299; 606 307; 609 310; 616 310; 617 309; 620 309; 621 308; 624 308; 625 307; 626 307; 627 306; 627 305; 628 304; 628 296; 629 295; 629 283; 630 282; 630 280; 631 279; 631 274; 630 273; 630 272; 628 270
138; 423 269; 422 270; 421 270; 420 271; 420 272; 415 277; 410 277; 409 276; 407 276; 406 275; 396 275; 394 277; 394 278; 393 279; 393 281; 392 282; 392 284; 391 285; 391 287; 390 288; 390 289; 388 291; 388 295; 389 296; 390 296; 391 297; 395 297; 398 294; 398 293; 399 292; 399 290; 400 289; 400 288; 401 287; 402 287; 403 286; 405 286; 406 287; 408 287; 409 288; 411 288; 412 289; 419 289; 422 286; 422 285; 423 284; 423 283; 424 282; 424 281; 425 280; 425 279; 427 277; 427 276; 429 274; 429 270; 428 269
139; 1004 265; 1003 266; 1002 266; 1000 268; 1000 269; 999 270; 999 273; 998 274; 998 276; 997 277; 997 278; 996 279; 996 280; 994 282; 993 282; 992 283; 991 283; 990 282; 982 282; 981 283; 981 288; 982 288; 984 290; 986 290; 987 291; 988 291; 989 292; 991 292; 992 293; 999 293; 1000 292; 1001 292; 1003 290; 1003 289; 1004 288; 1004 285; 1005 284; 1005 283; 1006 282; 1006 281; 1010 277; 1011 277; 1012 276; 1016 276; 1017 277; 1023 277; 1023 267; 1014 267; 1013 266; 1009 266; 1008 265
140; 370 257; 370 263; 371 264; 371 265; 372 266; 372 268; 373 269; 373 273; 367 279; 366 279; 364 281; 363 281; 362 282; 362 283; 361 284; 361 288; 363 290; 363 291; 366 294; 366 295; 367 296; 367 297; 368 298; 368 300; 369 301; 369 302; 371 304; 375 304; 377 302; 377 295; 374 292; 374 291; 373 290; 373 287; 381 279; 382 279; 385 276; 385 271; 384 270; 384 269; 382 267; 382 266; 380 264; 380 263; 378 261; 378 260; 375 257
141; 732 268; 721 280; 704 278; 700 283; 696 300; 704 300; 706 294; 711 289; 729 289; 735 280
142; 735 280; 760 279; 761 273; 759 271; 751 271; 746 267; 744 256; 741 252; 735 251; 724 254; 722 256; 722 261; 732 263; 732 268
143; 847 239; 846 240; 845 240; 845 241; 844 242; 844 243; 843 244; 843 247; 842 248; 842 251; 841 252; 841 254; 840 255; 840 256; 837 259; 836 259; 835 260; 829 260; 827 262; 827 266; 829 268; 832 268; 833 269; 844 269; 845 268; 847 268; 849 266; 849 264; 850 263; 850 257; 851 256; 851 253; 852 252; 852 251; 854 249; 855 249; 856 248; 864 248; 865 247; 866 247; 867 246; 867 245; 868 244; 868 240; 857 240; 856 239
144; 91 239; 90 240; 90 247; 91 248; 91 249; 93 251; 93 252; 94 253; 94 254; 98 258; 106 258; 107 257; 108 257; 109 256; 110 256; 111 255; 113 255; 114 254; 118 254; 122 258; 122 259; 124 261; 125 261; 126 262; 131 262; 131 257; 130 256; 130 255; 128 253; 128 252; 127 251; 127 250; 125 248; 125 247; 120 242; 115 242; 114 243; 113 243; 111 245; 110 245; 109 246; 106 246; 105 247; 104 247; 103 246; 102 246; 95 239
145; 486 238; 485 239; 484 239; 483 240; 481 240; 480 241; 478 241; 477 242; 476 242; 473 245; 473 246; 472 247; 472 253; 473 254; 473 256; 474 257; 474 260; 473 261; 473 262; 471 264; 470 264; 469 265; 468 265; 467 266; 466 266; 464 268; 464 273; 465 274; 473 274; 474 273; 479 273; 480 272; 482 272; 483 271; 484 271; 485 270; 485 263; 484 262; 484 257; 483 256; 483 251; 487 247; 489 247; 490 246; 491 246; 493 244; 493 238
146; 240 258; 238 266; 224 265; 222 267; 224 273; 238 279; 245 276; 252 264; 267 266; 267 260; 253 252; 241 254
147; 260 239; 272 245; 284 265; 304 264; 303 258; 292 256; 288 252; 282 238; 270 237; 259 230
148; 259 230; 236 231; 231 246; 227 250; 216 253; 219 259; 240 258; 241 254; 241 245; 245 239; 260 239
149; 771 224; 770 225; 769 225; 769 226; 761 234; 760 234; 759 235; 756 235; 755 234; 754 234; 751 231; 745 231; 744 232; 744 236; 749 241; 750 241; 756 247; 757 247; 758 248; 762 248; 766 244; 766 243; 771 238; 772 238; 773 237; 774 237; 775 236; 776 236; 777 237; 778 237; 782 241; 783 241; 784 242; 788 242; 790 240; 790 236; 789 235; 788 235; 777 224
150; 381 219; 379 221; 379 222; 378 223; 378 230; 375 233; 373 233; 372 234; 361 234; 358 237; 358 244; 357 245; 357 257; 358 258; 362 258; 365 255; 365 254; 366 253; 366 248; 367 247; 367 246; 369 244; 370 244; 371 243; 382 243; 383 242; 384 242; 386 240; 386 239; 387 238; 387 236; 388 235; 388 222; 385 219
151; 454 218; 449 223; 448 223; 440 231; 440 235; 441 236; 441 237; 442 238; 442 239; 444 241; 444 242; 445 243; 445 244; 446 245; 446 246; 447 247; 447 248; 448 249; 448 253; 445 256; 445 257; 444 258; 444 262; 445 263; 450 263; 451 262; 452 262; 460 254; 460 253; 461 252; 461 247; 454 240; 454 239; 453 238; 453 237; 452 236; 452 233; 457 228; 457 227; 459 225; 459 219; 458 218
152; 878 216; 877 217; 877 218; 876 219; 876 230; 875 231; 875 232; 874 233; 874 240; 876 242; 876 243; 877 244; 877 245; 878 246; 878 248; 879 249; 879 253; 878 254; 878 255; 877 256; 876 256; 872 260; 872 264; 873 265; 879 265; 880 264; 881 264; 884 261; 885 261; 887 259; 888 259; 891 256; 891 250; 890 249; 890 248; 889 247; 889 246; 888 245; 888 244; 887 243; 887 242; 886 241; 886 240; 885 239; 885 234; 884 233; 884 232; 885 231; 885 221; 884 220; 884 217; 883 216
153; 947 199; 937 209; 937 216; 938 217; 938 222; 939 223; 939 226; 936 229; 934 229; 933 230; 931 230; 930 231; 929 231; 928 232; 928 236; 930 238; 939 238; 940 237; 943 237; 944 236; 947 236; 950 233; 950 224; 949 223; 949 220; 948 219; 948 217; 949 216; 949 214; 953 210; 953 209; 954 208; 954 199
154; 316 198; 315 199; 315 206; 316 207; 316 210; 317 211; 317 214; 318 215; 318 216; 321 219; 322 219; 323 220; 327 220; 328 219; 338 219; 342 223; 342 225; 344 227; 344 228; 345 229; 352 229; 353 228; 353 222; 352 221; 352 220; 350 218; 350 217; 349 216; 349 215; 348 214; 348 212; 347 211; 347 210; 345 208; 344 208; 343 207; 339 207; 338 208; 328 208; 324 204; 324 203; 323 202; 323 201; 322 200; 322 199; 321 198
155; 873 166; 871 168; 871 172; 874 175; 874 176; 877 179; 877 180; 878 181; 878 183; 877 184; 877 186; 875 188; 875 189; 873 191; 873 192; 872 193; 872 200; 875 203; 876 203; 878 205; 879 205; 885 211; 886 211; 887 212; 891 212; 892 211; 892 205; 891 204; 891 203; 889 201; 888 201; 885 198; 885 197; 884 196; 884 194; 885 193; 885 191; 886 190; 886 189; 887 188; 887 187; 888 186; 888 185; 889 184; 889 177; 888 176; 887 176; 877 166
156; 615 166; 613 168; 613 169; 612 170; 612 174; 611 175; 611 184; 612 185; 612 186; 614 188; 615 188; 616 189; 621 189; 622 190; 625 190; 627 192; 628 192; 629 193; 629 194; 630 195; 630 204; 631 205; 631 206; 633 208; 637 208; 638 207; 638 205; 639 204; 639 198; 640 197; 640 189; 639 188; 639 186; 637 184; 636 184; 634 182; 632 182; 631 181; 627 181; 626 180; 625 180; 624 179; 623 179; 622 178; 622 177; 621 176; 621 167; 620 166
157; 0 161; 0 172; 2 172; 3 171; 6 171; 7 170; 9 170; 10 171; 12 171; 17 176; 17 177; 22 182; 27 182; 28 181; 28 177; 27 176; 27 175; 25 173; 25 172; 24 171; 24 170; 23 169; 23 168; 22 167; 22 166; 21 165; 21 164; 18 161
158; 779 158; 778 159; 770 159; 769 160; 768 160; 767 161; 767 168; 766 169; 766 175; 765 176; 765 177; 764 178; 763 178; 762 179; 759 179; 758 180; 756 180; 753 183; 753 187; 754 187; 755 188; 771 188; 772 187; 773 187; 775 185; 775 183; 776 182; 776 179; 777 178; 777 170; 780 167; 782 167; 783 166; 786 166; 788 164; 788 160; 786 158
159; 929 157; 929 162; 930 163; 931 163; 933 165; 935 165; 936 166; 937 166; 938 167; 939 167; 940 168; 940 169; 941 170; 941 176; 940 177; 940 186; 941 187; 941 188; 943 190; 944 190; 945 191; 960 191; 961 190; 962 190; 962 185; 961 185; 959 183; 957 183; 956 182; 954 182; 951 179; 951 164; 948 161; 947 161; 946 160; 944 160; 943 159; 941 159; 940 158; 938 158; 937 157
160; 161 144; 158 147; 157 147; 154 150; 153 150; 150 153; 150 158; 155 158; 156 157; 157 157; 158 156; 159 156; 160 155; 165 155; 172 162; 173 162; 174 163; 175 163; 176 164; 181 164; 186 159; 186 158; 192 152; 192 147; 187 147; 186 148; 185 148; 181 152; 176 152; 175 151; 174 151; 167 144
161; 810 142; 809 143; 806 143; 805 144; 802 144; 801 145; 800 145; 799 146; 799 150; 800 151; 809 151; 810 152; 812 152; 816 156; 816 157; 817 158; 817 160; 818 161; 818 163; 819 164; 819 165; 820 166; 820 167; 821 167; 822 168; 843 168; 843 163; 840 160; 839 160; 838 159; 829 159; 826 156; 826 155; 824 153; 824 152; 823 151; 823 149; 822 148; 822 146; 821 145; 821 144; 820 143; 819 143; 818 142
162; 255 181; 253 193; 259 202; 264 206; 270 206; 276 200; 282 198; 289 204; 294 204; 295 199; 293 195; 284 186; 278 186; 270 192; 265 190; 264 181
163; 264 181; 259 171; 259 165; 265 157; 265 150; 254 142; 248 142; 248 147; 251 150; 253 157; 247 166; 247 172; 255 181
164; 636 133; 635 134; 634 134; 630 138; 630 140; 629 141; 629 144; 628 145; 628 146; 624 150; 615 150; 614 151; 613 151; 612 152; 612 156; 614 158; 615 158; 616 159; 624 159; 625 160; 631 160; 632 159; 633 159; 633 158; 634 157; 634 154; 635 153; 635 150; 636 149; 636 147; 640 143; 641 143; 642 142; 651 142; 653 140; 653 136; 652 135; 651 135; 650 134; 642 134; 641 133
165; 589 204; 590 213; 573 210; 588 227; 612 212; 600 190; 588 190
166; 588 190; 586 177; 574 189; 550 188; 550 195; 552 209; 542 217; 543 223; 563 218; 564 197; 589 204
167; 507 148; 519 148; 519 144; 508 134; 501 133; 493 142; 476 139; 488 154; 502 156
168; 512 187; 510 201; 514 206; 533 206; 533 201; 522 195; 526 188
169; 526 188; 550 195; 550 188; 552 181; 569 183; 570 177; 556 169; 542 170
170; 512 158; 507 148; 502 156; 507 172; 500 175; 500 180; 512 187; 526 188
171; 526 188; 542 170; 533 158; 512 158
172; 720 131; 719 132; 714 132; 713 133; 705 133; 704 134; 703 134; 702 135; 702 136; 701 137; 701 142; 702 143; 702 148; 701 149; 701 150; 700 151; 700 152; 698 154; 697 154; 696 155; 693 155; 692 156; 691 156; 690 157; 689 157; 688 158; 688 162; 689 163; 691 163; 692 164; 702 164; 703 163; 707 163; 709 161; 709 159; 710 158; 710 147; 711 146; 711 145; 712 144; 712 143; 713 142; 714 142; 715 141; 716 141; 717 140; 720 140; 721 139; 722 139; 723 138; 724 138; 725 137; 725 132; 724 131
173; 359 131; 358 132; 358 133; 357 134; 357 136; 356 137; 356 138; 352 142; 350 142; 349 143; 346 143; 345 142; 334 142; 332 144; 332 145; 331 146; 331 148; 330 149; 330 151; 328 153; 328 154; 327 155; 327 156; 326 157; 326 158; 325 159; 325 163; 329 163; 330 162; 331 162; 334 159; 334 158; 336 156; 336 155; 338 153; 339 153; 341 151; 349 151; 350 152; 358 152; 360 150; 360 149; 361 148; 361 147; 362 146; 362 143; 363 142; 363 140; 364 139; 364 138; 365 137; 365 133; 363 131
174; 854 115; 854 121; 855 122; 855 123; 856 124; 856 125; 857 126; 857 127; 858 128; 858 129; 859 130; 859 132; 858 133; 858 135; 852 141; 852 142; 851 143; 851 144; 850 145; 850 149; 851 150; 851 151; 852 152; 852 153; 853 154; 853 155; 854 156; 854 157; 857 160; 858 160; 860 162; 865 162; 866 161; 866 157; 864 155; 864 154; 861 151; 861 146; 864 143; 864 142; 867 139; 867 138; 869 136; 869 135; 870 134; 870 130; 868 128; 868 127; 865 124; 865 123; 863 121; 863 120; 861 118; 861 117; 859 115
175; 612 115; 609 118; 609 120; 608 121; 608 122; 607 123; 607 125; 606 126; 606 127; 602 131; 592 131; 591 132; 591 136; 593 138; 594 138; 595 139; 597 139; 598 140; 600 140; 601 141; 610 141; 613 138; 613 137; 614 136; 614 134; 615 133; 615 131; 616 130; 616 129; 617 128; 617 127; 620 124; 624 124; 625 125; 631 125; 633 123; 633 117; 632 117; 631 116; 622 116; 621 115
176; 219 115; 218 116; 218 120; 219 121; 219 122; 220 123; 220 124; 222 126; 222 127; 223 128; 223 132; 221 134; 221 135; 220 136; 219 136; 217 138; 217 139; 216 140; 216 141; 215 142; 215 147; 225 157; 226 157; 228 159; 232 159; 232 154; 231 153; 231 152; 227 148; 227 147; 226 146; 226 143; 229 140; 229 139; 231 137; 231 136; 235 132; 235 126; 233 124; 232 124; 224 116; 224 115
177; 957 114; 954 117; 954 123; 956 125; 956 126; 957 127; 957 128; 956 129; 956 130; 955 131; 955 132; 946 141; 946 146; 948 148; 948 149; 949 149; 952 152; 952 153; 953 154; 954 154; 955 155; 961 155; 962 154; 962 149; 961 148; 961 147; 959 145; 959 141; 965 135; 966 135; 968 133; 968 127; 966 125; 966 124; 965 123; 965 122; 964 121; 964 119; 963 118; 963 117; 962 116; 962 115; 961 114
178; 74 112; 74 113; 72 115; 72 116; 71 117; 71 118; 69 120; 68 120; 67 121; 64 121; 63 120; 60 120; 59 119; 57 119; 56 118; 55 118; 54 117; 50 117; 49 118; 48 118; 47 119; 47 120; 45 122; 45 123; 41 127; 41 133; 44 136; 49 136; 51 134; 51 133; 55 129; 59 129; 60 130; 63 130; 64 131; 66 131; 67 132; 71 132; 72 131; 73 131; 76 128; 76 127; 77 126; 77 123; 78 122; 78 121; 79 120; 79 119; 80 118; 80 112
179; 670 105; 669 106; 669 108; 668 109; 668 123; 669 124; 669 125; 670 126; 671 126; 672 127; 674 127; 675 128; 676 128; 677 129; 678 129; 679 130; 681 130; 682 131; 684 131; 687 134; 687 143; 688 144; 688 145; 689 146; 693 146; 695 144; 695 143; 696 142; 696 140; 697 139; 697 129; 696 128; 696 126; 695 125; 694 125; 693 124; 692 124; 691 123; 689 123; 688 122; 686 122; 685 121; 683 121; 682 120; 680 120; 678 118; 678 117; 677 116; 677 111; 676 110; 676 106; 675 105
180; 507 101; 504 104; 504 105; 503 106; 503 108; 500 111; 496 111; 495 110; 494 110; 493 109; 491 109; 490 108; 485 108; 484 109; 483 109; 480 112; 480 113; 479 114; 479 115; 478 116; 478 117; 477 118; 477 119; 476 120; 476 121; 475 122; 475 128; 476 129; 481 129; 483 127; 483 126; 484 125; 484 123; 488 119; 494 119; 495 120; 498 120; 499 121; 501 121; 502 122; 508 122; 509 121; 509 120; 510 119; 510 117; 511 116; 511 113; 512 112; 512 110; 513 109; 513 102; 512 102; 511 101
181; 323 124; 337 132; 342 132; 352 119; 357 119; 359 121; 366 120; 366 116; 364 113; 354 107; 345 109; 343 114; 337 119; 335 117
182; 335 117; 334 111; 323 106; 312 96; 307 96; 305 99; 305 105; 308 116; 313 119; 319 119; 323 124
183; 417 135; 409 141; 409 146; 416 146; 420 144; 423 145; 426 149; 431 164; 447 164; 450 162; 450 157; 440 156; 435 151; 432 139; 425 131
184; 425 131; 422 124; 422 119; 426 115; 438 109; 438 103; 431 92; 426 92; 423 94; 425 105; 413 113; 413 122; 417 135
185; 126 80; 125 81; 125 82; 124 83; 124 91; 123 92; 123 93; 121 95; 119 95; 118 96; 116 96; 114 98; 113 98; 111 100; 110 100; 109 101; 108 101; 108 102; 107 103; 107 109; 108 110; 108 121; 109 122; 109 123; 115 123; 115 122; 116 121; 116 111; 117 110; 117 109; 119 107; 120 107; 121 106; 123 106; 124 105; 128 105; 129 104; 130 104; 133 101; 133 99; 134 98; 134 94; 133 93; 133 89; 132 88; 132 84; 131 83; 131 82; 130 81; 130 80
186; 693 76; 692 77; 691 77; 689 79; 689 84; 692 87; 692 88; 694 90; 694 91; 695 92; 695 98; 694 99; 693 99; 692 100; 689 100; 688 101; 687 101; 687 107; 688 107; 689 108; 694 108; 695 109; 703 109; 704 108; 706 108; 708 106; 708 101; 706 99; 706 94; 705 93; 705 82; 704 81; 704 80; 701 77; 700 77; 699 76
187; 78 78; 71 86; 68 87; 62 83; 57 83; 57 89; 65 97; 69 99; 73 99; 76 96; 78 91; 85 84
188; 85 84; 87 84; 90 89; 94 92; 111 93; 112 88; 104 82; 104 74; 92 63; 76 64; 74 66; 74 71; 78 75; 78 78
189; 692 48; 691 49; 691 50; 690 51; 690 65; 691 66; 691 68; 693 70; 694 70; 695 71; 697 71; 698 72; 701 72; 702 73; 704 73; 705 74; 706 74; 710 78; 710 79; 711 80; 711 87; 712 88; 712 89; 717 89; 718 88; 718 87; 719 86; 719 71; 718 70; 718 69; 717 68; 717 67; 716 66; 715 66; 714 65; 711 65; 710 64; 709 64; 708 63; 706 63; 705 62; 704 62; 703 61; 702 61; 701 60; 701 59; 700 58; 700 57; 699 56; 699 52; 698 51; 698 50; 696 48
190; 262 48; 261 49; 256 49; 255 50; 254 50; 253 51; 251 51; 248 54; 248 61; 249 62; 249 71; 246 74; 244 74; 243 75; 241 75; 239 77; 239 84; 244 84; 245 83; 246 83; 247 82; 249 82; 250 81; 252 81; 253 80; 256 80; 257 79; 258 79; 260 77; 260 60; 261 59; 262 59; 263 58; 264 58; 265 57; 267 57; 270 54; 270 50; 268 48
191; 639 47; 638 48; 630 48; 629 49; 629 50; 628 51; 628 54; 627 55; 627 58; 626 59; 626 61; 625 62; 625 65; 622 68; 614 68; 611 71; 611 75; 613 77; 619 77; 620 76; 622 76; 623 77; 631 77; 632 76; 633 76; 634 75; 634 74; 635 73; 635 72; 636 71; 636 63; 637 62; 637 61; 638 60; 638 59; 640 57; 642 57; 643 56; 648 56; 650 54; 650 49; 649 48; 648 48; 647 47
192; 958 91; 971 104; 977 104; 974 89; 983 79; 983 73; 976 62; 969 63; 967 70; 971 78; 963 84
193; 873 93; 861 89; 858 78; 851 77; 852 96; 871 101
194; 886 107; 913 112; 922 101; 923 87; 906 71; 900 83
195; 900 83; 880 77; 877 85; 881 91; 873 93; 871 101; 873 112; 880 114; 886 107
196; 923 87; 932 90; 936 105; 954 102; 958 91; 963 84; 952 78; 945 66; 937 64
197; 902 54; 893 49; 886 51; 886 55; 906 71
198; 906 71; 923 87; 937 64; 922 45; 915 44; 902 54
199; 146 41; 145 42; 145 47; 146 48; 146 49; 148 51; 148 56; 145 59; 144 59; 143 60; 143 61; 142 62; 142 63; 139 66; 139 67; 138 68; 138 72; 140 74; 140 75; 141 76; 141 77; 142 78; 142 79; 143 80; 143 82; 145 84; 150 84; 152 82; 152 76; 151 75; 151 74; 150 73; 150 72; 151 71; 151 70; 152 69; 152 68; 156 64; 157 64; 161 60; 161 54; 159 52; 159 51; 157 49; 157 48; 152 43; 152 42; 151 41
200; 425 26; 424 27; 424 31; 427 34; 427 35; 430 38; 430 39; 431 40; 431 44; 432 45; 432 46; 434 48; 440 48; 441 47; 444 47; 445 46; 448 46; 449 45; 451 45; 452 46; 454 46; 457 49; 457 50; 458 51; 458 52; 462 56; 466 56; 467 55; 467 48; 466 47; 466 46; 464 44; 464 43; 462 41; 462 40; 461 39; 461 38; 460 37; 460 36; 458 34; 447 34; 446 35; 444 35; 443 36; 441 36; 440 35; 439 35; 437 33; 437 32; 432 27; 431 27; 430 26
201; 106 18; 106 19; 105 20; 105 24; 106 25; 106 26; 107 27; 107 29; 108 30; 108 34; 109 35; 109 36; 110 37; 110 38; 112 40; 114 40; 115 41; 118 41; 119 42; 125 42; 126 43; 127 43; 130 46; 130 50; 131 51; 131 54; 134 57; 138 57; 139 56; 139 36; 135 32; 123 32; 122 31; 120 31; 116 27; 116 26; 115 25; 115 24; 114 23; 114 22; 113 21; 113 20; 111 18
202; 290 8; 285 13; 284 13; 283 14; 282 14; 281 15; 275 15; 269 9; 265 9; 263 11; 263 15; 264 16; 264 17; 274 27; 281 27; 282 26; 283 26; 285 24; 286 24; 288 22; 290 22; 293 25; 293 26; 294 27; 294 29; 295 30; 300 30; 301 29; 301 28; 302 27; 302 17; 301 16; 301 14; 300 13; 300 12; 299 11; 299 10; 297 8
203; 782 5; 780 7; 780 9; 779 10; 779 12; 778 13; 778 14; 777 15; 777 16; 774 19; 774 27; 776 29; 777 29; 779 31; 780 31; 784 35; 784 36; 785 37; 785 42; 784 43; 784 45; 783 46; 783 51; 784 52; 784 53; 789 53; 791 51; 791 50; 792 49; 792 48; 795 45; 795 44; 797 42; 797 34; 796 33; 796 32; 791 27; 790 27; 786 23; 786 18; 787 17; 787 16; 788 15; 788 14; 789 13; 789 8; 786 5
204; 807 0; 807 1; 806 2; 806 6; 807 7; 807 8; 812 13; 812 14; 813 15; 813 18; 812 19; 812 20; 809 23; 809 24; 807 26; 807 27; 806 28; 806 34; 807 35; 807 37; 809 39; 809 40; 812 43; 813 43; 814 44; 814 45; 817 48; 822 48; 823 47; 823 43; 822 42; 822 41; 821 40; 821 39; 819 37; 819 36; 818 35; 818 31; 819 30; 819 29; 820 28; 820 27; 821 26; 821 25; 822 24; 822 23; 825 20; 825 13; 815 3; 815 2; 814 1; 814 0
205; 714 0; 714 3; 721 10; 721 11; 723 13; 723 14; 724 15; 721 18; 720 18; 719 19; 718 19; 717 20; 716 20; 714 22; 714 30; 715 31; 715 37; 711 41; 708 41; 707 42; 705 42; 703 44; 703 49; 704 49; 705 50; 721 50; 722 49; 723 49; 725 47; 725 45; 726 44; 726 29; 728 27; 729 27; 730 26; 733 26; 734 25; 735 25; 736 24; 737 24; 737 17; 734 14; 734 13; 729 8; 729 7; 727 5; 727 4; 726 3; 726 2; 725 1; 725 0
206; 338 0; 338 3; 337 4; 337 5; 336 6; 336 7; 334 9; 334 10; 332 12; 332 16; 333 17; 333 18; 338 23; 338 24; 339 25; 339 26; 340 27; 340 28; 341 29; 348 29; 350 27; 350 22; 349 21; 349 20; 346 17; 346 16; 345 15; 345 13; 346 12; 346 11; 347 10; 347 9; 348 8; 348 7; 349 6; 349 4; 350 3; 350 0
