0; 515 989; 514 990; 513 990; 509 994; 509 995; 505 999; 503 999; 502 998; 500 998; 499 997; 496 997; 495 996; 493 996; 492 995; 491 995; 490 994; 485 994; 483 996; 483 997; 482 998; 482 999; 481 1000; 481 1001; 480 1002; 480 1004; 479 1005; 479 1007; 478 1008; 478 1010; 477 1011; 477 1013; 476 1014; 476 1019; 484 1019; 487 1016; 487 1015; 488 1014; 488 1012; 492 1008; 494 1008; 495 1009; 497 1009; 498 1010; 500 1010; 501 1011; 503 1011; 504 1012; 505 1012; 506 1013; 513 1013; 513 1012; 515 1010; 515 1009; 516 1008; 516 1006; 517 1005; 517 1004; 518 1003; 518 1001; 519 1000; 519 999; 520 998; 520 997; 521 996; 521 990; 520 990; 519 989
1; 336 949; 336 950; 335 951; 335 957; 336 958; 336 959; 338 961; 338 962; 339 963; 339 964; 340 965; 340 967; 342 969; 342 970; 344 972; 350 972; 352 970; 353 970; 355 968; 356 968; 358 966; 359 966; 361 964; 366 964; 367 965; 367 968; 366 969; 366 974; 367 975; 367 976; 368 976; 369 977; 370 977; 371 978; 376 978; 376 969; 375 968; 375 965; 373 963; 373 956; 372 955; 372 954; 371 953; 371 952; 369 950; 363 950; 360 953; 359 953; 358 954; 357 954; 356 955; 355 955; 353 957; 352 957; 351 958; 348 958; 345 955; 345 954; 343 952; 343 951; 341 949
2; 743 941; 742 942; 740 942; 739 943; 739 944; 738 945; 738 953; 739 954; 739 964; 736 967; 727 967; 723 971; 723 976; 724 976; 725 977; 737 977; 738 976; 746 976; 747 975; 748 975; 750 973; 750 971; 751 970; 751 965; 750 964; 750 958; 749 957; 749 955; 753 951; 762 951; 764 949; 764 945; 763 944; 763 943; 762 943; 761 942; 760 942; 759 941
3; 241 938; 241 939; 240 940; 240 941; 239 942; 239 948; 240 949; 240 951; 241 952; 241 956; 242 957; 242 959; 243 960; 243 961; 244 961; 245 962; 250 962; 251 961; 254 961; 255 960; 257 960; 258 959; 260 959; 261 958; 266 958; 268 960; 268 965; 269 966; 269 967; 270 968; 270 969; 271 969; 272 970; 277 970; 278 969; 279 969; 280 968; 280 963; 279 962; 279 961; 278 960; 278 959; 277 958; 277 955; 276 954; 276 952; 275 951; 275 948; 274 947; 274 946; 273 945; 265 945; 264 946; 262 946; 261 947; 259 947; 258 948; 257 948; 256 949; 251 949; 250 948; 250 947; 249 946; 249 941; 248 940; 248 939; 247 938
4; 724 933; 720 937; 720 944; 721 945; 720 946; 720 947; 717 950; 715 950; 714 951; 710 951; 709 952; 705 952; 704 953; 703 953; 700 956; 700 964; 701 965; 701 967; 702 968; 702 971; 703 972; 703 974; 704 975; 704 976; 706 978; 711 978; 713 976; 713 975; 714 974; 714 970; 713 969; 713 968; 712 967; 712 964; 715 961; 720 961; 721 960; 726 960; 727 959; 730 959; 732 957; 732 955; 733 954; 733 949; 732 948; 732 945; 731 944; 731 937; 730 936; 730 933
5; 1003 914; 1001 916; 1001 917; 1000 918; 1000 921; 999 922; 999 925; 998 926; 998 927; 996 929; 991 929; 990 928; 988 928; 987 927; 982 927; 981 926; 975 926; 973 928; 973 930; 972 931; 972 937; 971 938; 971 942; 970 943; 970 949; 973 952; 978 952; 979 951; 979 948; 980 947; 980 944; 981 943; 981 942; 984 939; 988 939; 989 940; 992 940; 993 941; 996 941; 997 942; 1002 942; 1003 941; 1004 941; 1004 940; 1005 939; 1005 938; 1006 937; 1006 934; 1007 933; 1007 925; 1008 924; 1008 923; 1009 922; 1009 921; 1010 920; 1010 916; 1008 914
6; 827 904; 826 905; 824 905; 823 906; 819 906; 818 905; 812 905; 812 906; 809 909; 809 914; 821 914; 822 915; 823 915; 824 916; 826 916; 827 917; 828 917; 829 918; 829 920; 830 921; 830 928; 831 929; 831 933; 832 934; 832 935; 835 938; 840 938; 841 937; 845 937; 846 936; 850 936; 851 935; 854 935; 855 934; 856 934; 857 933; 857 928; 856 928; 855 927; 854 927; 853 926; 845 926; 844 925; 843 925; 841 923; 841 918; 840 917; 840 907; 837 904
7; 387 896; 385 898; 385 899; 384 900; 384 904; 385 905; 385 908; 391 914; 391 917; 392 918; 393 918; 395 920; 396 920; 397 921; 398 921; 399 922; 400 922; 401 923; 403 923; 404 924; 405 924; 406 925; 407 925; 408 926; 408 927; 409 928; 409 931; 408 932; 408 940; 409 941; 409 942; 410 943; 415 943; 415 942; 416 941; 416 938; 417 937; 417 936; 419 934; 419 933; 421 931; 421 930; 422 929; 422 928; 423 927; 423 920; 422 920; 421 919; 420 919; 419 918; 418 918; 417 917; 416 917; 415 916; 413 916; 412 915; 411 915; 410 914; 408 914; 407 913; 406 913; 405 912; 404 912; 402 910; 401 910; 399 908; 399 907; 398 906; 398 902; 397 901; 397 900; 394 897; 393 897; 392 896
8; 994 857; 993 858; 981 858; 978 861; 978 869; 979 870; 979 875; 980 876; 980 880; 976 884; 969 884; 968 885; 967 885; 967 886; 966 887; 966 895; 973 895; 974 894; 983 894; 984 893; 987 893; 988 892; 989 892; 992 889; 992 879; 991 878; 991 870; 994 867; 997 867; 998 866; 999 866; 1000 865; 1001 865; 1004 862; 1004 858; 1003 858; 1002 857
9; 524 857; 523 858; 518 858; 515 861; 515 862; 514 863; 514 872; 515 873; 515 877; 516 878; 515 879; 515 880; 513 882; 511 882; 510 883; 504 883; 502 885; 502 886; 501 887; 501 892; 503 894; 507 894; 508 893; 523 893; 526 890; 526 889; 527 888; 527 876; 526 875; 526 871; 529 868; 538 868; 540 866; 540 862; 539 861; 539 860; 538 859; 536 859; 535 858; 531 858; 530 857
10; 868 840; 868 841; 866 843; 866 844; 861 849; 860 848; 859 848; 858 847; 852 847; 851 848; 850 848; 847 851; 847 856; 850 859; 851 859; 853 861; 854 861; 855 862; 856 862; 857 863; 858 863; 860 865; 861 865; 863 867; 863 868; 864 869; 864 870; 863 871; 863 873; 862 874; 862 883; 863 884; 869 884; 872 881; 872 878; 873 877; 873 876; 874 875; 874 874; 876 872; 876 871; 878 869; 878 863; 875 860; 874 860; 870 856; 870 854; 875 849; 875 843; 874 842; 874 841; 873 840
11; 415 826; 413 828; 413 829; 411 831; 411 832; 409 834; 409 836; 404 841; 404 846; 405 846; 406 847; 410 847; 411 846; 413 846; 418 841; 419 841; 420 840; 422 840; 423 841; 424 841; 426 843; 427 843; 428 844; 429 844; 431 846; 432 846; 434 848; 441 848; 441 847; 444 844; 444 843; 445 842; 445 841; 447 839; 447 838; 452 833; 452 828; 450 826; 443 826; 440 829; 440 830; 436 834; 433 834; 431 832; 430 832; 427 829; 426 829; 425 828; 424 828; 423 827; 422 827; 421 826
12; 8 808; 7 809; 7 810; 6 811; 6 813; 5 814; 5 820; 3 822; 2 822; 1 823; 0 823; 0 832; 3 832; 4 831; 6 831; 7 830; 7 829; 9 827; 9 826; 13 822; 20 822; 21 823; 22 823; 23 824; 24 824; 25 825; 26 825; 28 827; 29 827; 30 828; 34 828; 35 827; 36 827; 37 826; 37 825; 39 823; 39 822; 40 821; 40 820; 44 816; 45 816; 48 813; 49 813; 50 812; 50 808; 42 808; 41 809; 39 809; 38 810; 34 810; 33 811; 33 812; 32 813; 31 813; 30 814; 26 814; 25 813; 24 813; 23 812; 22 812; 21 811; 20 811; 19 810; 18 810; 17 809; 16 809; 15 808
13; 585 802; 582 805; 582 809; 584 811; 594 811; 596 813; 596 814; 597 815; 597 833; 599 835; 600 835; 601 836; 606 836; 607 835; 608 835; 609 836; 610 836; 613 839; 613 840; 614 841; 614 842; 621 842; 622 841; 622 840; 623 839; 623 834; 621 832; 618 832; 617 831; 615 831; 613 829; 612 829; 610 827; 610 826; 608 824; 608 823; 607 822; 607 817; 608 816; 608 805; 607 804; 607 803; 606 803; 605 802
14; 207 798; 207 799; 205 801; 205 804; 204 805; 204 808; 203 809; 203 812; 202 813; 202 815; 198 819; 196 819; 195 818; 191 818; 190 819; 189 819; 186 822; 186 828; 194 828; 195 829; 197 829; 198 830; 200 830; 201 831; 205 831; 206 830; 208 830; 209 829; 209 828; 210 827; 210 824; 211 823; 211 819; 212 818; 212 816; 213 815; 213 814; 214 813; 214 812; 216 810; 228 810; 231 807; 231 806; 232 805; 232 801; 231 800; 219 800; 218 799; 216 799; 215 798
15; 737 832; 730 829; 724 830; 717 844; 717 851; 733 862; 730 874; 735 879; 739 879; 747 863; 747 857; 731 845; 731 841; 735 836
16; 735 836; 741 841; 745 841; 757 825; 757 820; 742 809; 744 802; 742 792; 738 792; 729 804; 728 813; 739 820; 743 825; 737 832
17; 137 773; 135 775; 135 776; 134 777; 134 782; 133 783; 132 783; 131 784; 128 784; 127 783; 126 783; 124 781; 123 781; 121 779; 120 779; 117 776; 116 776; 115 775; 111 775; 110 776; 109 776; 107 778; 107 779; 105 781; 105 782; 104 783; 104 784; 103 785; 103 787; 98 792; 97 792; 97 796; 98 797; 100 797; 101 798; 106 798; 108 796; 108 795; 110 793; 110 792; 111 791; 112 791; 114 789; 116 789; 117 790; 118 790; 122 794; 123 794; 125 796; 126 796; 128 798; 129 798; 130 799; 135 799; 136 798; 137 798; 140 795; 140 794; 141 793; 141 791; 142 790; 142 780; 143 779; 143 774; 142 773
18; 270 771; 269 772; 266 772; 265 773; 257 773; 257 778; 258 779; 258 780; 259 780; 262 783; 264 783; 267 786; 267 789; 268 790; 268 795; 267 796; 267 801; 268 802; 268 804; 269 805; 270 805; 271 806; 272 806; 273 807; 274 807; 275 808; 275 809; 276 810; 276 811; 277 812; 277 814; 278 815; 278 816; 280 818; 286 818; 287 817; 288 817; 288 813; 287 812; 287 811; 286 810; 286 807; 285 806; 285 805; 283 803; 282 803; 281 802; 280 802; 279 801; 279 800; 278 799; 278 790; 277 789; 277 774; 274 771
19; 210 761; 209 762; 209 773; 210 774; 210 777; 211 778; 211 780; 212 781; 212 784; 213 785; 213 786; 222 786; 223 785; 226 785; 227 784; 229 784; 230 783; 235 783; 237 785; 237 786; 238 787; 238 790; 239 791; 239 792; 240 793; 246 793; 248 791; 248 787; 247 786; 247 782; 246 781; 246 776; 245 775; 245 773; 244 772; 244 771; 243 770; 233 770; 232 771; 230 771; 229 772; 228 772; 227 773; 222 773; 220 771; 220 766; 219 765; 219 763; 218 762; 217 762; 216 761
20; 491 751; 491 752; 489 754; 489 755; 487 757; 487 758; 486 759; 486 763; 489 766; 493 766; 494 765; 498 765; 499 764; 501 764; 502 763; 502 757; 496 751
21; 337 768; 327 771; 331 792; 333 794; 341 794; 353 791; 356 795; 357 802; 359 804; 365 804; 366 794; 361 779; 341 782; 338 778; 340 772
22; 340 772; 352 771; 352 767; 341 758; 340 750; 337 746; 330 745; 317 756; 308 751; 299 752; 300 758; 315 771; 323 769; 330 762; 334 761; 337 764; 337 768
23; 158 719; 156 721; 156 723; 155 724; 155 727; 154 728; 154 730; 153 731; 153 733; 152 734; 152 740; 155 743; 157 743; 158 744; 161 744; 162 745; 164 745; 165 746; 167 746; 168 747; 169 747; 172 750; 172 754; 171 755; 171 756; 170 757; 170 761; 171 762; 171 763; 172 764; 173 764; 174 765; 179 765; 179 762; 180 761; 180 759; 181 758; 181 757; 182 756; 182 754; 183 753; 183 750; 184 749; 184 741; 182 739; 181 739; 180 738; 176 738; 175 737; 171 737; 170 736; 168 736; 167 735; 166 735; 164 733; 164 732; 163 731; 164 730; 164 728; 166 726; 166 720; 165 719
24; 921 716; 920 717; 919 717; 918 718; 910 718; 909 719; 908 719; 907 720; 906 720; 905 721; 905 722; 903 724; 902 724; 901 725; 898 725; 898 731; 899 732; 899 734; 901 736; 901 740; 902 741; 902 745; 903 746; 903 750; 904 751; 904 752; 906 754; 910 754; 914 750; 914 745; 913 744; 913 743; 910 740; 910 737; 911 736; 913 736; 914 735; 923 735; 924 736; 929 736; 930 735; 931 735; 933 733; 933 728; 931 726; 926 726; 925 725; 924 725; 923 724; 923 723; 924 722; 924 721; 925 720; 926 720; 926 716
25; 435 716; 434 717; 434 718; 433 719; 433 721; 432 722; 432 724; 431 725; 431 726; 429 728; 429 729; 428 730; 428 731; 427 732; 427 737; 430 740; 431 740; 432 741; 433 741; 434 742; 435 742; 436 743; 437 743; 438 744; 439 744; 441 746; 442 746; 444 748; 444 752; 443 753; 443 754; 442 755; 442 761; 444 763; 449 763; 451 761; 451 760; 452 759; 452 758; 453 757; 453 756; 454 755; 454 754; 455 753; 455 752; 457 750; 457 749; 458 748; 458 743; 455 740; 454 740; 449 735; 444 735; 443 734; 442 734; 440 732; 440 729; 442 727; 442 726; 444 724; 444 720; 440 716
26; 595 703; 594 704; 592 704; 591 705; 590 705; 590 706; 588 708; 588 724; 585 727; 577 727; 576 728; 575 728; 574 729; 574 730; 573 731; 573 736; 577 736; 578 737; 589 737; 590 738; 594 738; 595 737; 596 737; 597 736; 597 735; 598 734; 598 725; 599 724; 599 718; 600 717; 600 716; 602 714; 606 714; 607 713; 610 713; 612 711; 612 706; 610 704; 606 704; 605 703
27; 305 731; 306 742; 315 742; 320 745; 331 743; 333 722; 337 719; 345 720; 347 718; 347 713; 339 709; 324 710; 322 714; 321 729; 318 732; 311 732; 307 730
28; 307 730; 307 707; 311 702; 311 698; 299 697; 297 699; 296 717; 292 721; 283 723; 283 729; 285 731; 305 731
29; 659 690; 657 692; 656 692; 650 698; 648 698; 647 699; 645 699; 644 700; 644 706; 647 709; 647 710; 650 713; 651 713; 652 714; 653 714; 654 715; 655 715; 656 716; 657 716; 658 717; 659 717; 663 721; 663 725; 662 726; 662 727; 660 729; 660 735; 663 738; 667 738; 667 737; 668 736; 668 734; 669 733; 669 732; 671 730; 671 729; 672 728; 672 727; 674 725; 674 724; 676 722; 676 715; 675 715; 673 713; 672 713; 670 711; 669 711; 668 710; 667 710; 666 709; 665 709; 660 704; 660 703; 661 702; 661 701; 663 699; 663 698; 664 697; 664 690
30; 104 680; 101 683; 101 684; 100 685; 100 700; 99 701; 99 702; 96 705; 86 705; 84 707; 84 712; 87 715; 95 715; 96 714; 97 714; 98 715; 105 715; 106 714; 107 714; 109 712; 109 709; 110 708; 110 699; 111 698; 111 695; 113 693; 121 693; 122 692; 124 692; 126 690; 126 689; 127 688; 127 682; 126 681; 110 681; 109 680
31; 389 666; 388 667; 388 668; 387 669; 387 670; 386 671; 386 672; 385 673; 385 674; 384 675; 384 677; 383 678; 383 680; 382 681; 382 682; 379 685; 375 685; 374 684; 373 684; 372 683; 366 683; 363 686; 363 692; 367 692; 368 693; 370 693; 371 694; 372 694; 373 695; 374 695; 375 696; 377 696; 378 697; 379 697; 380 698; 386 698; 389 695; 389 694; 390 693; 390 692; 391 691; 391 689; 392 688; 392 686; 393 685; 393 684; 394 683; 394 682; 396 680; 400 680; 401 681; 406 681; 407 680; 409 680; 410 679; 415 679; 415 675; 414 674; 410 674; 409 673; 408 673; 407 672; 406 672; 405 671; 404 671; 403 670; 402 670; 401 669; 400 669; 399 668; 398 668; 397 667; 396 667; 395 666
32; 204 656; 204 657; 202 659; 202 660; 201 661; 201 666; 202 667; 202 668; 203 669; 203 673; 201 675; 200 675; 199 676; 197 676; 196 677; 194 677; 193 678; 191 678; 190 679; 188 679; 187 680; 186 680; 184 682; 184 689; 185 690; 185 694; 184 695; 184 696; 182 698; 182 699; 181 700; 181 704; 183 706; 189 706; 190 705; 190 704; 191 703; 191 697; 192 696; 192 695; 193 694; 193 693; 198 688; 200 688; 201 687; 203 687; 204 686; 205 686; 206 685; 208 685; 209 684; 210 684; 211 683; 213 683; 214 682; 215 682; 216 681; 216 680; 217 679; 217 675; 216 674; 216 672; 215 671; 215 670; 214 669; 214 668; 213 667; 213 666; 212 665; 212 663; 211 662; 211 660; 210 659; 210 657; 209 656
33; 62 632; 62 633; 61 634; 61 641; 64 644; 73 644; 77 648; 77 649; 78 650; 78 656; 79 657; 79 660; 80 661; 80 665; 83 668; 90 668; 91 667; 93 667; 94 666; 96 666; 97 665; 101 665; 102 664; 104 664; 106 662; 106 658; 103 655; 101 655; 100 654; 95 654; 94 655; 93 655; 89 651; 89 646; 88 645; 88 642; 87 641; 87 638; 84 635; 76 635; 75 636; 73 636; 72 635; 71 635; 69 633; 68 633; 67 632
34; 17 625; 15 627; 15 628; 12 631; 12 635; 11 636; 11 638; 9 640; 9 641; 6 644; 6 649; 7 649; 9 651; 14 651; 16 649; 16 648; 17 647; 17 646; 18 645; 18 641; 20 639; 24 639; 27 642; 28 642; 30 644; 31 644; 35 648; 42 648; 43 647; 43 646; 45 644; 45 643; 47 641; 47 640; 49 638; 49 637; 51 635; 51 633; 52 632; 52 631; 53 630; 53 626; 48 626; 47 627; 46 627; 45 628; 44 628; 43 629; 42 629; 37 634; 35 634; 34 633; 33 633; 30 630; 29 630; 26 627; 25 627; 23 625
35; 317 612; 317 614; 316 615; 316 616; 314 618; 314 619; 311 622; 311 623; 309 625; 309 626; 307 628; 307 634; 309 636; 310 636; 313 639; 314 639; 317 642; 318 642; 320 644; 320 648; 318 650; 318 651; 315 654; 315 659; 316 660; 324 660; 332 652; 332 651; 334 649; 334 642; 328 636; 327 636; 321 630; 321 627; 325 623; 325 622; 326 621; 326 616; 322 612
36; 1018 600; 1017 601; 1016 601; 1016 602; 1015 603; 1015 605; 1012 608; 1011 608; 1009 610; 1009 616; 1010 617; 1018 617; 1019 616; 1023 616; 1023 600
37; 463 625; 463 636; 468 655; 474 654; 477 651; 476 638; 495 628; 495 623; 489 617; 483 602; 476 602; 476 608; 480 613; 481 620; 471 626; 465 626
38; 465 626; 463 620; 448 613; 450 593; 444 590; 427 588; 425 595; 438 601; 436 621; 442 625; 463 625
39; 194 612; 172 617; 168 608; 164 604; 160 604; 158 614; 165 631; 186 626; 192 636; 201 636; 196 618
40; 199 587; 204 584; 212 590; 217 590; 219 567; 214 561; 209 561; 194 574
41; 194 574; 178 574; 174 591; 175 597; 179 600; 192 601; 197 607; 194 612; 196 618; 206 614; 209 596; 199 587
42; 843 543; 843 544; 842 545; 842 552; 843 553; 843 554; 844 554; 846 556; 846 557; 847 558; 847 559; 848 560; 848 562; 850 564; 850 565; 852 567; 858 567; 859 566; 860 566; 862 564; 863 564; 864 563; 865 563; 867 561; 868 561; 870 559; 873 559; 876 562; 876 563; 877 564; 877 566; 880 569; 886 569; 887 568; 888 568; 888 561; 887 560; 886 560; 883 557; 883 556; 882 555; 882 553; 881 552; 881 551; 880 550; 880 549; 877 546; 872 546; 871 547; 870 547; 868 549; 867 549; 865 551; 864 551; 863 552; 862 552; 861 553; 860 553; 859 554; 854 554; 852 552; 852 551; 851 550; 851 549; 850 548; 850 547; 848 545; 848 544; 847 543
43; 690 572; 695 572; 706 579; 702 593; 704 595; 709 595; 713 591; 714 584; 719 578; 719 572; 706 566; 697 557; 699 543; 697 541; 692 541; 690 552; 692 557; 688 563; 688 572
44; 688 572; 682 569; 684 552; 681 550; 669 551; 669 555; 673 562; 670 573; 671 583; 687 585; 690 582; 690 572
45; 462 537; 462 539; 461 540; 461 541; 450 552; 450 557; 454 561; 455 561; 457 563; 458 563; 463 568; 463 569; 464 570; 464 574; 462 576; 462 577; 461 578; 461 579; 460 580; 460 584; 461 585; 461 586; 462 587; 468 587; 469 586; 469 584; 470 583; 470 581; 471 580; 471 579; 478 572; 478 566; 477 565; 477 564; 476 563; 475 563; 474 562; 473 562; 472 561; 471 561; 464 554; 464 550; 467 547; 468 547; 468 546; 469 545; 469 539; 467 537
46; 443 517; 440 520; 440 521; 439 522; 439 529; 438 530; 438 536; 434 540; 433 540; 432 541; 430 541; 426 537; 422 537; 420 539; 420 540; 419 541; 419 547; 424 547; 425 546; 428 546; 431 549; 433 549; 434 550; 444 550; 446 548; 446 547; 447 546; 447 542; 448 541; 448 538; 449 537; 449 532; 452 529; 454 529; 455 530; 457 530; 458 531; 463 531; 464 530; 464 523; 462 521; 460 521; 459 520; 458 520; 457 519; 456 519; 455 518; 454 518; 453 517
47; 944 549; 954 549; 963 546; 969 548; 969 556; 972 560; 980 560; 978 538; 975 534; 957 537; 953 534; 952 527; 949 524; 944 524; 942 526; 944 543; 942 545
48; 942 545; 931 532; 932 529; 939 524; 939 516; 936 514; 932 514; 928 520; 918 527; 918 534; 927 545; 927 550; 920 557; 920 561; 923 564; 927 564; 944 549
49; 224 496; 214 506; 214 513; 224 523; 224 524; 225 525; 225 527; 224 528; 224 529; 219 534; 219 540; 221 542; 221 543; 225 543; 239 529; 239 523; 232 516; 232 515; 228 511; 228 510; 227 509; 227 508; 228 507; 228 506; 230 504; 230 503; 231 502; 231 496
50; 331 492; 330 493; 330 494; 329 495; 329 499; 331 501; 331 502; 332 503; 332 504; 330 506; 330 507; 329 508; 329 517; 330 518; 331 518; 332 519; 333 519; 334 520; 336 520; 337 521; 339 521; 340 522; 341 522; 342 523; 344 523; 345 524; 346 524; 348 526; 348 527; 349 528; 349 534; 348 535; 348 537; 347 538; 347 544; 348 545; 352 545; 352 537; 353 536; 354 536; 356 534; 356 533; 357 532; 357 531; 358 530; 358 528; 359 527; 359 525; 360 524; 360 517; 359 516; 358 516; 357 515; 355 515; 354 514; 351 514; 350 513; 348 513; 347 512; 345 512; 344 511; 342 511; 339 508; 339 505; 338 504; 338 495; 337 494; 337 493; 336 492
51; 709 477; 704 482; 704 483; 700 487; 696 487; 695 486; 693 486; 692 485; 691 485; 689 483; 687 483; 686 482; 685 482; 683 480; 679 480; 679 481; 677 483; 677 484; 676 485; 676 488; 675 489; 675 490; 670 495; 670 496; 668 498; 668 504; 669 505; 675 505; 677 503; 677 502; 680 499; 680 498; 681 497; 681 494; 682 493; 686 493; 687 494; 689 494; 690 495; 691 495; 692 496; 694 496; 695 497; 696 497; 697 498; 698 498; 699 499; 706 499; 706 498; 708 496; 708 495; 709 494; 709 493; 710 492; 710 491; 711 490; 711 489; 712 488; 712 487; 714 485; 714 484; 715 483; 715 479; 713 477
52; 181 472; 180 473; 176 473; 175 474; 169 474; 168 475; 166 475; 165 476; 165 480; 168 483; 177 483; 180 486; 180 487; 181 488; 181 500; 182 501; 182 504; 184 506; 205 506; 207 504; 207 500; 204 497; 203 497; 202 496; 194 496; 192 494; 192 491; 191 490; 191 482; 190 481; 190 476; 189 475; 189 474; 187 472
53; 65 462; 64 463; 64 465; 63 466; 63 467; 62 468; 62 469; 61 470; 61 471; 60 472; 60 473; 59 474; 59 475; 58 476; 58 477; 57 478; 57 483; 60 486; 61 486; 62 487; 63 487; 65 489; 66 489; 67 490; 68 490; 73 495; 73 502; 74 503; 74 507; 73 508; 73 512; 75 514; 79 514; 81 512; 81 503; 82 502; 82 501; 84 499; 84 498; 85 497; 85 496; 86 495; 86 489; 84 487; 83 487; 81 485; 79 485; 78 484; 77 484; 76 483; 75 483; 74 482; 73 482; 69 478; 69 476; 70 475; 70 474; 72 472; 72 471; 74 469; 74 464; 73 464; 72 463; 71 463; 70 462
54; 887 476; 885 477; 880 475; 873 476; 873 482; 885 488; 885 490; 880 494; 880 499; 882 501; 888 502; 902 501; 905 493; 905 484
55; 905 484; 910 479; 917 483; 923 483; 923 479; 920 475; 913 475; 909 470; 911 468; 920 467; 920 461; 918 459; 900 458; 898 459; 896 464; 887 476
56; 98 449; 96 451; 96 452; 95 453; 95 456; 94 457; 94 460; 93 461; 93 462; 92 463; 92 464; 91 465; 91 466; 90 467; 90 474; 92 476; 93 476; 94 477; 95 477; 96 478; 97 478; 98 479; 99 479; 100 480; 101 480; 102 481; 103 481; 107 485; 107 488; 106 489; 106 491; 105 492; 105 499; 107 501; 113 501; 113 500; 114 499; 114 497; 115 496; 115 494; 116 493; 116 491; 117 490; 117 489; 118 488; 118 486; 119 485; 119 478; 118 478; 117 477; 116 477; 115 476; 114 476; 113 475; 112 475; 110 473; 109 473; 108 472; 107 472; 106 471; 104 471; 101 468; 101 466; 102 465; 102 463; 103 462; 103 459; 104 458; 104 457; 105 456; 105 450; 104 449
57; 109 427; 108 428; 108 432; 109 433; 109 434; 110 435; 110 436; 111 437; 111 439; 112 440; 112 442; 113 443; 113 445; 114 446; 114 447; 115 448; 115 449; 116 450; 123 450; 124 449; 125 449; 126 448; 127 448; 128 447; 129 447; 130 446; 131 446; 133 444; 138 444; 140 446; 140 448; 141 449; 141 452; 142 453; 142 454; 149 454; 150 453; 151 453; 151 446; 150 445; 150 444; 149 443; 149 442; 148 441; 148 440; 147 439; 147 438; 146 437; 146 435; 145 434; 145 432; 143 430; 137 430; 135 432; 134 432; 133 433; 132 433; 131 434; 129 434; 128 435; 127 435; 126 436; 124 436; 123 437; 122 436; 121 436; 119 434; 119 433; 118 432; 118 431; 117 430; 117 429; 115 427
58; 374 422; 373 423; 372 423; 371 424; 371 425; 370 426; 370 430; 371 431; 371 441; 370 442; 370 443; 368 445; 366 445; 365 446; 361 446; 360 447; 359 447; 358 448; 357 448; 355 450; 355 454; 357 456; 362 456; 363 455; 372 455; 373 456; 377 456; 378 455; 379 455; 381 453; 381 434; 383 432; 384 432; 385 431; 391 431; 392 430; 393 430; 394 429; 394 424; 393 423; 392 423; 391 422
59; 0 415; 0 428; 2 428; 5 425; 14 425; 17 422; 17 416; 16 415
60; 423 393; 422 394; 421 394; 420 395; 419 395; 417 397; 416 397; 415 398; 414 398; 413 399; 412 399; 410 401; 409 401; 407 403; 407 407; 408 408; 408 409; 409 409; 410 410; 414 410; 415 409; 416 409; 417 408; 418 408; 419 407; 420 407; 421 406; 422 407; 423 407; 425 409; 425 410; 427 412; 427 413; 429 415; 429 416; 430 417; 430 419; 431 420; 431 421; 433 423; 440 423; 441 422; 442 422; 445 419; 446 419; 449 416; 450 416; 454 412; 454 407; 452 405; 447 405; 443 409; 442 409; 441 410; 439 410; 435 406; 435 405; 433 403; 433 402; 432 401; 432 399; 431 398; 431 397; 430 396; 430 395; 428 393
61; 39 392; 37 394; 37 397; 36 398; 36 401; 35 402; 35 404; 34 405; 34 407; 33 408; 33 414; 36 417; 37 417; 38 418; 40 418; 41 419; 42 419; 43 420; 46 420; 47 421; 49 421; 52 424; 52 425; 53 426; 53 427; 52 428; 52 430; 51 431; 51 437; 53 439; 57 439; 58 438; 58 437; 59 436; 59 434; 60 433; 60 432; 61 431; 61 430; 63 428; 63 427; 64 426; 64 424; 65 423; 65 417; 62 414; 60 414; 59 413; 57 413; 56 412; 54 412; 53 411; 51 411; 50 410; 48 410; 45 407; 45 404; 46 403; 46 401; 47 400; 47 395; 44 392
62; 913 382; 912 383; 912 390; 914 392; 916 392; 917 393; 921 393; 922 394; 923 394; 924 395; 924 396; 925 397; 925 414; 926 415; 926 416; 927 417; 929 417; 930 418; 948 418; 949 417; 949 411; 948 410; 947 410; 946 409; 944 409; 943 408; 941 408; 940 407; 939 407; 937 405; 937 404; 936 403; 936 398; 937 397; 937 392; 936 391; 936 387; 934 385; 933 385; 932 384; 927 384; 926 383; 920 383; 919 382
63; 698 451; 686 463; 677 464; 670 456; 662 459; 662 464; 679 478; 699 466; 711 473; 718 471; 703 453
64; 669 425; 680 425; 676 410; 689 399; 678 379; 671 381; 675 395; 661 407; 663 418
65; 657 443; 670 452; 689 440; 698 451; 703 453; 707 443; 693 426; 676 436; 667 431
66; 645 427; 634 427; 627 414; 619 416; 622 436; 641 438
67; 641 438; 647 454; 654 451; 657 443; 667 431; 669 425; 663 418; 649 412; 651 395; 644 397; 636 413; 645 427
68; 987 364; 985 366; 985 367; 984 368; 984 369; 982 371; 974 371; 971 374; 971 375; 969 377; 969 378; 966 381; 966 382; 963 385; 962 385; 961 386; 960 386; 959 385; 958 385; 957 384; 956 384; 955 383; 946 383; 945 384; 945 388; 948 391; 949 391; 950 392; 952 392; 954 394; 955 394; 960 399; 966 399; 973 392; 973 391; 975 389; 975 388; 976 387; 977 387; 978 386; 980 386; 983 389; 983 391; 984 392; 984 393; 989 393; 990 392; 991 392; 993 390; 994 390; 994 386; 991 383; 991 382; 990 381; 990 380; 989 379; 989 376; 990 375; 992 375; 993 376; 994 376; 996 378; 997 378; 998 379; 1003 379; 1003 375; 1004 374; 1004 373; 1005 372; 1005 367; 1003 365; 1002 365; 1001 364
69; 628 354; 627 355; 626 355; 623 358; 622 358; 618 362; 618 363; 615 366; 615 370; 616 371; 616 372; 621 377; 622 377; 624 379; 625 379; 630 384; 630 389; 629 390; 628 390; 627 391; 624 391; 623 392; 622 392; 620 394; 620 399; 621 400; 621 401; 622 402; 627 402; 627 401; 629 399; 629 398; 631 396; 631 395; 632 394; 632 393; 633 392; 637 392; 638 391; 639 391; 641 389; 642 389; 644 387; 644 381; 639 376; 638 376; 635 373; 634 373; 630 369; 630 368; 629 367; 629 366; 630 365; 630 364; 632 362; 632 361; 633 360; 633 355; 632 354
70; 167 350; 166 351; 156 351; 155 352; 154 352; 153 353; 153 354; 152 355; 152 366; 153 367; 153 373; 151 375; 150 375; 149 376; 145 376; 143 378; 142 378; 142 379; 141 380; 141 384; 142 385; 143 385; 144 386; 155 386; 156 385; 158 385; 159 384; 162 384; 163 383; 164 383; 164 382; 165 381; 165 371; 164 370; 164 363; 165 362; 165 361; 166 360; 171 360; 172 359; 175 359; 177 357; 177 353; 176 352; 176 351; 175 351; 174 350
71; 391 340; 390 341; 390 342; 388 344; 388 345; 387 346; 387 347; 386 348; 386 349; 385 350; 385 351; 383 353; 383 354; 382 355; 382 361; 387 361; 389 359; 390 359; 394 355; 395 355; 396 354; 399 354; 400 355; 401 355; 403 357; 404 357; 409 362; 410 362; 411 363; 415 363; 419 359; 419 358; 420 357; 420 356; 421 355; 421 352; 425 348; 425 347; 426 346; 426 341; 420 341; 418 343; 418 344; 417 345; 417 346; 416 347; 416 348; 415 349; 413 349; 412 350; 411 349; 410 349; 409 348; 408 348; 405 345; 404 345; 402 343; 401 343; 399 341; 398 341; 397 340
72; 327 332; 326 333; 326 334; 324 336; 324 337; 322 339; 322 340; 315 347; 315 352; 317 354; 322 354; 323 353; 323 352; 324 351; 324 350; 328 346; 329 346; 330 345; 331 345; 332 346; 333 346; 334 347; 335 347; 344 356; 350 356; 354 352; 357 352; 362 357; 366 357; 366 351; 365 350; 365 349; 363 347; 358 347; 357 346; 354 346; 353 345; 350 345; 349 344; 347 344; 346 343; 345 343; 343 341; 342 341; 333 332
73; 778 331; 777 332; 774 332; 773 333; 772 333; 772 334; 771 335; 771 346; 772 347; 772 353; 769 356; 761 356; 760 357; 759 357; 758 358; 758 359; 757 360; 757 366; 758 367; 763 367; 764 366; 766 366; 767 365; 780 365; 781 364; 782 364; 782 363; 783 362; 783 357; 782 356; 782 348; 783 347; 783 344; 785 342; 794 342; 796 340; 796 334; 795 333; 793 333; 792 332; 788 332; 787 331
74; 811 327; 809 329; 809 330; 806 333; 806 334; 805 335; 805 336; 803 338; 803 339; 802 340; 802 341; 801 342; 801 350; 803 352; 804 352; 805 353; 806 353; 807 354; 809 354; 810 355; 811 355; 812 356; 813 356; 817 360; 817 364; 814 367; 814 368; 813 369; 813 373; 815 375; 820 375; 824 371; 824 370; 825 369; 825 368; 829 364; 829 363; 830 362; 830 361; 831 360; 831 356; 827 352; 825 352; 823 350; 822 350; 821 349; 820 349; 819 348; 818 348; 817 347; 816 347; 813 344; 813 340; 816 337; 816 336; 817 335; 817 328; 816 327
75; 855 316; 842 329; 842 335; 844 337; 845 337; 849 341; 850 341; 857 348; 857 351; 856 352; 856 354; 855 355; 855 356; 854 357; 854 358; 853 359; 853 364; 855 366; 859 366; 859 365; 860 364; 860 363; 862 361; 862 360; 863 359; 864 359; 864 358; 865 357; 865 356; 867 354; 867 353; 868 352; 868 351; 870 349; 870 343; 869 342; 868 342; 865 339; 864 339; 861 336; 860 336; 858 334; 858 333; 857 332; 857 329; 858 328; 858 327; 861 324; 861 317; 860 317; 859 316
76; 95 313; 94 314; 93 314; 92 315; 92 320; 93 321; 93 322; 94 323; 94 324; 95 325; 95 328; 94 329; 94 330; 92 332; 91 332; 89 334; 88 334; 86 336; 85 336; 83 338; 82 338; 81 339; 80 339; 80 340; 79 341; 79 345; 80 346; 80 347; 81 348; 81 349; 83 351; 83 352; 84 353; 84 357; 85 358; 85 359; 86 360; 91 360; 92 359; 93 359; 95 357; 95 349; 93 347; 93 345; 97 341; 98 341; 100 339; 101 339; 102 338; 103 338; 104 337; 105 337; 109 333; 109 329; 108 328; 108 327; 107 326; 107 325; 105 323; 105 322; 104 321; 104 320; 103 319; 103 318; 102 317; 102 316; 99 313
77; 468 300; 468 302; 467 303; 467 305; 465 307; 465 308; 464 309; 464 314; 465 315; 465 316; 464 317; 464 323; 466 325; 467 325; 468 326; 478 326; 479 327; 485 327; 487 329; 487 331; 488 332; 488 340; 489 341; 495 341; 496 340; 496 339; 497 338; 497 335; 498 334; 498 329; 497 328; 497 320; 494 317; 490 317; 489 316; 477 316; 474 313; 474 311; 475 310; 475 308; 476 307; 476 303; 475 302; 475 301; 474 300
78; 891 294; 889 296; 889 297; 887 299; 887 300; 885 302; 885 303; 883 305; 883 306; 881 308; 881 314; 883 316; 884 316; 885 317; 886 317; 887 318; 888 318; 889 319; 890 319; 892 321; 893 321; 894 322; 895 322; 897 324; 897 325; 898 326; 897 327; 897 328; 895 330; 895 331; 893 333; 893 339; 896 342; 900 342; 900 341; 901 340; 901 339; 903 337; 903 336; 905 334; 905 333; 907 331; 907 330; 910 327; 910 326; 911 325; 911 320; 908 317; 907 317; 906 316; 905 316; 904 315; 903 315; 901 313; 900 313; 899 312; 898 312; 895 309; 895 305; 896 304; 896 303; 898 301; 898 296; 896 294
79; 382 300; 374 300; 366 296; 360 296; 357 300; 355 316; 350 319; 338 319; 337 327; 362 329; 365 325; 367 309; 380 309; 385 302
80; 385 302; 388 302; 398 313; 403 313; 415 302; 418 302; 425 310; 431 310; 433 303; 423 293; 420 287; 415 287; 402 299; 399 299; 392 293; 387 293; 382 300
81; 303 271; 302 272; 301 272; 300 273; 299 273; 297 275; 297 276; 296 277; 296 279; 295 280; 295 284; 296 285; 296 286; 297 287; 298 287; 299 288; 301 288; 302 289; 304 289; 305 290; 308 290; 309 291; 312 291; 315 294; 315 296; 314 297; 314 298; 311 301; 311 306; 314 309; 319 309; 319 308; 320 307; 320 306; 321 305; 321 303; 322 302; 322 301; 323 300; 323 299; 325 297; 325 296; 326 295; 326 294; 327 293; 327 292; 328 291; 328 286; 327 285; 326 285; 325 284; 324 284; 323 283; 321 283; 320 282; 317 282; 316 281; 314 281; 313 280; 312 280; 311 279; 310 279; 308 277; 308 271
82; 820 270; 818 272; 818 276; 819 277; 819 278; 820 279; 820 280; 821 281; 821 284; 820 285; 820 286; 819 287; 818 287; 816 289; 815 289; 814 290; 813 290; 812 291; 810 291; 809 292; 808 292; 807 293; 805 293; 804 294; 804 295; 803 296; 803 300; 804 301; 804 303; 805 304; 805 307; 806 308; 806 310; 807 311; 807 313; 808 314; 808 318; 813 318; 816 315; 816 314; 817 313; 817 309; 816 308; 816 305; 815 304; 815 303; 816 302; 816 301; 818 299; 819 299; 820 298; 822 298; 823 297; 824 297; 825 296; 827 296; 828 295; 829 295; 830 294; 831 294; 832 293; 833 293; 834 292; 834 286; 833 285; 833 284; 832 283; 832 282; 831 281; 831 279; 830 278; 830 276; 829 275; 829 274; 828 273; 828 272; 826 270
83; 970 269; 967 272; 967 278; 981 278; 982 279; 983 279; 984 280; 984 281; 986 283; 986 293; 987 294; 987 300; 988 301; 988 302; 990 304; 996 304; 998 302; 999 302; 1000 301; 1009 301; 1010 300; 1011 300; 1012 299; 1013 299; 1013 298; 1015 296; 1015 291; 1014 291; 1013 290; 1009 290; 1008 291; 1006 291; 1005 292; 1004 292; 1003 293; 1001 293; 998 290; 998 289; 997 288; 997 277; 996 276; 996 273; 995 272; 995 271; 994 271; 993 270; 984 270; 983 271; 982 270; 979 270; 978 269
84; 622 266; 617 268; 607 265; 598 276; 597 284; 605 284; 613 279; 626 289; 632 288; 646 272; 646 267; 640 267; 633 275; 629 275
85; 629 275; 634 252; 632 247; 610 246; 608 234; 600 230; 597 254; 602 258; 619 258; 622 266
86; 634 252; 652 255; 655 258; 656 271; 664 273; 668 250; 649 243; 644 226; 638 227; 632 247
87; 112 195; 111 196; 109 196; 108 197; 107 197; 106 198; 97 198; 95 200; 95 201; 94 202; 94 203; 93 204; 93 205; 91 207; 91 208; 90 209; 90 216; 87 219; 78 219; 77 220; 76 220; 74 222; 74 230; 89 230; 90 231; 98 231; 100 229; 100 228; 101 227; 101 221; 102 220; 102 212; 103 211; 103 210; 104 209; 104 208; 105 207; 106 207; 107 206; 109 206; 110 205; 116 205; 117 204; 118 204; 119 203; 119 197; 118 196; 117 196; 116 195
88; 972 188; 970 190; 970 192; 969 193; 969 196; 968 197; 968 201; 965 204; 964 204; 963 205; 941 205; 940 206; 940 207; 939 208; 939 225; 940 226; 940 228; 942 230; 947 230; 948 229; 949 229; 949 227; 950 226; 950 219; 952 217; 957 217; 959 219; 960 219; 962 221; 967 221; 967 215; 970 212; 971 212; 972 211; 973 211; 973 210; 974 209; 974 204; 973 203; 974 202; 974 200; 977 197; 978 197; 979 196; 980 196; 981 195; 981 191; 980 190; 979 190; 978 189; 977 189; 976 188
89; 332 172; 332 173; 331 174; 331 175; 330 176; 330 177; 329 178; 329 179; 328 180; 328 181; 326 183; 322 183; 321 182; 320 182; 319 181; 318 181; 317 180; 316 180; 314 178; 312 178; 311 177; 310 177; 309 176; 305 176; 304 177; 303 177; 303 178; 302 179; 302 180; 301 181; 301 182; 300 183; 300 185; 299 186; 299 187; 298 188; 298 189; 297 190; 297 192; 296 193; 296 198; 297 199; 303 199; 304 198; 304 197; 305 196; 305 195; 306 194; 306 193; 307 192; 307 191; 308 190; 309 190; 310 189; 312 189; 313 190; 315 190; 316 191; 317 191; 319 193; 320 193; 321 194; 322 194; 324 196; 330 196; 332 194; 332 190; 333 189; 333 187; 338 182; 339 182; 340 181; 341 181; 342 180; 342 175; 340 173; 339 173; 338 172
90; 227 172; 226 173; 225 173; 224 174; 223 174; 223 178; 227 182; 227 183; 228 184; 228 185; 229 186; 229 187; 231 189; 231 190; 234 193; 234 194; 235 195; 240 195; 244 191; 245 191; 248 188; 249 188; 250 187; 251 187; 252 186; 254 186; 255 187; 256 187; 258 189; 258 190; 262 194; 266 194; 268 192; 268 187; 267 186; 267 185; 266 184; 266 183; 265 182; 265 181; 264 180; 264 178; 262 176; 262 175; 259 172; 254 172; 253 173; 252 173; 251 174; 250 174; 247 177; 246 177; 242 181; 241 181; 240 182; 239 182; 238 181; 237 181; 235 179; 235 178; 234 177; 234 175; 231 172
91; 485 170; 484 171; 484 184; 483 185; 483 186; 482 187; 481 187; 480 188; 479 188; 478 189; 476 189; 475 190; 474 190; 473 191; 472 191; 471 192; 469 192; 468 193; 467 193; 466 194; 466 195; 465 196; 465 200; 466 201; 466 203; 467 204; 467 206; 468 207; 468 209; 469 210; 469 216; 470 217; 470 219; 474 219; 475 218; 476 218; 479 215; 479 208; 478 207; 478 204; 477 203; 478 202; 478 201; 481 198; 482 198; 483 197; 485 197; 486 196; 488 196; 489 195; 490 195; 491 194; 492 194; 493 193; 494 193; 495 192; 496 192; 496 186; 495 185; 495 183; 494 182; 494 178; 493 177; 493 174; 492 173; 492 172; 491 171; 491 170
92; 630 167; 629 168; 628 168; 627 169; 626 169; 625 170; 625 171; 624 172; 624 174; 623 175; 623 176; 621 178; 616 178; 615 177; 613 177; 612 176; 611 176; 610 175; 609 175; 608 174; 607 174; 605 172; 600 172; 599 173; 598 173; 597 174; 597 175; 596 176; 596 177; 595 178; 595 179; 594 180; 594 181; 593 182; 593 184; 592 185; 592 186; 591 187; 591 188; 590 189; 590 193; 591 194; 597 194; 598 193; 598 192; 599 191; 599 190; 601 188; 601 187; 602 186; 603 186; 604 185; 608 185; 610 187; 611 187; 612 188; 614 188; 615 189; 616 189; 617 190; 618 190; 619 191; 620 191; 621 192; 625 192; 627 190; 627 189; 628 188; 628 187; 629 186; 629 185; 630 184; 630 183; 631 182; 631 181; 632 180; 632 178; 634 176; 634 175; 635 174; 635 168; 634 167
93; 347 162; 346 163; 346 164; 345 165; 345 166; 344 167; 344 175; 345 175; 346 176; 349 176; 350 177; 351 177; 352 178; 352 179; 353 180; 353 181; 352 182; 352 184; 351 185; 351 186; 350 187; 350 188; 349 189; 349 191; 348 192; 348 199; 351 202; 352 202; 353 203; 356 203; 357 204; 360 204; 361 205; 363 205; 364 206; 368 206; 369 205; 370 205; 371 204; 371 198; 370 198; 369 197; 368 197; 367 196; 366 196; 365 195; 363 195; 361 193; 361 187; 362 186; 362 184; 363 183; 363 181; 364 180; 364 178; 365 177; 365 170; 363 168; 361 168; 360 167; 359 167; 358 166; 357 166; 353 162
94; 1021 136; 1020 137; 1018 137; 1016 139; 1016 144; 1017 145; 1017 150; 1016 151; 1016 152; 1015 153; 1015 160; 1016 161; 1016 162; 1018 164; 1020 164; 1021 165; 1023 165; 1023 136
95; 845 126; 844 127; 844 128; 842 130; 842 131; 841 132; 841 133; 840 134; 840 135; 839 136; 839 137; 836 140; 836 147; 840 151; 841 151; 843 153; 844 153; 845 154; 846 154; 848 156; 849 156; 851 158; 851 159; 852 160; 852 161; 851 162; 851 163; 849 165; 849 167; 848 168; 848 172; 849 173; 849 174; 850 174; 851 175; 856 175; 859 172; 859 171; 860 170; 860 169; 861 168; 861 166; 862 165; 862 164; 864 162; 864 161; 865 160; 865 154; 862 151; 861 151; 860 150; 859 150; 856 147; 855 147; 849 141; 849 139; 850 138; 850 137; 851 136; 851 135; 853 133; 853 129; 852 128; 852 127; 851 127; 850 126
96; 578 116; 577 117; 577 122; 578 123; 579 123; 580 124; 581 124; 584 127; 584 128; 585 129; 585 131; 586 132; 586 133; 587 134; 587 135; 589 137; 595 137; 596 136; 597 136; 598 135; 599 135; 600 134; 601 134; 602 133; 603 133; 604 132; 605 132; 606 131; 607 131; 608 130; 611 130; 613 132; 613 133; 615 135; 615 136; 618 139; 619 139; 620 140; 621 140; 622 141; 627 141; 628 140; 628 136; 627 135; 626 135; 623 132; 623 131; 622 130; 622 129; 621 128; 621 126; 619 124; 619 122; 618 121; 618 120; 617 119; 617 118; 615 116; 610 116; 608 118; 607 118; 606 119; 605 119; 604 120; 603 120; 602 121; 601 121; 600 122; 599 122; 598 123; 597 123; 596 124; 595 124; 594 123; 593 123; 589 119; 588 119; 587 118; 586 118; 585 117; 584 117; 583 116
97; 322 113; 321 114; 320 114; 320 119; 321 120; 321 123; 322 124; 322 127; 323 128; 323 129; 324 130; 324 132; 325 133; 325 135; 326 136; 326 137; 327 137; 328 138; 334 138; 335 137; 337 137; 338 136; 339 136; 340 135; 342 135; 343 134; 348 134; 351 137; 351 140; 352 141; 352 143; 354 145; 359 145; 361 143; 361 137; 360 136; 360 134; 359 133; 359 130; 358 129; 358 127; 357 126; 357 124; 356 123; 356 122; 355 121; 349 121; 348 122; 346 122; 345 123; 343 123; 342 124; 339 124; 338 125; 334 125; 331 122; 331 119; 330 118; 330 116; 327 113
98; 192 112; 190 114; 190 116; 189 117; 189 118; 187 120; 187 121; 182 126; 182 127; 181 128; 181 134; 183 136; 184 136; 187 139; 188 139; 192 143; 193 143; 194 144; 194 145; 195 146; 195 150; 192 153; 192 154; 191 155; 191 162; 193 164; 198 164; 199 163; 199 162; 201 160; 201 159; 205 155; 205 154; 206 153; 206 152; 208 150; 208 149; 209 148; 209 142; 207 140; 206 140; 203 137; 202 137; 201 136; 200 136; 195 131; 195 126; 196 125; 196 122; 197 121; 197 119; 198 118; 198 113; 197 113; 196 112
99; 428 113; 413 109; 407 109; 405 111; 405 116; 417 123; 413 138; 415 146; 427 150; 438 149; 437 142; 426 136; 432 116
100; 432 116; 439 118; 446 124; 445 129; 441 133; 441 139; 443 141; 448 141; 459 125; 459 119; 445 108; 449 99; 449 93; 441 94; 432 104; 428 113
101; 36 76; 31 81; 29 81; 25 85; 25 86; 21 90; 8 90; 7 91; 5 91; 4 92; 0 92; 0 119; 5 119; 6 118; 7 118; 9 116; 9 115; 10 114; 10 106; 13 103; 14 103; 15 102; 22 102; 23 101; 26 101; 27 100; 29 100; 30 99; 30 98; 31 97; 31 95; 32 94; 32 93; 33 92; 33 91; 34 90; 34 89; 35 88; 35 87; 37 85; 39 85; 40 84; 41 84; 42 83; 42 78; 40 76
102; 185 43; 185 44; 184 45; 184 46; 183 47; 183 49; 182 50; 182 52; 181 53; 181 54; 180 55; 180 57; 179 58; 179 65; 181 67; 182 67; 183 68; 185 68; 186 69; 190 69; 191 70; 193 70; 194 71; 196 71; 199 74; 199 77; 198 78; 198 79; 197 80; 197 86; 200 89; 207 89; 208 88; 208 87; 209 86; 209 80; 210 79; 210 75; 211 74; 211 65; 210 64; 209 64; 208 63; 207 63; 206 62; 203 62; 202 61; 201 61; 200 60; 197 60; 196 59; 195 59; 192 56; 192 52; 193 51; 193 45; 191 43
103; 496 40; 495 41; 486 41; 485 42; 483 42; 480 45; 480 64; 479 65; 479 66; 478 67; 477 67; 476 68; 474 68; 473 69; 471 69; 470 70; 469 70; 468 71; 468 77; 470 79; 481 79; 482 78; 485 78; 486 77; 488 77; 489 76; 490 76; 491 75; 492 75; 493 74; 493 73; 494 72; 494 68; 493 67; 493 66; 492 65; 492 60; 491 59; 491 55; 495 51; 497 51; 498 50; 501 50; 502 49; 503 49; 504 48; 504 41; 503 40
104; 918 27; 910 24; 913 10; 911 6; 906 7; 895 21; 895 27; 904 33; 910 40; 903 47; 903 55; 916 51; 924 42; 925 36; 921 31; 921 28
105; 921 28; 931 25; 931 19; 927 12; 932 7; 947 7; 950 5; 951 0; 917 0; 919 11; 918 27
106; 841 0; 841 1; 840 2; 840 3; 839 4; 839 5; 837 7; 837 8; 836 9; 836 10; 835 11; 835 12; 834 13; 834 17; 837 20; 837 21; 850 34; 850 37; 851 38; 850 39; 850 45; 851 46; 852 46; 854 48; 855 48; 857 50; 860 50; 861 51; 865 51; 865 44; 864 43; 864 42; 861 39; 861 36; 862 35; 862 30; 851 19; 851 18; 849 16; 849 15; 848 14; 848 13; 849 12; 849 0
107; 605 0; 605 19; 608 22; 609 22; 610 23; 615 23; 616 24; 622 24; 625 27; 625 37; 626 38; 626 39; 627 40; 628 40; 629 41; 634 41; 634 39; 635 38; 635 35; 636 34; 636 28; 637 27; 637 17; 636 16; 635 16; 634 15; 632 15; 631 14; 627 14; 626 13; 620 13; 619 12; 618 12; 615 9; 615 8; 614 7; 614 0
108; 576 43; 578 41; 596 45; 603 37; 611 39; 615 35; 615 30; 612 27; 594 33; 567 27
109; 567 27; 563 24; 564 11; 556 11; 554 17; 554 35; 547 54; 566 67; 570 67; 572 58; 579 54; 579 48; 576 43
110; 556 11; 550 6; 542 4; 539 0; 528 0; 527 10; 530 13; 552 15; 554 17
111; 361 0; 361 6; 362 7; 361 8; 361 9; 360 10; 360 11; 359 12; 355 12; 354 11; 349 11; 349 15; 351 17; 353 17; 354 18; 355 18; 356 19; 357 19; 358 20; 359 20; 360 21; 369 21; 371 19; 371 18; 372 17; 372 0
