0; 305 999; 302 1002; 302 1004; 301 1005; 301 1010; 300 1011; 300 1013; 299 1014; 299 1018; 298 1019; 298 1023; 308 1023; 308 1020; 309 1019; 309 1016; 310 1015; 310 1013; 311 1012; 312 1012; 313 1011; 316 1011; 317 1012; 322 1012; 323 1011; 324 1011; 325 1010; 325 1004; 324 1003; 323 1003; 322 1002; 320 1002; 319 1001; 316 1001; 315 1000; 313 1000; 312 999
1; 829 997; 826 1000; 826 1006; 829 1009; 829 1013; 825 1017; 824 1017; 822 1019; 821 1019; 819 1021; 819 1023; 836 1023; 836 1022; 838 1020; 839 1020; 842 1017; 842 1012; 841 1011; 841 1010; 840 1009; 840 1008; 839 1007; 839 1006; 837 1004; 837 1003; 835 1001; 835 1000; 834 999; 834 998; 833 997
2; 459 991; 457 993; 457 994; 456 995; 456 999; 455 1000; 455 1005; 454 1006; 454 1010; 450 1014; 448 1014; 447 1013; 447 1012; 444 1012; 443 1011; 439 1011; 438 1010; 433 1010; 433 1014; 435 1016; 436 1016; 437 1017; 442 1017; 443 1016; 447 1016; 448 1017; 448 1018; 449 1019; 449 1020; 450 1021; 450 1023; 460 1023; 460 1018; 461 1017; 461 1015; 462 1014; 462 1013; 463 1012; 463 1009; 464 1008; 464 1006; 465 1005; 465 1004; 467 1002; 477 1002; 479 1000; 479 995; 477 993; 475 993; 474 992; 466 992; 465 991
3; 72 954; 71 955; 67 955; 66 956; 61 956; 60 957; 56 957; 56 958; 55 959; 55 963; 56 964; 56 965; 57 966; 64 966; 65 965; 69 965; 72 968; 72 969; 73 970; 73 973; 74 974; 74 978; 75 979; 75 982; 76 983; 76 984; 77 985; 77 986; 84 986; 86 984; 87 984; 90 981; 91 981; 92 980; 93 980; 94 979; 95 979; 96 978; 97 978; 98 977; 98 972; 96 970; 91 970; 89 972; 88 972; 87 973; 86 973; 85 972; 84 972; 83 971; 83 970; 82 969; 82 968; 81 967; 81 965; 80 964; 80 961; 79 960; 79 958; 78 957; 78 956; 76 954
4; 895 968; 892 960; 873 956; 869 960; 866 976; 861 980; 855 981; 851 985; 850 991; 857 993; 872 989; 876 980; 876 972; 881 967; 894 968
5; 894 968; 897 976; 916 980; 923 963; 927 959; 938 960; 941 957; 941 952; 919 948; 916 952; 913 965; 910 968; 895 968
6; 366 923; 365 924; 365 928; 367 930; 368 930; 369 931; 371 931; 372 932; 374 932; 377 935; 377 936; 378 937; 378 939; 377 940; 377 945; 376 946; 376 954; 377 955; 377 956; 378 956; 379 957; 381 957; 382 958; 396 958; 397 957; 398 957; 399 956; 399 950; 390 950; 389 949; 388 949; 387 948; 387 947; 386 946; 386 942; 387 941; 387 939; 388 938; 388 935; 389 934; 389 929; 387 927; 387 926; 386 926; 385 925; 375 925; 374 924; 373 924; 372 923
7; 315 907; 314 908; 314 914; 316 916; 316 917; 318 919; 318 920; 319 921; 319 922; 320 923; 320 924; 321 925; 321 927; 323 929; 329 929; 331 927; 332 927; 333 926; 334 926; 335 925; 336 925; 338 923; 339 923; 340 922; 344 922; 348 926; 348 927; 349 928; 349 933; 350 934; 350 935; 354 935; 356 933; 356 932; 357 931; 357 926; 356 925; 356 923; 355 922; 355 921; 354 920; 354 918; 353 917; 353 915; 352 914; 352 912; 349 909; 343 909; 342 910; 341 910; 340 911; 339 911; 337 913; 336 913; 334 915; 332 915; 331 916; 328 916; 324 912; 324 911; 323 910; 323 909; 321 907
8; 715 895; 712 898; 712 899; 711 900; 711 902; 710 903; 710 904; 709 905; 709 907; 708 908; 708 910; 707 911; 707 912; 704 915; 702 915; 701 914; 699 914; 698 913; 694 913; 693 914; 692 914; 689 917; 689 922; 690 923; 694 923; 695 924; 698 924; 699 925; 701 925; 702 926; 705 926; 706 927; 711 927; 714 924; 714 922; 715 921; 715 920; 716 919; 716 916; 717 915; 717 913; 718 912; 718 910; 721 907; 722 907; 723 908; 724 908; 725 909; 726 909; 727 910; 732 910; 734 908; 734 903; 732 901; 731 901; 729 899; 727 899; 726 898; 725 898; 724 897; 723 897; 721 895
9; 123 887; 122 888; 122 893; 124 895; 124 896; 125 897; 125 898; 126 899; 126 900; 127 901; 127 904; 128 905; 128 907; 131 910; 136 910; 137 909; 138 909; 139 908; 140 908; 141 907; 142 907; 143 906; 144 906; 145 905; 146 905; 147 904; 148 904; 149 903; 151 903; 153 905; 153 906; 154 907; 153 908; 153 913; 154 914; 154 915; 155 916; 159 916; 159 915; 160 914; 160 905; 161 904; 161 896; 160 895; 160 893; 159 892; 159 891; 158 891; 157 890; 152 890; 151 891; 150 891; 149 892; 148 892; 147 893; 146 893; 145 894; 144 894; 143 895; 142 895; 141 896; 140 896; 139 897; 136 897; 133 894; 133 892; 132 891; 132 890; 131 889; 131 888; 130 887
10; 368 874; 365 877; 365 878; 364 879; 364 881; 363 882; 363 884; 362 885; 362 887; 361 888; 361 890; 360 891; 360 892; 358 894; 346 894; 345 895; 345 896; 344 897; 344 902; 345 903; 349 903; 350 904; 354 904; 355 905; 359 905; 360 906; 364 906; 365 905; 366 905; 366 904; 367 903; 367 901; 368 900; 368 898; 369 897; 369 895; 370 894; 370 892; 371 891; 371 889; 372 888; 372 887; 373 886; 374 886; 375 885; 377 885; 378 886; 380 886; 381 887; 386 887; 387 886; 387 881; 384 878; 382 878; 381 877; 379 877; 378 876; 376 876; 375 875; 374 875; 373 874
11; 168 852; 154 858; 147 854; 141 854; 145 876; 154 877; 166 874
12; 166 874; 172 887; 180 885; 176 865; 181 860; 187 862; 191 849; 168 852
13; 210 862; 226 856; 233 866; 237 866; 240 859; 231 843; 226 843; 212 850
14; 212 850; 204 840; 197 840; 191 849; 187 862; 191 874; 197 875; 200 859; 203 862; 210 862
15; 277 790; 276 791; 276 798; 277 799; 277 800; 278 801; 278 803; 279 804; 279 805; 280 806; 280 809; 281 810; 281 811; 283 813; 291 813; 292 812; 295 812; 296 811; 299 811; 300 810; 301 810; 302 809; 305 809; 308 812; 308 815; 309 816; 309 818; 311 820; 316 820; 318 818; 318 813; 317 812; 317 811; 316 810; 316 809; 315 808; 315 803; 314 802; 314 800; 313 799; 313 798; 311 796; 305 796; 304 797; 302 797; 301 798; 299 798; 298 799; 297 799; 296 800; 294 800; 293 801; 290 801; 289 800; 288 800; 287 799; 287 798; 286 797; 286 796; 285 795; 285 793; 284 792; 284 791; 283 790
16; 485 781; 483 783; 483 789; 484 790; 484 791; 485 792; 487 792; 488 793; 494 793; 496 795; 496 796; 497 797; 497 813; 500 816; 511 816; 512 817; 517 817; 518 816; 519 816; 520 815; 520 809; 519 808; 518 808; 517 807; 509 807; 506 804; 506 800; 507 799; 507 794; 506 793; 506 786; 503 783; 502 783; 501 782; 496 782; 495 783; 494 782; 491 782; 490 781
17; 618 754; 615 757; 615 761; 614 762; 614 766; 613 767; 613 771; 612 772; 612 773; 611 774; 610 774; 609 775; 600 775; 597 778; 597 779; 596 780; 596 785; 611 785; 612 786; 617 786; 618 785; 619 785; 621 783; 621 781; 622 780; 622 777; 623 776; 623 769; 624 768; 624 767; 627 764; 630 764; 631 765; 638 765; 639 764; 639 759; 636 756; 635 756; 634 755; 633 755; 632 754
18; 802 736; 801 737; 800 737; 799 738; 786 738; 783 741; 783 756; 782 757; 782 758; 779 761; 773 761; 772 762; 771 762; 769 764; 769 769; 770 770; 771 770; 772 771; 776 771; 777 772; 790 772; 792 770; 792 769; 793 768; 793 756; 792 755; 792 753; 793 752; 793 751; 796 748; 798 748; 799 747; 802 747; 803 746; 807 746; 807 745; 808 744; 808 736
19; 879 640; 877 642; 877 649; 878 650; 878 653; 879 654; 879 657; 880 658; 880 660; 882 662; 882 663; 889 663; 890 662; 894 662; 895 661; 899 661; 900 660; 902 660; 906 664; 906 665; 907 666; 907 667; 912 672; 917 672; 918 671; 918 666; 916 664; 916 663; 914 661; 914 659; 913 658; 913 654; 912 653; 912 651; 911 650; 911 649; 910 649; 909 648; 905 648; 904 649; 900 649; 899 650; 896 650; 895 651; 892 651; 891 652; 890 651; 889 651; 887 649; 887 648; 886 647; 886 643; 885 642; 885 641; 884 640
20; 350 637; 346 641; 346 646; 347 647; 347 649; 348 650; 348 653; 345 656; 344 656; 343 657; 341 657; 340 658; 339 658; 338 659; 336 659; 335 660; 334 660; 333 661; 332 661; 329 664; 329 669; 330 670; 330 671; 331 672; 331 673; 332 674; 332 676; 333 677; 333 679; 334 680; 334 682; 336 684; 342 684; 343 683; 343 682; 344 681; 344 677; 343 676; 343 674; 342 673; 342 670; 345 667; 347 667; 348 666; 349 666; 350 665; 351 665; 352 664; 353 664; 354 663; 355 663; 356 662; 358 662; 361 659; 361 654; 360 653; 360 652; 359 651; 359 650; 358 649; 358 648; 357 647; 357 645; 356 644; 356 639; 355 638; 355 637
21; 23 624; 22 625; 22 630; 24 632; 25 632; 26 633; 29 633; 30 634; 31 634; 34 637; 34 643; 33 644; 33 647; 32 648; 32 656; 34 658; 35 658; 36 659; 42 659; 43 658; 45 658; 45 654; 44 653; 44 651; 43 650; 43 648; 42 647; 42 644; 43 643; 43 641; 44 640; 44 637; 45 636; 45 629; 44 628; 44 627; 43 627; 42 626; 39 626; 38 625; 32 625; 31 624
22; 556 614; 555 615; 554 615; 554 619; 557 622; 561 622; 562 623; 566 623; 568 625; 568 626; 569 627; 569 632; 568 633; 568 644; 570 646; 571 646; 572 647; 589 647; 592 644; 592 640; 589 637; 582 637; 581 636; 580 636; 579 635; 579 634; 578 633; 578 616; 576 614
23; 825 565; 823 567; 823 577; 824 578; 824 580; 825 581; 825 583; 826 584; 826 585; 827 586; 827 587; 829 589; 835 589; 836 588; 837 588; 838 587; 839 587; 840 586; 841 586; 842 585; 843 585; 844 584; 845 584; 846 583; 850 583; 853 586; 853 588; 854 589; 854 591; 857 594; 862 594; 863 593; 865 593; 865 588; 863 586; 863 585; 862 584; 862 583; 861 582; 861 580; 860 579; 860 577; 859 576; 859 575; 858 574; 858 572; 855 569; 851 569; 850 570; 849 570; 848 571; 847 571; 846 572; 845 572; 844 573; 842 573; 841 574; 840 574; 839 575; 837 575; 836 576; 835 576; 832 573; 832 572; 831 571; 831 569; 830 568; 830 566; 829 565
24; 998 553; 997 554; 994 554; 993 555; 989 555; 988 556; 987 556; 986 557; 985 557; 983 559; 983 563; 985 565; 994 565; 995 564; 996 564; 1000 568; 1000 569; 1001 570; 1001 572; 1002 573; 1002 574; 1003 575; 1003 577; 1004 578; 1004 580; 1006 582; 1006 583; 1007 584; 1013 584; 1016 581; 1016 576; 1011 571; 1011 570; 1010 569; 1010 568; 1009 567; 1009 564; 1008 563; 1008 561; 1007 560; 1007 557; 1006 556; 1006 555; 1004 553
25; 183 543; 181 545; 181 549; 180 550; 180 562; 177 565; 174 565; 173 564; 169 564; 166 567; 166 568; 165 569; 165 575; 166 576; 186 576; 187 575; 188 575; 188 574; 189 573; 189 572; 190 571; 190 558; 191 557; 191 556; 193 554; 202 554; 203 553; 204 553; 204 552; 205 551; 205 547; 202 544; 193 544; 192 543
26; 579 539; 575 543; 575 547; 579 547; 580 548; 583 548; 584 549; 585 549; 587 551; 587 552; 588 553; 588 554; 587 555; 587 556; 586 557; 586 558; 585 559; 585 560; 584 561; 584 562; 583 563; 583 564; 581 566; 581 571; 583 573; 584 573; 587 576; 588 576; 589 577; 590 577; 592 579; 593 579; 595 581; 599 581; 602 578; 602 574; 600 572; 599 572; 597 570; 596 570; 595 569; 595 568; 594 567; 594 564; 595 563; 595 562; 596 561; 596 560; 597 559; 597 557; 598 556; 598 555; 599 554; 599 553; 600 552; 600 545; 599 544; 598 544; 597 543; 596 543; 595 542; 592 542; 591 541; 589 541; 588 540; 586 540; 585 539
27; 788 523; 786 525; 785 525; 785 530; 786 531; 786 532; 788 534; 788 535; 790 537; 790 538; 792 540; 792 541; 793 542; 793 543; 795 545; 801 545; 802 544; 803 544; 805 542; 806 542; 807 541; 808 541; 810 539; 811 539; 812 538; 813 538; 814 537; 818 537; 822 541; 822 542; 824 544; 829 544; 831 542; 831 537; 830 536; 830 535; 825 530; 825 529; 824 528; 824 527; 820 523; 816 523; 815 524; 814 524; 812 526; 811 526; 809 528; 808 528; 807 529; 806 529; 804 531; 803 531; 802 532; 800 532; 796 528; 796 527; 795 526; 795 525; 793 523
28; 233 489; 229 493; 229 494; 228 495; 228 496; 226 498; 225 498; 224 499; 222 499; 219 502; 219 508; 220 509; 225 509; 228 506; 228 505; 229 504; 229 503; 230 502; 231 502; 232 501; 233 502; 234 502; 236 504; 236 506; 237 507; 237 508; 238 509; 238 510; 239 511; 239 513; 240 514; 240 515; 241 516; 241 517; 244 520; 248 520; 249 519; 250 519; 252 517; 253 517; 255 515; 256 515; 257 514; 259 514; 260 513; 265 513; 265 507; 264 506; 264 505; 263 504; 256 504; 255 505; 254 505; 253 506; 252 506; 251 507; 249 507; 246 504; 246 502; 245 501; 245 500; 244 499; 244 497; 242 495; 242 494; 241 493; 241 492; 240 491; 240 490; 239 489
29; 411 488; 411 494; 413 496; 413 497; 414 497; 415 498; 422 498; 426 502; 426 520; 428 522; 438 522; 439 521; 445 521; 446 520; 447 520; 449 518; 449 514; 447 512; 440 512; 439 513; 438 513; 435 510; 435 509; 434 508; 434 502; 435 501; 435 492; 434 491; 434 490; 433 489; 421 489; 420 488
30; 491 486; 489 488; 489 492; 488 493; 488 496; 487 497; 487 501; 486 502; 486 504; 484 506; 480 506; 479 505; 473 505; 470 508; 470 513; 471 514; 472 514; 473 515; 478 515; 479 516; 482 516; 483 517; 484 517; 485 518; 489 518; 490 517; 491 517; 491 516; 493 514; 493 511; 494 510; 494 508; 495 507; 495 503; 496 502; 496 500; 500 496; 510 496; 511 495; 511 489; 510 489; 509 488; 507 488; 506 487; 502 487; 501 486
31; 30 472; 29 473; 28 473; 27 474; 27 479; 28 480; 29 480; 30 481; 36 481; 37 482; 38 482; 40 484; 40 504; 41 505; 42 505; 43 506; 54 506; 55 505; 57 505; 59 507; 63 507; 65 505; 65 501; 64 500; 58 500; 56 498; 55 498; 54 497; 53 497; 49 493; 49 491; 50 490; 50 477; 49 476; 49 475; 47 473; 35 473; 34 472
32; 311 455; 309 457; 308 457; 307 458; 306 458; 305 459; 304 459; 302 461; 301 461; 299 463; 298 463; 297 464; 293 464; 289 460; 289 459; 286 456; 281 456; 280 457; 280 462; 283 465; 283 466; 286 469; 286 470; 287 471; 287 474; 290 477; 295 477; 296 476; 297 476; 298 475; 299 475; 301 473; 302 473; 304 471; 305 471; 306 470; 307 470; 308 469; 309 469; 310 468; 320 468; 325 473; 331 473; 331 472; 332 471; 332 467; 330 465; 329 465; 328 464; 323 464; 322 463; 322 462; 321 461; 321 460; 320 459; 320 458; 317 455
33; 232 442; 231 443; 231 451; 232 452; 233 452; 234 453; 235 453; 236 454; 237 454; 240 457; 240 461; 239 462; 239 463; 238 464; 238 465; 237 466; 237 467; 236 468; 236 469; 234 471; 234 472; 233 473; 233 478; 235 480; 236 480; 237 481; 238 481; 239 482; 240 482; 241 483; 242 483; 244 485; 245 485; 246 486; 254 486; 255 485; 255 480; 254 479; 254 478; 253 478; 252 477; 251 477; 250 476; 249 476; 247 474; 247 473; 246 472; 247 471; 247 468; 248 467; 248 466; 249 465; 249 464; 250 463; 250 462; 251 461; 251 460; 252 459; 252 458; 253 457; 253 452; 250 449; 248 449; 247 448; 246 448; 245 447; 244 447; 243 446; 242 446; 241 445; 240 445; 237 442
34; 163 443; 140 441; 138 443; 134 458; 129 462; 121 463; 118 466; 118 470; 120 472; 139 472; 144 456; 148 452; 152 454
35; 152 454; 149 459; 150 465; 170 466; 174 461; 175 447; 178 444; 190 445; 191 439; 185 435; 171 433; 167 436; 163 443
36; 829 408; 821 416; 821 417; 817 421; 817 427; 818 428; 824 428; 824 426; 828 422; 829 422; 830 421; 832 421; 833 422; 834 422; 843 431; 851 431; 854 428; 855 428; 862 421; 862 415; 861 414; 857 414; 855 416; 854 416; 854 417; 853 418; 852 418; 850 420; 847 420; 846 419; 845 419; 836 410; 835 410; 833 408
37; 119 404; 118 405; 118 414; 119 415; 119 417; 118 418; 118 420; 116 422; 115 422; 114 423; 113 423; 112 424; 111 424; 110 425; 109 425; 108 426; 107 426; 106 427; 105 427; 104 428; 103 428; 101 430; 101 436; 102 437; 102 438; 103 439; 103 440; 104 441; 104 442; 105 443; 105 445; 106 446; 106 447; 108 449; 108 450; 109 451; 113 451; 114 450; 114 442; 113 441; 113 435; 116 432; 117 432; 118 431; 119 431; 120 430; 121 430; 122 429; 124 429; 125 428; 126 428; 127 427; 128 427; 130 425; 130 418; 129 417; 129 416; 128 415; 128 414; 127 413; 127 411; 126 410; 126 407; 125 406; 125 405; 124 404
38; 299 394; 298 395; 298 402; 299 403; 299 404; 300 405; 301 405; 302 406; 305 406; 306 407; 307 407; 308 408; 308 409; 309 410; 309 412; 308 413; 308 415; 307 416; 307 418; 306 419; 306 422; 305 423; 305 424; 304 425; 304 430; 305 431; 305 432; 306 433; 316 433; 321 438; 326 438; 328 436; 328 431; 326 429; 325 429; 324 428; 323 428; 322 427; 320 427; 317 424; 317 423; 316 422; 316 421; 317 420; 317 418; 318 417; 318 416; 319 415; 319 414; 320 413; 320 410; 321 409; 321 408; 322 407; 322 403; 319 400; 318 400; 317 399; 315 399; 314 398; 313 398; 312 397; 310 397; 309 396; 306 396; 305 395; 304 395; 303 394
39; 797 390; 796 391; 795 391; 794 392; 794 393; 793 394; 793 403; 792 404; 792 409; 791 410; 791 411; 790 412; 789 412; 788 413; 780 413; 778 415; 778 420; 780 422; 783 422; 784 423; 788 423; 789 424; 796 424; 797 423; 798 423; 800 421; 800 420; 801 419; 801 412; 802 411; 802 404; 805 401; 816 401; 817 400; 817 394; 815 392; 814 392; 813 391; 810 391; 809 390
40; 466 373; 462 377; 462 378; 454 386; 450 386; 445 381; 440 381; 439 382; 439 387; 447 395; 447 396; 448 397; 448 398; 450 400; 454 400; 455 399; 456 399; 456 398; 459 395; 459 394; 462 391; 462 390; 471 381; 471 374; 470 373
41; 188 349; 187 350; 187 356; 189 358; 190 358; 191 359; 192 359; 193 360; 194 360; 197 363; 197 367; 196 368; 196 370; 195 371; 195 373; 194 374; 194 376; 193 377; 193 381; 194 382; 194 383; 195 384; 196 384; 197 385; 200 385; 201 386; 202 386; 203 387; 205 387; 206 388; 208 388; 209 389; 210 389; 211 390; 216 390; 217 389; 217 383; 216 382; 216 381; 215 380; 214 380; 213 379; 212 379; 211 378; 209 378; 205 374; 205 372; 206 371; 206 369; 207 368; 207 367; 208 366; 208 364; 209 363; 209 354; 208 353; 207 353; 206 352; 203 352; 202 351; 199 351; 198 350; 196 350; 195 349
42; 526 348; 523 351; 523 356; 524 357; 524 358; 526 360; 526 363; 520 369; 519 369; 518 370; 517 370; 515 372; 514 372; 512 374; 511 374; 510 375; 510 381; 511 382; 511 383; 513 385; 514 385; 516 387; 518 387; 519 388; 519 394; 521 396; 526 396; 527 395; 527 389; 526 389; 525 388; 524 388; 523 387; 521 387; 520 386; 520 382; 521 381; 521 380; 525 376; 526 376; 528 374; 530 374; 532 372; 533 372; 534 371; 535 371; 538 368; 538 360; 537 359; 537 358; 533 354; 533 352; 532 351; 532 350; 530 348
43; 238 335; 237 336; 236 336; 236 340; 238 342; 238 343; 239 344; 239 349; 238 350; 238 351; 235 354; 234 354; 233 355; 229 355; 228 356; 226 356; 225 357; 222 357; 221 358; 220 358; 218 360; 218 368; 222 372; 223 372; 224 373; 224 382; 226 384; 231 384; 233 382; 233 376; 230 373; 229 373; 227 371; 227 370; 228 369; 228 368; 230 366; 231 366; 232 365; 236 365; 237 364; 242 364; 243 363; 245 363; 246 362; 247 362; 250 359; 250 353; 249 352; 249 347; 248 346; 248 343; 247 342; 247 340; 246 339; 246 338; 244 336; 243 336; 242 335
44; 73 294; 72 295; 71 295; 70 296; 58 296; 57 297; 56 297; 55 298; 55 299; 54 300; 54 314; 53 315; 53 316; 50 319; 48 319; 47 318; 46 318; 45 317; 41 317; 40 318; 39 318; 39 325; 40 325; 41 326; 44 326; 45 327; 46 327; 47 328; 60 328; 62 326; 62 319; 63 318; 63 312; 64 311; 64 309; 68 305; 69 305; 70 304; 71 304; 72 303; 76 303; 77 302; 78 302; 79 301; 79 297; 78 296; 78 295; 77 294
45; 779 270; 777 272; 777 273; 775 275; 775 276; 772 279; 772 280; 766 286; 763 286; 759 282; 759 281; 758 280; 753 280; 751 282; 751 287; 755 291; 756 291; 760 295; 760 296; 761 296; 764 299; 768 299; 769 298; 770 298; 770 297; 773 294; 773 293; 776 290; 776 289; 781 284; 785 284; 786 285; 787 285; 789 287; 790 287; 791 288; 795 288; 796 287; 797 287; 798 286; 798 280; 797 279; 796 279; 795 278; 794 278; 793 277; 792 277; 791 276; 790 276; 787 273; 786 273; 783 270
46; 327 268; 326 269; 324 269; 323 270; 322 270; 322 275; 327 280; 327 281; 328 282; 328 283; 330 285; 330 286; 331 287; 331 289; 332 290; 332 291; 333 291; 334 292; 338 292; 339 291; 340 291; 341 290; 343 290; 344 289; 345 289; 346 288; 347 288; 348 287; 349 287; 350 286; 354 286; 357 289; 357 290; 358 291; 358 292; 359 293; 359 294; 360 295; 365 295; 365 294; 366 293; 366 287; 365 286; 365 284; 364 283; 364 279; 363 278; 363 277; 362 276; 362 275; 359 272; 354 272; 353 273; 352 273; 350 275; 348 275; 347 276; 346 276; 345 277; 344 277; 343 278; 342 278; 341 279; 339 279; 335 275; 335 274; 334 273; 334 272; 333 271; 333 270; 331 268
47; 435 218; 434 219; 433 219; 433 223; 438 228; 438 229; 440 231; 440 232; 441 233; 441 234; 442 235; 442 236; 443 237; 443 238; 444 239; 449 239; 450 238; 451 238; 453 236; 454 236; 457 233; 458 233; 459 232; 460 232; 461 231; 462 231; 463 230; 466 230; 470 234; 470 235; 471 236; 471 237; 473 239; 477 239; 478 238; 478 233; 477 232; 477 231; 475 229; 475 228; 473 226; 473 225; 472 224; 472 222; 471 221; 471 220; 470 219; 464 219; 462 221; 461 221; 460 222; 459 222; 457 224; 456 224; 454 226; 453 226; 452 227; 448 227; 445 224; 445 223; 443 221; 443 220; 441 218
48; 744 216; 744 223; 745 224; 745 225; 746 226; 746 227; 747 228; 747 229; 748 230; 748 231; 749 232; 749 235; 751 237; 756 237; 757 236; 759 236; 760 235; 761 235; 762 234; 763 234; 764 233; 765 233; 766 232; 767 232; 768 231; 772 231; 776 235; 776 237; 777 238; 777 240; 778 241; 778 242; 784 242; 785 241; 785 234; 784 233; 784 232; 782 230; 782 228; 781 227; 781 223; 780 222; 780 220; 778 218; 772 218; 771 219; 770 219; 769 220; 768 220; 767 221; 766 221; 765 222; 764 222; 763 223; 762 223; 761 224; 760 224; 759 225; 757 225; 754 222; 754 221; 753 220; 753 219; 752 218; 752 217; 751 216
49; 970 196; 968 198; 968 204; 969 205; 969 207; 970 208; 970 210; 971 211; 971 212; 972 213; 972 214; 973 215; 973 218; 972 219; 972 220; 971 221; 971 223; 970 224; 970 225; 968 227; 968 228; 967 229; 967 230; 966 231; 966 237; 967 238; 968 238; 969 239; 970 239; 971 240; 972 240; 974 242; 975 242; 978 245; 979 245; 980 246; 985 246; 988 243; 988 239; 985 236; 982 236; 981 235; 980 235; 977 232; 977 228; 978 227; 978 226; 979 225; 979 224; 981 222; 981 221; 982 220; 982 219; 983 218; 983 217; 985 215; 985 211; 984 210; 984 209; 982 207; 981 207; 978 204; 978 203; 977 202; 977 198; 975 196
50; 852 138; 849 141; 849 143; 848 144; 848 147; 847 148; 847 150; 846 151; 846 155; 845 156; 845 157; 843 159; 839 159; 838 158; 837 158; 836 157; 832 157; 830 159; 830 164; 833 167; 836 167; 837 168; 839 168; 840 169; 841 169; 842 170; 844 170; 845 171; 850 171; 852 169; 852 168; 853 167; 853 164; 854 163; 854 159; 855 158; 855 156; 856 155; 856 153; 859 150; 861 150; 862 151; 870 151; 870 150; 872 148; 872 143; 870 141; 867 141; 866 140; 860 140; 859 139; 857 139; 856 138
51; 557 131; 556 132; 556 136; 559 139; 561 139; 562 140; 564 140; 566 142; 566 143; 567 144; 567 146; 566 147; 566 150; 565 151; 565 154; 564 155; 564 163; 566 165; 567 165; 568 166; 569 166; 570 167; 573 167; 574 168; 576 168; 577 169; 578 169; 579 170; 583 170; 584 169; 584 162; 583 161; 582 161; 581 160; 579 160; 578 159; 577 159; 574 156; 574 153; 575 152; 575 148; 576 147; 576 144; 577 143; 577 142; 578 141; 578 137; 574 133; 571 133; 570 132; 565 132; 564 131
52; 714 107; 711 110; 711 112; 710 113; 710 114; 709 115; 709 116; 708 117; 708 118; 707 119; 707 120; 706 121; 706 122; 704 124; 701 124; 697 120; 692 120; 690 122; 690 127; 691 128; 692 128; 693 129; 694 129; 701 136; 702 136; 703 137; 709 137; 710 136; 710 135; 711 134; 711 133; 712 132; 712 131; 713 130; 713 128; 714 127; 714 126; 715 125; 715 124; 716 123; 716 122; 721 117; 725 117; 726 118; 726 119; 727 120; 727 121; 728 122; 728 123; 729 124; 734 124; 735 123; 736 123; 737 122; 737 117; 736 116; 735 116; 733 114; 729 114; 728 113; 727 113; 724 110; 723 110; 722 109; 721 109; 719 107
53; 710 81; 709 82; 708 82; 705 85; 704 85; 701 88; 700 88; 698 90; 696 90; 695 91; 694 91; 693 90; 692 90; 689 87; 689 86; 687 84; 682 84; 681 85; 681 90; 682 91; 682 92; 686 96; 686 97; 687 98; 687 99; 691 103; 696 103; 699 100; 700 100; 702 98; 703 98; 706 95; 707 95; 708 94; 712 94; 715 97; 715 98; 718 101; 725 101; 726 100; 726 96; 721 91; 721 90; 719 88; 719 87; 716 84; 716 83; 714 81
54; 886 91; 884 93; 880 92; 882 89; 881 83; 875 82; 871 90; 853 92; 853 97; 857 101; 868 101; 877 109; 880 115; 893 118; 892 109; 900 101; 900 96; 896 93; 894 89
55; 894 89; 899 85; 905 86; 909 84; 910 76; 889 76; 885 81; 886 91
56; 361 72; 360 73; 360 74; 359 75; 359 80; 361 82; 362 82; 363 83; 363 84; 364 85; 364 88; 365 89; 365 90; 367 92; 367 93; 368 94; 368 95; 367 96; 367 97; 366 98; 366 99; 365 100; 365 101; 364 102; 364 103; 363 104; 363 105; 362 106; 362 107; 361 108; 361 115; 362 116; 363 116; 365 118; 367 118; 368 119; 370 119; 371 120; 373 120; 374 121; 375 121; 376 122; 381 122; 384 119; 384 113; 383 112; 381 112; 380 111; 377 111; 373 107; 373 105; 374 104; 374 103; 375 102; 375 101; 377 99; 377 98; 378 97; 378 96; 379 95; 379 94; 380 93; 380 88; 376 84; 374 84; 372 82; 371 82; 369 80; 369 78; 368 77; 368 73; 367 72
57; 0 60; 0 94; 5 94; 6 95; 10 95; 11 96; 12 96; 13 97; 18 97; 18 96; 19 95; 19 91; 17 89; 17 88; 16 88; 15 87; 9 87; 7 85; 7 81; 8 80; 8 78; 9 77; 9 76; 10 75; 10 73; 11 72; 11 71; 12 70; 12 66; 11 65; 11 64; 10 63; 9 63; 7 61; 4 61; 3 60
58; 978 33; 977 34; 976 34; 976 35; 973 38; 973 39; 972 40; 972 41; 969 44; 969 45; 967 47; 966 47; 965 48; 963 48; 962 47; 960 47; 958 45; 949 45; 949 50; 950 51; 951 51; 952 52; 953 52; 954 53; 955 53; 963 61; 964 61; 965 62; 969 62; 970 61; 970 60; 973 57; 973 56; 976 53; 976 52; 977 51; 977 50; 981 46; 983 46; 985 48; 986 48; 990 52; 995 52; 998 49; 998 44; 997 43; 995 43; 993 41; 992 41; 988 37; 987 37; 984 34; 983 34; 982 33
59; 760 0; 760 6; 763 9; 767 9; 768 10; 772 10; 773 11; 774 11; 778 15; 778 18; 779 19; 779 21; 780 22; 780 24; 781 25; 781 28; 782 29; 782 31; 785 34; 790 34; 791 33; 798 33; 799 32; 806 32; 807 31; 807 27; 806 26; 806 25; 803 22; 793 22; 792 21; 791 21; 790 20; 790 19; 789 18; 789 17; 788 16; 788 14; 787 13; 787 11; 786 10; 786 8; 785 7; 785 4; 784 3; 784 0
60; 652 0; 652 2; 651 3; 651 4; 650 5; 650 9; 652 11; 653 11; 656 14; 657 14; 661 18; 662 18; 666 22; 666 26; 663 29; 663 30; 662 31; 662 35; 664 37; 669 37; 670 36; 670 35; 671 34; 671 33; 677 27; 677 26; 680 23; 680 19; 679 18; 679 17; 677 15; 676 15; 672 11; 671 11; 670 10; 669 10; 668 9; 667 9; 666 8; 665 8; 664 7; 664 6; 662 4; 662 0
61; 416 0; 416 6; 418 8; 420 8; 421 9; 422 9; 423 10; 424 10; 426 12; 426 13; 427 14; 426 15; 426 17; 425 18; 425 19; 423 21; 423 22; 422 23; 422 24; 421 25; 421 26; 419 28; 419 32; 421 34; 421 35; 423 37; 423 38; 427 38; 427 35; 428 34; 428 32; 429 31; 429 30; 430 29; 430 28; 431 27; 431 26; 432 25; 432 24; 433 23; 433 21; 434 20; 434 19; 435 18; 435 17; 436 16; 436 15; 437 14; 437 9; 436 8; 436 7; 435 7; 434 6; 433 6; 432 5; 430 5; 429 4; 428 4; 426 2; 426 0
