0; 340 1007; 339 1008; 336 1008; 335 1009; 332 1009; 331 1010; 328 1010; 327 1011; 326 1011; 323 1014; 323 1019; 324 1020; 324 1023; 335 1023; 335 1021; 339 1017; 340 1017; 341 1016; 343 1016; 344 1015; 345 1015; 346 1014; 346 1007
1; 467 997; 466 998; 466 1004; 467 1005; 467 1007; 468 1008; 468 1009; 469 1010; 469 1011; 470 1012; 470 1014; 471 1015; 471 1016; 472 1017; 472 1018; 474 1020; 474 1021; 479 1021; 482 1018; 483 1018; 485 1016; 486 1016; 488 1014; 489 1014; 490 1013; 491 1013; 492 1012; 494 1012; 495 1013; 496 1013; 497 1014; 497 1015; 498 1016; 498 1017; 499 1018; 499 1020; 500 1021; 500 1023; 510 1023; 510 1019; 509 1018; 509 1016; 507 1014; 507 1013; 506 1012; 506 1011; 505 1010; 505 1008; 504 1007; 504 1006; 503 1005; 503 1004; 502 1003; 502 1002; 501 1001; 501 1000; 500 999; 494 999; 493 1000; 492 1000; 490 1002; 489 1002; 488 1003; 487 1003; 486 1004; 485 1004; 483 1006; 482 1006; 481 1007; 479 1007; 475 1003; 475 1001; 474 1000; 474 999; 472 997
2; 993 991; 993 992; 992 993; 992 999; 995 1002; 997 1002; 998 1003; 999 1003; 1002 1006; 1002 1011; 1001 1012; 1001 1013; 1000 1014; 1000 1015; 999 1016; 999 1017; 998 1018; 998 1019; 997 1020; 997 1023; 1008 1023; 1008 1018; 1009 1017; 1009 1016; 1010 1015; 1010 1014; 1011 1013; 1011 1012; 1013 1010; 1013 1009; 1014 1008; 1014 1007; 1015 1006; 1015 1001; 1012 998; 1011 998; 1010 997; 1009 997; 1008 996; 1006 996; 1004 994; 1003 994; 1002 993; 1001 993; 999 991
3; 154 974; 153 975; 152 975; 151 976; 150 976; 149 977; 148 977; 147 978; 146 978; 145 979; 144 979; 143 980; 142 980; 139 983; 139 989; 140 990; 140 991; 141 992; 141 994; 142 995; 142 996; 143 997; 143 999; 144 1000; 144 1003; 142 1005; 134 1005; 132 1007; 131 1007; 131 1012; 132 1013; 132 1014; 133 1015; 138 1015; 141 1012; 146 1012; 147 1013; 151 1013; 152 1012; 153 1012; 155 1010; 156 1010; 156 1009; 157 1008; 157 1004; 156 1003; 156 1001; 155 1000; 155 999; 154 998; 154 997; 153 996; 153 995; 152 994; 152 992; 151 991; 151 989; 152 988; 152 987; 153 986; 154 986; 155 985; 156 985; 157 984; 158 984; 161 981; 161 976; 159 974
4; 420 966; 419 967; 414 967; 413 968; 411 968; 410 969; 408 969; 407 970; 405 970; 404 971; 403 971; 403 975; 404 976; 405 976; 406 977; 407 977; 408 978; 414 978; 415 977; 417 977; 418 978; 419 978; 420 979; 420 980; 421 981; 421 986; 422 987; 422 992; 423 993; 423 996; 425 998; 425 999; 426 999; 427 1000; 431 1000; 432 999; 436 999; 437 998; 445 998; 448 995; 448 990; 447 989; 446 989; 445 988; 439 988; 438 989; 435 989; 432 986; 432 985; 431 984; 431 978; 430 977; 430 971; 429 970; 429 969; 428 968; 428 967; 427 966
5; 281 949; 280 950; 280 956; 281 957; 281 958; 282 959; 284 959; 285 960; 291 960; 292 961; 293 961; 294 962; 294 963; 295 964; 295 980; 297 982; 298 982; 299 983; 307 983; 308 984; 318 984; 320 982; 320 977; 319 976; 317 976; 316 975; 313 975; 312 974; 310 974; 309 973; 308 973; 306 971; 306 970; 305 969; 305 953; 302 950; 286 950; 285 949
6; 679 941; 679 942; 678 943; 678 951; 679 952; 679 957; 678 958; 678 959; 677 960; 677 966; 678 967; 678 968; 679 968; 680 969; 683 969; 684 970; 686 970; 687 971; 688 971; 689 972; 692 972; 693 973; 694 973; 695 974; 696 974; 697 975; 697 980; 696 981; 696 988; 698 990; 702 990; 704 988; 704 987; 705 986; 705 983; 706 982; 706 979; 707 978; 707 976; 708 975; 708 974; 709 973; 709 967; 707 965; 706 965; 705 964; 702 964; 701 963; 700 963; 699 962; 696 962; 695 961; 694 961; 693 960; 691 960; 687 956; 687 955; 686 954; 686 952; 687 951; 687 945; 683 941
7; 14 940; 14 944; 13 945; 12 945; 11 946; 10 946; 9 947; 6 947; 2 943; 0 943; 0 961; 6 961; 7 960; 8 960; 12 956; 13 956; 16 953; 16 952; 18 950; 18 949; 20 947; 20 942; 18 940
8; 866 936; 865 937; 865 945; 862 948; 857 948; 856 947; 855 947; 854 946; 853 946; 851 944; 850 944; 849 943; 847 943; 846 942; 840 942; 839 943; 839 944; 838 945; 838 946; 836 948; 836 949; 833 952; 833 953; 832 954; 832 955; 831 956; 831 962; 832 963; 839 963; 839 962; 840 961; 840 960; 841 959; 841 958; 844 955; 848 955; 849 956; 850 956; 851 957; 853 957; 854 958; 855 958; 857 960; 859 960; 860 961; 866 961; 868 959; 868 958; 869 957; 869 955; 870 954; 870 953; 871 952; 871 951; 872 950; 872 945; 873 944; 873 943; 874 942; 874 938; 873 937; 872 937; 871 936
9; 555 917; 555 918; 554 919; 554 925; 555 926; 556 926; 558 928; 565 928; 566 929; 567 929; 568 930; 568 931; 569 932; 569 947; 570 948; 570 949; 573 952; 581 952; 582 951; 583 951; 584 950; 587 950; 588 949; 589 950; 590 950; 591 951; 595 951; 595 950; 596 949; 596 945; 595 944; 595 943; 587 943; 585 941; 582 941; 579 938; 579 922; 578 921; 578 919; 577 919; 576 918; 562 918; 561 917
10; 402 907; 401 908; 400 908; 395 913; 395 914; 394 915; 394 917; 393 918; 393 919; 390 922; 389 922; 388 923; 387 923; 384 926; 383 926; 382 927; 381 927; 378 930; 378 936; 381 939; 381 940; 387 946; 387 947; 388 948; 388 949; 389 950; 396 950; 397 949; 397 945; 394 942; 394 941; 392 939; 392 934; 393 933; 393 932; 396 929; 397 929; 402 924; 403 924; 407 920; 408 920; 409 919; 412 919; 413 918; 413 913; 411 911; 409 911; 406 908; 406 907
11; 455 892; 454 893; 454 899; 458 903; 458 907; 455 910; 455 911; 454 912; 453 912; 448 917; 447 917; 446 918; 446 919; 445 920; 445 925; 449 929; 449 930; 453 934; 453 935; 457 939; 457 940; 462 940; 463 939; 463 938; 464 937; 464 931; 461 928; 460 928; 458 926; 458 922; 462 918; 463 918; 468 913; 469 913; 471 911; 471 905; 470 904; 470 903; 468 901; 468 900; 466 898; 465 898; 463 896; 463 895; 460 892
12; 219 889; 218 890; 214 890; 213 891; 208 891; 207 892; 206 892; 204 894; 204 903; 205 904; 205 907; 206 908; 206 912; 207 913; 207 914; 206 915; 206 916; 204 918; 202 918; 201 919; 200 919; 198 921; 197 921; 197 922; 196 923; 196 929; 197 930; 201 930; 202 929; 205 929; 206 928; 207 928; 208 927; 211 927; 212 926; 213 926; 214 925; 217 925; 219 923; 219 916; 218 915; 218 913; 217 912; 217 909; 216 908; 216 906; 215 905; 215 903; 216 902; 216 901; 218 899; 222 899; 226 895; 226 890; 225 889
13; 772 885; 771 886; 770 886; 770 887; 769 888; 769 892; 771 894; 771 895; 772 895; 773 896; 776 896; 777 897; 778 897; 780 899; 780 904; 779 905; 779 908; 778 909; 778 913; 777 914; 777 919; 778 920; 778 921; 780 923; 784 923; 785 924; 787 924; 788 925; 789 925; 790 926; 791 926; 792 927; 793 927; 794 928; 799 928; 799 927; 800 926; 800 921; 798 919; 797 919; 796 918; 795 918; 793 916; 792 916; 789 913; 789 912; 788 911; 789 910; 789 907; 790 906; 790 904; 791 903; 791 900; 792 899; 792 892; 790 890; 788 890; 787 889; 785 889; 784 888; 782 888; 781 887; 778 887; 776 885
14; 430 879; 430 880; 429 881; 429 882; 428 883; 428 884; 427 885; 425 885; 424 886; 423 886; 422 887; 418 887; 418 888; 417 889; 417 890; 416 891; 416 892; 415 893; 415 897; 428 910; 428 913; 427 914; 427 915; 426 916; 425 916; 422 919; 422 924; 423 925; 423 926; 425 928; 429 928; 429 927; 430 926; 430 925; 439 916; 440 916; 440 915; 442 913; 442 909; 440 907; 440 906; 438 904; 437 904; 429 896; 429 892; 430 891; 431 891; 432 890; 432 889; 433 888; 434 888; 435 887; 436 887; 436 886; 437 885; 437 880; 436 879
15; 44 862; 40 866; 40 867; 38 869; 37 869; 36 870; 36 871; 34 873; 33 873; 29 877; 27 877; 26 876; 25 876; 24 875; 24 874; 22 872; 22 870; 21 869; 21 868; 17 868; 14 871; 14 872; 13 873; 13 877; 15 879; 15 880; 17 882; 20 882; 22 884; 23 884; 28 889; 32 889; 33 888; 34 888; 40 882; 40 881; 43 878; 44 878; 46 876; 48 876; 55 883; 60 883; 61 882; 61 876; 56 871; 56 870; 54 868; 54 867; 49 862
16; 897 853; 896 854; 896 860; 899 863; 899 864; 901 866; 901 870; 892 879; 891 879; 891 880; 889 882; 889 887; 892 890; 892 891; 894 893; 895 893; 898 896; 898 897; 901 900; 907 900; 907 898; 908 897; 908 893; 907 892; 907 891; 905 889; 905 888; 903 886; 903 883; 904 882; 904 881; 906 879; 907 879; 911 875; 912 875; 916 871; 916 867; 910 861; 910 860; 909 860; 904 855; 904 854; 903 853
17; 734 835; 732 837; 732 838; 731 839; 731 840; 730 841; 730 842; 729 843; 729 844; 728 845; 728 846; 727 847; 727 849; 726 850; 726 851; 725 852; 725 857; 726 858; 726 859; 727 859; 728 860; 730 860; 731 861; 732 861; 733 862; 735 862; 736 863; 738 863; 739 864; 740 864; 741 865; 742 865; 743 866; 743 870; 741 872; 741 873; 740 874; 740 880; 741 881; 747 881; 747 880; 749 878; 749 877; 750 876; 750 874; 755 869; 755 867; 756 866; 756 859; 754 857; 753 857; 752 856; 750 856; 749 855; 748 855; 747 854; 745 854; 744 853; 741 853; 737 849; 737 846; 741 842; 741 837; 740 836; 739 836; 738 835
18; 851 786; 849 788; 849 793; 851 795; 851 796; 853 798; 853 799; 854 800; 854 802; 853 803; 853 804; 845 812; 845 813; 842 816; 842 820; 847 825; 848 825; 853 830; 854 830; 857 833; 857 834; 859 836; 863 836; 864 835; 864 828; 863 827; 861 827; 858 824; 858 823; 857 822; 857 819; 856 818; 856 817; 857 816; 857 815; 868 804; 868 798; 856 786
19; 893 782; 892 783; 889 783; 888 784; 887 784; 886 785; 885 785; 883 787; 883 791; 884 792; 886 792; 887 793; 892 793; 893 792; 894 792; 895 793; 896 793; 898 795; 898 796; 899 797; 899 803; 900 804; 900 809; 901 810; 901 812; 904 815; 908 815; 909 814; 912 814; 913 813; 915 813; 917 811; 925 811; 926 810; 928 810; 928 804; 925 801; 920 801; 916 805; 915 805; 914 806; 913 805; 912 805; 911 804; 911 803; 910 802; 910 800; 909 799; 909 794; 908 793; 908 788; 907 787; 907 785; 906 784; 906 783; 905 782
20; 12 778; 10 780; 10 781; 9 782; 9 784; 8 785; 8 787; 7 788; 7 789; 6 790; 6 791; 5 792; 5 793; 4 794; 4 800; 6 802; 7 802; 8 803; 10 803; 11 804; 12 804; 13 805; 14 805; 15 806; 16 806; 17 807; 18 807; 19 808; 20 808; 21 809; 21 810; 22 811; 22 814; 21 815; 21 816; 20 817; 20 818; 19 819; 19 823; 23 827; 28 827; 29 826; 29 821; 30 820; 30 818; 31 817; 31 815; 32 814; 32 813; 33 812; 33 811; 34 810; 34 804; 31 801; 30 801; 29 800; 27 800; 26 799; 25 799; 23 797; 22 797; 21 796; 20 796; 16 792; 16 790; 17 789; 17 787; 18 786; 18 785; 19 784; 19 779; 18 778
21; 177 694; 175 696; 175 701; 177 703; 177 704; 178 705; 178 706; 179 707; 179 709; 178 710; 178 711; 177 712; 176 712; 174 714; 173 714; 172 715; 171 715; 170 716; 169 716; 168 717; 167 717; 166 718; 165 718; 162 721; 162 727; 164 729; 164 730; 166 732; 166 733; 167 734; 167 735; 168 736; 168 737; 169 738; 169 739; 172 742; 177 742; 178 741; 179 741; 179 734; 178 733; 178 732; 176 730; 176 727; 179 724; 180 724; 182 722; 183 722; 184 721; 185 721; 187 719; 188 719; 189 718; 190 718; 191 717; 191 716; 192 715; 192 711; 191 710; 191 709; 187 705; 187 704; 186 703; 186 701; 185 700; 185 699; 184 698; 184 697; 181 694
22; 292 684; 286 690; 285 690; 283 692; 282 692; 279 695; 279 700; 280 701; 286 701; 287 700; 288 700; 291 697; 293 697; 294 698; 295 698; 297 700; 297 701; 298 702; 298 703; 300 705; 300 706; 301 707; 301 708; 303 710; 303 711; 305 713; 311 713; 312 712; 313 712; 318 707; 319 707; 320 706; 321 706; 322 705; 324 705; 325 704; 327 704; 327 698; 326 697; 325 697; 324 696; 319 696; 318 697; 317 697; 313 701; 310 701; 306 697; 306 696; 304 694; 304 693; 302 691; 302 690; 301 689; 301 688; 299 686; 299 685; 298 684
23; 54 690; 63 710; 67 710; 81 699; 84 699; 91 708; 96 708; 98 702; 87 685; 82 685; 71 694; 67 695; 54 677
24; 54 677; 35 676; 32 681; 32 697; 29 700; 20 701; 17 710; 40 709; 43 705; 42 689; 46 686; 54 690
25; 973 662; 971 664; 970 664; 970 669; 971 670; 972 670; 973 671; 974 671; 978 675; 978 678; 977 679; 977 680; 972 685; 972 686; 970 688; 970 689; 968 691; 968 695; 969 696; 969 697; 973 701; 974 701; 976 703; 977 703; 978 704; 978 705; 979 706; 979 707; 980 708; 980 710; 981 711; 985 711; 987 709; 987 705; 986 704; 986 703; 983 700; 983 699; 982 698; 982 697; 981 696; 981 691; 984 688; 984 687; 990 681; 990 680; 991 679; 991 678; 992 677; 992 673; 990 671; 989 671; 984 666; 983 666; 980 663; 979 663; 978 662
26; 494 646; 493 647; 484 647; 483 648; 480 648; 478 650; 478 655; 479 656; 479 657; 480 658; 487 658; 488 657; 491 657; 494 660; 494 662; 495 663; 495 669; 496 670; 496 676; 497 677; 497 678; 498 679; 507 679; 508 678; 511 678; 512 677; 517 677; 518 676; 519 676; 520 675; 520 669; 519 668; 518 668; 517 667; 513 667; 512 668; 508 668; 505 665; 505 662; 504 661; 504 654; 503 653; 503 650; 502 649; 502 648; 500 646
27; 1020 636; 1019 637; 1017 637; 1013 641; 1012 640; 1012 639; 1010 637; 1005 637; 1004 638; 1004 639; 1003 640; 1003 642; 1002 643; 1002 645; 1001 646; 1001 647; 999 649; 999 650; 997 652; 997 659; 998 660; 999 660; 1001 662; 1002 662; 1003 663; 1005 663; 1006 664; 1007 664; 1008 665; 1009 665; 1010 666; 1011 666; 1015 670; 1015 674; 1014 675; 1014 677; 1013 678; 1013 679; 1011 681; 1011 686; 1015 686; 1016 685; 1023 685; 1023 636
28; 311 618; 310 619; 300 619; 299 620; 298 620; 297 621; 296 621; 296 628; 297 628; 298 629; 309 629; 312 632; 312 634; 313 635; 313 637; 314 638; 314 639; 315 640; 315 641; 316 642; 316 645; 317 646; 317 647; 319 649; 326 649; 327 648; 328 648; 329 647; 330 647; 331 646; 332 646; 333 645; 335 645; 336 644; 341 644; 342 643; 342 636; 341 635; 340 635; 339 634; 335 634; 333 636; 332 636; 330 638; 328 638; 323 633; 323 631; 322 630; 322 629; 321 628; 321 626; 320 625; 320 623; 319 622; 319 620; 317 618
29; 629 605; 628 606; 627 606; 626 607; 625 607; 624 608; 623 608; 622 609; 617 609; 616 610; 615 610; 614 611; 614 615; 615 616; 615 617; 617 619; 621 619; 622 618; 624 618; 625 617; 628 617; 631 620; 631 622; 632 623; 632 626; 633 627; 633 629; 634 630; 634 633; 635 634; 635 635; 637 637; 643 637; 644 636; 646 636; 647 635; 648 635; 649 634; 650 634; 651 633; 653 633; 654 632; 655 632; 656 631; 657 631; 657 624; 656 623; 650 623; 649 624; 644 624; 642 622; 642 621; 641 620; 641 619; 640 618; 640 616; 639 615; 639 612; 638 611; 638 609; 636 607; 636 606; 635 606; 634 605
30; 601 586; 600 587; 599 587; 597 589; 597 593; 596 594; 596 605; 595 606; 595 607; 593 609; 592 609; 591 610; 583 610; 581 612; 581 616; 582 617; 582 618; 583 618; 584 619; 600 619; 601 618; 602 618; 604 616; 604 611; 605 610; 605 602; 606 601; 606 599; 609 596; 619 596; 620 595; 620 594; 621 593; 621 589; 619 587; 606 587; 605 586
31; 302 578; 295 585; 294 585; 291 588; 290 588; 289 589; 287 589; 286 588; 285 588; 283 586; 283 585; 282 584; 282 583; 280 581; 275 581; 274 582; 273 582; 273 586; 274 587; 274 588; 275 589; 275 590; 278 593; 278 594; 280 596; 280 597; 281 598; 281 599; 284 602; 288 602; 289 601; 290 601; 293 598; 294 598; 296 596; 297 596; 301 592; 303 592; 304 591; 305 592; 306 592; 310 596; 310 597; 312 599; 317 599; 317 598; 318 597; 318 593; 317 592; 317 591; 312 586; 312 585; 309 582; 309 581; 306 578
32; 474 594; 472 597; 465 599; 458 604; 459 612; 461 614; 470 616; 475 622; 479 622; 494 609; 504 615; 508 615; 509 609; 501 599; 498 597; 489 597; 488 592
33; 488 592; 476 579; 476 576; 484 570; 484 566; 482 564; 476 564; 466 570; 463 574; 463 579; 473 590; 474 594
34; 802 600; 798 606; 798 615; 790 620; 793 641; 783 645; 783 652; 798 652; 806 648; 802 627; 813 620; 815 604; 810 595
35; 810 595; 809 586; 812 584; 819 594; 825 595; 829 586; 843 578; 843 571; 832 558; 823 561; 823 565; 832 571; 827 577; 822 577; 817 571; 813 571; 797 581; 802 600
36; 405 556; 404 557; 404 558; 403 559; 403 563; 405 565; 405 566; 406 567; 406 570; 405 571; 405 572; 404 573; 404 580; 406 582; 408 582; 409 583; 416 583; 417 584; 422 584; 423 585; 424 585; 425 586; 425 587; 426 588; 425 589; 425 590; 424 591; 424 592; 423 593; 423 598; 425 600; 429 600; 431 598; 431 597; 432 596; 432 593; 433 592; 433 590; 434 589; 434 587; 435 586; 435 584; 436 583; 436 579; 433 576; 431 576; 430 575; 427 575; 426 574; 418 574; 417 573; 416 573; 413 570; 413 569; 412 568; 412 567; 413 566; 413 559; 410 556
37; 915 550; 914 551; 913 551; 912 552; 910 552; 909 553; 907 553; 906 554; 905 554; 904 555; 903 555; 902 556; 901 556; 900 557; 899 557; 897 559; 897 564; 898 565; 898 566; 899 567; 899 568; 900 569; 900 570; 901 571; 901 572; 903 574; 903 575; 904 576; 904 577; 905 578; 905 580; 901 584; 899 584; 898 585; 897 585; 896 586; 895 586; 895 592; 902 592; 904 590; 906 590; 907 589; 909 589; 910 588; 911 588; 912 587; 913 587; 916 584; 916 579; 915 578; 915 577; 914 576; 914 575; 913 574; 913 573; 912 572; 912 570; 910 568; 910 567; 909 566; 909 564; 910 563; 910 562; 911 561; 912 561; 913 560; 915 560; 916 559; 917 559; 918 558; 919 558; 920 557; 920 550
38; 996 544; 996 545; 994 547; 994 552; 995 553; 995 554; 996 555; 997 555; 999 557; 999 561; 998 562; 998 563; 994 567; 993 567; 987 573; 987 578; 988 579; 988 580; 991 583; 992 583; 994 585; 1000 585; 1000 580; 999 579; 999 576; 1012 563; 1012 557; 1000 545; 1000 544
39; 175 520; 172 523; 172 541; 169 544; 165 544; 164 545; 161 545; 160 546; 159 546; 159 552; 160 553; 161 553; 162 554; 175 554; 176 553; 180 553; 181 552; 181 551; 182 550; 182 534; 183 533; 183 532; 185 530; 193 530; 194 529; 195 529; 196 528; 196 527; 197 526; 197 520
40; 761 522; 776 526; 776 540; 766 541; 753 550; 739 539; 739 533; 743 528; 755 530; 758 521
41; 746 579; 735 576; 733 556; 711 557; 713 565; 725 568; 729 588; 754 586; 745 595; 745 604; 767 595; 760 575
42; 780 549; 804 549; 802 542; 788 536
43; 761 522; 758 521; 769 566; 781 564; 780 549
44; 780 549; 788 536; 784 514; 762 515; 761 522
45; 758 521; 741 515; 734 517; 722 544; 736 550
46; 748 563; 746 579; 760 575; 769 566
47; 769 566; 758 521; 736 550; 748 563
48; 845 480; 844 481; 837 481; 836 482; 830 482; 828 484; 828 485; 827 486; 827 490; 829 492; 837 492; 838 491; 839 492; 840 492; 843 495; 843 504; 844 505; 844 511; 847 514; 855 514; 856 513; 859 513; 860 512; 861 512; 862 511; 863 511; 864 510; 866 510; 867 509; 870 509; 871 508; 871 504; 869 502; 868 502; 867 501; 860 501; 859 502; 856 502; 854 500; 854 498; 853 497; 853 490; 852 489; 852 484; 851 483; 851 482; 849 480
49; 928 461; 927 462; 925 462; 923 464; 923 465; 922 466; 922 471; 923 472; 933 472; 936 475; 936 492; 939 495; 940 495; 941 496; 946 496; 947 497; 952 497; 954 499; 959 499; 961 497; 961 491; 957 491; 956 490; 954 490; 950 486; 949 486; 948 485; 948 484; 947 483; 947 464; 945 462; 943 462; 942 461
50; 465 424; 454 435; 453 435; 452 436; 451 436; 450 435; 449 435; 448 434; 448 433; 444 429; 439 429; 438 430; 438 436; 439 437; 439 438; 443 442; 443 443; 445 445; 445 446; 448 449; 448 450; 454 450; 467 437; 469 437; 470 438; 471 438; 477 444; 482 444; 486 440; 486 436; 485 436; 484 435; 483 435; 475 427; 474 427; 471 424
51; 178 414; 177 415; 173 415; 172 416; 172 417; 171 418; 171 419; 170 420; 170 430; 171 431; 171 435; 167 439; 160 439; 159 440; 158 440; 157 441; 157 442; 156 443; 156 450; 174 450; 175 449; 178 449; 181 446; 181 427; 184 424; 186 424; 187 423; 190 423; 191 422; 192 422; 193 421; 193 415; 192 414
52; 743 400; 742 401; 741 401; 740 402; 740 403; 736 407; 736 408; 730 414; 727 414; 726 413; 725 413; 723 411; 722 411; 721 410; 714 410; 713 411; 713 412; 712 413; 712 417; 713 417; 715 419; 716 419; 717 420; 718 420; 722 424; 723 424; 727 428; 733 428; 734 427; 734 426; 738 422; 738 421; 743 416; 743 415; 744 414; 745 414; 746 413; 747 413; 751 417; 752 417; 753 418; 757 418; 758 417; 760 417; 761 416; 761 412; 757 408; 756 408; 748 400
53; 33 390; 32 391; 28 391; 27 392; 23 392; 22 393; 18 393; 16 395; 16 399; 18 401; 18 402; 19 402; 20 403; 24 403; 25 402; 30 402; 31 403; 31 404; 32 405; 32 406; 33 407; 33 410; 34 411; 34 412; 33 413; 33 421; 35 423; 36 423; 37 424; 42 424; 43 423; 45 423; 46 422; 49 422; 50 421; 52 421; 54 419; 55 419; 56 418; 56 417; 57 416; 57 412; 56 412; 55 411; 50 411; 49 412; 45 412; 44 411; 44 410; 43 409; 43 400; 42 399; 42 397; 41 396; 41 393; 39 391; 38 391; 37 390
54; 932 372; 931 373; 929 373; 928 374; 925 374; 924 375; 921 375; 920 376; 918 376; 916 378; 916 384; 917 385; 917 386; 918 387; 918 390; 919 391; 919 393; 920 394; 920 396; 921 397; 920 398; 920 399; 918 401; 915 401; 914 402; 912 402; 910 404; 910 410; 911 411; 917 411; 918 410; 926 410; 927 409; 929 409; 930 408; 931 408; 933 406; 933 400; 932 399; 932 398; 931 397; 931 396; 930 395; 930 392; 929 391; 929 390; 928 389; 928 386; 931 383; 934 383; 935 382; 936 382; 937 381; 938 381; 939 380; 939 379; 940 378; 940 374; 939 373; 939 372
55; 707 364; 706 365; 702 365; 701 366; 700 366; 698 368; 698 379; 697 380; 697 386; 695 388; 692 388; 691 387; 685 387; 683 389; 683 390; 681 392; 681 396; 682 397; 686 397; 687 398; 694 398; 695 399; 705 399; 706 398; 706 397; 707 396; 707 386; 708 385; 708 379; 709 378; 709 377; 710 376; 711 376; 712 375; 718 375; 719 374; 720 374; 721 373; 721 367; 720 366; 719 366; 718 365; 712 365; 711 364
56; 350 379; 350 383; 346 387; 349 408; 339 415; 339 421; 345 422; 360 416; 361 409; 357 395; 360 392; 367 391; 369 389; 369 381; 364 380; 359 382; 356 379
57; 356 379; 356 372; 351 362; 345 358; 340 358; 335 362; 330 363; 322 370; 320 378; 325 385; 331 385; 333 383; 332 373; 344 371; 350 379
58; 246 350; 245 351; 243 351; 242 352; 241 352; 238 355; 236 355; 235 356; 234 356; 231 359; 231 364; 232 365; 232 366; 233 367; 233 368; 235 370; 235 371; 236 372; 236 373; 237 374; 237 375; 238 376; 238 381; 234 385; 233 385; 232 386; 231 386; 230 387; 230 393; 232 395; 237 395; 241 391; 242 391; 244 389; 245 389; 246 388; 247 388; 248 387; 249 387; 251 385; 251 380; 250 379; 250 378; 249 377; 249 376; 248 375; 248 374; 247 373; 247 372; 246 371; 246 370; 245 369; 245 364; 247 362; 248 362; 251 359; 252 359; 253 358; 253 351; 252 350
59; 528 325; 525 328; 525 329; 524 330; 524 331; 522 333; 522 334; 519 337; 519 338; 518 339; 518 340; 517 341; 517 345; 518 346; 518 347; 519 348; 520 348; 522 350; 523 350; 525 352; 526 352; 528 354; 529 354; 533 358; 533 359; 534 360; 534 362; 533 363; 533 365; 531 367; 531 368; 530 369; 530 374; 531 374; 532 375; 537 375; 538 374; 538 372; 539 371; 539 370; 540 369; 540 368; 541 367; 541 366; 544 363; 544 362; 545 361; 545 360; 546 359; 546 358; 547 357; 547 352; 545 350; 544 350; 543 349; 542 349; 541 348; 540 348; 539 347; 538 347; 535 344; 534 344; 531 341; 531 339; 530 338; 531 337; 531 336; 532 335; 532 334; 534 332; 534 327; 532 325
60; 607 316; 602 321; 602 322; 594 330; 591 330; 585 324; 580 324; 579 325; 579 331; 580 332; 580 333; 581 334; 582 334; 583 335; 583 336; 586 339; 586 340; 591 345; 595 345; 602 338; 602 337; 606 333; 607 333; 608 332; 610 332; 611 333; 612 333; 615 336; 616 336; 617 337; 622 337; 623 336; 624 336; 625 335; 625 329; 623 327; 622 327; 611 316
61; 186 315; 184 317; 184 319; 183 320; 183 325; 182 326; 182 329; 181 330; 181 332; 179 334; 179 335; 175 339; 174 339; 174 343; 175 344; 175 345; 178 348; 179 348; 180 349; 184 349; 185 348; 186 348; 187 347; 187 346; 188 345; 188 344; 189 343; 189 338; 190 337; 190 334; 191 333; 191 332; 192 331; 192 330; 193 329; 194 329; 195 328; 197 328; 198 329; 199 329; 200 330; 201 330; 202 331; 206 331; 207 330; 207 322; 203 318; 201 318; 200 317; 194 317; 193 316; 192 316; 191 315
62; 255 263; 254 264; 253 264; 252 265; 251 265; 250 266; 249 266; 248 267; 247 267; 246 268; 245 268; 244 269; 242 269; 241 270; 240 270; 238 272; 238 277; 240 279; 246 279; 247 278; 249 278; 250 277; 253 277; 257 281; 257 282; 258 283; 258 284; 259 285; 259 286; 260 287; 260 288; 261 289; 261 290; 263 292; 263 293; 264 294; 271 294; 273 292; 274 292; 275 291; 276 291; 277 290; 278 290; 280 288; 281 288; 282 287; 283 287; 284 286; 285 286; 286 285; 286 281; 282 277; 278 277; 276 279; 275 279; 274 280; 273 280; 272 281; 271 281; 270 280; 269 280; 268 279; 268 278; 266 276; 266 275; 265 274; 265 273; 264 272; 264 271; 263 270; 263 269; 262 268; 262 267; 261 266; 261 265; 259 263
63; 456 225; 456 226; 455 227; 455 231; 457 233; 457 234; 460 237; 460 241; 453 248; 452 248; 447 253; 447 259; 452 264; 452 265; 458 271; 458 272; 459 273; 463 273; 466 270; 466 264; 465 263; 465 262; 461 258; 461 257; 462 256; 462 255; 466 251; 467 251; 474 244; 474 237; 462 225
64; 197 215; 191 221; 191 222; 190 223; 189 223; 185 227; 181 227; 176 222; 170 222; 168 224; 168 230; 172 234; 173 234; 176 237; 176 238; 179 241; 180 241; 181 242; 185 242; 186 241; 187 241; 191 237; 191 236; 195 232; 196 232; 198 230; 199 230; 200 229; 201 230; 203 230; 206 233; 206 234; 207 235; 208 235; 209 236; 213 236; 214 235; 215 235; 217 233; 217 229; 216 228; 215 228; 205 218; 205 217; 203 215
65; 159 193; 156 196; 156 197; 155 198; 155 199; 154 200; 154 201; 153 202; 152 202; 151 203; 150 203; 149 202; 147 202; 146 201; 145 201; 144 200; 143 200; 141 198; 140 198; 139 197; 138 197; 137 196; 132 196; 129 199; 129 200; 128 201; 128 202; 127 203; 127 204; 126 205; 126 206; 124 208; 124 209; 122 211; 122 212; 121 213; 121 217; 122 218; 122 219; 123 220; 127 220; 131 216; 131 215; 132 214; 132 213; 136 209; 138 209; 139 210; 140 210; 141 211; 142 211; 144 213; 145 213; 146 214; 147 214; 148 215; 149 215; 150 216; 151 216; 152 217; 156 217; 159 214; 159 213; 160 212; 160 211; 161 210; 161 209; 162 208; 162 207; 163 206; 163 205; 164 204; 164 203; 167 200; 167 194; 166 194; 165 193
66; 470 179; 469 180; 468 180; 466 182; 466 195; 467 196; 467 200; 466 201; 466 202; 464 204; 463 204; 462 205; 456 205; 455 206; 454 206; 453 207; 453 213; 454 213; 455 214; 473 214; 474 213; 475 213; 477 211; 477 191; 478 190; 478 188; 479 187; 479 181; 478 180; 477 180; 476 179
67; 34 175; 32 177; 32 178; 31 179; 31 184; 30 185; 30 189; 29 190; 29 193; 26 196; 24 196; 23 195; 22 195; 21 194; 16 194; 13 197; 13 202; 14 203; 15 203; 16 204; 17 204; 18 205; 20 205; 21 206; 23 206; 24 207; 26 207; 27 208; 35 208; 37 206; 37 205; 38 204; 38 201; 39 200; 39 197; 40 196; 40 192; 41 191; 41 190; 44 187; 48 187; 49 188; 58 188; 59 187; 59 180; 58 179; 54 179; 53 180; 52 180; 51 181; 48 181; 43 176; 41 176; 40 175
68; 637 128; 636 129; 635 129; 632 132; 632 136; 633 137; 633 141; 634 142; 634 145; 635 146; 635 152; 634 153; 633 153; 632 154; 629 154; 627 156; 626 156; 624 158; 624 164; 626 166; 631 166; 632 165; 634 165; 635 164; 641 164; 642 163; 644 163; 646 161; 647 161; 647 160; 648 159; 648 153; 647 152; 647 149; 646 148; 646 146; 645 145; 645 143; 644 142; 644 141; 645 140; 645 139; 646 138; 647 138; 648 137; 656 137; 657 136; 657 135; 658 134; 658 128
69; 826 111; 823 114; 823 118; 826 121; 827 121; 830 124; 830 128; 827 131; 827 132; 817 142; 817 148; 818 148; 821 151; 821 152; 822 153; 822 156; 823 157; 823 158; 824 158; 825 159; 829 159; 830 158; 831 158; 834 155; 834 147; 831 144; 831 142; 843 130; 843 125; 842 124; 842 123; 835 116; 835 115; 831 111
70; 465 81; 464 82; 463 82; 463 83; 462 84; 462 91; 466 91; 467 90; 473 90; 474 91; 475 91; 477 93; 477 94; 478 95; 478 108; 479 109; 479 111; 480 112; 480 113; 481 113; 482 114; 490 114; 491 113; 493 113; 494 112; 503 112; 504 111; 504 104; 503 104; 502 103; 498 103; 497 104; 492 104; 489 101; 489 99; 488 98; 488 92; 487 91; 487 86; 486 85; 486 83; 484 81
71; 391 139; 406 149; 406 161; 395 164; 393 173; 416 173; 417 150; 427 139; 427 133; 421 131; 415 139; 401 138
72; 401 138; 398 127; 413 116; 413 110; 405 94; 396 96; 396 104; 400 107; 397 113; 384 122; 391 139
73; 396 96; 393 91; 405 87; 408 79; 389 77; 383 81; 383 99; 373 103; 370 110; 377 113; 391 111; 396 104
74; 978 64; 977 65; 977 71; 978 72; 978 73; 980 75; 980 76; 981 77; 981 79; 982 80; 982 81; 984 83; 984 84; 985 84; 986 85; 993 85; 994 84; 995 84; 996 83; 997 83; 998 82; 999 82; 1000 81; 1001 81; 1002 80; 1004 80; 1005 79; 1006 80; 1007 80; 1010 83; 1010 84; 1011 85; 1011 86; 1015 90; 1023 90; 1023 81; 1020 81; 1019 80; 1018 80; 1016 78; 1016 76; 1015 75; 1015 74; 1014 73; 1014 72; 1013 71; 1013 69; 1011 67; 1006 67; 1005 68; 1004 68; 1003 69; 1002 69; 1001 70; 1000 70; 999 71; 998 71; 997 72; 996 72; 995 73; 991 73; 990 72; 989 72; 985 68; 985 67; 982 64
75; 10 72; 9 72; 8 73; 6 73; 2 69; 0 69; 0 100; 2 100; 5 103; 5 104; 9 108; 14 108; 16 106; 17 106; 20 103; 21 103; 25 99; 26 99; 27 98
76; 27 98; 30 98; 36 89; 36 88; 34 86; 34 83; 37 80; 38 80; 40 78; 40 73; 39 72; 38 72; 35 69; 34 69; 28 63; 28 62; 27 61; 20 61; 19 62; 19 63; 10 72
77; 1019 49; 1018 50; 1015 50; 1014 51; 1004 51; 1003 52; 1003 57; 1004 58; 1004 59; 1007 62; 1013 62; 1014 61; 1023 61; 1023 49
78; 811 47; 809 49; 809 50; 808 51; 808 60; 809 61; 809 69; 807 71; 804 71; 802 69; 797 69; 796 70; 796 71; 795 72; 795 76; 797 78; 798 78; 799 79; 803 79; 804 80; 809 80; 810 81; 815 81; 819 77; 819 60; 822 57; 831 57; 833 55; 833 49; 831 47
79; 263 43; 262 44; 261 44; 260 45; 259 45; 258 46; 257 46; 256 47; 255 47; 254 48; 252 48; 251 49; 250 49; 248 51; 248 57; 249 58; 249 60; 250 61; 250 63; 251 64; 251 65; 252 66; 252 67; 253 68; 253 69; 254 70; 254 72; 250 76; 246 76; 245 77; 243 77; 242 78; 242 79; 241 80; 241 86; 242 87; 247 87; 249 85; 250 85; 251 84; 252 84; 253 83; 256 83; 257 82; 259 82; 260 81; 262 81; 265 78; 265 74; 264 73; 264 72; 263 71; 263 68; 262 67; 262 65; 261 64; 261 62; 260 61; 260 56; 262 54; 263 54; 264 53; 265 53; 266 52; 267 52; 270 49; 270 45; 268 43
80; 652 33; 650 35; 649 35; 648 36; 646 36; 645 37; 641 37; 640 38; 639 38; 636 41; 636 46; 637 47; 637 49; 638 50; 638 52; 639 53; 639 56; 640 57; 640 60; 639 61; 639 62; 637 64; 636 64; 635 65; 633 65; 632 66; 626 66; 626 70; 629 73; 643 73; 644 72; 647 72; 648 71; 649 71; 650 70; 651 70; 651 69; 652 68; 652 62; 651 61; 651 59; 650 58; 650 56; 649 55; 649 52; 648 51; 648 50; 649 49; 649 48; 653 44; 654 44; 655 43; 656 43; 658 41; 658 40; 659 39; 659 35; 657 33
81; 549 29; 546 32; 546 38; 549 41; 549 42; 551 44; 551 47; 546 52; 545 52; 543 54; 542 54; 539 57; 538 57; 537 58; 537 59; 536 60; 536 64; 538 66; 538 67; 540 69; 540 70; 542 72; 542 73; 544 75; 544 76; 545 77; 545 78; 546 79; 550 79; 552 77; 552 73; 551 72; 551 70; 550 69; 550 68; 549 67; 549 64; 550 63; 550 62; 552 60; 553 60; 556 57; 557 57; 560 54; 561 54; 564 51; 564 45; 562 43; 562 42; 560 40; 560 39; 559 38; 559 37; 557 35; 557 34; 555 32; 555 31; 554 30; 554 29
82; 826 14; 825 15; 825 19; 826 20; 826 25; 825 26; 825 30; 824 31; 824 38; 826 40; 828 40; 829 41; 831 41; 832 42; 841 42; 842 43; 844 43; 847 46; 847 58; 849 60; 853 60; 854 59; 854 52; 855 51; 855 48; 856 47; 856 42; 857 41; 857 37; 856 36; 856 35; 855 34; 854 34; 853 33; 848 33; 847 32; 844 32; 843 31; 839 31; 838 30; 837 30; 836 29; 836 28; 835 27; 835 26; 836 25; 836 17; 834 15; 833 15; 832 14
83; 1001 0; 1001 2; 1000 3; 1000 4; 996 8; 992 8; 990 6; 989 6; 988 5; 987 5; 986 4; 981 4; 978 7; 978 11; 980 13; 981 13; 982 14; 983 14; 986 17; 987 17; 990 20; 991 20; 994 23; 1000 23; 1001 22; 1003 22; 1004 23; 1004 28; 1006 30; 1006 31; 1008 33; 1008 34; 1010 36; 1010 37; 1011 38; 1011 40; 1012 41; 1012 42; 1014 44; 1015 44; 1016 45; 1018 45; 1019 46; 1023 46; 1023 32; 1020 32; 1019 31; 1018 31; 1015 28; 1015 27; 1014 26; 1014 25; 1013 24; 1013 23; 1012 22; 1012 21; 1004 21; 1003 20; 1003 19; 1004 18; 1004 17; 1005 16; 1005 15; 1006 14; 1006 13; 1010 9; 1014 9; 1015 10; 1016 10; 1017 11; 1023 11; 1023 3; 1021 3; 1020 2; 1019 2; 1018 1; 1018 0
