0; 745 0; 745 3; 744 4; 744 5; 743 6; 743 7; 742 8; 742 17; 758 17; 760 19; 760 20; 761 21; 770 21; 770 20; 771 19; 771 17; 772 16; 772 13; 773 12; 773 0
1; 516 8; 516 9; 515 10; 515 14; 514 15; 514 16; 510 20; 509 20; 509 37; 510 38; 511 38; 512 39; 513 39; 514 40; 520 40; 521 41; 523 41; 524 42; 525 42; 526 43; 528 43; 529 44; 534 44; 535 45; 539 45; 540 46; 542 46; 543 47; 544 47; 545 48; 553 48; 553 47; 554 46; 554 28; 555 27; 555 17; 552 17; 551 16; 543 16; 542 15; 540 15; 539 14; 536 14; 535 13; 534 13; 532 11; 531 11; 530 10; 528 10; 527 9; 526 9; 525 8
2; 209 30; 209 36; 208 37; 208 40; 207 41; 207 42; 206 43; 206 45; 205 46; 205 48; 204 49; 204 51; 203 52; 203 54; 202 55; 202 56; 201 57; 201 58; 200 59; 200 61; 199 62; 199 63; 198 64; 198 65; 197 66; 197 75; 204 75; 205 76; 205 77; 206 78; 206 79; 207 80; 226 80; 226 79; 227 78; 227 75; 228 74; 228 66; 229 65; 229 63; 231 61; 231 60; 232 59; 232 56; 233 55; 233 52; 234 51; 234 50; 235 49; 235 39; 234 39; 233 38; 231 38; 230 37; 228 37; 226 35; 225 35; 224 34; 223 34; 221 32; 220 32; 218 30
3; 978 38; 978 53; 977 54; 977 55; 976 56; 976 57; 974 59; 974 61; 973 62; 973 73; 972 74; 972 85; 973 86; 986 86; 987 87; 988 87; 989 88; 990 88; 991 89; 999 89; 1000 88; 1000 85; 1001 84; 1001 82; 1002 81; 1002 68; 1003 67; 1003 63; 1004 62; 1004 59; 1005 58; 1005 57; 1006 56; 1006 55; 1007 54; 1007 46; 1006 46; 1005 45; 998 45; 997 44; 995 44; 994 43; 993 43; 989 39; 988 39; 987 38
4; 468 67; 467 68; 466 68; 465 69; 456 69; 456 76; 455 77; 455 89; 454 90; 454 92; 453 93; 453 97; 452 98; 452 102; 451 103; 451 104; 450 105; 450 114; 451 114; 452 115; 452 118; 462 118; 462 116; 463 115; 479 115; 480 114; 480 103; 481 102; 481 100; 482 99; 482 97; 483 96; 483 90; 484 89; 484 88; 485 87; 485 84; 486 83; 486 72; 484 70; 478 70; 477 69; 477 68; 476 67
5; 318 75; 318 76; 316 78; 316 79; 313 82; 312 82; 311 83; 310 83; 309 84; 308 84; 307 85; 306 85; 305 86; 304 86; 304 94; 305 94; 306 95; 307 95; 316 104; 316 105; 317 106; 317 107; 318 108; 318 109; 319 110; 319 111; 322 114; 322 115; 324 117; 324 118; 326 120; 326 121; 327 122; 336 122; 337 121; 338 121; 340 119; 341 119; 344 116; 344 115; 345 114; 345 113; 346 112; 346 111; 350 107; 351 107; 351 98; 343 90; 342 90; 341 89; 340 89; 339 88; 338 88; 337 87; 336 87; 334 85; 334 84; 332 82; 332 81; 330 79; 330 78; 328 76; 328 75
6; 247 93; 246 94; 246 95; 244 97; 243 97; 240 100; 240 101; 238 103; 236 103; 235 104; 233 104; 232 105; 231 105; 231 114; 233 114; 234 115; 235 115; 239 119; 239 120; 242 123; 242 124; 255 137; 255 138; 257 140; 265 140; 265 139; 266 138; 266 137; 267 136; 267 135; 269 133; 269 132; 270 131; 271 131; 274 128; 275 128; 278 125; 279 125; 279 115; 272 108; 271 108; 270 107; 269 107; 268 106; 267 106; 265 104; 264 104; 262 102; 262 101; 257 96; 257 95; 256 94; 256 93
7; 452 119; 452 121; 448 125; 448 126; 447 127; 447 128; 446 129; 446 130; 445 131; 445 132; 444 133; 444 135; 443 136; 443 145; 444 145; 446 147; 447 147; 449 149; 450 149; 452 151; 453 151; 460 158; 460 159; 463 162; 464 162; 466 164; 466 165; 468 167; 477 167; 478 166; 478 165; 481 162; 482 162; 483 161; 487 161; 489 159; 489 155; 492 152; 492 143; 491 142; 491 141; 488 138; 487 138; 486 137; 485 137; 484 136; 483 136; 482 135; 481 135; 480 134; 479 134; 478 133; 477 133; 476 132; 475 132; 474 131; 473 131; 472 130; 471 130; 468 127; 467 127; 462 122; 462 119
8; 778 200; 777 201; 775 201; 773 203; 772 203; 769 206; 768 206; 767 207; 766 207; 765 208; 764 208; 763 209; 762 209; 761 210; 760 210; 759 211; 757 211; 756 212; 748 212; 748 222; 749 223; 749 225; 750 226; 750 230; 751 231; 751 235; 752 236; 752 244; 760 244; 764 240; 766 240; 767 239; 769 239; 770 238; 772 238; 773 237; 774 237; 775 236; 777 236; 778 235; 781 235; 782 234; 784 234; 785 233; 792 233; 793 232; 794 232; 795 231; 795 213; 793 211; 792 211; 791 210; 791 209; 790 208; 790 202; 788 200
9; 676 218; 673 221; 671 221; 670 222; 666 222; 666 231; 663 234; 663 243; 664 243; 665 244; 666 244; 668 246; 669 246; 672 249; 673 249; 684 260; 684 261; 686 263; 686 264; 687 265; 687 267; 688 268; 688 270; 696 270; 696 269; 697 268; 697 264; 698 263; 698 262; 699 261; 699 260; 700 259; 700 258; 701 257; 701 256; 709 248; 709 240; 708 239; 707 239; 706 238; 705 238; 693 226; 693 225; 690 222; 690 221; 689 220; 688 220; 686 218
10; 623 278; 621 280; 620 280; 618 282; 615 282; 614 283; 612 283; 611 284; 609 284; 608 285; 607 285; 606 286; 605 286; 604 287; 603 287; 602 288; 597 288; 596 289; 589 289; 588 290; 587 290; 587 298; 589 300; 589 301; 591 303; 591 304; 592 305; 592 306; 593 307; 593 315; 596 318; 605 318; 606 317; 607 317; 609 315; 610 315; 611 314; 618 314; 619 313; 622 313; 623 312; 630 312; 631 311; 633 311; 634 310; 635 310; 636 309; 637 309; 639 307; 639 298; 638 297; 638 296; 635 293; 635 292; 634 291; 634 290; 633 289; 633 282; 632 281; 632 279; 631 278
11; 336 305; 330 305; 327 303; 313 304; 310 314; 301 320; 301 333; 310 337; 321 347; 328 347; 333 352; 341 352; 344 348; 346 339; 351 335; 351 326; 349 324; 349 318
12; 881 311; 880 312; 872 312; 870 314; 870 316; 869 317; 869 318; 866 321; 865 321; 865 331; 867 333; 867 334; 869 336; 869 337; 870 337; 876 343; 876 344; 877 345; 877 346; 879 348; 879 349; 880 350; 880 351; 883 354; 883 355; 884 356; 884 357; 885 358; 885 360; 893 360; 899 354; 900 354; 901 353; 902 353; 904 351; 905 351; 908 348; 909 348; 911 346; 912 346; 912 338; 911 338; 909 336; 908 336; 901 329; 901 328; 900 327; 900 326; 899 325; 899 321; 897 319; 897 318; 896 318; 890 312; 890 311
13; 1014 343; 1009 348; 1009 349; 1006 352; 1005 352; 1001 356; 1000 356; 999 357; 999 366; 1001 368; 1002 368; 1005 371; 1006 371; 1016 381; 1023 381; 1023 343
14; 543 381; 535 389; 534 389; 532 391; 531 391; 530 392; 529 392; 526 395; 525 395; 524 396; 524 397; 521 400; 520 400; 518 402; 516 402; 515 403; 512 403; 512 411; 513 412; 514 412; 521 419; 521 420; 524 423; 524 424; 527 427; 535 427; 537 425; 537 424; 538 423; 539 423; 545 417; 546 417; 547 416; 548 416; 549 415; 560 415; 560 411; 561 410; 561 409; 563 407; 563 398; 556 391; 556 390; 554 388; 554 384; 553 383; 553 382; 552 381
15; 861 468; 860 469; 859 469; 857 471; 856 471; 855 472; 854 472; 852 474; 852 483; 855 486; 855 487; 857 489; 857 491; 858 492; 868 492; 870 494; 870 495; 871 496; 871 497; 872 498; 872 499; 875 502; 876 502; 877 503; 878 503; 879 504; 888 504; 889 503; 890 503; 891 502; 892 502; 892 493; 891 492; 890 492; 888 490; 888 489; 882 483; 881 483; 877 479; 877 478; 876 477; 876 473; 875 472; 875 469; 870 469; 869 468
16; 24 463; 24 467; 23 468; 23 473; 22 474; 22 476; 21 477; 21 480; 20 481; 20 492; 21 493; 22 493; 23 494; 25 494; 26 495; 29 495; 30 496; 33 496; 34 497; 35 497; 36 498; 37 498; 38 499; 39 499; 41 501; 43 501; 44 502; 46 502; 47 503; 48 503; 50 505; 59 505; 61 503; 61 495; 62 494; 62 492; 63 491; 63 489; 64 488; 64 487; 65 486; 65 475; 64 475; 63 474; 59 474; 58 473; 56 473; 55 472; 54 472; 53 471; 51 471; 50 470; 47 470; 46 469; 43 469; 42 468; 39 468; 38 467; 37 467; 36 466; 35 466; 32 463
17; 373 532; 373 533; 371 535; 371 536; 370 537; 370 538; 369 539; 369 547; 368 548; 367 548; 367 557; 368 558; 369 558; 371 560; 371 565; 372 566; 372 567; 373 568; 381 568; 382 567; 387 567; 388 566; 391 566; 392 565; 401 565; 402 564; 416 564; 416 561; 417 560; 417 552; 415 550; 415 549; 414 548; 414 542; 413 541; 413 534; 405 534; 404 535; 402 535; 401 536; 387 536; 386 535; 385 535; 384 534; 383 534; 381 532
18; 671 557; 671 558; 670 559; 670 561; 669 562; 669 563; 666 566; 666 568; 665 569; 665 570; 663 572; 663 573; 661 575; 661 576; 657 580; 657 581; 656 582; 656 584; 655 585; 655 586; 654 587; 654 596; 655 596; 656 597; 657 597; 658 598; 659 598; 660 599; 662 599; 663 600; 664 600; 668 604; 669 604; 670 605; 680 605; 680 604; 681 603; 681 601; 682 600; 682 599; 683 598; 683 597; 684 596; 684 595; 687 592; 687 591; 688 590; 688 589; 689 588; 689 587; 693 583; 693 582; 695 580; 695 578; 696 577; 696 575; 697 574; 697 565; 695 563; 694 563; 693 562; 693 561; 692 560; 692 558; 682 558; 681 557
19; 40 573; 40 586; 39 587; 39 589; 38 590; 38 591; 35 594; 35 602; 36 603; 38 603; 39 604; 41 604; 42 605; 44 605; 45 606; 47 606; 48 607; 49 607; 50 608; 51 608; 52 609; 53 609; 54 610; 56 610; 57 611; 58 611; 59 612; 61 612; 62 613; 63 613; 64 614; 65 614; 67 616; 76 616; 78 614; 78 613; 79 612; 79 605; 80 604; 80 603; 83 600; 83 599; 84 598; 84 590; 83 590; 82 589; 80 589; 79 588; 78 588; 77 587; 76 587; 75 586; 74 586; 73 585; 70 585; 69 584; 68 584; 67 583; 66 583; 65 582; 64 582; 59 577; 58 577; 56 575; 55 575; 54 574; 53 574; 52 573
20; 457 619; 456 620; 456 621; 455 622; 455 623; 454 624; 454 626; 453 627; 453 628; 451 630; 451 631; 445 637; 445 638; 441 642; 441 643; 437 647; 436 647; 435 648; 435 656; 437 656; 438 657; 440 657; 441 658; 442 658; 443 659; 444 659; 445 660; 446 660; 448 662; 449 662; 450 663; 450 664; 453 667; 462 667; 462 665; 463 664; 463 663; 465 661; 465 659; 467 657; 467 656; 468 655; 468 654; 474 648; 475 648; 478 645; 478 644; 479 643; 479 642; 480 641; 480 640; 482 638; 482 630; 481 629; 481 626; 479 624; 478 624; 476 622; 469 622; 468 621; 467 621; 465 619
21; 672 617; 672 618; 671 619; 663 619; 663 628; 662 629; 662 630; 658 634; 658 642; 659 643; 660 643; 664 647; 665 647; 668 650; 668 651; 670 653; 671 653; 673 655; 674 655; 675 656; 676 656; 683 663; 683 664; 684 665; 684 666; 692 666; 695 663; 695 662; 697 660; 697 659; 698 658; 698 657; 699 656; 699 655; 704 650; 704 641; 703 641; 698 636; 698 635; 693 630; 692 630; 688 626; 688 625; 687 624; 687 623; 684 620; 683 620; 680 617
22; 546 616; 545 617; 545 625; 546 626; 546 630; 547 631; 547 642; 546 643; 546 654; 548 656; 548 657; 551 660; 561 660; 561 659; 562 658; 562 637; 557 637; 556 636; 555 636; 554 635; 554 616
23; 1015 660; 1014 661; 1012 661; 1011 662; 1009 662; 1008 663; 1007 663; 1006 664; 1005 664; 1004 665; 1002 665; 1000 667; 998 667; 997 668; 994 668; 993 669; 991 669; 991 670; 990 671; 990 686; 990 685; 991 684; 997 684; 998 685; 998 686; 1000 688; 1000 694; 1001 695; 1002 695; 1005 698; 1011 698; 1014 695; 1015 695; 1016 694; 1018 694; 1019 693; 1023 693; 1023 660
24; 218 649; 218 650; 217 651; 217 653; 216 654; 216 655; 215 656; 215 658; 214 659; 214 660; 213 661; 213 662; 212 663; 212 664; 211 665; 211 666; 210 667; 210 668; 209 669; 209 677; 210 677; 211 678; 212 678; 213 679; 215 679; 216 680; 218 680; 219 681; 220 681; 222 683; 223 683; 235 695; 236 695; 237 696; 247 696; 249 694; 249 692; 253 688; 256 688; 257 687; 257 685; 258 684; 258 668; 256 666; 254 666; 253 665; 252 665; 251 664; 249 664; 247 662; 246 662; 245 661; 244 661; 243 660; 242 660; 241 659; 240 659; 238 657; 237 657; 232 652; 231 652; 230 651; 229 651; 228 650; 227 650; 226 649
25; 968 685; 966 687; 966 689; 965 690; 965 701; 964 702; 959 702; 958 703; 957 703; 956 704; 956 713; 957 713; 958 714; 960 714; 962 716; 967 716; 968 717; 968 720; 969 720; 970 721; 971 721; 972 722; 975 722; 976 723; 977 723; 978 724; 979 724; 980 725; 981 725; 982 726; 983 726; 987 730; 995 730; 996 729; 996 727; 997 726; 997 723; 998 722; 998 721; 1005 714; 1005 699; 1002 696; 1001 696; 1000 695; 993 695; 991 693; 991 692; 990 691; 990 687; 990 688; 989 689; 983 689; 982 688; 981 688; 980 687; 979 687; 977 685
26; 355 708; 355 709; 354 710; 354 713; 353 714; 353 717; 352 718; 352 729; 351 730; 351 733; 350 734; 350 739; 349 740; 349 742; 347 744; 347 752; 348 752; 349 753; 351 753; 352 754; 360 754; 361 755; 365 755; 366 756; 374 756; 374 747; 375 746; 375 744; 376 743; 376 742; 377 741; 377 740; 378 739; 378 738; 379 737; 379 736; 380 735; 380 734; 381 733; 381 732; 382 731; 382 729; 384 727; 384 726; 385 725; 385 724; 386 723; 386 715; 385 714; 381 714; 377 710; 377 709; 376 708
27; 454 709; 454 716; 453 717; 453 718; 452 719; 452 721; 451 722; 451 726; 450 727; 450 728; 449 729; 449 738; 450 739; 451 739; 452 740; 456 740; 457 741; 462 741; 463 742; 465 742; 474 751; 477 751; 478 752; 487 752; 488 751; 488 750; 489 749; 489 745; 492 742; 494 742; 495 741; 495 724; 494 723; 493 723; 491 721; 490 721; 489 720; 483 720; 482 719; 480 719; 479 718; 478 718; 477 717; 476 717; 475 716; 474 716; 473 715; 472 715; 471 714; 470 714; 467 711; 466 711; 465 710; 463 710; 462 709
28; 29 725; 29 726; 28 727; 28 729; 27 730; 27 731; 26 732; 26 733; 25 734; 25 735; 21 739; 21 740; 20 741; 20 742; 19 743; 19 744; 18 745; 18 746; 17 747; 17 748; 15 750; 15 751; 14 752; 14 753; 11 756; 11 765; 12 765; 13 766; 15 766; 16 767; 21 767; 22 768; 24 768; 25 769; 26 769; 28 771; 29 771; 30 772; 38 772; 38 769; 39 768; 39 767; 40 766; 40 765; 41 764; 41 763; 42 762; 42 761; 43 760; 43 759; 54 748; 54 746; 55 745; 55 735; 53 733; 53 732; 52 731; 52 728; 51 727; 40 727; 39 726; 38 726; 37 725
29; 946 722; 946 723; 944 725; 944 727; 943 728; 943 730; 942 731; 942 733; 940 735; 940 736; 937 739; 937 749; 938 750; 941 750; 942 751; 943 751; 944 752; 945 752; 949 756; 950 756; 953 759; 953 760; 954 761; 954 767; 961 767; 962 768; 974 768; 975 767; 975 766; 976 765; 976 764; 977 763; 977 758; 983 752; 983 751; 984 750; 984 742; 983 741; 981 741; 980 740; 979 740; 977 738; 976 738; 971 733; 970 733; 969 732; 967 732; 966 731; 964 731; 960 727; 959 727; 954 722
30; 154 766; 148 772; 148 773; 146 775; 146 776; 144 778; 144 779; 143 780; 143 781; 142 782; 142 790; 143 790; 144 791; 145 791; 147 793; 148 793; 154 799; 154 800; 156 802; 156 803; 157 804; 157 805; 158 806; 158 807; 161 810; 162 810; 163 811; 164 811; 167 814; 167 815; 168 816; 180 816; 182 814; 182 808; 183 807; 183 806; 185 804; 186 804; 188 802; 191 802; 191 790; 188 790; 187 789; 186 789; 185 788; 184 788; 182 786; 181 786; 177 782; 176 782; 165 771; 165 770; 163 768; 163 767; 162 766
31; 200 774; 200 775; 198 777; 198 778; 196 780; 196 788; 194 790; 192 790; 192 802; 196 802; 197 803; 198 803; 205 810; 206 810; 207 811; 208 811; 210 813; 211 813; 215 817; 216 817; 218 819; 219 819; 220 820; 228 820; 231 817; 231 816; 232 815; 233 815; 234 814; 237 814; 238 813; 238 808; 239 807; 239 806; 240 805; 240 804; 241 803; 241 795; 239 793; 238 793; 237 792; 236 792; 234 790; 233 790; 232 789; 231 789; 230 788; 229 788; 227 786; 226 786; 224 784; 223 784; 222 783; 221 783; 220 782; 219 782; 218 781; 217 781; 216 780; 215 780; 213 778; 212 778; 210 776; 210 775; 209 774
32; 216 846; 216 847; 215 848; 215 857; 214 858; 214 864; 213 865; 213 868; 212 869; 212 874; 211 875; 211 877; 210 878; 210 881; 209 882; 209 891; 210 891; 211 892; 228 892; 229 893; 238 893; 238 882; 239 881; 239 876; 240 875; 240 874; 241 873; 241 871; 242 870; 242 868; 243 867; 243 865; 244 864; 244 862; 245 861; 245 849; 238 849; 237 848; 230 848; 229 847; 227 847; 226 846
33; 261 860; 260 861; 260 862; 259 863; 259 869; 258 870; 258 875; 257 876; 257 877; 255 879; 255 888; 257 888; 258 889; 260 889; 261 890; 262 890; 263 891; 264 891; 267 894; 268 894; 269 895; 270 895; 271 896; 272 896; 273 897; 274 897; 276 899; 277 899; 279 901; 280 901; 282 903; 284 903; 285 904; 293 904; 293 903; 294 902; 294 899; 295 898; 295 897; 298 894; 299 894; 300 893; 301 893; 302 892; 304 892; 304 877; 303 876; 301 876; 300 875; 296 875; 295 874; 294 874; 293 873; 291 873; 290 872; 289 872; 288 871; 287 871; 284 868; 283 868; 282 867; 281 867; 280 866; 279 866; 278 865; 277 865; 276 864; 275 864; 272 861; 271 861; 270 860
34; 619 901; 617 903; 616 903; 616 915; 613 918; 613 919; 612 920; 612 929; 613 930; 615 930; 616 931; 617 931; 618 932; 619 932; 620 933; 621 933; 622 934; 623 934; 624 935; 625 935; 626 936; 628 936; 629 937; 631 937; 632 938; 633 938; 635 940; 636 940; 637 941; 638 941; 639 942; 640 942; 641 943; 652 943; 655 940; 655 939; 658 936; 658 927; 659 926; 659 925; 660 924; 660 915; 659 915; 658 914; 654 914; 653 913; 651 913; 650 912; 649 912; 648 911; 645 911; 644 910; 643 910; 642 909; 641 909; 638 906; 637 906; 635 904; 634 904; 633 903; 630 903; 629 902; 628 902; 627 901
35; 945 910; 944 911; 932 911; 932 934; 933 935; 933 937; 935 939; 937 939; 938 940; 947 940; 948 941; 952 941; 953 942; 956 942; 957 943; 958 943; 959 944; 961 944; 962 945; 965 945; 966 946; 976 946; 976 931; 977 930; 977 929; 979 927; 979 917; 978 916; 978 913; 976 911; 958 911; 957 910
36; 126 938; 125 939; 123 939; 122 940; 116 940; 115 941; 114 941; 113 942; 111 942; 110 943; 105 943; 105 952; 106 953; 106 956; 107 957; 107 960; 109 962; 109 963; 112 966; 112 967; 113 968; 113 969; 114 970; 114 972; 115 973; 115 974; 116 975; 116 976; 117 977; 117 986; 118 987; 127 987; 128 986; 129 986; 130 985; 131 985; 133 983; 134 983; 136 981; 138 981; 139 980; 142 980; 143 979; 145 979; 145 970; 144 969; 144 968; 142 966; 142 964; 141 963; 141 961; 140 960; 140 947; 139 946; 139 944; 138 943; 138 942; 137 941; 137 940; 136 939; 136 938
37; 582 966; 581 967; 581 968; 580 969; 580 970; 577 973; 575 973; 575 981; 574 982; 574 983; 572 985; 572 986; 571 987; 571 996; 572 996; 573 997; 574 997; 575 998; 576 998; 578 1000; 579 1000; 581 1002; 582 1002; 583 1003; 585 1003; 586 1004; 587 1004; 588 1005; 589 1005; 590 1006; 592 1006; 593 1007; 596 1007; 597 1008; 598 1008; 599 1009; 600 1009; 603 1012; 612 1012; 612 1010; 613 1009; 613 1008; 614 1007; 614 1005; 615 1004; 615 1001; 616 1000; 616 997; 617 996; 617 995; 619 993; 619 984; 617 984; 616 983; 614 983; 613 982; 612 982; 611 981; 610 981; 609 980; 608 980; 606 978; 605 978; 604 977; 603 977; 600 974; 600 973; 595 968; 594 968; 593 967; 591 967; 590 966
38; 197 963; 195 965; 195 966; 191 970; 190 970; 188 972; 187 972; 186 973; 185 973; 184 974; 182 974; 181 975; 180 975; 179 976; 178 976; 177 977; 176 977; 175 978; 173 978; 172 979; 171 979; 170 980; 169 980; 169 981; 168 982; 168 990; 170 992; 170 993; 171 994; 171 996; 172 997; 172 1004; 176 1004; 179 1007; 179 1008; 180 1009; 189 1009; 194 1004; 195 1004; 200 999; 200 998; 204 994; 205 994; 207 992; 208 992; 209 991; 210 991; 214 987; 216 987; 217 986; 217 977; 208 968; 208 967; 206 965; 206 964; 205 963
