0; 193 0; 193 3; 191 5; 191 13; 200 22; 201 22; 204 25; 204 26; 206 28; 215 28; 221 22; 221 21; 222 20; 222 12; 215 5; 215 4; 214 3; 214 0
1; 405 0; 405 12; 406 12; 410 16; 411 16; 417 22; 418 22; 421 25; 429 25; 431 23; 431 22; 434 19; 434 18; 437 15; 437 7; 436 7; 434 5; 433 5; 431 3; 431 0
2; 856 0; 856 3; 855 4; 854 4; 852 6; 851 6; 850 7; 848 7; 847 8; 843 8; 842 9; 841 9; 840 10; 840 21; 841 22; 841 24; 842 25; 842 26; 843 27; 843 29; 844 30; 844 31; 854 31; 855 30; 857 30; 858 29; 859 29; 860 28; 861 28; 862 27; 865 27; 866 26; 868 26; 869 25; 870 25; 871 24; 872 24; 872 14; 871 13; 871 12; 870 11; 870 9; 869 8; 869 7; 868 6; 868 4; 867 3; 867 0
3; 259 21; 259 22; 258 23; 258 24; 257 25; 257 26; 256 27; 256 28; 255 29; 255 30; 254 31; 254 41; 257 41; 259 43; 260 43; 262 45; 263 45; 264 46; 265 46; 266 47; 267 47; 268 48; 271 48; 272 49; 281 49; 281 47; 282 46; 282 44; 283 43; 283 42; 284 41; 284 40; 285 39; 285 31; 284 30; 283 30; 282 29; 281 29; 280 28; 279 28; 278 27; 277 27; 275 25; 274 25; 273 24; 272 24; 271 23; 270 23; 269 22; 268 22; 267 21
4; 307 27; 306 28; 306 29; 305 30; 305 32; 304 33; 304 34; 303 35; 303 36; 302 37; 302 46; 303 47; 304 47; 305 48; 307 48; 308 49; 309 49; 310 50; 311 50; 312 51; 313 51; 314 52; 315 52; 316 53; 317 53; 318 54; 319 54; 320 55; 328 55; 330 53; 330 52; 332 50; 332 47; 333 46; 333 36; 332 36; 331 35; 329 35; 327 33; 326 33; 325 32; 324 32; 323 31; 322 31; 321 30; 320 30; 318 28; 317 28; 316 27
5; 28 35; 27 36; 26 36; 25 37; 24 37; 23 38; 22 38; 21 39; 18 39; 17 40; 15 40; 14 41; 12 41; 11 42; 11 54; 12 55; 12 57; 13 58; 13 60; 14 61; 14 62; 23 62; 24 61; 26 61; 27 60; 29 60; 30 59; 32 59; 33 58; 35 58; 36 57; 37 57; 38 56; 40 56; 42 54; 42 46; 41 45; 41 44; 39 42; 39 41; 37 39; 37 37; 36 36; 36 35
6; 568 34; 566 36; 565 36; 563 38; 562 38; 558 42; 558 50; 560 52; 560 53; 562 55; 562 56; 563 57; 563 58; 564 59; 564 60; 565 61; 565 62; 567 64; 567 65; 568 66; 568 67; 578 67; 580 65; 581 65; 583 63; 584 63; 586 61; 586 52; 585 51; 585 50; 584 49; 584 48; 581 45; 581 44; 579 42; 579 41; 578 40; 578 39; 577 38; 577 36; 576 35; 576 34
7; 820 42; 814 48; 814 49; 812 51; 811 51; 811 59; 812 59; 814 61; 814 62; 816 64; 816 65; 822 71; 822 72; 824 74; 832 74; 837 69; 837 68; 840 65; 840 56; 836 52; 836 50; 833 47; 832 47; 828 43; 828 42
8; 773 49; 772 50; 771 50; 770 51; 764 51; 762 53; 762 61; 763 62; 763 69; 764 70; 764 72; 765 73; 776 73; 777 74; 777 77; 789 77; 789 74; 790 73; 791 73; 792 72; 793 72; 793 71; 794 70; 794 51; 792 49
9; 485 69; 486 75; 489 79; 506 89; 514 89; 516 83; 520 78; 520 69; 514 67; 487 51
10; 487 51; 476 51; 473 53; 464 53; 458 58; 458 66; 459 67; 465 67; 470 70; 485 69
11; 669 67; 667 69; 666 69; 663 72; 662 72; 661 73; 661 82; 663 84; 663 85; 665 87; 665 88; 668 91; 668 92; 671 95; 672 95; 673 96; 673 97; 674 98; 683 98; 690 91; 691 91; 691 82; 689 80; 689 79; 682 72; 682 71; 680 69; 680 68; 679 67
12; 777 78; 777 80; 770 87; 770 95; 775 100; 776 100; 785 109; 794 109; 801 102; 801 93; 796 88; 796 87; 789 80; 789 78
13; 244 91; 244 92; 243 93; 243 96; 242 97; 242 99; 241 100; 241 102; 240 103; 240 106; 239 107; 239 119; 240 120; 242 120; 243 121; 244 121; 245 122; 247 122; 248 123; 257 123; 258 122; 258 119; 259 118; 259 116; 260 115; 260 114; 261 113; 261 111; 262 110; 262 108; 263 107; 263 105; 264 104; 264 95; 263 95; 262 94; 260 94; 259 93; 258 93; 257 92; 256 92; 255 91
14; 911 87; 911 95; 913 97; 913 98; 914 99; 914 110; 915 111; 916 111; 917 112; 919 112; 920 113; 921 113; 922 114; 923 114; 925 116; 926 116; 930 120; 938 120; 938 106; 939 105; 939 97; 938 97; 937 96; 935 96; 931 92; 930 92; 929 91; 928 91; 927 90; 926 90; 925 89; 924 89; 923 88; 921 88; 920 87
15; 49 117; 41 118; 35 115; 26 115; 22 126; 22 134; 39 141; 49 141; 53 132; 53 123
16; 53 123; 68 122; 74 114; 74 105; 61 91; 53 91; 46 100; 46 108; 49 111; 49 117
17; 322 97; 320 99; 320 100; 317 103; 317 104; 316 105; 316 114; 319 117; 320 117; 327 124; 328 124; 330 126; 339 126; 340 125; 340 124; 342 122; 342 121; 345 118; 345 110; 344 110; 336 102; 335 102; 330 97
18; 162 103; 155 110; 155 118; 156 119; 156 120; 160 124; 160 125; 164 129; 164 130; 167 133; 175 133; 180 128; 181 128; 183 126; 183 118; 181 116; 181 115; 175 109; 175 108; 170 103
19; 98 106; 91 113; 91 121; 92 122; 92 123; 94 125; 94 126; 96 128; 96 134; 97 135; 102 135; 103 136; 112 136; 115 133; 118 133; 118 122; 114 118; 114 117; 113 116; 113 114; 111 112; 111 111; 107 107; 107 106
20; 481 104; 479 106; 479 107; 477 109; 477 110; 475 112; 475 122; 476 122; 478 124; 479 124; 482 127; 483 127; 488 132; 489 132; 490 133; 498 133; 499 132; 499 131; 502 128; 502 127; 503 126; 503 125; 504 124; 504 116; 500 112; 499 112; 498 111; 497 111; 493 107; 492 107; 489 104
21; 607 118; 607 126; 608 126; 610 128; 611 128; 613 130; 614 130; 619 135; 628 135; 628 134; 632 130; 632 129; 634 127; 634 118; 626 118; 624 120; 618 120; 617 119; 616 119; 615 118
22; 132 129; 130 131; 129 131; 127 133; 126 133; 125 134; 122 134; 122 143; 123 144; 123 145; 124 146; 124 147; 125 148; 125 149; 127 151; 127 152; 128 153; 128 154; 129 155; 129 159; 130 160; 130 161; 139 161; 140 160; 142 160; 143 159; 146 159; 147 158; 148 158; 149 157; 149 149; 148 148; 148 144; 147 143; 147 141; 145 139; 145 138; 143 136; 143 134; 142 133; 142 130; 141 129
23; 82 135; 81 136; 81 137; 80 138; 80 139; 79 140; 79 141; 78 142; 78 143; 77 144; 77 154; 78 154; 79 155; 81 155; 83 157; 84 157; 86 159; 87 159; 90 162; 93 162; 94 163; 104 163; 104 162; 105 161; 105 159; 106 158; 106 156; 107 155; 107 154; 108 153; 108 140; 111 137; 103 137; 102 136; 97 136; 96 135
24; 684 136; 683 137; 683 138; 676 145; 676 154; 678 154; 685 161; 686 161; 688 163; 689 163; 691 165; 691 166; 700 166; 701 165; 701 164; 705 160; 705 159; 707 157; 707 149; 706 148; 705 148; 696 139; 695 139; 692 136
25; 295 138; 289 144; 289 145; 288 146; 288 155; 292 159; 293 159; 295 161; 296 161; 303 168; 311 168; 312 167; 312 166; 313 165; 314 165; 319 160; 319 152; 318 151; 318 150; 313 145; 312 145; 311 144; 310 144; 304 138
26; 643 153; 642 154; 642 156; 641 157; 641 158; 640 159; 640 161; 639 162; 639 173; 640 173; 641 174; 643 174; 644 175; 646 175; 647 176; 651 176; 652 177; 653 177; 654 178; 656 178; 657 179; 667 179; 667 177; 668 176; 668 175; 669 174; 669 172; 670 171; 670 159; 668 159; 667 158; 665 158; 664 157; 662 157; 661 156; 660 156; 659 155; 658 155; 657 154; 654 154; 653 153
27; 217 148; 216 149; 214 149; 213 150; 210 150; 209 151; 208 151; 208 161; 209 162; 209 165; 210 166; 210 167; 211 168; 211 170; 212 171; 212 172; 213 173; 213 174; 214 175; 214 176; 215 177; 215 178; 216 179; 231 179; 232 178; 236 178; 236 170; 235 169; 235 168; 234 167; 234 166; 233 165; 233 163; 232 162; 232 160; 230 158; 230 157; 229 156; 229 152; 228 151; 228 149; 227 148
28; 741 159; 741 160; 740 161; 740 163; 739 164; 739 169; 738 170; 738 179; 739 180; 740 180; 741 181; 743 181; 744 182; 746 182; 747 183; 748 183; 749 184; 751 184; 752 185; 755 185; 756 186; 765 186; 766 185; 766 184; 767 183; 767 181; 768 180; 768 179; 769 178; 769 166; 768 166; 767 165; 765 165; 764 164; 762 164; 761 163; 758 163; 756 161; 755 161; 754 160; 751 160; 750 159
29; 788 161; 787 162; 787 163; 786 164; 786 165; 785 166; 785 167; 784 168; 784 171; 783 172; 783 180; 784 181; 785 181; 786 182; 789 182; 790 183; 792 183; 793 184; 794 184; 796 186; 797 186; 798 187; 800 187; 801 188; 811 188; 812 187; 812 186; 813 185; 813 182; 814 181; 814 179; 816 177; 816 169; 815 168; 814 168; 813 167; 811 167; 810 166; 809 166; 807 164; 804 164; 803 163; 802 163; 801 162; 799 162; 798 161
30; 468 177; 467 178; 467 184; 466 185; 466 198; 467 198; 468 199; 474 199; 475 200; 495 200; 498 197; 498 187; 497 186; 497 180; 495 178; 483 178; 482 177
31; 179 181; 178 182; 177 182; 176 183; 175 183; 172 186; 171 186; 171 195; 172 196; 172 197; 173 198; 173 199; 174 200; 174 202; 175 203; 175 205; 176 206; 176 207; 177 208; 177 209; 178 210; 178 212; 179 213; 179 214; 187 214; 188 213; 189 213; 193 209; 194 209; 195 208; 196 208; 197 207; 198 207; 198 199; 197 198; 197 197; 195 195; 195 194; 194 193; 194 192; 193 191; 193 189; 192 188; 192 187; 191 186; 191 184; 190 183; 190 182; 189 181
32; 232 179; 231 180; 227 180; 227 186; 226 187; 226 188; 224 190; 224 198; 225 198; 226 199; 227 199; 229 201; 229 202; 235 208; 236 208; 237 209; 238 209; 239 210; 239 211; 248 211; 248 210; 255 203; 255 194; 254 194; 253 193; 253 192; 251 190; 250 190; 243 183; 242 183; 238 179
33; 703 187; 702 188; 699 188; 698 189; 693 189; 692 190; 689 190; 688 191; 685 191; 684 192; 683 192; 683 204; 684 205; 684 208; 685 209; 685 211; 686 212; 698 212; 699 211; 704 211; 705 210; 706 210; 707 209; 708 209; 709 208; 714 208; 715 207; 715 198; 714 197; 714 195; 713 194; 713 192; 712 191; 712 189; 711 188; 711 187
34; 1001 202; 1000 203; 1000 204; 999 205; 999 206; 996 209; 996 210; 995 211; 995 212; 994 213; 994 222; 995 222; 996 223; 997 223; 998 224; 999 224; 1000 225; 1001 225; 1002 226; 1004 226; 1007 229; 1008 229; 1010 231; 1011 231; 1013 233; 1016 233; 1017 234; 1023 234; 1023 208; 1017 208; 1015 206; 1014 206; 1011 203; 1010 203; 1009 202
35; 772 202; 771 203; 770 203; 767 206; 766 206; 764 208; 763 208; 762 209; 762 217; 763 218; 763 219; 765 221; 765 222; 766 223; 766 224; 772 230; 772 231; 774 233; 774 234; 782 234; 783 233; 784 233; 786 231; 787 231; 794 224; 794 216; 792 214; 791 214; 789 212; 788 212; 782 206; 782 205; 781 204; 781 203; 780 202
36; 50 221; 50 222; 49 223; 49 226; 48 227; 48 229; 47 230; 47 231; 46 232; 46 241; 47 241; 48 242; 50 242; 51 243; 52 243; 53 244; 55 244; 56 245; 57 245; 58 246; 59 246; 60 247; 64 247; 65 248; 74 248; 75 247; 75 246; 76 245; 76 244; 77 243; 77 242; 78 241; 78 227; 77 227; 76 226; 73 226; 72 225; 70 225; 69 224; 67 224; 66 223; 64 223; 63 222; 61 222; 60 221
37; 519 243; 518 244; 517 244; 510 251; 510 259; 511 259; 515 263; 515 264; 522 271; 522 272; 524 274; 533 274; 539 268; 540 268; 541 267; 541 259; 539 257; 539 256; 538 255; 538 254; 531 247; 531 246; 528 243
38; 711 242; 710 243; 710 244; 706 248; 706 249; 704 251; 704 260; 705 260; 706 261; 707 261; 709 263; 710 263; 716 269; 717 269; 719 271; 720 271; 721 272; 730 272; 731 271; 731 270; 732 269; 732 268; 733 267; 733 266; 734 265; 734 264; 736 262; 736 254; 735 254; 731 250; 730 250; 726 246; 725 246; 722 243; 721 243; 720 242
39; 599 247; 599 248; 598 249; 598 250; 596 252; 596 254; 595 255; 595 256; 594 257; 594 267; 595 267; 596 268; 597 268; 598 269; 599 269; 600 270; 601 270; 602 271; 603 271; 606 274; 607 274; 610 277; 618 277; 624 271; 624 270; 625 269; 625 268; 626 267; 626 259; 625 258; 624 258; 623 257; 622 257; 619 254; 618 254; 616 252; 615 252; 613 250; 612 250; 611 249; 610 249; 609 248; 608 248; 607 247
40; 80 260; 80 261; 78 263; 78 264; 74 268; 73 268; 72 269; 72 277; 86 291; 95 291; 101 285; 101 284; 102 283; 102 275; 95 268; 95 267; 88 260
41; 951 259; 948 262; 948 263; 946 265; 946 266; 945 267; 945 268; 944 269; 944 271; 943 272; 943 280; 944 281; 945 281; 946 282; 947 282; 948 283; 949 283; 950 284; 951 284; 952 285; 953 285; 955 287; 957 287; 960 290; 968 290; 969 289; 969 288; 970 287; 970 285; 971 284; 971 283; 973 281; 973 280; 975 278; 975 270; 974 270; 973 269; 972 269; 970 267; 969 267; 967 265; 966 265; 965 264; 964 264; 963 263; 962 263; 960 261; 960 260; 959 259
42; 651 281; 650 282; 650 283; 647 286; 647 287; 646 288; 646 289; 645 290; 645 301; 647 301; 649 303; 650 303; 653 306; 654 306; 655 307; 656 307; 658 309; 660 309; 662 311; 670 311; 672 309; 672 308; 673 307; 673 306; 674 305; 674 304; 675 303; 675 302; 676 301; 676 300; 677 299; 677 291; 676 290; 674 290; 673 289; 672 289; 671 288; 670 288; 669 287; 668 287; 667 286; 666 286; 665 285; 664 285; 662 283; 661 283; 659 281
43; 594 301; 593 302; 590 302; 589 303; 587 303; 586 304; 584 304; 583 305; 581 305; 580 306; 577 306; 576 307; 576 316; 577 317; 577 320; 578 321; 578 324; 579 325; 579 327; 580 328; 590 328; 591 327; 594 327; 595 326; 597 326; 598 325; 600 325; 601 324; 604 324; 605 323; 607 323; 609 321; 609 312; 608 311; 608 308; 607 307; 607 304; 606 303; 606 301
44; 464 358; 461 361; 461 362; 460 363; 460 364; 458 366; 458 367; 457 368; 457 376; 459 378; 460 378; 465 383; 466 383; 467 384; 467 385; 471 389; 479 389; 487 381; 487 372; 484 369; 483 369; 477 363; 477 362; 476 361; 475 361; 472 358
45; 531 361; 530 362; 530 364; 529 365; 529 368; 528 369; 528 372; 527 373; 527 381; 528 382; 529 382; 530 383; 533 383; 534 384; 537 384; 538 385; 540 385; 541 386; 543 386; 544 387; 555 387; 555 386; 556 385; 556 383; 557 382; 557 381; 558 380; 558 378; 559 377; 559 367; 556 367; 555 366; 554 366; 553 365; 552 365; 551 364; 548 364; 547 363; 546 363; 545 362; 541 362; 540 361
46; 615 364; 613 366; 613 367; 611 369; 611 370; 609 372; 609 373; 608 374; 608 382; 609 383; 610 383; 612 385; 613 385; 616 388; 617 388; 620 391; 621 391; 622 392; 623 392; 625 394; 634 394; 635 393; 635 391; 636 390; 636 389; 638 387; 638 386; 639 385; 639 375; 638 374; 637 374; 636 373; 635 373; 634 372; 633 372; 631 370; 630 370; 629 369; 628 369; 623 364
47; 161 372; 159 374; 158 374; 156 376; 156 377; 154 379; 154 388; 155 389; 155 390; 163 398; 163 399; 166 402; 174 402; 177 399; 178 399; 179 398; 180 398; 182 396; 183 396; 183 386; 180 383; 180 382; 170 372
48; 933 370; 932 371; 932 372; 929 375; 929 383; 936 383; 937 384; 937 398; 939 400; 940 400; 942 402; 950 402; 951 401; 951 400; 952 399; 952 398; 954 396; 954 395; 955 394; 955 393; 957 391; 957 383; 954 380; 953 380; 952 379; 951 379; 949 377; 948 377; 946 375; 945 375; 942 372; 942 371; 941 370
49; 368 381; 367 382; 367 383; 365 385; 365 386; 363 388; 363 389; 362 390; 362 398; 364 400; 365 400; 368 403; 369 403; 371 405; 372 405; 374 407; 375 407; 378 410; 386 410; 388 408; 388 407; 391 404; 391 403; 394 400; 394 392; 393 392; 389 388; 388 388; 385 385; 384 385; 382 383; 379 383; 377 381
50; 729 398; 729 399; 728 400; 728 401; 726 403; 726 404; 724 406; 724 407; 723 408; 723 417; 724 418; 725 418; 728 421; 729 421; 732 424; 733 424; 734 425; 735 425; 738 428; 747 428; 750 425; 751 425; 752 424; 752 423; 753 422; 753 421; 754 420; 754 411; 749 406; 748 406; 746 404; 745 404; 742 401; 741 401; 740 400; 739 400; 737 398
51; 532 408; 531 409; 531 410; 530 411; 530 415; 529 416; 529 419; 528 420; 528 429; 530 431; 531 431; 532 432; 537 432; 538 433; 541 433; 542 434; 548 434; 549 435; 557 435; 557 434; 558 433; 558 431; 559 430; 559 428; 560 427; 560 424; 561 423; 561 414; 560 413; 559 413; 558 412; 556 412; 555 411; 552 411; 551 410; 543 410; 542 409; 541 409; 540 408
52; 76 417; 76 418; 74 420; 74 421; 72 423; 72 424; 70 426; 70 428; 69 429; 69 437; 71 437; 72 438; 73 438; 74 439; 75 439; 77 441; 78 441; 79 442; 80 442; 81 443; 82 443; 84 445; 87 445; 88 446; 97 446; 97 445; 98 444; 98 443; 99 442; 99 441; 100 440; 100 439; 102 437; 102 428; 101 428; 99 426; 98 426; 95 423; 94 423; 93 422; 92 422; 91 421; 90 421; 89 420; 87 420; 84 417
53; 404 419; 404 420; 402 422; 402 423; 401 424; 401 425; 399 427; 399 428; 398 429; 398 437; 399 437; 400 438; 401 438; 405 442; 406 442; 408 444; 409 444; 410 445; 411 445; 414 448; 422 448; 429 441; 429 440; 430 439; 430 430; 429 429; 428 429; 427 428; 426 428; 423 425; 422 425; 420 423; 419 423; 416 420; 415 420; 414 419
54; 718 438; 717 439; 716 439; 710 445; 709 445; 705 449; 704 449; 703 450; 703 458; 707 462; 707 463; 711 467; 721 467; 722 466; 724 466; 725 465; 725 464; 727 462; 727 461; 728 460; 729 460; 731 458; 732 458; 735 455; 735 447; 734 446; 734 445; 730 441; 730 440; 728 438
55; 764 440; 763 441; 763 442; 759 446; 759 447; 757 449; 757 458; 758 458; 759 459; 760 459; 762 461; 763 461; 767 465; 768 465; 769 466; 770 466; 773 469; 782 469; 784 467; 784 466; 785 465; 786 465; 787 464; 787 463; 789 461; 789 451; 787 449; 786 449; 784 447; 783 447; 779 443; 778 443; 777 442; 776 442; 775 441; 774 441; 773 440
56; 184 486; 186 495; 189 500; 192 514; 204 514; 213 510; 213 502; 207 481; 198 479
57; 198 479; 198 465; 192 456; 183 456; 168 464; 167 474; 173 485; 184 486
58; 891 459; 890 460; 890 461; 889 462; 889 464; 884 469; 884 480; 888 480; 889 481; 890 481; 891 482; 892 482; 893 483; 894 483; 895 484; 896 484; 897 485; 898 485; 899 486; 901 486; 903 488; 912 488; 912 487; 913 486; 913 485; 915 483; 915 482; 917 480; 917 478; 918 477; 918 469; 916 467; 914 467; 913 466; 911 466; 910 465; 909 465; 906 462; 904 462; 903 461; 902 461; 901 460; 900 460; 899 459
59; 703 478; 702 479; 702 483; 701 484; 701 488; 700 489; 700 490; 699 491; 699 499; 700 499; 701 500; 703 500; 704 501; 705 501; 706 502; 711 502; 712 503; 714 503; 715 504; 716 504; 717 505; 727 505; 727 504; 728 503; 728 502; 729 501; 729 499; 730 498; 730 493; 731 492; 731 484; 730 484; 729 483; 727 483; 726 482; 724 482; 723 481; 720 481; 719 480; 716 480; 715 479; 714 479; 713 478
60; 871 482; 870 483; 866 483; 865 484; 862 484; 861 485; 860 485; 859 486; 856 486; 855 487; 852 487; 851 488; 850 488; 850 497; 851 498; 851 503; 852 504; 852 505; 853 506; 853 507; 854 508; 854 509; 855 510; 863 510; 864 509; 867 509; 868 508; 869 508; 870 507; 871 507; 872 506; 875 506; 876 505; 879 505; 880 504; 882 504; 882 496; 881 495; 881 492; 880 491; 880 482
61; 782 532; 781 533; 781 534; 778 537; 778 538; 775 541; 775 554; 776 555; 777 555; 779 557; 787 557; 788 558; 789 558; 791 560; 800 560; 802 558; 802 557; 808 551; 808 543; 807 543; 806 542; 805 542; 803 540; 802 540; 801 539; 800 539; 797 536; 796 536; 794 534; 793 534; 791 532
62; 952 543; 945 550; 945 559; 948 562; 948 563; 950 565; 951 565; 954 568; 955 568; 956 569; 956 570; 958 572; 958 573; 959 574; 967 574; 971 570; 971 569; 974 566; 974 557; 972 555; 972 554; 971 554; 961 544; 961 543
63; 111 544; 111 545; 110 546; 110 547; 109 548; 109 550; 108 551; 108 553; 107 554; 107 562; 108 563; 109 563; 110 564; 111 564; 113 566; 114 566; 115 567; 116 567; 117 568; 118 568; 119 569; 121 569; 123 571; 132 571; 133 570; 133 569; 136 566; 136 565; 137 564; 137 554; 134 551; 134 549; 132 547; 126 547; 125 546; 124 546; 123 545; 122 545; 121 544
64; 820 547; 818 549; 818 565; 819 566; 819 568; 820 569; 835 569; 836 570; 846 570; 848 568; 848 560; 849 559; 849 551; 848 550; 848 549; 847 548; 835 548; 834 547
65; 309 547; 309 548; 308 549; 308 551; 307 552; 307 554; 306 555; 306 556; 305 557; 305 566; 306 566; 307 567; 308 567; 310 569; 311 569; 315 573; 316 573; 318 575; 319 575; 320 576; 328 576; 329 575; 329 574; 330 573; 330 572; 331 571; 331 570; 332 569; 332 568; 333 567; 333 559; 331 557; 330 557; 326 553; 325 553; 321 549; 320 549; 319 548; 318 548; 317 547
66; 267 553; 267 554; 265 556; 265 557; 263 559; 263 560; 262 561; 262 571; 263 571; 267 575; 268 575; 270 577; 271 577; 274 580; 275 580; 276 581; 286 581; 286 580; 287 579; 287 578; 288 577; 288 576; 289 575; 289 574; 290 573; 290 564; 289 563; 288 563; 284 559; 283 559; 281 557; 280 557; 278 555; 277 555; 275 553
67; 753 552; 753 553; 752 554; 752 555; 751 556; 751 557; 750 558; 750 559; 749 560; 749 570; 751 572; 752 572; 753 573; 753 579; 757 579; 758 580; 762 580; 763 579; 777 579; 778 578; 778 577; 779 576; 779 558; 777 556; 776 556; 775 555; 767 555; 766 554; 765 554; 763 552
68; 227 558; 224 561; 223 561; 220 564; 219 564; 218 565; 218 573; 220 575; 220 576; 221 577; 222 577; 232 587; 240 587; 247 580; 247 572; 240 565; 240 564; 239 564; 236 561; 236 560; 235 559; 235 558
69; 49 558; 47 560; 46 560; 45 561; 44 561; 41 564; 41 573; 44 576; 44 577; 49 582; 49 583; 50 584; 51 584; 52 585; 52 586; 53 587; 66 587; 66 584; 69 581; 69 572; 61 564; 60 564; 58 562; 58 560; 57 559; 57 558
70; 919 563; 919 564; 917 566; 917 567; 912 572; 912 573; 907 578; 907 588; 908 589; 916 589; 917 588; 925 588; 926 589; 927 589; 929 591; 937 591; 938 590; 938 589; 939 588; 939 587; 941 585; 941 584; 943 582; 943 574; 942 573; 941 573; 937 569; 936 569; 935 568; 934 568; 933 567; 932 567; 930 565; 929 565; 927 563
71; 780 574; 780 576; 779 577; 779 578; 778 579; 778 590; 779 590; 782 593; 783 593; 789 599; 790 599; 791 600; 792 600; 794 602; 802 602; 803 601; 803 600; 804 599; 804 598; 806 596; 806 595; 808 593; 808 585; 806 583; 805 583; 804 582; 803 582; 796 575; 795 575; 794 574
72; 746 580; 746 581; 738 589; 738 597; 739 597; 740 598; 741 598; 742 599; 743 599; 747 603; 748 603; 751 606; 752 606; 754 608; 764 608; 765 607; 765 606; 767 604; 767 603; 768 602; 768 601; 769 600; 769 591; 768 591; 764 587; 763 587; 762 586; 762 581; 758 581; 757 580
73; 12 582; 12 583; 9 586; 9 587; 7 589; 7 590; 6 591; 6 599; 8 601; 9 601; 11 603; 12 603; 18 609; 19 609; 20 610; 21 610; 22 611; 30 611; 31 610; 31 609; 32 608; 32 607; 33 606; 33 605; 34 604; 34 603; 36 601; 36 593; 35 592; 34 592; 31 589; 30 589; 28 587; 27 587; 25 585; 24 585; 23 584; 22 584; 20 582
74; 67 591; 67 594; 66 595; 66 604; 67 605; 67 608; 68 609; 68 612; 69 613; 97 613; 97 604; 98 603; 98 594; 96 592; 89 592; 88 591
75; 423 593; 421 595; 421 596; 420 597; 420 599; 419 600; 419 601; 418 602; 418 611; 419 612; 420 612; 421 613; 422 613; 423 614; 424 614; 427 617; 428 617; 430 619; 431 619; 432 620; 434 620; 435 621; 443 621; 444 620; 444 618; 445 617; 445 615; 446 614; 446 613; 447 612; 447 611; 448 610; 448 601; 445 601; 444 600; 443 600; 441 598; 440 598; 438 596; 436 596; 435 595; 434 595; 432 593
76; 617 604; 616 605; 610 605; 609 606; 606 606; 605 607; 600 607; 599 608; 598 608; 597 609; 597 618; 598 619; 608 619; 612 623; 613 623; 614 624; 617 624; 619 626; 620 626; 622 628; 623 628; 624 629; 625 629; 626 630; 627 630; 628 631; 629 631; 630 632; 638 632; 640 630; 640 629; 641 628; 641 627; 643 625; 643 624; 644 623; 644 622; 645 621; 645 613; 644 613; 643 612; 642 612; 640 610; 638 610; 637 609; 635 609; 634 608; 633 608; 632 607; 631 607; 630 606; 629 606; 628 605; 627 605; 626 604
77; 45 616; 44 617; 42 617; 41 618; 40 618; 39 619; 37 619; 36 620; 36 629; 37 630; 37 635; 38 636; 38 637; 39 638; 39 639; 40 640; 40 642; 41 643; 41 644; 42 645; 42 647; 43 648; 52 648; 53 647; 54 647; 55 646; 56 646; 57 645; 58 645; 59 644; 60 644; 61 643; 62 643; 62 634; 61 633; 61 631; 60 630; 60 626; 59 625; 59 624; 58 623; 58 622; 57 621; 57 620; 56 619; 56 618; 54 616
78; 504 628; 503 629; 494 629; 493 630; 490 630; 489 631; 486 631; 485 632; 484 632; 484 641; 485 642; 485 650; 486 651; 486 652; 487 653; 497 653; 498 652; 501 652; 502 651; 507 651; 508 650; 515 650; 516 649; 516 639; 515 638; 515 635; 514 634; 514 629; 513 628
79; 407 635; 405 637; 405 638; 399 644; 399 652; 401 652; 404 655; 404 656; 409 661; 410 661; 411 662; 413 662; 415 664; 424 664; 424 663; 425 662; 425 661; 428 658; 428 657; 430 655; 430 648; 431 647; 433 647; 430 647; 429 646; 428 646; 427 645; 426 645; 420 639; 419 639; 415 635
80; 446 633; 445 634; 444 634; 443 635; 442 635; 441 636; 440 636; 438 638; 437 638; 437 646; 436 647; 434 647; 437 647; 438 648; 438 649; 439 650; 439 653; 440 654; 440 656; 441 657; 441 658; 442 659; 442 660; 443 661; 443 663; 444 664; 456 664; 457 663; 459 663; 460 662; 461 662; 463 660; 464 660; 464 651; 463 650; 463 649; 462 648; 462 647; 461 646; 461 645; 460 644; 460 641; 459 640; 459 638; 458 637; 458 636; 457 635; 457 634; 456 633
81; 213 656; 209 660; 209 661; 206 664; 206 673; 213 680; 214 680; 219 685; 220 685; 221 686; 229 686; 229 685; 236 678; 236 670; 228 662; 227 662; 221 656
82; 637 657; 635 659; 635 661; 634 662; 634 663; 633 664; 633 665; 632 666; 632 676; 633 676; 634 677; 635 677; 636 678; 637 678; 640 681; 641 681; 643 683; 644 683; 645 684; 646 684; 647 685; 656 685; 660 681; 660 680; 661 679; 661 678; 662 677; 662 668; 661 667; 660 667; 659 666; 658 666; 654 662; 653 662; 651 660; 650 660; 648 658; 647 658; 646 657
83; 387 661; 385 663; 384 663; 379 668; 379 677; 381 679; 381 680; 383 682; 383 683; 391 691; 391 692; 399 692; 405 686; 406 686; 407 685; 407 676; 406 676; 404 674; 404 673; 403 672; 403 671; 399 667; 399 666; 397 664; 397 662; 396 661
84; 74 666; 73 667; 71 667; 70 668; 69 668; 68 669; 68 680; 69 681; 69 685; 70 686; 70 688; 71 689; 71 691; 72 692; 72 696; 74 698; 87 698; 88 697; 91 697; 92 696; 94 696; 94 692; 95 691; 95 687; 93 687; 92 686; 92 681; 91 680; 91 678; 90 677; 90 676; 89 675; 89 672; 88 671; 88 667; 87 666
85; 102 685; 101 686; 100 686; 99 687; 96 687; 96 691; 95 692; 95 696; 98 696; 99 697; 99 713; 101 715; 103 715; 104 716; 113 716; 114 715; 119 715; 121 713; 121 687; 119 685
86; 892 680; 892 681; 890 683; 890 684; 885 689; 885 697; 886 697; 891 702; 892 702; 894 704; 895 704; 899 708; 900 708; 901 709; 909 709; 912 706; 912 705; 914 703; 914 702; 916 700; 916 692; 915 691; 914 691; 909 686; 907 686; 904 683; 903 683; 900 680
87; 269 688; 268 689; 262 689; 261 690; 260 690; 260 701; 263 704; 264 704; 270 710; 270 711; 276 717; 276 718; 284 718; 284 717; 288 713; 289 713; 290 712; 292 712; 292 702; 284 694; 284 693; 281 690; 280 690; 278 688
88; 788 683; 787 684; 786 684; 785 685; 784 685; 783 686; 781 686; 780 687; 779 687; 778 688; 777 688; 776 689; 775 689; 774 690; 773 690; 772 691; 770 691; 770 700; 771 701; 771 702; 772 703; 772 704; 773 705; 773 706; 774 707; 774 708; 775 709; 775 710; 776 711; 777 711; 778 712; 779 712; 780 713; 782 713; 784 711; 791 711; 792 710; 796 710; 797 709; 798 709; 800 707; 800 692; 799 691; 799 689; 798 688; 798 687; 797 686; 797 685; 796 684; 796 683
89; 624 691; 622 693; 621 693; 618 696; 617 696; 616 697; 616 705; 618 707; 618 708; 622 712; 622 713; 624 715; 624 716; 625 717; 625 719; 627 721; 636 721; 639 718; 640 718; 644 714; 644 706; 642 704; 642 703; 640 701; 640 700; 638 698; 638 697; 636 695; 636 694; 633 691
90; 312 715; 311 716; 297 716; 297 733; 298 734; 298 736; 299 736; 300 737; 326 737; 327 736; 328 736; 328 735; 329 734; 329 718; 328 717; 328 716; 327 716; 326 715
91; 502 715; 501 716; 499 716; 498 717; 497 717; 497 718; 496 719; 496 729; 497 730; 497 743; 498 744; 498 745; 499 746; 515 746; 516 745; 518 745; 519 744; 519 718; 516 715
92; 69 708; 67 710; 66 710; 64 712; 63 712; 61 714; 60 714; 60 723; 62 725; 62 726; 66 730; 66 731; 67 732; 67 733; 68 734; 68 735; 69 736; 69 737; 70 738; 70 739; 80 739; 82 737; 83 737; 85 735; 86 735; 87 734; 88 734; 89 733; 89 725; 88 724; 88 723; 87 722; 87 721; 84 718; 84 717; 80 713; 80 712; 78 710; 78 709; 77 708
93; 801 707; 798 710; 797 710; 796 711; 792 711; 791 712; 784 712; 782 714; 783 715; 783 718; 784 719; 784 720; 785 721; 785 724; 786 725; 786 726; 787 727; 787 728; 788 729; 788 732; 790 734; 790 735; 791 736; 791 738; 792 739; 792 740; 803 740; 804 739; 806 739; 807 738; 808 738; 809 737; 810 737; 811 736; 811 725; 810 724; 810 723; 809 722; 809 721; 808 720; 808 719; 807 718; 807 717; 806 716; 806 712; 805 711; 805 710; 802 707
94; 192 729; 191 730; 191 731; 186 736; 185 736; 184 737; 184 745; 186 747; 186 748; 189 751; 189 752; 197 760; 207 760; 208 759; 208 758; 210 756; 210 755; 211 754; 211 753; 212 752; 212 743; 207 738; 207 737; 204 734; 204 733; 200 729
95; 357 739; 356 740; 356 741; 355 742; 355 744; 354 745; 354 746; 353 747; 353 748; 352 749; 352 759; 353 760; 358 760; 359 761; 360 761; 362 763; 364 763; 365 764; 366 764; 367 765; 372 765; 373 766; 381 766; 381 765; 382 764; 382 760; 383 759; 383 757; 384 756; 384 746; 383 745; 380 745; 379 744; 377 744; 376 743; 375 743; 374 742; 372 742; 371 741; 369 741; 368 740; 366 740; 365 739
96; 707 736; 702 741; 702 742; 699 745; 699 753; 701 753; 702 754; 703 754; 705 756; 705 757; 706 758; 707 758; 709 760; 709 765; 716 765; 717 766; 724 766; 726 764; 726 763; 728 761; 728 759; 729 758; 729 757; 730 756; 730 746; 729 746; 727 744; 726 744; 724 742; 723 742; 721 740; 720 740; 716 736
97; 660 762; 660 763; 658 765; 658 766; 657 767; 657 768; 656 769; 656 770; 655 771; 655 780; 656 780; 659 783; 660 783; 662 785; 663 785; 664 786; 665 786; 667 788; 668 788; 670 790; 680 790; 680 789; 681 788; 682 788; 683 787; 689 787; 690 786; 690 778; 689 777; 689 776; 685 772; 684 772; 683 771; 682 771; 681 770; 680 770; 678 768; 677 768; 673 764; 672 764; 671 763; 670 763; 669 762
98; 519 761; 514 766; 513 766; 510 769; 510 777; 511 777; 513 779; 514 779; 516 781; 516 782; 520 786; 520 787; 525 792; 533 792; 541 784; 541 776; 535 770; 535 769; 528 762; 528 761
99; 709 766; 709 767; 706 770; 706 771; 703 774; 703 775; 702 776; 702 777; 701 778; 701 786; 702 786; 703 787; 704 787; 707 790; 708 790; 709 791; 710 791; 713 794; 713 795; 714 796; 715 796; 716 797; 725 797; 727 795; 727 794; 732 789; 732 781; 731 780; 730 780; 724 774; 724 767; 717 767; 716 766
100; 994 777; 991 780; 991 798; 992 798; 993 799; 1002 799; 1003 800; 1014 800; 1015 801; 1023 801; 1023 778; 1020 778; 1019 777
101; 830 787; 829 788; 828 788; 828 789; 827 790; 827 802; 828 803; 828 808; 830 810; 838 810; 839 809; 843 809; 844 808; 857 808; 858 807; 858 788; 857 787
102; 243 788; 235 796; 235 805; 236 805; 237 806; 238 806; 239 807; 239 808; 240 809; 241 809; 246 814; 248 814; 249 815; 250 815; 251 816; 260 816; 260 815; 261 814; 261 813; 263 811; 263 810; 265 808; 265 799; 264 799; 261 796; 260 796; 255 791; 254 791; 251 788
103; 920 790; 919 791; 919 792; 917 794; 917 795; 916 796; 916 797; 914 799; 914 808; 915 809; 916 809; 918 811; 919 811; 921 813; 922 813; 923 814; 924 814; 925 815; 926 815; 927 816; 928 816; 929 817; 930 817; 932 819; 942 819; 943 818; 943 816; 944 815; 944 814; 945 813; 945 800; 944 799; 943 799; 942 798; 941 798; 939 796; 938 796; 937 795; 935 795; 934 794; 933 794; 929 790
104; 384 797; 381 800; 381 801; 377 805; 377 813; 388 824; 388 825; 389 826; 389 827; 398 827; 403 822; 404 822; 406 820; 406 811; 404 809; 404 808; 393 797
105; 717 805; 715 807; 715 808; 714 809; 714 810; 712 812; 712 813; 710 815; 710 823; 711 824; 712 824; 713 825; 715 825; 717 827; 718 827; 719 828; 720 828; 721 829; 723 829; 724 830; 725 830; 726 831; 728 831; 729 832; 730 832; 731 833; 739 833; 740 832; 740 831; 742 829; 742 827; 743 826; 743 813; 742 812; 741 812; 740 811; 737 811; 736 810; 735 810; 734 809; 732 809; 731 808; 730 808; 729 807; 728 807; 727 806; 726 806; 725 805
106; 946 813; 945 814; 945 815; 944 816; 944 818; 943 819; 943 830; 945 832; 946 832; 949 835; 950 835; 953 838; 954 838; 958 842; 967 842; 971 838; 972 838; 972 837; 973 836; 973 834; 974 833; 974 825; 970 821; 969 821; 967 819; 966 819; 962 815; 961 815; 959 813
107; 37 829; 35 831; 35 832; 32 835; 32 836; 30 838; 30 846; 32 848; 33 848; 36 851; 37 851; 39 853; 40 853; 41 854; 42 854; 43 855; 44 855; 46 857; 55 857; 60 852; 60 851; 61 850; 61 849; 62 848; 62 840; 60 838; 59 838; 58 837; 57 837; 55 835; 54 835; 53 834; 52 834; 50 832; 49 832; 46 829
108; 249 838; 244 843; 244 856; 247 859; 248 859; 249 860; 254 860; 255 861; 260 861; 261 862; 274 862; 274 859; 275 858; 275 856; 276 855; 276 853; 277 852; 277 844; 275 842; 274 842; 273 841; 270 841; 269 840; 263 840; 262 839; 260 839; 259 838
109; 915 864; 920 872; 929 872; 936 868; 945 865; 946 864; 946 854; 943 850; 940 843; 937 840
110; 937 840; 933 831; 931 829; 922 829; 921 830; 914 831; 913 832; 912 861; 915 864
111; 712 848; 711 849; 710 849; 709 850; 709 858; 710 859; 710 861; 711 862; 711 863; 712 864; 712 865; 714 867; 714 868; 715 869; 716 869; 717 870; 737 870; 738 869; 738 867; 739 866; 739 850; 737 848
112; 779 852; 775 856; 774 856; 771 859; 771 868; 772 869; 772 870; 778 876; 779 876; 783 880; 783 882; 791 882; 794 879; 795 879; 800 874; 800 866; 799 865; 798 865; 793 860; 793 859; 787 853; 787 852
113; 961 855; 960 856; 960 861; 959 862; 959 874; 961 876; 965 876; 966 877; 969 877; 970 878; 976 878; 977 879; 979 879; 980 880; 983 880; 984 881; 993 881; 993 873; 992 873; 990 871; 990 870; 989 869; 989 859; 988 859; 987 858; 982 858; 981 857; 979 857; 978 856; 975 856; 974 855
114; 137 854; 137 855; 133 859; 132 859; 129 862; 129 870; 131 872; 131 873; 133 875; 134 875; 139 880; 139 881; 142 884; 151 884; 153 882; 153 881; 157 877; 158 877; 158 868; 147 857; 147 856; 145 854
115; 566 861; 565 862; 565 868; 564 869; 564 881; 565 881; 566 882; 568 882; 569 883; 573 883; 574 884; 577 884; 578 885; 582 885; 583 886; 591 886; 591 885; 592 884; 592 883; 593 882; 593 880; 594 879; 594 877; 595 876; 595 867; 592 864; 590 864; 589 863; 579 863; 578 862; 576 862; 575 861
116; 439 869; 431 877; 431 886; 439 894; 440 894; 442 896; 442 897; 443 898; 443 899; 452 899; 453 898; 454 898; 456 896; 457 896; 459 894; 460 894; 461 893; 461 884; 456 879; 455 879; 454 878; 454 877; 452 875; 452 874; 447 869
117; 544 876; 543 877; 541 877; 540 878; 539 878; 538 879; 537 879; 536 880; 535 880; 534 881; 534 889; 535 890; 535 892; 536 893; 536 895; 537 896; 537 898; 538 899; 538 901; 539 902; 539 906; 541 908; 554 908; 555 909; 557 909; 558 908; 560 908; 560 896; 559 895; 559 890; 558 889; 558 885; 557 885; 556 884; 556 883; 554 881; 554 878; 553 877; 553 876
118; 280 878; 279 879; 278 879; 276 881; 275 881; 272 884; 272 893; 275 896; 275 897; 276 898; 276 899; 278 901; 278 902; 284 908; 292 908; 296 904; 297 904; 300 901; 301 901; 301 892; 294 885; 294 884; 288 878
119; 498 884; 497 885; 497 886; 495 888; 495 889; 494 890; 494 891; 493 892; 493 893; 492 894; 492 903; 493 903; 494 904; 495 904; 496 905; 497 905; 498 906; 499 906; 500 907; 501 907; 502 908; 503 908; 504 909; 505 909; 506 910; 507 910; 508 911; 509 911; 510 912; 518 912; 519 911; 519 910; 520 909; 520 908; 521 907; 521 906; 522 905; 522 904; 524 902; 524 894; 523 893; 522 893; 521 892; 520 892; 519 891; 518 891; 517 890; 516 890; 514 888; 513 888; 512 887; 511 887; 510 886; 508 886; 506 884
120; 669 899; 668 900; 668 901; 666 903; 666 904; 664 906; 664 907; 662 909; 662 917; 663 918; 664 918; 666 920; 667 920; 670 923; 671 923; 672 924; 673 924; 674 925; 675 925; 677 927; 678 927; 680 929; 688 929; 689 928; 689 927; 690 926; 690 925; 692 923; 692 911; 691 910; 691 909; 689 907; 688 907; 682 901; 679 901; 677 899
121; 317 907; 316 908; 316 909; 313 912; 313 913; 310 916; 310 924; 311 925; 312 925; 314 927; 315 927; 318 930; 319 930; 321 932; 322 932; 323 933; 325 933; 328 936; 336 936; 337 935; 337 934; 338 933; 338 932; 340 930; 340 929; 342 927; 342 918; 341 917; 340 917; 339 916; 338 916; 336 914; 335 914; 334 913; 333 913; 328 908; 327 908; 326 907
122; 8 926; 10 928; 10 934; 9 935; 0 935; 0 959; 9 959; 11 957; 11 956; 12 955; 12 933; 13 932
123; 13 932; 27 932; 28 931; 28 930; 29 929; 29 928; 31 926; 31 925; 32 924; 32 923; 33 922; 33 914; 32 913; 31 913; 30 912; 29 912; 26 909; 26 907; 25 906; 25 902; 10 902; 9 903; 8 903; 7 904; 7 906; 6 907; 6 908; 4 910; 4 911; 3 912; 0 912; 0 923; 3 923; 4 924; 5 924; 7 926; 8 926
124; 614 926; 614 927; 607 934; 607 943; 608 944; 609 944; 613 948; 614 948; 619 953; 620 953; 624 957; 632 957; 632 956; 634 954; 634 953; 637 950; 637 949; 639 947; 639 939; 635 935; 634 935; 633 934; 632 934; 631 933; 630 933; 625 928; 624 928; 622 926
125; 551 929; 544 929; 543 928; 531 928; 528 936; 528 947; 536 951; 542 952; 546 955; 554 955; 556 950; 561 945
126; 561 945; 571 944; 575 939; 576 914; 572 912; 561 911; 560 909; 555 910; 554 922; 551 929
127; 48 931; 47 932; 46 932; 45 933; 44 933; 43 934; 43 943; 44 944; 44 946; 45 947; 45 950; 46 951; 46 954; 61 954; 62 953; 65 953; 66 952; 67 952; 68 951; 68 942; 67 941; 63 941; 61 939; 61 932; 60 931
128; 264 942; 263 943; 263 962; 264 963; 265 963; 266 964; 267 964; 269 966; 270 966; 272 968; 274 968; 276 970; 278 970; 279 971; 280 971; 282 973; 290 973; 291 972; 291 971; 293 969; 293 968; 294 967; 294 966; 295 965; 295 964; 296 963; 296 953; 295 952; 293 952; 292 951; 290 951; 288 949; 287 949; 286 948; 285 948; 284 947; 283 947; 282 946; 281 946; 279 944; 278 944; 276 942
129; 699 950; 698 951; 698 952; 697 953; 697 959; 696 960; 696 971; 697 972; 698 972; 699 973; 706 973; 707 974; 710 974; 711 975; 712 975; 713 976; 713 977; 721 977; 722 976; 723 976; 724 975; 726 975; 726 974; 727 973; 727 954; 724 951; 710 951; 709 950
130; 215 969; 213 971; 213 974; 212 975; 212 981; 211 982; 211 990; 213 992; 216 992; 217 993; 220 993; 221 994; 222 994; 223 995; 226 995; 227 996; 238 996; 238 995; 239 994; 239 993; 240 992; 240 991; 241 990; 241 988; 242 987; 242 976; 241 975; 237 975; 236 974; 235 974; 234 973; 232 973; 231 972; 229 972; 228 971; 227 971; 226 970; 224 970; 223 969
131; 906 979; 904 981; 904 982; 899 987; 899 988; 898 989; 898 997; 899 997; 901 999; 902 999; 906 1003; 907 1003; 910 1006; 911 1006; 912 1007; 913 1007; 915 1009; 924 1009; 925 1008; 925 1007; 926 1006; 926 1005; 927 1004; 927 1003; 928 1002; 928 1001; 929 1000; 929 999; 930 998; 930 990; 929 990; 928 989; 927 989; 925 987; 924 987; 923 986; 922 986; 920 984; 919 984; 914 979
132; 71 988; 65 994; 65 995; 63 997; 63 1006; 65 1008; 66 1008; 69 1011; 70 1011; 71 1012; 71 1013; 74 1016; 75 1016; 78 1019; 86 1019; 88 1017; 88 1016; 91 1013; 91 1012; 94 1009; 94 1001; 90 997; 89 997; 85 993; 84 993; 79 988
133; 112 990; 111 991; 111 992; 109 994; 109 995; 108 996; 108 997; 107 998; 107 999; 105 1001; 105 1009; 106 1010; 107 1010; 108 1011; 109 1011; 110 1012; 111 1012; 114 1015; 115 1015; 116 1016; 117 1016; 118 1017; 119 1017; 122 1020; 122 1023; 130 1023; 130 1020; 132 1018; 132 1016; 133 1015; 133 1014; 134 1013; 134 1012; 135 1011; 135 1009; 136 1008; 136 999; 135 999; 134 998; 132 998; 131 997; 129 997; 126 994; 125 994; 122 991; 121 991; 120 990
134; 1005 992; 1005 993; 1004 994; 1004 995; 1003 996; 1003 997; 1002 998; 1002 999; 1000 1001; 1000 1010; 1003 1013; 1004 1013; 1005 1014; 1007 1014; 1008 1015; 1009 1015; 1010 1016; 1011 1016; 1013 1018; 1014 1018; 1015 1019; 1016 1019; 1017 1020; 1017 1023; 1023 1023; 1023 995; 1020 995; 1019 994; 1017 994; 1016 993; 1015 993; 1014 992
