0; 479 0; 479 19; 480 20; 480 23; 481 24; 481 28; 484 31; 484 33; 493 33; 494 32; 496 32; 497 31; 502 31; 503 30; 504 30; 506 28; 507 28; 509 26; 510 26; 511 25; 512 25; 513 24; 515 24; 516 23; 528 23; 528 13; 527 12; 527 10; 526 9; 526 7; 525 6; 525 5; 524 4; 524 0
1; 361 0; 361 6; 362 7; 362 8; 363 9; 363 10; 367 14; 367 15; 368 16; 368 17; 369 18; 369 20; 370 21; 370 22; 372 24; 372 25; 373 26; 373 27; 374 28; 374 31; 375 32; 375 34; 376 35; 376 36; 378 38; 378 39; 381 42; 389 42; 390 41; 394 41; 395 40; 398 40; 398 37; 399 36; 399 35; 401 33; 404 33; 405 32; 406 32; 407 31; 407 23; 405 21; 405 20; 401 16; 401 15; 400 14; 400 13; 399 12; 399 10; 398 9; 398 6; 397 5; 397 0
2; 200 21; 199 22; 197 22; 196 23; 195 23; 194 24; 191 24; 190 25; 187 25; 186 26; 179 26; 178 27; 176 27; 175 28; 174 28; 173 29; 172 29; 171 30; 170 30; 168 32; 168 41; 169 42; 169 46; 170 47; 171 47; 172 48; 172 49; 173 50; 173 59; 181 59; 182 58; 185 58; 186 57; 191 57; 192 56; 193 56; 194 55; 195 55; 196 54; 198 54; 199 53; 205 53; 206 52; 215 52; 215 48; 216 47; 216 37; 213 34; 213 33; 212 32; 212 23; 210 21
3; 239 22; 236 25; 236 26; 230 32; 229 32; 228 33; 227 33; 226 34; 225 34; 225 49; 226 49; 230 53; 230 54; 232 56; 233 56; 238 61; 238 62; 239 63; 240 63; 247 70; 247 71; 249 73; 257 73; 257 72; 259 70; 259 69; 263 65; 263 64; 265 62; 265 61; 268 58; 268 49; 262 43; 262 42; 255 35; 255 34; 254 33; 254 32; 253 31; 253 30; 251 28; 251 27; 248 24; 248 23; 247 22
4; 846 37; 836 47; 835 47; 834 48; 833 48; 831 50; 830 50; 830 59; 831 60; 831 61; 832 62; 832 63; 835 66; 835 67; 842 74; 842 75; 843 76; 843 77; 844 78; 844 79; 845 80; 845 81; 847 83; 847 84; 848 85; 848 86; 849 87; 849 88; 857 88; 858 87; 858 86; 862 82; 863 82; 868 77; 869 77; 872 74; 872 65; 870 63; 870 62; 867 59; 867 58; 865 56; 865 55; 863 53; 863 51; 862 50; 862 48; 861 47; 861 46; 860 45; 860 44; 858 42; 858 41; 854 37
5; 505 39; 504 40; 503 40; 502 41; 500 41; 499 42; 493 42; 492 43; 491 43; 490 44; 488 44; 487 45; 482 45; 481 46; 478 46; 477 47; 477 52; 476 53; 476 70; 478 72; 478 73; 479 74; 479 76; 481 78; 482 78; 483 79; 493 79; 500 72; 501 72; 502 71; 504 71; 505 70; 519 70; 520 69; 520 52; 521 51; 521 39
6; 754 48; 752 50; 752 52; 751 53; 751 56; 750 57; 750 58; 746 62; 745 62; 744 63; 744 71; 745 72; 745 73; 746 74; 746 75; 748 77; 749 77; 751 79; 759 79; 759 75; 761 73; 767 73; 768 74; 769 74; 771 76; 771 69; 772 68; 772 66; 774 64; 774 57; 770 53; 770 52; 767 49; 766 49; 765 48
7; 801 48; 796 53; 796 58; 795 59; 795 61; 794 62; 794 67; 793 68; 787 68; 785 66; 784 66; 782 64; 775 64; 773 66; 773 68; 772 69; 772 77; 773 77; 776 80; 777 80; 780 83; 781 83; 784 86; 784 87; 787 90; 796 90; 797 89; 797 88; 798 87; 798 86; 799 85; 799 84; 800 83; 800 81; 801 80; 801 79; 802 78; 802 76; 803 75; 803 74; 804 73; 804 72; 806 70; 807 70; 808 69; 808 65; 809 64; 809 63; 810 62; 810 61; 812 59; 812 50; 811 50; 809 48
8; 538 77; 537 78; 532 78; 531 79; 529 79; 528 80; 527 80; 526 81; 525 81; 524 82; 521 82; 520 83; 517 83; 516 84; 511 84; 510 85; 506 85; 506 104; 507 105; 508 105; 509 106; 509 107; 510 108; 510 115; 511 116; 511 117; 519 117; 520 116; 521 116; 522 115; 523 115; 524 114; 526 114; 527 113; 528 113; 529 112; 530 112; 532 110; 533 110; 534 109; 535 109; 536 108; 540 108; 541 107; 545 107; 546 106; 552 106; 552 89; 551 88; 551 79; 549 77
9; 824 88; 824 89; 823 90; 822 90; 821 91; 820 91; 818 93; 817 93; 816 94; 815 94; 813 96; 812 96; 811 97; 809 97; 808 98; 805 98; 804 99; 803 99; 802 100; 793 100; 793 110; 794 111; 794 112; 795 113; 795 114; 796 115; 796 116; 797 117; 797 121; 798 122; 798 126; 799 127; 799 128; 809 128; 810 127; 811 127; 812 126; 813 126; 814 125; 815 125; 816 124; 832 124; 833 123; 835 123; 836 122; 838 122; 839 121; 840 121; 840 112; 839 111; 839 109; 837 107; 837 106; 836 106; 835 105; 835 97; 836 96; 836 88
10; 765 145; 763 147; 762 147; 761 148; 756 148; 755 149; 754 149; 753 150; 753 162; 752 163; 750 163; 750 177; 754 177; 755 178; 755 183; 756 184; 756 190; 757 190; 758 191; 758 193; 767 193; 768 192; 773 192; 774 191; 776 191; 777 190; 784 190; 785 189; 786 189; 786 180; 784 178; 784 173; 783 172; 783 171; 782 170; 782 168; 781 167; 781 166; 780 165; 780 160; 779 159; 779 156; 778 155; 778 152; 777 151; 777 146; 776 145
11; 732 158; 731 159; 724 159; 723 160; 723 161; 722 162; 722 164; 718 168; 717 168; 716 169; 715 169; 715 178; 716 179; 716 180; 717 181; 717 183; 718 184; 718 185; 719 186; 719 187; 723 191; 723 192; 724 193; 724 194; 726 196; 726 197; 727 198; 727 199; 728 200; 728 202; 729 203; 729 212; 738 212; 741 209; 742 209; 746 205; 746 204; 749 201; 750 201; 750 192; 749 192; 747 190; 747 189; 745 187; 745 179; 747 177; 749 177; 749 163; 745 163; 741 159; 741 158
12; 24 190; 22 192; 22 193; 20 195; 20 196; 19 197; 18 197; 16 199; 15 199; 13 201; 12 201; 9 204; 9 212; 12 215; 12 216; 14 218; 14 219; 16 221; 16 222; 17 223; 17 229; 18 230; 18 231; 19 232; 19 233; 21 235; 21 236; 24 239; 24 240; 25 241; 34 241; 35 240; 43 240; 44 239; 44 235; 47 232; 48 232; 49 231; 51 231; 52 230; 52 222; 45 215; 45 214; 43 212; 43 210; 41 208; 41 207; 38 204; 38 203; 35 200; 35 199; 34 198; 34 196; 33 195; 33 190
13; 536 218; 535 219; 533 219; 532 220; 530 220; 529 221; 528 221; 527 222; 524 222; 523 223; 512 223; 511 224; 503 224; 502 225; 501 225; 500 226; 500 235; 502 237; 502 238; 503 239; 503 244; 504 245; 504 246; 506 248; 506 251; 507 252; 507 254; 508 255; 516 255; 517 254; 518 254; 519 253; 520 253; 521 252; 522 252; 523 251; 527 251; 528 250; 544 250; 545 249; 547 249; 548 248; 549 248; 549 237; 548 236; 548 234; 546 232; 546 220; 544 218
14; 1016 233; 1014 235; 1013 235; 1010 238; 1009 238; 1008 239; 1007 239; 1006 240; 1003 240; 1002 241; 999 241; 998 242; 994 242; 993 243; 992 243; 991 244; 990 244; 989 245; 988 245; 984 249; 984 258; 985 258; 986 259; 987 259; 991 263; 991 265; 992 266; 992 268; 993 269; 993 272; 994 273; 1002 273; 1003 272; 1004 272; 1008 268; 1009 268; 1010 267; 1011 267; 1012 266; 1014 266; 1015 265; 1018 265; 1019 264; 1023 264; 1023 233
15; 267 272; 266 273; 263 273; 261 275; 260 275; 259 276; 259 277; 258 278; 257 278; 257 287; 258 288; 258 289; 260 291; 260 305; 280 305; 281 306; 285 306; 286 307; 287 307; 288 308; 290 308; 291 309; 292 309; 293 310; 301 310; 302 309; 302 297; 303 296; 303 295; 304 294; 304 293; 305 292; 305 283; 303 281; 295 281; 294 280; 291 280; 290 279; 288 279; 287 278; 285 278; 284 277; 283 277; 282 276; 281 276; 279 274; 278 274; 277 273; 276 273; 275 272
16; 623 286; 622 287; 622 288; 620 290; 619 290; 617 292; 616 292; 614 294; 613 294; 610 297; 609 297; 604 302; 603 302; 602 303; 601 303; 600 304; 594 304; 594 312; 599 317; 599 318; 600 319; 600 321; 601 322; 601 323; 605 327; 605 328; 606 329; 614 329; 617 326; 618 326; 620 324; 621 324; 623 322; 624 322; 626 320; 627 320; 628 319; 631 319; 632 318; 633 318; 634 317; 636 317; 637 316; 638 316; 639 315; 643 315; 644 314; 644 306; 645 305; 645 303; 647 301; 648 301; 648 293; 636 293; 635 292; 634 292; 633 291; 633 289; 632 288; 632 286
17; 536 276; 533 279; 533 280; 531 282; 530 282; 529 283; 528 283; 526 285; 525 285; 524 286; 519 286; 519 295; 521 297; 521 298; 522 299; 522 300; 523 301; 523 309; 524 310; 524 313; 525 314; 525 316; 526 317; 526 320; 527 321; 527 324; 528 325; 528 327; 530 329; 533 329; 534 330; 543 330; 544 329; 545 329; 545 328; 549 324; 550 324; 551 323; 555 323; 556 322; 557 322; 558 321; 558 307; 557 306; 557 303; 555 301; 555 300; 553 298; 553 297; 552 296; 552 295; 551 294; 551 292; 550 291; 550 289; 549 288; 549 286; 548 285; 548 276
18; 916 316; 915 317; 914 317; 913 318; 912 318; 911 319; 910 319; 909 320; 907 320; 906 321; 904 321; 903 322; 895 322; 894 323; 892 323; 891 324; 888 324; 887 325; 885 325; 884 326; 883 326; 882 327; 881 327; 881 342; 882 343; 883 343; 887 347; 887 356; 898 356; 901 353; 902 353; 903 352; 904 352; 905 351; 906 351; 907 350; 908 350; 909 349; 910 349; 911 348; 913 348; 914 347; 916 347; 917 346; 919 346; 920 345; 923 345; 924 344; 929 344; 929 335; 928 334; 928 332; 927 331; 927 329; 926 328; 926 327; 924 325; 924 316
19; 107 379; 106 380; 106 383; 105 384; 105 385; 101 389; 99 389; 98 390; 97 390; 97 393; 96 394; 96 395; 94 397; 94 405; 95 406; 95 407; 96 407; 98 409; 99 409; 100 410; 102 410; 103 411; 104 411; 105 412; 107 412; 108 413; 110 413; 111 414; 113 414; 114 415; 115 415; 116 416; 117 416; 118 417; 119 417; 120 418; 121 418; 128 425; 137 425; 137 424; 138 423; 138 422; 140 420; 140 419; 141 418; 141 417; 142 416; 142 414; 143 413; 143 410; 144 409; 144 408; 145 407; 145 398; 144 398; 143 397; 141 397; 140 396; 138 396; 137 395; 136 395; 135 394; 134 394; 127 387; 126 387; 125 386; 124 386; 119 381; 118 381; 116 379
20; 625 417; 624 418; 624 419; 623 420; 623 421; 622 422; 622 423; 621 424; 621 425; 620 426; 620 427; 619 428; 619 438; 622 441; 635 441; 636 440; 636 439; 637 438; 637 437; 638 436; 638 435; 639 434; 639 432; 640 431; 640 421; 639 421; 638 420; 637 420; 636 419; 635 419; 633 417
21; 811 457; 810 458; 798 458; 798 477; 797 478; 797 494; 796 495; 796 500; 795 501; 794 501; 794 503; 799 503; 800 504; 813 504; 814 505; 823 505; 825 503; 825 486; 826 485; 826 484; 827 483; 827 482; 830 479; 831 479; 832 478; 832 477; 833 476; 833 474; 834 473; 834 464; 832 462; 831 462; 830 461; 827 461; 826 460; 823 460; 820 457
22; 986 452; 985 453; 984 453; 982 455; 981 455; 980 456; 979 456; 978 457; 977 457; 976 458; 973 458; 972 459; 967 459; 966 460; 964 460; 963 461; 960 461; 959 462; 957 462; 956 463; 954 463; 953 464; 952 464; 952 472; 953 473; 953 475; 954 476; 954 479; 955 480; 955 482; 956 483; 956 484; 957 485; 957 489; 958 490; 958 492; 959 493; 969 493; 970 492; 971 492; 973 490; 974 490; 977 487; 978 487; 979 486; 980 486; 982 484; 983 484; 984 483; 985 483; 986 482; 987 482; 988 481; 990 481; 991 480; 996 480; 997 479; 998 479; 998 470; 997 469; 997 467; 996 466; 996 460; 995 459; 995 457; 994 456; 994 452
23; 164 490; 163 491; 162 491; 160 493; 159 493; 157 495; 156 495; 153 498; 151 498; 150 499; 148 499; 147 500; 146 500; 145 501; 144 501; 143 502; 142 502; 140 504; 139 504; 138 505; 137 505; 136 506; 135 506; 134 507; 134 518; 136 520; 136 521; 138 523; 138 526; 146 526; 150 522; 151 522; 152 521; 154 521; 155 520; 157 520; 158 519; 159 519; 160 518; 162 518; 163 517; 167 517; 168 516; 169 516; 170 515; 171 515; 174 512; 175 512; 177 510; 178 510; 178 509; 179 508; 179 499; 178 498; 178 497; 177 496; 177 495; 176 494; 176 493; 175 492; 175 491; 174 490
24; 883 508; 882 509; 882 522; 880 524; 880 533; 882 535; 883 535; 884 536; 895 536; 896 535; 896 530; 897 529; 897 526; 900 523; 901 523; 902 522; 909 522; 909 514; 908 514; 907 513; 906 513; 905 512; 899 512; 898 511; 896 511; 895 510; 894 510; 893 509; 892 509; 891 508
25; 775 491; 775 501; 776 502; 776 503; 777 504; 777 506; 778 507; 778 509; 779 510; 779 516; 777 518; 768 518; 768 526; 769 527; 769 528; 770 529; 770 530; 771 531; 771 533; 772 534; 772 542; 773 543; 781 543; 785 539; 785 538; 787 536; 788 536; 790 534; 791 534; 793 532; 795 532; 796 531; 798 531; 799 530; 799 521; 797 519; 797 518; 792 513; 792 512; 791 511; 791 504; 792 503; 793 503; 793 501; 789 501; 788 500; 788 499; 787 498; 787 496; 786 495; 786 494; 785 493; 785 492; 784 491
26; 31 496; 31 498; 30 499; 30 502; 29 503; 29 504; 28 505; 28 508; 27 509; 27 510; 26 511; 26 512; 25 513; 25 514; 23 516; 23 517; 21 519; 21 521; 18 524; 18 525; 16 527; 15 527; 15 535; 16 535; 17 536; 23 536; 24 537; 25 537; 26 538; 28 538; 30 540; 32 540; 33 541; 43 541; 43 539; 44 538; 44 536; 45 535; 45 533; 47 531; 47 530; 48 529; 48 527; 49 526; 49 524; 50 523; 50 522; 55 517; 55 516; 57 514; 57 513; 58 512; 58 503; 57 503; 55 501; 55 499; 53 497; 41 497; 40 496
27; 418 514; 418 517; 417 518; 417 522; 416 523; 416 524; 410 530; 410 531; 409 532; 409 541; 410 541; 411 542; 412 542; 413 543; 414 543; 415 544; 416 544; 417 545; 417 546; 418 547; 419 547; 420 548; 429 548; 430 549; 431 549; 432 550; 432 551; 433 552; 433 555; 451 555; 451 549; 452 548; 452 547; 454 545; 456 545; 456 536; 455 535; 454 535; 450 531; 449 531; 447 529; 446 529; 441 524; 439 524; 438 523; 437 523; 436 522; 435 522; 433 520; 432 520; 430 518; 429 518; 428 517; 428 516; 426 514
28; 518 529; 517 530; 515 530; 514 531; 513 531; 512 532; 509 532; 508 533; 507 533; 505 535; 504 535; 503 536; 502 536; 501 537; 499 537; 498 538; 495 538; 494 539; 491 539; 490 540; 483 540; 483 548; 484 549; 484 554; 485 555; 485 556; 486 557; 487 557; 489 559; 489 567; 499 567; 500 566; 517 566; 518 565; 519 565; 520 564; 521 564; 522 563; 524 563; 525 562; 531 562; 532 561; 533 561; 534 560; 534 543; 533 543; 531 541; 531 540; 526 535; 526 529
29; 243 526; 242 527; 242 530; 241 531; 241 533; 240 534; 240 536; 239 537; 239 543; 237 545; 237 546; 236 547; 236 548; 233 551; 233 552; 231 554; 231 555; 230 556; 230 568; 231 569; 232 569; 233 570; 234 570; 235 571; 236 571; 237 572; 238 572; 239 573; 240 573; 242 575; 243 575; 244 576; 258 576; 259 575; 259 570; 260 569; 260 565; 261 564; 261 562; 262 561; 262 557; 263 556; 263 552; 264 551; 264 548; 265 547; 265 546; 266 545; 266 543; 267 542; 267 541; 268 540; 268 531; 267 531; 266 530; 265 530; 264 529; 263 529; 261 527; 253 527; 252 526
30; 943 560; 943 561; 942 562; 942 563; 941 564; 941 565; 940 566; 940 567; 939 568; 939 571; 938 572; 938 576; 937 577; 937 578; 936 579; 936 580; 934 582; 934 583; 928 589; 928 597; 929 598; 930 598; 932 600; 933 600; 934 601; 936 601; 940 605; 940 606; 941 607; 941 608; 942 609; 943 609; 945 611; 954 611; 954 610; 955 609; 955 602; 956 601; 956 600; 957 599; 957 598; 958 597; 958 596; 960 594; 960 593; 961 592; 961 591; 962 590; 962 589; 963 588; 963 587; 965 585; 965 584; 966 583; 967 583; 967 582; 968 581; 969 581; 969 579; 970 578; 970 568; 969 567; 968 567; 967 566; 967 565; 966 565; 963 562; 954 562; 952 560
31; 834 681; 833 682; 833 683; 829 687; 829 695; 828 696; 828 699; 827 700; 827 704; 826 705; 826 707; 825 708; 825 710; 824 711; 824 713; 823 714; 823 715; 822 716; 822 717; 821 718; 821 719; 820 720; 820 730; 830 730; 831 731; 833 731; 835 733; 836 733; 837 734; 847 734; 847 733; 848 732; 848 729; 849 728; 849 727; 850 726; 850 724; 851 723; 851 715; 852 714; 852 712; 853 711; 853 710; 855 708; 855 707; 856 706; 856 705; 858 703; 858 702; 859 701; 859 693; 858 692; 855 692; 854 691; 853 691; 852 690; 851 690; 847 686; 847 685; 845 683; 845 682; 844 681
32; 457 698; 456 699; 456 700; 455 701; 455 702; 451 706; 451 714; 452 715; 452 716; 455 719; 456 719; 458 721; 459 721; 462 724; 470 724; 470 717; 472 715; 472 707; 471 706; 471 703; 470 702; 470 698
33; 765 687; 765 688; 764 689; 763 689; 763 690; 761 692; 761 694; 760 695; 760 696; 757 699; 756 699; 752 703; 752 711; 755 714; 755 715; 761 721; 762 721; 767 726; 767 727; 774 734; 774 735; 775 736; 783 736; 786 733; 791 733; 791 726; 792 725; 792 724; 793 723; 794 723; 795 722; 796 722; 797 721; 797 712; 792 707; 791 707; 790 706; 789 706; 787 704; 786 704; 775 693; 775 692; 774 691; 774 690; 773 689; 773 687
34; 1013 702; 1012 703; 1011 703; 1008 706; 998 706; 998 710; 997 711; 997 713; 995 715; 993 715; 993 724; 995 726; 995 727; 996 728; 996 729; 999 732; 999 733; 1003 737; 1003 738; 1005 740; 1005 741; 1007 743; 1007 744; 1008 745; 1008 746; 1009 747; 1009 748; 1010 749; 1010 751; 1011 752; 1011 754; 1023 754; 1023 702
35; 878 716; 877 717; 876 717; 875 718; 874 718; 871 721; 870 721; 868 723; 867 723; 865 725; 864 725; 863 726; 862 726; 861 727; 860 727; 860 735; 861 736; 861 737; 862 738; 862 739; 863 740; 863 741; 864 742; 864 743; 865 744; 865 745; 866 746; 866 747; 867 748; 867 757; 868 758; 868 759; 869 760; 869 761; 870 762; 870 764; 871 765; 890 765; 890 764; 892 762; 892 761; 894 759; 896 759; 897 758; 899 758; 900 757; 901 757; 901 748; 897 744; 897 743; 895 741; 895 740; 894 739; 894 738; 892 736; 892 735; 891 734; 891 732; 890 731; 890 729; 889 728; 889 725; 888 724; 888 722; 887 721; 887 716
36; 897 773; 896 774; 896 775; 894 777; 894 778; 892 780; 892 781; 889 784; 888 784; 887 785; 886 785; 885 786; 884 786; 883 787; 883 789; 884 790; 884 796; 885 797; 885 803; 886 804; 892 804; 897 809; 897 810; 899 812; 899 813; 900 814; 900 815; 907 822; 907 823; 915 823; 915 822; 917 820; 918 820; 919 819; 920 819; 921 818; 922 818; 923 817; 924 817; 926 815; 926 812; 927 811; 927 809; 930 806; 930 798; 929 797; 928 797; 927 796; 926 796; 919 789; 919 788; 918 788; 914 784; 913 784; 910 781; 910 780; 909 779; 909 778; 907 776; 907 775; 906 774; 906 773
37; 864 789; 863 790; 862 790; 858 794; 858 795; 853 800; 853 801; 852 802; 852 803; 849 806; 848 806; 845 809; 844 809; 842 811; 841 811; 839 813; 839 821; 842 824; 842 825; 843 825; 844 826; 844 827; 847 830; 847 831; 848 832; 848 834; 849 835; 849 837; 850 838; 850 839; 858 839; 858 835; 859 834; 859 833; 868 824; 869 824; 871 822; 872 822; 873 821; 874 821; 876 819; 877 819; 881 815; 882 815; 883 814; 884 814; 885 813; 885 804; 884 803; 884 797; 883 796; 883 790; 882 789; 881 790; 874 790; 873 789
38; 378 821; 377 822; 376 822; 374 824; 373 824; 371 826; 370 826; 368 828; 367 828; 366 829; 364 829; 363 830; 356 830; 355 831; 353 831; 352 832; 349 832; 348 833; 343 833; 342 834; 342 842; 343 843; 343 847; 344 848; 344 849; 345 850; 345 851; 346 852; 346 855; 347 856; 347 858; 348 859; 356 859; 357 858; 365 858; 366 857; 387 857; 388 856; 389 856; 392 853; 392 836; 387 831; 387 830; 386 829; 386 821
39; 953 865; 953 878; 952 879; 952 886; 951 887; 951 891; 950 892; 950 896; 949 897; 949 900; 948 901; 948 909; 965 909; 966 910; 976 910; 977 909; 977 895; 978 894; 978 892; 979 891; 979 890; 980 889; 980 888; 981 887; 981 885; 982 884; 982 881; 983 880; 983 868; 981 868; 980 867; 966 867; 965 866; 963 866; 962 865
40; 729 890; 728 891; 726 891; 725 892; 724 892; 723 893; 722 893; 721 894; 719 894; 718 895; 714 895; 713 896; 712 896; 711 897; 710 897; 709 898; 708 898; 707 899; 696 899; 696 907; 697 908; 697 910; 698 911; 698 912; 699 913; 699 914; 700 915; 700 918; 701 919; 701 920; 702 921; 702 924; 703 925; 703 926; 705 928; 713 928; 714 927; 716 927; 717 926; 718 926; 719 925; 720 925; 721 924; 728 924; 731 921; 732 921; 733 920; 736 920; 737 919; 738 919; 739 918; 740 918; 742 916; 743 916; 744 915; 744 905; 743 904; 743 896; 740 893; 740 891; 739 890
41; 207 894; 202 899; 202 900; 201 901; 201 902; 200 903; 200 905; 195 910; 195 919; 197 921; 198 921; 199 922; 199 923; 204 928; 204 929; 205 930; 205 937; 208 940; 209 940; 210 941; 211 941; 214 944; 224 944; 240 928; 240 920; 239 919; 238 919; 234 915; 234 914; 223 903; 223 902; 221 900; 221 899; 217 895; 216 895; 215 894
42; 979 932; 974 937; 974 938; 973 939; 972 939; 971 940; 970 940; 967 943; 967 944; 965 946; 965 954; 968 954; 969 955; 970 955; 971 956; 972 956; 976 960; 976 961; 981 966; 982 966; 990 974; 990 975; 992 977; 1000 977; 1001 976; 1001 974; 1002 973; 1002 972; 1004 970; 1005 970; 1006 969; 1007 969; 1008 968; 1009 968; 1012 965; 1012 964; 1013 963; 1013 953; 1004 944; 1003 944; 1002 943; 1001 943; 1000 942; 999 942; 997 940; 996 940; 995 939; 994 939; 987 932
43; 194 938; 192 940; 191 940; 191 941; 190 942; 190 945; 189 946; 189 947; 188 948; 187 948; 181 954; 181 963; 183 965; 184 965; 190 971; 191 971; 193 973; 194 973; 198 977; 198 978; 199 979; 199 980; 200 981; 200 982; 205 987; 205 988; 213 988; 215 986; 216 986; 217 985; 222 985; 222 977; 226 973; 227 973; 228 972; 228 964; 227 963; 226 963; 223 960; 222 960; 215 953; 215 952; 214 951; 214 945; 211 942; 210 942; 209 941; 208 941; 205 938
44; 924 965; 924 966; 923 967; 923 971; 922 972; 922 974; 921 975; 921 976; 920 977; 920 978; 919 979; 919 981; 918 982; 918 983; 917 984; 917 985; 916 986; 916 996; 915 997; 915 998; 914 999; 914 1009; 919 1009; 920 1010; 921 1010; 922 1011; 926 1011; 927 1012; 931 1012; 932 1013; 941 1013; 942 1012; 942 1008; 943 1007; 943 1003; 944 1002; 944 1000; 945 999; 945 998; 946 997; 946 995; 947 994; 947 993; 948 992; 948 991; 949 990; 949 989; 950 988; 950 987; 951 986; 951 983; 952 982; 952 972; 949 969; 948 969; 947 968; 946 968; 943 965
45; 885 996; 885 987; 878 979; 877 971; 868 970; 862 974; 856 975; 856 985; 846 993; 844 1000; 844 1010
46; 844 1010; 850 1017; 850 1023; 894 1023; 894 1020; 901 1013; 901 1005; 892 1005; 885 996
