0; 217 0; 217 5; 218 6; 218 22; 219 23; 219 25; 220 26; 220 28; 221 29; 221 33; 222 34; 222 44; 230 44; 232 42; 233 42; 234 41; 235 41; 237 39; 238 39; 239 38; 241 38; 242 37; 244 37; 245 36; 246 36; 247 35; 248 35; 253 30; 253 21; 252 20; 252 14; 251 13; 251 0
1; 615 0; 615 4; 616 4; 620 8; 620 9; 621 10; 621 12; 622 13; 622 15; 623 16; 623 18; 624 19; 624 20; 632 20; 633 19; 634 19; 636 17; 637 17; 641 13; 641 12; 645 8; 646 8; 649 5; 650 5; 651 4; 651 0
2; 929 0; 929 8; 935 14; 936 14; 938 16; 939 16; 940 17; 941 17; 944 20; 952 20; 954 18; 954 17; 955 16; 955 15; 956 14; 956 13; 957 12; 957 11; 959 9; 959 8; 963 4; 964 4; 964 0
3; 857 36; 856 37; 855 37; 854 38; 852 38; 851 39; 850 39; 849 40; 845 40; 844 41; 837 41; 836 42; 830 42; 829 43; 822 43; 821 44; 820 44; 818 46; 818 60; 821 60; 822 61; 825 61; 826 60; 843 60; 844 61; 844 64; 850 64; 851 65; 857 65; 857 62; 861 58; 861 52; 862 51; 862 48; 864 46; 864 45; 865 44; 865 36
4; 674 41; 671 44; 671 45; 670 46; 670 47; 663 54; 663 55; 657 61; 657 69; 658 70; 659 70; 660 71; 661 71; 663 73; 664 73; 668 77; 669 77; 670 78; 670 80; 671 81; 671 84; 673 86; 673 87; 674 87; 676 89; 685 89; 686 88; 686 87; 689 84; 690 84; 691 83; 693 83; 694 82; 698 82; 698 75; 703 70; 704 70; 704 61; 700 57; 699 57; 698 56; 697 56; 695 54; 694 54; 691 51; 690 51; 683 44; 683 43; 682 42; 682 41
5; 815 100; 820 105; 820 112; 832 112; 845 99; 861 87; 867 85; 867 76; 859 72; 857 66; 844 65; 843 70; 837 76; 829 77
6; 829 77; 825 62; 810 62; 804 57; 803 52; 794 52; 781 73; 781 83; 788 88; 788 95; 795 102; 815 100
7; 423 71; 422 72; 421 72; 421 73; 420 74; 420 75; 419 76; 419 77; 415 81; 414 81; 412 83; 411 83; 410 84; 409 84; 404 89; 404 97; 410 103; 410 104; 411 105; 411 107; 412 108; 412 117; 413 118; 413 119; 415 121; 415 122; 423 122; 424 121; 425 121; 426 120; 427 120; 429 118; 440 118; 441 117; 442 117; 444 115; 444 114; 445 113; 445 112; 446 111; 446 108; 447 107; 447 99; 441 93; 441 92; 440 91; 440 89; 439 88; 439 85; 438 84; 438 82; 437 81; 437 80; 436 79; 436 78; 435 77; 435 76; 434 75; 434 74; 432 72; 432 71
8; 758 88; 754 92; 754 93; 750 97; 750 98; 749 99; 749 100; 748 101; 748 102; 747 103; 747 104; 745 106; 745 114; 746 115; 747 115; 748 116; 749 116; 750 117; 752 117; 753 118; 754 118; 755 119; 756 119; 757 120; 758 120; 764 126; 765 126; 766 127; 767 127; 768 128; 769 128; 770 129; 783 129; 786 126; 786 119; 787 118; 787 114; 788 113; 788 112; 790 110; 790 109; 795 104; 795 103; 787 95; 780 95; 779 94; 776 94; 775 93; 774 93; 772 91; 771 91; 768 88
9; 902 99; 901 100; 878 100; 877 101; 875 101; 873 103; 873 104; 872 105; 872 107; 871 108; 871 110; 865 116; 865 124; 866 125; 866 126; 867 127; 867 130; 868 131; 884 131; 885 130; 891 130; 892 129; 899 129; 900 128; 911 128; 912 127; 913 127; 915 125; 915 111; 916 110; 916 99
10; 254 129; 251 132; 251 133; 250 134; 239 134; 238 133; 229 133; 228 134; 219 134; 218 133; 202 133; 201 134; 200 134; 200 135; 199 136; 199 138; 198 139; 198 149; 210 149; 213 152; 213 160; 214 161; 214 162; 215 163; 232 163; 233 162; 235 162; 239 158; 239 155; 240 154; 240 151; 243 148; 252 148; 253 147; 254 147; 261 140; 261 138; 262 137; 262 129
11; 371 163; 370 164; 365 164; 364 165; 351 165; 350 166; 337 166; 334 169; 334 186; 333 187; 333 189; 332 190; 332 198; 352 198; 353 199; 365 199; 366 198; 369 198; 370 197; 372 197; 373 196; 375 196; 378 193; 378 192; 379 191; 379 190; 381 188; 381 187; 382 186; 383 186; 383 178; 382 177; 382 163
12; 282 163; 278 167; 277 167; 275 169; 274 169; 273 170; 272 170; 271 171; 270 171; 269 172; 268 172; 264 176; 263 176; 262 177; 261 177; 260 178; 259 178; 258 179; 257 179; 256 180; 255 180; 254 181; 253 181; 252 182; 251 182; 247 186; 247 198; 248 199; 248 208; 249 208; 250 209; 251 209; 252 210; 261 210; 262 209; 263 209; 264 208; 265 208; 266 207; 267 207; 270 204; 271 204; 274 201; 275 201; 276 200; 277 200; 278 199; 279 199; 281 197; 282 197; 284 195; 285 195; 289 191; 290 191; 292 189; 293 189; 294 188; 296 188; 297 187; 301 187; 301 179; 300 178; 300 176; 293 169; 293 168; 292 167; 292 165; 291 164; 291 163
13; 24 219; 23 220; 22 220; 21 221; 20 221; 18 223; 17 223; 16 224; 14 224; 13 225; 11 225; 10 226; 8 226; 7 227; 6 227; 5 228; 4 228; 3 229; 0 229; 0 259; 6 259; 7 258; 12 258; 13 257; 14 257; 15 256; 16 256; 17 255; 19 255; 20 254; 25 254; 26 253; 29 253; 32 250; 32 249; 34 247; 34 239; 35 238; 35 237; 37 235; 38 235; 38 226; 36 224; 36 223; 32 219
14; 581 215; 580 216; 579 216; 571 224; 569 224; 568 225; 564 225; 563 226; 562 226; 562 227; 560 229; 560 240; 561 241; 561 242; 563 244; 563 245; 564 246; 564 247; 565 248; 565 249; 566 250; 566 264; 567 264; 568 265; 579 265; 580 264; 581 264; 582 263; 583 263; 585 261; 586 261; 588 259; 590 259; 591 258; 592 258; 593 257; 595 257; 597 255; 598 255; 599 254; 599 253; 600 252; 600 242; 599 241; 599 239; 598 238; 598 237; 594 233; 594 232; 593 231; 593 230; 592 229; 592 227; 591 226; 591 224; 590 223; 590 218; 589 217; 589 215
15; 103 266; 101 268; 100 268; 97 271; 96 271; 94 273; 93 273; 91 275; 90 275; 88 277; 87 277; 85 279; 84 279; 83 280; 83 288; 85 290; 85 291; 87 293; 87 295; 88 296; 88 298; 89 299; 89 301; 90 302; 90 311; 93 314; 93 315; 94 316; 102 316; 103 315; 104 315; 106 313; 107 313; 112 308; 113 308; 114 307; 115 307; 116 306; 117 306; 118 305; 119 305; 120 304; 121 304; 122 303; 123 303; 124 302; 124 293; 123 292; 123 291; 122 290; 122 286; 121 285; 121 282; 120 281; 120 280; 119 279; 119 278; 117 276; 117 275; 116 274; 116 273; 115 272; 115 270; 114 269; 114 268; 113 267; 113 266
16; 751 280; 746 285; 745 285; 742 288; 741 288; 740 289; 739 289; 738 290; 737 290; 732 295; 731 295; 730 296; 728 296; 727 297; 726 297; 722 301; 721 301; 720 302; 719 302; 718 303; 717 303; 717 313; 718 314; 718 325; 720 325; 721 326; 723 326; 724 327; 735 327; 739 323; 740 323; 750 313; 751 313; 758 306; 759 306; 760 305; 761 305; 762 304; 764 304; 765 303; 768 303; 769 302; 770 302; 770 292; 761 283; 761 282; 759 280
17; 316 306; 315 307; 314 307; 312 309; 311 309; 303 317; 301 317; 300 318; 297 318; 296 319; 295 319; 293 321; 293 333; 295 335; 295 336; 296 337; 297 337; 303 343; 303 344; 304 345; 304 346; 305 347; 305 350; 306 351; 306 353; 307 354; 307 355; 316 355; 317 354; 318 354; 323 349; 324 349; 325 348; 327 348; 328 347; 331 347; 332 346; 333 346; 334 345; 335 345; 338 342; 338 332; 337 331; 337 329; 336 328; 336 327; 334 325; 334 324; 332 322; 332 321; 329 318; 329 317; 327 315; 327 313; 326 312; 326 307; 325 306
18; 761 369; 760 370; 753 370; 752 371; 751 371; 750 372; 750 373; 748 375; 748 376; 746 378; 746 379; 745 380; 745 381; 743 383; 743 384; 742 385; 742 386; 741 387; 741 388; 738 391; 738 392; 736 394; 736 396; 735 397; 735 398; 734 399; 734 400; 726 408; 726 416; 729 416; 730 417; 736 417; 737 418; 739 418; 740 419; 741 419; 744 422; 753 422; 753 421; 755 419; 755 418; 756 417; 756 416; 757 415; 757 413; 758 412; 758 411; 760 409; 760 408; 764 404; 764 403; 765 402; 765 401; 769 397; 769 396; 772 393; 772 392; 774 390; 774 389; 776 387; 776 378; 774 376; 773 376; 770 373; 770 372; 769 371; 769 369
19; 506 440; 505 441; 503 441; 502 442; 500 442; 498 444; 498 449; 497 450; 497 451; 495 453; 495 474; 503 474; 504 473; 512 473; 513 472; 521 472; 522 471; 529 471; 530 470; 539 470; 540 469; 541 469; 542 468; 542 459; 543 458; 543 453; 544 452; 544 440; 536 440; 535 441; 516 441; 515 440
20; 234 518; 226 526; 225 526; 224 527; 223 527; 222 528; 221 528; 220 529; 219 529; 216 532; 215 532; 214 533; 213 533; 212 534; 212 543; 215 546; 215 549; 216 550; 216 551; 217 552; 217 553; 218 554; 218 555; 219 556; 219 560; 220 561; 220 563; 222 565; 222 567; 224 569; 232 569; 233 568; 247 568; 248 567; 248 566; 249 565; 249 563; 250 562; 250 561; 254 557; 254 548; 252 546; 252 545; 251 544; 251 543; 250 542; 250 541; 249 540; 249 538; 248 537; 248 534; 247 533; 247 531; 246 530; 246 528; 245 527; 245 522; 244 521; 244 520; 242 518
21; 745 559; 744 560; 739 560; 738 561; 736 561; 733 564; 732 564; 731 565; 730 565; 729 566; 728 566; 727 567; 725 567; 724 568; 722 568; 721 569; 719 569; 718 570; 713 570; 712 571; 711 571; 710 572; 710 573; 709 574; 709 598; 717 598; 719 596; 721 596; 722 595; 725 595; 726 594; 727 594; 728 593; 730 593; 731 592; 737 592; 738 591; 741 591; 742 590; 744 590; 745 589; 747 589; 748 588; 751 588; 753 586; 754 586; 754 585; 755 584; 755 563; 754 562; 754 559
22; 505 563; 504 564; 501 564; 500 565; 498 565; 497 566; 493 566; 492 567; 489 567; 488 568; 484 568; 483 569; 471 569; 471 570; 470 571; 470 573; 469 574; 469 582; 468 583; 468 585; 467 586; 467 587; 466 588; 466 589; 465 590; 465 599; 474 599; 475 598; 479 598; 480 597; 483 597; 484 596; 488 596; 489 595; 508 595; 508 594; 509 593; 509 592; 510 591; 510 587; 511 586; 511 584; 513 582; 513 581; 515 579; 515 571; 514 570; 514 564; 513 563
23; 438 573; 437 574; 436 574; 434 576; 433 576; 430 579; 429 579; 427 581; 425 581; 424 582; 424 597; 426 599; 437 599; 438 598; 439 598; 441 596; 442 596; 447 591; 448 591; 450 589; 450 588; 451 587; 451 584; 452 583; 452 573
24; 382 566; 378 570; 378 571; 377 572; 377 573; 376 574; 376 576; 375 577; 375 579; 373 581; 373 582; 370 585; 370 595; 371 595; 372 596; 376 596; 377 597; 378 597; 380 599; 381 599; 386 604; 386 605; 387 605; 389 607; 390 607; 391 608; 392 608; 393 609; 402 609; 406 605; 413 605; 413 593; 414 592; 414 590; 415 589; 415 580; 414 579; 413 579; 412 578; 410 578; 409 577; 408 577; 407 576; 406 576; 405 575; 404 575; 403 574; 402 574; 401 573; 400 573; 398 571; 397 571; 396 570; 395 570; 394 569; 393 569; 392 568; 392 567; 391 566
25; 637 577; 636 578; 634 578; 634 593; 635 594; 635 596; 636 597; 636 601; 637 602; 637 603; 638 604; 638 607; 639 608; 639 611; 640 612; 640 615; 641 616; 649 616; 650 615; 651 615; 652 614; 653 614; 657 610; 657 598; 655 598; 654 597; 653 597; 650 594; 650 593; 649 592; 649 588; 648 587; 648 584; 647 583; 647 581; 646 580; 646 578; 645 577
26; 121 612; 120 613; 108 613; 107 614; 107 617; 106 618; 106 619; 103 622; 102 622; 100 624; 99 624; 99 633; 101 635; 101 636; 102 637; 102 639; 103 640; 103 643; 104 644; 104 646; 105 647; 105 648; 106 649; 106 662; 115 662; 116 661; 117 661; 118 660; 120 660; 121 659; 122 659; 124 657; 125 657; 126 656; 127 656; 130 653; 131 653; 132 652; 133 652; 135 650; 135 642; 134 641; 134 640; 133 639; 133 638; 132 637; 132 615; 131 614; 131 613; 130 612
27; 363 609; 361 611; 361 612; 360 613; 360 614; 358 616; 358 618; 357 619; 357 620; 355 622; 354 622; 353 623; 352 623; 349 626; 348 626; 348 634; 351 637; 351 638; 354 641; 354 642; 355 643; 355 645; 356 646; 356 647; 357 648; 357 649; 358 650; 358 651; 359 652; 359 653; 360 654; 360 655; 362 657; 371 657; 372 656; 373 656; 374 655; 375 655; 376 654; 377 654; 378 653; 380 653; 388 645; 389 645; 389 644; 392 641; 392 633; 390 631; 389 631; 385 627; 385 626; 383 624; 383 623; 382 622; 382 621; 381 620; 381 619; 375 613; 375 612; 373 610; 373 609
28; 192 628; 192 629; 191 630; 191 640; 193 642; 193 643; 194 644; 194 646; 195 647; 195 649; 196 650; 196 652; 197 653; 197 668; 206 668; 208 666; 208 658; 207 657; 207 655; 206 654; 206 652; 205 651; 205 637; 204 636; 204 635; 203 634; 203 633; 202 632; 202 631; 200 629; 200 628
29; 242 639; 240 641; 240 642; 239 643; 239 644; 238 645; 238 646; 237 647; 237 648; 235 650; 235 651; 234 652; 234 653; 232 655; 232 656; 230 658; 230 667; 231 667; 232 668; 233 668; 236 671; 237 671; 238 672; 239 672; 241 674; 242 674; 247 679; 248 679; 249 680; 250 680; 251 681; 252 681; 253 682; 263 682; 268 677; 269 677; 269 676; 270 675; 270 674; 271 673; 271 669; 272 668; 272 667; 275 664; 275 663; 277 661; 277 653; 276 653; 275 652; 273 652; 272 651; 271 651; 270 650; 269 650; 266 647; 265 647; 264 646; 262 646; 261 645; 259 645; 258 644; 257 644; 256 643; 255 643; 252 640; 251 640; 250 639
30; 7 653; 6 654; 5 654; 4 655; 0 655; 0 686; 6 686; 7 685; 8 685; 9 684; 10 684; 11 683; 12 683; 13 682; 14 682; 15 681; 17 681; 18 680; 21 680; 23 678; 23 668; 21 666; 21 665; 19 663; 19 656; 18 655; 18 654; 17 654; 16 653
31; 486 671; 485 672; 483 672; 482 673; 481 673; 480 674; 479 674; 478 675; 477 675; 474 678; 473 678; 472 679; 471 679; 470 680; 467 680; 466 681; 465 681; 464 682; 463 682; 461 684; 461 694; 462 695; 462 696; 463 697; 463 698; 468 703; 468 704; 469 705; 469 717; 471 719; 481 719; 483 717; 484 717; 485 716; 486 716; 487 715; 491 715; 492 714; 494 714; 495 713; 496 713; 497 712; 498 712; 499 711; 500 711; 501 710; 502 710; 503 709; 503 700; 499 696; 499 691; 498 690; 498 688; 497 687; 497 672; 496 671
32; 943 672; 940 675; 940 676; 939 677; 938 677; 937 678; 936 678; 935 679; 933 679; 932 680; 931 680; 930 681; 928 681; 927 682; 926 682; 925 683; 921 683; 920 684; 917 684; 916 685; 914 685; 913 686; 912 686; 911 687; 910 687; 909 688; 909 689; 907 691; 907 692; 906 693; 906 702; 907 703; 907 704; 908 705; 908 711; 910 713; 910 715; 911 716; 920 716; 921 715; 923 715; 925 713; 926 713; 927 712; 930 712; 931 711; 933 711; 934 710; 935 710; 937 708; 938 708; 940 706; 941 706; 942 705; 943 705; 945 703; 946 703; 948 701; 951 701; 952 700; 955 700; 957 698; 957 697; 958 696; 958 688; 956 686; 955 686; 954 685; 954 684; 953 683; 953 682; 952 681; 952 673; 951 672
33; 522 726; 520 728; 520 729; 518 731; 518 732; 517 733; 517 734; 515 736; 515 737; 512 740; 512 741; 510 743; 509 743; 504 748; 503 748; 499 752; 498 752; 496 754; 495 754; 495 764; 497 766; 497 767; 501 771; 501 772; 502 773; 502 774; 505 777; 514 777; 514 776; 515 775; 515 774; 517 772; 517 771; 523 765; 524 765; 528 761; 529 761; 530 760; 531 760; 532 759; 533 759; 534 758; 535 758; 536 757; 537 757; 539 755; 540 755; 546 749; 546 739; 545 738; 545 736; 544 735; 544 733; 543 732; 538 732; 537 731; 536 731; 532 727; 531 727; 530 726
34; 23 763; 19 767; 19 775; 21 775; 23 777; 24 777; 28 781; 33 781; 34 782; 36 782; 38 784; 39 784; 41 786; 42 786; 44 788; 45 788; 46 789; 54 789; 55 788; 56 788; 58 786; 58 777; 57 777; 54 774; 53 774; 51 772; 49 772; 48 771; 46 771; 45 770; 44 770; 43 769; 42 769; 41 768; 40 768; 39 767; 38 767; 35 764; 34 764; 33 763
35; 698 780; 698 781; 693 786; 687 786; 686 787; 685 787; 682 790; 682 792; 681 793; 681 795; 680 796; 680 798; 679 799; 679 815; 678 816; 678 818; 677 819; 677 828; 678 828; 679 829; 690 829; 691 830; 694 830; 695 831; 705 831; 707 829; 707 813; 708 812; 708 809; 709 808; 709 805; 710 804; 710 802; 711 801; 711 799; 712 798; 712 796; 713 795; 713 794; 714 793; 714 785; 712 785; 710 783; 709 783; 706 780
36; 590 784; 588 786; 588 788; 587 789; 587 790; 586 791; 586 792; 584 794; 583 794; 582 795; 580 795; 579 796; 578 796; 577 797; 576 797; 576 806; 577 807; 577 808; 578 809; 578 810; 579 811; 579 813; 580 814; 580 816; 581 817; 581 818; 582 819; 582 821; 583 822; 583 824; 584 825; 584 836; 594 836; 595 835; 595 834; 596 833; 597 833; 599 831; 600 831; 602 829; 603 829; 606 826; 608 826; 609 825; 611 825; 612 824; 613 824; 613 814; 612 813; 612 812; 611 811; 611 807; 610 806; 610 793; 609 792; 609 790; 608 789; 608 788; 607 787; 606 787; 605 786; 603 786; 602 785; 600 785; 599 784
37; 984 855; 984 878; 993 878; 1012 872; 1013 850; 1018 844; 1023 844; 1023 830; 1003 831
38; 976 813; 971 806; 971 799; 953 802; 944 810; 926 816; 928 841; 937 841; 941 837; 949 838
39; 949 844; 944 849; 946 864; 959 862; 962 865; 970 865; 977 855
40; 977 855; 984 855; 1003 831; 985 813; 976 813; 949 838; 949 844
41; 838 852; 837 853; 819 853; 818 854; 810 854; 809 855; 807 855; 806 856; 804 856; 803 857; 802 857; 802 867; 798 871; 798 879; 799 880; 799 886; 800 887; 811 887; 812 886; 814 886; 815 885; 817 885; 818 884; 821 884; 822 883; 825 883; 826 882; 830 882; 831 881; 832 881; 833 880; 845 880; 845 878; 846 877; 846 852
42; 943 850; 942 851; 939 851; 938 852; 933 852; 932 853; 931 853; 930 854; 928 854; 927 855; 925 855; 924 856; 921 856; 920 857; 914 857; 913 858; 911 858; 910 859; 908 859; 907 860; 906 860; 905 861; 900 861; 899 862; 896 862; 894 864; 894 873; 895 874; 895 880; 894 881; 894 892; 902 892; 903 891; 904 891; 905 890; 908 890; 909 889; 910 889; 911 888; 913 888; 914 887; 915 887; 916 886; 918 886; 919 885; 928 885; 929 884; 931 884; 932 883; 933 883; 934 882; 935 882; 936 881; 937 881; 940 878; 940 877; 941 876; 941 874; 942 873; 942 870; 943 869; 943 868; 944 867; 944 866; 945 865; 945 864; 944 863; 944 858; 943 857
43; 696 849; 696 860; 697 861; 697 865; 698 866; 698 868; 699 869; 699 870; 700 871; 700 873; 701 874; 701 877; 702 878; 702 888; 711 888; 715 884; 716 884; 718 882; 720 882; 721 881; 723 881; 724 880; 726 880; 727 879; 728 879; 729 878; 729 870; 727 868; 727 867; 726 866; 726 865; 725 864; 725 863; 724 862; 710 862; 708 860; 708 858; 707 857; 707 854; 706 853; 706 851; 704 849
44; 160 929; 159 930; 156 930; 153 933; 152 933; 149 936; 148 936; 147 937; 147 962; 149 964; 158 964; 159 963; 161 963; 162 962; 164 962; 165 961; 167 961; 168 960; 171 960; 172 959; 178 959; 179 960; 193 960; 194 959; 194 958; 195 957; 195 954; 196 953; 196 929
45; 607 926; 599 934; 598 934; 597 935; 596 935; 589 942; 589 950; 590 951; 590 952; 591 953; 591 954; 592 955; 592 957; 593 958; 593 962; 594 963; 594 969; 595 970; 595 971; 596 972; 596 973; 597 974; 597 975; 598 976; 598 977; 599 978; 607 978; 608 977; 611 977; 612 976; 613 976; 614 975; 615 975; 622 968; 622 967; 623 966; 624 966; 626 964; 628 964; 629 963; 629 955; 628 954; 628 953; 627 952; 627 951; 626 950; 626 948; 625 947; 625 945; 624 944; 624 943; 623 942; 623 941; 621 939; 621 938; 620 937; 620 936; 617 933; 617 932; 616 931; 616 927; 615 926
46; 557 942; 556 943; 552 943; 551 944; 547 944; 546 945; 536 945; 535 946; 531 946; 530 947; 522 947; 522 948; 521 949; 521 950; 520 951; 520 961; 519 962; 519 966; 518 967; 518 975; 527 975; 528 974; 537 974; 538 973; 546 973; 547 974; 557 974; 558 973; 559 973; 560 972; 561 972; 563 970; 563 968; 564 967; 564 962; 565 961; 565 960; 566 959; 566 958; 569 955; 569 947; 568 946; 568 945; 567 944; 567 943; 566 943; 565 942
47; 179 971; 178 972; 177 972; 176 973; 175 973; 174 974; 172 974; 171 975; 169 975; 168 976; 165 976; 164 977; 162 977; 162 986; 163 987; 163 995; 165 995; 166 994; 179 994; 180 993; 182 993; 183 992; 184 992; 185 991; 188 991; 189 990; 190 990; 190 989; 191 988; 191 987; 193 985; 193 977; 192 976; 191 976; 189 974; 189 972; 188 971
48; 160 978; 159 979; 157 979; 156 980; 145 980; 143 982; 142 982; 142 983; 141 984; 141 992; 142 993; 142 994; 143 995; 143 1000; 144 1001; 152 1001; 154 999; 155 999; 156 998; 158 998; 159 997; 160 997; 161 996; 162 996; 162 987; 161 986; 161 978
49; 502 984; 498 988; 497 988; 495 990; 494 990; 493 991; 493 992; 492 993; 492 997; 491 998; 491 1001; 490 1002; 490 1013; 491 1014; 492 1014; 493 1015; 497 1015; 498 1016; 507 1016; 508 1017; 510 1017; 511 1018; 513 1018; 514 1019; 516 1019; 517 1020; 517 1023; 529 1023; 529 1020; 531 1018; 531 1017; 532 1016; 532 1008; 533 1007; 533 1006; 535 1004; 535 1003; 538 1000; 538 991; 522 991; 521 990; 520 990; 519 989; 518 989; 517 988; 516 988; 514 986; 513 986; 512 985; 511 985; 510 984
50; 695 974; 693 976; 693 977; 689 981; 689 982; 680 991; 679 991; 679 999; 680 1000; 681 1000; 684 1003; 684 1004; 689 1009; 689 1010; 690 1011; 690 1012; 691 1013; 691 1015; 692 1016; 692 1017; 693 1018; 693 1019; 694 1020; 694 1023; 705 1023; 705 1020; 707 1018; 708 1018; 709 1017; 710 1017; 711 1016; 718 1016; 718 1009; 722 1005; 722 997; 720 995; 720 994; 708 982; 708 981; 706 979; 706 978; 704 976; 704 974
51; 390 983; 386 987; 385 987; 384 988; 383 988; 382 989; 380 989; 379 990; 378 990; 372 996; 371 996; 371 1005; 372 1006; 372 1007; 374 1009; 374 1010; 375 1011; 375 1012; 376 1013; 376 1023; 408 1023; 408 1012; 407 1011; 407 1010; 406 1009; 406 1007; 405 1006; 405 1004; 404 1003; 404 1001; 403 1000; 403 998; 402 997; 402 992; 401 991; 401 990; 400 989; 400 986; 399 985; 399 983
52; 962 995; 961 996; 959 996; 958 997; 955 997; 954 998; 950 998; 949 999; 939 999; 938 1000; 933 1000; 932 1001; 931 1001; 930 1002; 930 1017; 929 1018; 929 1023; 974 1023; 974 1019; 975 1018; 975 1017; 977 1015; 977 1006; 976 1005; 976 1004; 975 1003; 975 997; 974 996; 974 995
