0; 70 7; 66 11; 65 11; 65 12; 62 15; 62 23; 69 30; 69 31; 70 32; 78 32; 80 30; 80 29; 81 28; 82 28; 86 24; 86 15; 78 7
1; 347 0; 347 3; 344 6; 344 14; 346 16; 346 17; 352 23; 360 23; 362 21; 363 21; 368 16; 369 16; 369 8; 366 5; 366 4; 365 3; 365 0
2; 530 0; 530 4; 529 5; 529 6; 527 8; 527 16; 528 17; 530 17; 532 19; 533 19; 537 23; 545 23; 546 22; 546 21; 548 19; 548 18; 549 17; 549 16; 551 14; 551 4; 550 3; 550 0
3; 389 29; 388 30; 388 33; 387 34; 387 36; 386 37; 386 39; 385 40; 385 49; 386 50; 387 50; 388 51; 390 51; 391 52; 393 52; 395 54; 403 54; 405 52; 405 51; 406 50; 406 48; 407 47; 407 46; 408 45; 408 35; 407 34; 406 34; 405 33; 403 33; 402 32; 401 32; 399 30; 398 30; 397 29
4; 703 37; 703 38; 698 43; 697 43; 695 45; 695 53; 696 54; 696 55; 697 56; 697 57; 698 58; 698 59; 699 60; 699 61; 700 62; 700 63; 709 63; 710 62; 711 62; 712 61; 713 61; 714 60; 715 60; 716 59; 717 59; 718 58; 718 50; 717 49; 717 47; 715 45; 715 44; 712 41; 712 40; 711 39; 711 37
5; 187 40; 187 41; 186 42; 186 48; 185 49; 185 50; 183 52; 183 60; 184 61; 186 61; 187 62; 189 62; 190 63; 192 63; 193 64; 202 64; 203 63; 203 61; 204 60; 204 59; 205 58; 205 56; 206 55; 206 54; 207 53; 207 45; 206 44; 204 44; 203 43; 201 43; 200 42; 199 42; 197 40
6; 43 61; 42 62; 42 63; 41 64; 41 65; 39 67; 39 68; 37 70; 37 71; 36 72; 36 80; 37 80; 38 81; 39 81; 40 82; 41 82; 42 83; 43 83; 44 84; 45 84; 46 85; 54 85; 54 84; 56 82; 56 81; 58 79; 58 78; 59 77; 59 76; 60 75; 60 65; 59 64; 58 64; 57 63; 56 63; 55 62; 53 62; 52 61
7; 216 71; 214 73; 213 73; 210 76; 209 76; 207 78; 207 86; 208 87; 208 88; 209 89; 209 90; 210 91; 210 93; 211 94; 211 96; 212 97; 220 97; 221 96; 222 96; 223 95; 224 95; 226 93; 227 93; 228 92; 229 92; 230 91; 230 83; 229 82; 229 81; 228 80; 228 79; 227 78; 227 77; 226 76; 226 74; 225 73; 225 72; 224 71
8; 794 74; 794 75; 793 76; 793 82; 792 83; 792 94; 793 95; 795 95; 796 96; 804 96; 805 97; 813 97; 813 96; 814 95; 814 90; 815 89; 815 75; 814 75; 813 74
9; 37 101; 36 102; 35 102; 34 103; 32 103; 31 104; 30 104; 29 105; 29 113; 30 114; 30 115; 31 116; 31 117; 32 118; 32 119; 33 120; 33 121; 34 122; 34 123; 45 123; 46 122; 49 122; 50 121; 51 121; 52 120; 52 110; 51 109; 51 107; 50 106; 50 105; 49 104; 49 103; 48 102; 48 101
10; 580 105; 579 106; 578 106; 577 107; 575 107; 574 108; 573 108; 572 109; 571 109; 570 110; 570 118; 571 119; 571 120; 572 121; 572 122; 573 123; 573 125; 574 126; 574 127; 575 128; 586 128; 587 127; 589 127; 590 126; 591 126; 593 124; 593 115; 592 114; 592 113; 591 112; 591 109; 590 108; 590 106; 589 105
11; 101 110; 101 111; 100 112; 100 128; 102 130; 108 130; 109 131; 120 131; 120 128; 121 127; 121 123; 122 122; 122 113; 121 112; 118 112; 117 111; 113 111; 112 110
12; 509 114; 508 115; 508 116; 507 117; 507 121; 506 122; 506 126; 505 127; 505 135; 507 137; 525 137; 526 136; 526 134; 527 133; 527 129; 528 128; 528 118; 527 117; 524 117; 523 116; 521 116; 520 115; 518 115; 517 114
13; 630 121; 629 122; 629 123; 628 124; 628 128; 627 129; 627 130; 626 131; 626 140; 627 141; 630 141; 631 142; 632 142; 633 143; 636 143; 637 144; 645 144; 646 143; 646 142; 647 141; 647 138; 648 137; 648 135; 649 134; 649 133; 650 132; 650 124; 649 124; 648 123; 642 123; 641 122; 640 122; 639 121
14; 131 128; 130 129; 130 131; 129 132; 129 133; 127 135; 126 135; 126 146; 127 147; 128 147; 130 149; 131 149; 135 153; 141 153; 142 154; 144 154; 144 149; 145 148; 145 147; 146 146; 146 145; 147 144; 147 143; 148 142; 148 133; 147 133; 145 131; 144 131; 142 129; 141 129; 140 128
15; 49 136; 48 137; 46 137; 45 138; 44 138; 43 139; 43 147; 44 148; 44 149; 45 150; 45 152; 46 153; 46 155; 47 156; 47 157; 48 158; 65 158; 66 157; 67 157; 67 148; 66 147; 66 146; 65 145; 65 143; 64 142; 64 140; 63 139; 63 137; 62 136
16; 142 155; 142 161; 141 162; 141 163; 139 165; 139 166; 138 167; 138 176; 139 176; 145 182; 155 182; 156 181; 156 180; 158 178; 158 177; 161 174; 161 164; 160 164; 158 162; 157 162; 155 160; 155 159; 152 156; 145 156; 144 155
17; 552 169; 552 170; 551 171; 551 172; 548 175; 548 176; 546 178; 546 187; 547 188; 548 188; 549 189; 550 189; 551 190; 553 190; 555 192; 556 192; 557 193; 565 193; 565 192; 567 190; 567 189; 569 187; 569 186; 572 183; 572 175; 571 174; 570 174; 569 173; 568 173; 567 172; 566 172; 565 171; 564 171; 563 170; 562 170; 561 169
18; 741 217; 740 218; 738 218; 737 219; 735 219; 734 220; 732 220; 731 221; 731 231; 732 232; 732 235; 733 236; 733 239; 734 240; 734 241; 744 241; 745 240; 747 240; 748 239; 749 239; 750 238; 752 238; 754 236; 754 227; 753 226; 753 222; 752 221; 752 219; 751 218; 751 217
19; 122 244; 123 245; 123 256; 126 259; 135 259; 137 257; 137 256; 138 255; 138 248; 139 247; 139 237; 136 234; 121 234
20; 121 234; 120 233; 120 225; 118 223; 117 223; 116 222; 115 222; 114 221; 112 221; 111 220; 101 220; 100 221; 100 222; 99 223; 99 228; 98 229; 98 231; 97 232; 97 241; 98 241; 99 242; 100 242; 101 243; 105 243; 106 244; 122 244
21; 55 238; 55 239; 54 240; 54 241; 53 242; 53 246; 52 247; 52 256; 53 257; 54 257; 55 258; 56 258; 57 259; 58 259; 59 260; 60 260; 61 261; 70 261; 71 260; 71 259; 72 258; 72 256; 73 255; 73 253; 74 252; 74 243; 72 241; 70 241; 68 239; 65 239; 64 238
22; 456 244; 456 245; 455 246; 455 250; 454 251; 454 254; 453 255; 453 265; 454 266; 457 266; 458 267; 473 267; 473 265; 474 264; 474 263; 475 262; 475 259; 476 258; 476 248; 475 247; 473 247; 472 246; 468 246; 467 245; 465 245; 464 244
23; 406 249; 404 251; 404 253; 403 254; 403 255; 402 256; 402 257; 400 259; 400 268; 401 269; 402 269; 403 270; 404 270; 405 271; 406 271; 409 274; 417 274; 418 273; 419 273; 419 272; 421 270; 421 269; 422 268; 422 266; 423 265; 423 264; 424 263; 424 255; 423 255; 420 252; 419 252; 417 250; 416 250; 415 249
24; 561 323; 560 324; 559 324; 556 327; 555 327; 554 328; 553 328; 552 329; 552 338; 555 341; 555 342; 556 343; 556 344; 557 345; 557 347; 559 349; 567 349; 572 344; 573 344; 575 342; 576 342; 576 333; 575 332; 575 331; 572 328; 572 327; 571 326; 571 325; 569 323
25; 618 333; 616 335; 616 336; 615 337; 615 339; 614 340; 614 344; 613 345; 613 355; 614 355; 615 356; 618 356; 619 357; 633 357; 634 356; 634 354; 635 353; 635 349; 636 348; 636 336; 635 336; 634 335; 632 335; 631 334; 627 334; 626 333
26; 1010 337; 1009 338; 1008 338; 1007 339; 1006 339; 1004 341; 1003 341; 1001 343; 1000 343; 1000 351; 1001 352; 1001 353; 1002 354; 1002 355; 1003 356; 1003 357; 1004 358; 1004 359; 1005 360; 1005 361; 1006 362; 1015 362; 1016 361; 1017 361; 1018 360; 1023 360; 1023 337
27; 294 358; 286 366; 286 374; 288 376; 289 376; 293 380; 293 381; 295 383; 303 383; 306 380; 306 379; 311 374; 311 366; 303 358
28; 459 378; 457 380; 457 382; 456 383; 456 386; 455 387; 455 388; 454 389; 454 398; 456 400; 457 400; 458 401; 460 401; 461 402; 474 402; 475 401; 475 400; 476 399; 476 397; 477 396; 477 394; 478 393; 478 382; 477 382; 476 381; 474 381; 473 380; 471 380; 470 379; 468 379; 467 378
29; 60 391; 60 392; 59 393; 59 394; 58 395; 58 396; 57 397; 57 398; 56 399; 56 400; 55 401; 55 410; 56 410; 57 411; 58 411; 59 412; 61 412; 62 413; 63 413; 64 414; 74 414; 74 413; 75 412; 75 411; 76 410; 76 409; 77 408; 77 407; 79 405; 79 396; 78 396; 76 394; 75 394; 74 393; 73 393; 72 392; 71 392; 70 391
30; 205 401; 205 402; 204 403; 204 407; 203 408; 203 419; 206 422; 217 422; 218 421; 218 420; 221 417; 221 409; 216 404; 216 403; 214 401
31; 876 419; 874 421; 874 426; 873 427; 873 439; 874 440; 884 440; 885 439; 886 439; 887 438; 888 438; 889 437; 891 437; 892 436; 897 436; 897 428; 893 424; 892 424; 890 422; 889 422; 887 420; 886 420; 885 419
32; 287 423; 285 425; 284 425; 282 427; 281 427; 280 428; 279 428; 278 429; 278 441; 279 442; 279 445; 280 446; 280 448; 281 449; 290 449; 291 448; 292 448; 293 447; 295 447; 296 446; 297 446; 299 444; 300 444; 300 435; 299 434; 299 433; 298 432; 298 430; 297 429; 297 427; 296 426; 296 424; 295 423
33; 196 430; 195 431; 194 431; 193 432; 191 432; 190 433; 188 433; 186 435; 186 443; 187 444; 187 446; 188 447; 188 449; 189 450; 189 451; 191 453; 191 454; 201 454; 202 453; 204 453; 205 452; 207 452; 208 451; 209 451; 210 450; 210 441; 208 439; 208 438; 207 437; 207 436; 206 435; 206 434; 205 433; 205 432; 204 431; 204 430
34; 282 463; 281 462; 261 462; 259 464; 259 474; 260 475; 260 477; 261 478; 261 484; 262 485; 271 485; 272 484
35; 272 484; 281 484; 283 486; 291 486; 293 484; 293 483; 294 482; 294 475; 295 474; 295 473; 296 472; 296 471; 297 470; 294 464; 284 464; 283 463; 282 463
36; 297 470; 313 470; 314 469; 315 469; 315 461; 314 461; 312 459; 311 459; 310 458; 308 458; 307 457; 297 457; 297 458; 296 459; 296 461; 295 462; 295 463; 294 464
37; 926 512; 926 513; 922 517; 921 517; 918 520; 918 528; 925 535; 925 536; 926 537; 934 537; 942 529; 942 520; 940 518; 940 517; 937 514; 937 513; 936 512
38; 62 527; 61 528; 61 530; 60 531; 60 534; 59 535; 59 536; 58 537; 58 546; 60 548; 62 548; 63 549; 64 549; 65 550; 66 550; 68 552; 76 552; 77 551; 77 550; 78 549; 78 547; 79 546; 79 544; 80 543; 80 532; 78 532; 77 531; 75 531; 74 530; 73 530; 70 527
39; 960 531; 960 532; 959 533; 959 535; 958 536; 958 538; 957 539; 957 540; 956 541; 956 542; 955 543; 955 551; 956 552; 958 552; 959 553; 961 553; 962 554; 963 554; 966 557; 974 557; 975 556; 975 555; 976 554; 976 552; 977 551; 977 549; 978 548; 978 547; 979 546; 979 538; 977 536; 976 536; 975 535; 974 535; 971 532; 970 532; 969 531
40; 730 541; 728 543; 728 546; 727 547; 727 550; 726 551; 726 559; 728 561; 729 561; 730 562; 732 562; 733 563; 738 563; 739 564; 748 564; 748 563; 749 562; 749 555; 750 554; 750 545; 748 543; 746 543; 745 542; 742 542; 741 541
41; 890 543; 889 544; 887 544; 885 546; 885 547; 884 548; 884 561; 885 562; 885 564; 887 566; 903 566; 904 565; 905 565; 907 563; 907 546; 904 543
42; 175 571; 174 572; 173 572; 172 573; 171 573; 168 576; 168 586; 169 587; 169 588; 170 589; 170 590; 171 591; 171 592; 173 594; 173 595; 183 595; 184 594; 185 594; 186 593; 187 593; 188 592; 189 592; 190 591; 191 591; 192 590; 192 582; 191 581; 191 579; 190 578; 190 577; 188 575; 188 574; 186 572; 186 571
43; 753 572; 750 575; 749 575; 748 576; 747 576; 746 577; 745 577; 744 578; 744 588; 745 589; 745 590; 746 591; 746 593; 747 594; 747 595; 748 596; 748 597; 749 598; 757 598; 759 596; 760 596; 763 593; 764 593; 767 590; 767 581; 765 579; 765 578; 764 577; 764 575; 763 574; 763 572
44; 491 616; 491 618; 490 619; 490 622; 489 623; 489 625; 488 626; 488 637; 489 637; 490 638; 492 638; 493 639; 495 639; 496 640; 506 640; 507 639; 508 639; 508 638; 509 637; 509 635; 510 634; 510 632; 511 631; 511 629; 512 628; 512 620; 511 619; 508 619; 507 618; 504 618; 503 617; 502 617; 501 616
45; 25 632; 23 634; 23 635; 22 636; 22 637; 21 638; 21 639; 20 640; 20 650; 21 650; 22 651; 23 651; 24 652; 25 652; 27 654; 28 654; 29 655; 30 655; 31 656; 39 656; 39 655; 40 654; 40 653; 41 652; 41 650; 42 649; 42 648; 43 647; 43 646; 44 645; 44 637; 43 636; 42 636; 41 635; 40 635; 39 634; 38 634; 36 632
46; 682 683; 681 684; 681 685; 680 686; 680 688; 679 689; 679 690; 678 691; 678 692; 677 693; 677 702; 679 704; 680 704; 681 705; 682 705; 684 707; 685 707; 686 708; 695 708; 696 707; 696 706; 697 705; 697 704; 698 703; 698 701; 699 700; 699 699; 701 697; 701 689; 699 687; 698 687; 697 686; 696 686; 695 685; 694 685; 693 684; 692 684; 691 683
47; 277 697; 275 699; 273 699; 272 700; 271 700; 270 701; 269 701; 267 703; 267 711; 268 712; 268 714; 269 715; 269 716; 270 717; 270 718; 271 719; 271 720; 272 721; 282 721; 283 720; 284 720; 285 719; 287 719; 288 718; 289 718; 291 716; 291 708; 290 707; 290 706; 289 705; 289 704; 288 703; 288 702; 287 701; 287 700; 285 698; 285 697
48; 964 709; 962 711; 962 712; 961 713; 961 719; 960 720; 960 728; 962 730; 963 730; 964 731; 967 731; 968 732; 970 732; 971 733; 981 733; 981 731; 982 730; 982 722; 983 721; 983 710; 974 710; 973 709
49; 396 718; 395 719; 395 721; 394 722; 394 724; 393 725; 393 727; 392 728; 392 737; 393 737; 395 739; 397 739; 398 740; 400 740; 401 741; 413 741; 413 740; 414 739; 414 737; 415 736; 415 735; 416 734; 416 723; 413 720; 412 720; 411 719; 407 719; 406 718
50; 859 721; 858 722; 858 723; 857 724; 857 725; 856 726; 856 728; 855 729; 855 730; 853 732; 853 740; 855 742; 856 742; 858 744; 859 744; 861 746; 862 746; 863 747; 871 747; 872 746; 872 745; 873 744; 873 742; 874 741; 874 740; 875 739; 875 738; 876 737; 876 736; 877 735; 877 727; 876 726; 875 726; 874 725; 873 725; 872 724; 871 724; 870 723; 869 723; 867 721
51; 15 771; 14 772; 14 773; 13 774; 13 775; 12 776; 12 777; 9 780; 9 781; 8 782; 7 782; 6 783; 6 792; 8 794; 8 795; 10 797; 10 798; 12 800; 12 801; 21 801; 27 795; 27 794; 28 793; 28 780
52; 28 780; 29 779; 37 779; 37 778; 38 777; 38 776; 39 775; 39 774; 43 770; 43 762; 42 762; 40 760; 39 760; 36 757; 35 757; 33 755; 25 755; 22 758; 22 759; 21 760; 21 761; 17 765; 17 766; 16 767; 16 768; 15 769; 15 771
53; 396 760; 396 761; 395 762; 395 764; 394 765; 394 767; 393 768; 393 770; 392 771; 392 780; 394 780; 395 781; 397 781; 398 782; 399 782; 400 783; 401 783; 402 784; 411 784; 411 783; 412 782; 412 780; 413 779; 413 778; 414 777; 414 776; 415 775; 415 764; 413 764; 412 763; 411 763; 410 762; 409 762; 408 761; 407 761; 406 760
54; 460 772; 459 773; 459 777; 458 778; 458 779; 457 780; 457 781; 456 782; 456 791; 457 791; 459 793; 460 793; 464 797; 472 797; 474 795; 474 794; 475 793; 475 792; 476 791; 476 790; 477 789; 477 788; 479 786; 479 777; 478 777; 477 776; 475 776; 474 775; 473 775; 472 774; 471 774; 470 773; 469 773; 468 772
55; 547 777; 538 782; 533 783; 532 784; 532 793; 533 794; 533 798; 535 804; 545 804; 548 802; 550 802; 554 799; 560 798
56; 560 798; 571 792; 575 791; 576 790; 576 782; 572 772; 571 771; 563 771; 557 775; 547 777
57; 269 807; 267 809; 266 809; 265 810; 264 810; 262 812; 261 812; 260 813; 260 823; 263 826; 263 827; 264 828; 264 829; 266 831; 266 832; 267 833; 275 833; 278 830; 279 830; 280 829; 281 829; 282 828; 283 828; 285 826; 285 818; 280 813; 280 812; 279 811; 279 810; 277 808; 277 807
58; 383 832; 382 833; 380 833; 379 834; 377 834; 376 835; 375 835; 373 837; 373 846; 375 848; 375 850; 376 851; 376 852; 377 853; 377 854; 378 855; 378 856; 379 857; 387 857; 388 856; 389 856; 390 855; 392 855; 393 854; 395 854; 396 853; 397 853; 397 844; 396 843; 396 838; 395 837; 395 833; 394 832
59; 988 841; 986 843; 986 844; 985 845; 985 846; 984 847; 984 849; 983 850; 983 853; 982 854; 982 862; 985 862; 986 863; 989 863; 990 864; 992 864; 993 865; 1002 865; 1003 864; 1003 863; 1004 862; 1004 859; 1005 858; 1005 855; 1006 854; 1006 845; 1005 844; 1004 844; 1003 843; 1002 843; 1001 842; 999 842; 998 841
60; 618 846; 617 847; 616 847; 615 848; 614 848; 612 850; 612 862; 613 863; 613 868; 614 869; 614 870; 615 871; 624 871; 625 870; 626 870; 627 869; 629 869; 630 868; 632 868; 635 865; 635 857; 634 856; 634 854; 633 853; 633 850; 632 849; 632 848; 631 847; 631 846
61; 472 860; 470 862; 470 864; 469 865; 469 870; 468 871; 468 880; 470 882; 475 882; 476 883; 481 883; 482 884; 490 884; 491 883; 491 881; 492 880; 492 863; 491 862; 490 862; 489 861; 481 861; 480 860
62; 418 898; 417 899; 417 900; 416 901; 416 902; 414 904; 414 905; 413 906; 413 915; 414 915; 421 922; 430 922; 433 919; 433 918; 434 917; 435 917; 437 915; 437 906; 434 903; 433 903; 428 898
63; 372 909; 371 910; 371 915; 370 916; 370 929; 371 929; 372 930; 375 930; 376 931; 391 931; 391 930; 392 929; 392 911; 391 911; 390 910; 387 910; 386 909
64; 286 918; 285 919; 285 923; 284 924; 284 939; 285 939; 286 940; 290 940; 292 942; 300 942; 301 941; 308 941; 307 940; 307 923; 306 922; 306 921; 305 920; 304 920; 303 919; 299 919; 298 918
65; 301 942; 300 943; 293 943; 294 944; 294 950; 293 951; 293 961; 296 964; 298 964; 299 965; 303 965; 304 966; 313 966; 314 965; 315 965; 315 964; 316 963; 316 944; 315 943; 310 943; 309 942
66; 239 967; 237 969; 236 969; 234 971; 233 971; 231 973; 230 973; 230 982; 233 985; 233 986; 234 987; 234 988; 235 989; 235 990; 236 991; 244 991; 245 990; 246 990; 247 989; 248 989; 249 988; 250 988; 252 986; 253 986; 254 985; 254 976; 251 973; 251 972; 249 970; 249 969; 247 967
67; 412 981; 411 982; 404 982; 403 983; 402 983; 401 984; 401 992; 402 993; 402 994; 403 995; 403 1004; 404 1005; 415 1005; 416 1004; 422 1004; 423 1003; 424 1003; 424 994; 423 993; 423 987; 422 986; 422 982; 421 981
68; 349 987; 348 988; 346 988; 345 989; 344 989; 343 990; 342 990; 341 991; 341 999; 343 1001; 343 1003; 344 1004; 344 1006; 345 1007; 345 1009; 346 1010; 346 1011; 356 1011; 357 1010; 360 1010; 361 1009; 363 1009; 364 1008; 365 1008; 365 998; 364 997; 364 996; 363 995; 363 991; 362 990; 362 989; 361 988; 361 987
