0; 46 0; 46 3; 37 12; 37 13; 36 14; 36 15; 34 17; 33 17; 32 18; 32 26; 40 26; 42 28; 48 28; 49 29; 49 31; 55 31; 56 30; 62 30; 62 27; 64 25; 69 25; 70 24; 70 18; 71 17; 71 16; 75 12; 75 11; 76 10; 76 9; 79 6; 79 5; 80 4; 80 0
1; 787 0; 787 6; 786 7; 785 7; 783 9; 783 17; 792 26; 792 29; 793 30; 793 34; 794 35; 809 35; 810 34; 811 34; 812 33; 812 32; 813 31; 813 30; 814 29; 814 28; 818 24; 819 24; 820 23; 821 23; 822 22; 823 22; 823 14; 819 10; 818 10; 813 5; 812 5; 810 3; 810 0
2; 432 13; 431 14; 431 15; 428 18; 426 18; 424 20; 423 20; 420 23; 419 23; 418 24; 414 24; 413 25; 411 25; 409 27; 409 35; 413 39; 414 39; 416 41; 416 47; 422 47; 425 50; 425 52; 426 53; 426 55; 436 55; 437 54; 437 52; 438 51; 438 47; 441 44; 445 44; 446 43; 447 43; 449 41; 449 33; 448 32; 448 31; 443 31; 442 30; 442 24; 443 23; 443 15; 442 14; 441 14; 440 13
3; 56 31; 55 32; 49 32; 49 36; 48 37; 48 38; 47 39; 47 41; 46 42; 46 43; 43 46; 43 47; 42 48; 42 56; 45 59; 46 59; 55 68; 56 68; 57 69; 58 69; 59 70; 59 71; 60 72; 60 73; 61 74; 61 75; 70 75; 71 74; 72 74; 75 71; 75 70; 76 69; 76 67; 77 66; 77 62; 78 61; 79 61; 80 60; 80 51; 75 46; 74 46; 72 44; 72 43; 71 42; 71 41; 70 40; 70 38; 66 34; 63 34; 62 33; 62 31
4; 389 31; 387 33; 387 34; 386 35; 386 37; 385 38; 385 39; 384 40; 376 40; 375 41; 373 41; 372 42; 370 42; 370 50; 371 51; 371 52; 372 53; 372 55; 373 56; 373 58; 374 59; 374 67; 375 68; 375 69; 376 70; 376 71; 377 71; 379 73; 390 73; 390 72; 391 71; 391 70; 392 69; 392 68; 393 67; 394 67; 395 66; 401 66; 402 65; 404 65; 404 46; 403 45; 403 43; 402 42; 402 41; 401 40; 401 39; 400 38; 400 32; 399 32; 398 31
5; 901 42; 899 44; 897 44; 896 45; 889 45; 888 46; 886 46; 885 47; 883 47; 882 48; 873 48; 872 49; 869 49; 868 50; 868 57; 867 58; 867 72; 868 73; 883 73; 884 72; 887 72; 888 71; 889 71; 890 70; 891 70; 892 69; 895 69; 896 68; 897 68; 898 67; 899 67; 900 66; 901 66; 902 65; 903 65; 904 64; 906 64; 907 63; 907 62; 908 61; 908 60; 911 57; 911 44; 910 43; 910 42
6; 629 48; 626 51; 626 52; 625 53; 625 54; 624 55; 624 56; 623 57; 623 58; 622 59; 622 60; 616 66; 616 67; 615 68; 615 69; 613 71; 613 72; 612 73; 612 81; 613 82; 614 82; 615 83; 616 83; 618 85; 618 86; 626 86; 626 85; 629 82; 630 82; 631 81; 646 81; 647 80; 648 80; 648 71; 649 70; 649 69; 650 68; 650 66; 652 64; 652 63; 654 61; 654 60; 656 58; 657 58; 657 49; 649 49; 648 50; 642 50; 641 49; 638 49; 637 48
7; 696 55; 696 66; 695 67; 694 67; 691 70; 691 71; 687 75; 687 86; 698 86; 699 87; 700 87; 701 88; 701 92; 701 91; 702 90; 709 90; 710 91; 712 91; 713 92; 714 92; 715 93; 724 93; 726 91; 726 89; 727 88; 727 83; 729 81; 729 72; 724 67; 723 67; 721 65; 720 65; 719 64; 717 64; 716 63; 715 63; 711 59; 710 59; 709 58; 708 58; 706 56; 705 56; 704 55
8; 757 54; 756 55; 756 57; 755 58; 755 60; 746 69; 745 69; 737 77; 737 85; 738 86; 739 86; 740 87; 741 87; 742 88; 744 88; 745 89; 746 89; 749 92; 750 92; 751 93; 751 94; 752 95; 761 95; 763 93; 764 93; 767 90; 767 89; 768 88; 768 87; 770 85; 770 84; 773 81; 773 80; 775 78; 775 77; 776 76; 777 76; 778 75; 778 66; 777 66; 776 65; 767 65; 766 64; 766 54
9; 199 82; 197 84; 195 84; 194 85; 193 85; 192 86; 191 86; 189 88; 188 88; 186 90; 185 90; 184 91; 179 91; 178 92; 176 92; 171 97; 171 110; 173 112; 173 113; 175 115; 175 119; 176 120; 185 120; 189 116; 190 116; 191 115; 192 115; 193 114; 194 114; 195 113; 197 113; 198 112; 200 112; 201 111; 205 111; 206 110; 208 110; 209 109; 210 109; 212 107; 214 107; 215 106; 217 106; 219 104; 219 91; 218 91; 217 90; 212 90; 210 88; 210 85; 209 84; 209 83; 208 82
10; 701 93; 701 94; 700 95; 663 95; 662 96; 660 96; 658 98; 658 106; 660 108; 660 112; 661 113; 661 117; 667 123; 675 123; 676 122; 677 122; 678 121; 685 121; 686 120; 688 120; 689 119; 704 119; 705 118; 705 107; 704 106; 704 105; 702 103; 702 100; 701 99
11; 829 109; 826 112; 811 112; 809 114; 807 114; 806 115; 804 115; 804 125; 805 126; 805 139; 803 141; 803 149; 811 149; 812 148; 816 148; 817 147; 818 147; 821 144; 825 144; 826 143; 834 143; 835 142; 835 136; 836 135; 836 134; 837 133; 837 132; 838 131; 838 130; 839 129; 839 127; 840 126; 840 112; 837 109
12; 785 132; 783 134; 783 135; 782 136; 782 137; 781 138; 781 139; 780 140; 779 140; 778 141; 771 141; 769 143; 768 143; 766 145; 766 156; 768 158; 768 168; 769 169; 769 172; 770 173; 770 174; 772 176; 790 176; 791 175; 791 174; 792 173; 792 172; 794 170; 796 170; 797 169; 798 169; 799 168; 800 168; 800 167; 801 166; 801 150; 802 149; 802 143; 796 143; 795 142; 795 132
13; 987 171; 987 180; 988 181; 988 182; 989 183; 995 183; 996 184; 996 196; 998 198; 1012 198; 1013 197; 1023 197; 1023 176; 1016 176; 1015 175; 1013 175; 1012 174; 1011 174; 1010 173; 997 173; 995 171
14; 381 177; 379 179; 379 182; 378 183; 378 185; 377 186; 377 187; 374 190; 374 192; 373 193; 373 194; 372 195; 372 196; 371 197; 371 198; 367 202; 367 212; 370 212; 371 213; 373 213; 376 216; 376 217; 377 218; 377 219; 381 223; 396 223; 398 221; 398 220; 399 219; 399 212; 400 211; 400 209; 401 208; 401 207; 402 206; 402 205; 403 204; 403 203; 404 202; 404 200; 405 199; 405 197; 406 196; 406 188; 405 187; 404 187; 403 186; 402 186; 400 184; 399 184; 398 183; 398 182; 395 179; 394 179; 393 178; 390 178; 389 177
15; 261 203; 260 204; 259 204; 257 206; 256 206; 251 211; 250 211; 249 212; 247 212; 246 213; 244 213; 243 214; 242 214; 240 216; 240 224; 243 224; 244 225; 246 225; 247 226; 248 226; 249 227; 250 227; 252 229; 253 229; 255 231; 256 231; 257 232; 257 233; 259 235; 259 236; 262 239; 262 240; 267 240; 268 241; 268 242; 276 242; 277 241; 277 240; 280 237; 280 236; 281 235; 282 235; 284 233; 285 233; 286 232; 287 232; 293 226; 294 226; 295 225; 295 217; 292 217; 290 215; 289 215; 284 210; 283 210; 282 209; 280 209; 279 208; 277 208; 276 207; 275 207; 274 206; 273 206; 270 203
16; 924 218; 923 219; 922 219; 921 220; 918 220; 917 221; 913 221; 912 222; 901 222; 900 223; 888 223; 888 235; 890 237; 892 237; 895 240; 895 246; 896 246; 897 247; 915 247; 916 248; 916 249; 927 249; 928 248; 929 248; 930 247; 931 247; 934 244; 934 242; 935 241; 935 230; 934 229; 934 228; 933 227; 933 226; 932 225; 932 218
17; 729 230; 728 231; 727 231; 726 232; 725 232; 724 233; 723 233; 722 234; 722 235; 717 240; 715 240; 715 248; 717 250; 718 250; 719 251; 720 251; 721 252; 722 252; 725 255; 727 255; 728 256; 744 256; 744 254; 745 253; 762 253; 766 249; 766 241; 765 241; 764 240; 761 240; 760 239; 758 239; 757 238; 756 238; 754 236; 753 236; 752 235; 751 235; 750 234; 749 234; 748 233; 747 233; 746 232; 745 232; 744 231; 742 231; 741 230
18; 29 255; 28 256; 25 256; 24 257; 20 257; 19 258; 15 258; 14 259; 0 259; 0 284; 11 284; 12 283; 14 283; 15 282; 17 282; 18 281; 26 281; 27 282; 44 282; 46 280; 46 272; 45 271; 44 271; 43 270; 41 270; 38 267; 38 257; 37 256; 37 255
19; 843 277; 841 279; 836 279; 836 287; 847 288; 847 295; 844 304; 855 306; 870 306; 871 295; 875 290; 881 278; 881 275
20; 881 275; 884 272; 884 262; 876 260; 876 248; 873 246; 853 248; 849 247; 846 244; 838 244; 836 261; 842 265; 843 277
21; 526 283; 525 284; 518 284; 517 285; 506 285; 505 286; 505 287; 504 288; 504 292; 503 293; 503 302; 517 302; 518 303; 518 310; 520 312; 520 313; 522 315; 530 315; 531 314; 531 301; 535 297; 536 297; 537 296; 537 295; 538 294; 538 285; 536 283
22; 791 292; 791 293; 790 294; 790 295; 789 296; 789 297; 788 298; 788 309; 787 310; 787 312; 786 313; 786 323; 796 323; 797 324; 797 325; 798 326; 798 328; 799 329; 799 331; 800 332; 801 332; 802 333; 811 333; 812 332; 812 317; 813 316; 816 316; 816 314; 817 313; 817 297; 805 297; 800 292
23; 621 302; 620 303; 620 311; 621 312; 622 312; 623 313; 625 313; 626 314; 627 314; 628 315; 628 326; 648 326; 649 327; 651 327; 652 328; 655 328; 656 329; 665 329; 666 328; 666 319; 663 316; 663 305; 662 304; 644 304; 643 303; 642 303; 641 302
24; 827 303; 827 312; 826 313; 826 314; 825 315; 825 316; 824 317; 824 323; 823 324; 823 325; 822 326; 822 327; 820 329; 820 338; 821 338; 822 339; 834 339; 835 340; 835 348; 836 348; 838 350; 846 350; 847 349; 847 341; 848 340; 848 324; 849 323; 854 323; 855 322; 856 322; 856 314; 855 313; 855 307; 854 306; 850 306; 849 305; 837 305; 835 303
25; 951 318; 951 323; 950 324; 948 324; 948 334; 947 335; 938 335; 938 343; 941 346; 942 346; 943 347; 953 347; 953 346; 954 345; 954 344; 955 343; 955 339; 956 338; 958 338; 959 337; 959 336; 962 333; 963 333; 964 332; 965 332; 965 324; 963 322; 963 321; 962 321; 959 318
26; 779 354; 778 355; 776 355; 775 356; 773 356; 772 357; 772 365; 773 366; 774 366; 775 367; 775 382; 778 385; 797 385; 798 384; 800 384; 801 383; 803 383; 804 382; 818 382; 818 374; 817 373; 817 371; 816 370; 816 369; 815 368; 815 361; 811 361; 810 360; 807 360; 806 359; 791 359; 790 358; 790 354
27; 934 361; 933 362; 932 362; 931 363; 927 363; 926 364; 926 365; 925 366; 925 367; 924 368; 924 369; 922 371; 919 371; 917 373; 917 374; 916 375; 916 383; 917 384; 917 385; 918 386; 918 387; 919 388; 919 390; 920 391; 920 392; 921 393; 921 399; 930 399; 931 400; 940 400; 940 399; 941 398; 950 398; 950 390; 949 390; 947 388; 947 386; 946 385; 946 367; 945 366; 945 365; 944 364; 944 363; 942 361
28; 921 400; 921 402; 920 403; 919 403; 918 404; 917 404; 915 406; 915 407; 914 408; 914 409; 913 410; 913 413; 912 414; 912 422; 913 423; 913 424; 916 424; 917 425; 917 434; 918 435; 918 437; 920 439; 933 439; 934 440; 934 444; 944 444; 944 443; 945 442; 945 434; 946 433; 946 423; 947 422; 947 420; 948 419; 948 418; 949 417; 950 417; 951 416; 951 408; 947 408; 946 407; 942 407; 940 405; 940 401; 931 401; 930 400
29; 74 402; 74 407; 73 408; 73 409; 71 411; 71 412; 70 413; 70 421; 74 425; 74 433; 75 434; 78 434; 79 435; 80 435; 81 436; 82 436; 84 438; 86 438; 90 442; 98 442; 98 441; 99 440; 100 440; 105 435; 105 415; 104 415; 103 414; 102 414; 101 413; 100 413; 99 412; 98 412; 95 409; 95 408; 93 406; 93 405; 91 403; 90 403; 89 402
30; 470 412; 469 413; 458 413; 457 414; 454 414; 453 415; 451 415; 450 416; 450 433; 449 434; 447 434; 446 435; 445 435; 442 438; 442 446; 453 446; 454 447; 455 447; 457 449; 465 449; 466 448; 466 447; 467 446; 467 439; 468 438; 468 437; 475 430; 475 429; 482 422; 483 422; 483 414; 482 413; 481 413; 480 412
31; 673 418; 671 420; 670 420; 669 421; 666 421; 665 422; 663 422; 663 423; 661 425; 660 425; 659 426; 656 426; 655 427; 654 427; 653 428; 651 428; 650 429; 648 429; 647 430; 647 437; 646 438; 644 438; 643 439; 641 439; 640 440; 640 457; 648 457; 649 456; 649 455; 650 454; 650 453; 652 451; 654 451; 655 450; 663 450; 664 449; 669 449; 670 448; 674 448; 675 447; 676 447; 677 446; 679 446; 680 445; 681 445; 682 444; 683 444; 685 442; 685 438; 686 437; 689 437; 689 429; 685 429; 684 428; 684 421; 683 420; 683 419; 682 419; 681 418
32; 959 439; 957 441; 957 443; 956 444; 956 445; 955 446; 955 457; 963 457; 964 456; 966 456; 967 455; 982 455; 982 444; 981 443; 973 443; 972 442; 971 442; 969 440; 968 440; 967 439
33; 171 437; 171 438; 169 440; 168 440; 167 441; 157 441; 156 442; 154 442; 153 443; 151 443; 146 448; 145 448; 144 449; 141 449; 140 450; 139 450; 139 459; 138 460; 138 471; 139 472; 140 472; 141 473; 144 473; 146 475; 155 475; 157 473; 158 473; 159 472; 160 472; 165 467; 166 467; 167 466; 168 466; 169 465; 171 465; 172 464; 173 464; 174 463; 175 463; 176 462; 178 462; 178 450; 179 449; 179 448; 180 447; 180 439; 179 438; 179 437
34; 501 447; 499 449; 498 449; 496 451; 496 473; 497 473; 498 474; 500 474; 501 475; 510 475; 511 474; 526 474; 527 475; 537 475; 537 474; 538 473; 538 469; 540 467; 541 467; 541 459; 536 459; 534 457; 532 457; 531 456; 531 448; 511 448; 510 447
35; 561 447; 561 457; 560 458; 553 458; 552 457; 543 457; 543 458; 542 459; 542 467; 546 467; 548 469; 548 470; 550 472; 557 472; 558 473; 558 481; 559 482; 569 482; 570 481; 571 481; 572 480; 573 480; 573 478; 574 477; 587 477; 588 476; 589 476; 589 468; 587 466; 581 466; 580 465; 580 459; 579 458; 579 457; 574 452; 574 451; 572 449; 572 448; 571 447
36; 1006 497; 1006 508; 1005 509; 991 509; 990 510; 990 519; 992 521; 992 522; 993 523; 993 524; 994 525; 994 527; 996 527; 997 528; 997 545; 1005 545; 1006 544; 1006 543; 1009 540; 1010 540; 1012 538; 1012 537; 1015 534; 1023 534; 1023 524; 1018 524; 1017 523; 1017 517; 1018 516; 1023 516; 1023 499; 1017 499; 1016 498; 1015 498; 1014 497
37; 487 519; 483 522; 483 532; 480 535; 480 547; 484 547; 486 549; 486 555; 488 557; 496 557; 497 545; 499 543; 515 540; 523 536; 526 531; 526 519; 524 511; 521 508
38; 521 508; 521 500; 516 495; 516 487; 514 483; 470 482; 470 491; 479 493; 479 509; 487 513; 487 519
39; 430 517; 429 518; 412 518; 409 521; 409 522; 406 525; 406 526; 405 527; 405 528; 404 529; 404 531; 396 539; 396 540; 395 541; 395 549; 397 551; 399 551; 400 552; 410 552; 412 554; 414 554; 415 555; 426 555; 427 554; 427 553; 429 551; 429 549; 430 548; 430 545; 431 544; 431 542; 432 541; 432 539; 433 538; 433 537; 434 536; 434 535; 439 530; 439 529; 441 527; 441 519; 439 517
40; 659 538; 655 542; 655 546; 654 547; 642 547; 640 549; 640 558; 641 559; 641 560; 643 562; 643 563; 644 564; 644 565; 646 567; 646 568; 648 570; 648 571; 650 573; 650 581; 651 582; 660 582; 661 581; 663 581; 664 580; 664 579; 665 578; 665 577; 666 576; 666 575; 667 574; 676 574; 677 573; 677 562; 676 561; 676 558; 675 557; 675 556; 674 555; 674 553; 673 552; 673 551; 672 550; 672 548; 671 547; 671 541; 670 540; 670 539; 669 538
41; 201 559; 200 560; 199 560; 198 561; 197 561; 186 572; 185 572; 184 573; 183 573; 182 574; 181 574; 180 575; 180 576; 179 577; 179 578; 178 579; 178 580; 177 581; 176 581; 175 582; 175 592; 183 592; 184 591; 184 589; 185 588; 191 588; 192 589; 195 589; 196 590; 196 591; 198 593; 199 593; 201 595; 201 596; 202 597; 202 598; 203 599; 203 601; 209 601; 210 600; 211 600; 211 594; 212 593; 212 592; 213 591; 213 590; 214 589; 214 584; 215 583; 217 583; 218 582; 218 581; 221 578; 221 577; 224 574; 224 571; 225 570; 228 570; 228 562; 213 562; 210 559
42; 469 551; 468 552; 467 552; 465 554; 465 555; 462 558; 462 569; 459 572; 458 572; 458 580; 457 581; 453 581; 451 583; 451 592; 459 592; 460 591; 460 590; 461 589; 461 584; 462 583; 474 583; 475 582; 475 573; 474 572; 474 564; 475 563; 475 562; 477 560; 477 551
43; 963 595; 962 596; 961 596; 959 598; 958 598; 956 600; 955 600; 954 601; 948 601; 947 602; 945 602; 944 603; 941 603; 940 604; 938 604; 937 605; 937 619; 934 622; 934 630; 944 630; 946 628; 949 628; 950 627; 952 627; 953 626; 956 626; 956 625; 957 624; 970 624; 972 622; 977 622; 977 611; 974 608; 974 596; 973 595
44; 29 593; 29 602; 30 603; 30 617; 31 618; 31 619; 33 621; 34 621; 35 622; 36 622; 37 623; 38 623; 40 625; 41 625; 49 633; 49 634; 50 635; 58 635; 61 632; 61 626; 62 625; 69 625; 71 623; 71 615; 69 613; 69 606; 68 606; 67 605; 66 605; 65 604; 61 604; 60 603; 58 603; 55 600; 54 600; 53 599; 51 599; 50 598; 49 598; 48 597; 46 597; 45 596; 42 596; 41 595; 40 595; 38 593
45; 230 593; 229 594; 228 594; 224 598; 224 599; 223 600; 222 600; 221 601; 210 601; 209 602; 208 602; 208 610; 209 611; 209 612; 210 613; 210 614; 212 616; 212 617; 213 618; 213 620; 214 621; 214 623; 215 624; 215 626; 216 627; 216 629; 217 630; 217 639; 226 639; 229 636; 229 634; 230 633; 230 629; 231 628; 241 628; 244 625; 244 615; 243 614; 243 613; 242 612; 242 610; 241 609; 241 607; 240 606; 240 594; 239 593
46; 586 599; 581 604; 580 604; 579 605; 579 606; 577 608; 577 609; 574 612; 573 612; 571 614; 570 614; 564 620; 564 630; 566 630; 567 631; 567 644; 583 644; 583 643; 584 642; 584 640; 587 637; 588 637; 591 634; 592 634; 596 630; 597 630; 603 624; 604 624; 604 615; 600 611; 600 610; 599 609; 599 608; 595 604; 595 603; 594 602; 594 599
47; 996 616; 996 624; 995 625; 995 628; 994 629; 994 632; 993 633; 993 643; 992 644; 990 644; 989 645; 989 653; 997 653; 998 652; 998 646; 999 645; 1005 645; 1007 647; 1015 647; 1015 639; 1014 638; 1014 631; 1015 630; 1015 622; 1010 622; 1008 620; 1008 618; 1006 616
48; 663 628; 661 630; 660 630; 660 633; 659 634; 653 634; 652 633; 652 632; 651 631; 642 631; 639 634; 638 634; 638 645; 637 646; 635 646; 635 648; 639 648; 640 649; 640 668; 649 668; 650 667; 651 667; 651 666; 652 665; 652 661; 653 660; 666 660; 669 657; 669 644; 670 643; 671 643; 671 641; 672 640; 672 638; 673 637; 673 628
49; 567 645; 567 646; 566 647; 564 647; 563 648; 562 648; 560 650; 556 650; 555 651; 553 651; 552 652; 545 652; 545 660; 546 661; 546 667; 545 668; 544 668; 543 669; 538 669; 535 672; 535 680; 543 680; 546 677; 554 677; 554 669; 555 668; 555 667; 557 665; 564 665; 565 666; 565 677; 577 677; 579 675; 579 674; 580 673; 580 671; 581 670; 589 670; 590 669; 592 669; 592 654; 584 654; 583 653; 583 645
50; 599 642; 596 645; 596 646; 595 647; 595 652; 593 654; 593 668; 604 668; 605 669; 607 669; 608 670; 609 670; 610 671; 613 671; 614 672; 624 672; 625 671; 626 671; 626 670; 627 669; 627 662; 629 660; 629 659; 630 658; 630 657; 632 655; 632 649; 633 648; 634 648; 634 646; 631 646; 630 645; 629 645; 628 644; 625 644; 624 643; 611 643; 610 642
51; 899 649; 898 650; 891 650; 891 661; 890 662; 880 662; 879 661; 879 653; 871 653; 871 654; 870 655; 868 655; 864 659; 864 668; 863 669; 863 677; 864 677; 865 678; 876 678; 877 677; 881 677; 882 676; 883 676; 884 675; 894 675; 895 674; 901 674; 901 663; 902 662; 903 662; 904 661; 905 661; 908 658; 908 649
52; 826 666; 826 667; 824 669; 824 670; 822 672; 822 673; 821 674; 821 675; 818 678; 817 678; 816 679; 816 687; 820 687; 822 689; 822 696; 823 697; 831 697; 831 687; 833 685; 845 685; 849 681; 849 680; 852 677; 852 668; 845 668; 844 667; 843 667; 842 666
53; 273 658; 271 660; 267 660; 267 672; 266 673; 259 673; 258 672; 258 666; 249 666; 248 667; 242 667; 241 668; 241 676; 242 677; 242 683; 240 685; 240 693; 241 694; 242 694; 243 695; 251 695; 252 694; 253 694; 254 693; 255 693; 257 691; 258 691; 259 690; 263 690; 264 689; 267 689; 267 688; 268 687; 280 687; 280 672; 281 671; 281 658
54; 680 677; 679 678; 677 678; 677 687; 676 688; 665 688; 664 689; 664 692; 663 693; 663 701; 679 701; 680 702; 692 702; 693 701; 706 701; 707 700; 712 700; 712 688; 713 687; 713 679; 689 679; 688 678; 688 677
55; 1001 677; 1000 678; 999 678; 998 679; 997 679; 996 680; 996 681; 995 682; 984 682; 983 683; 982 683; 979 686; 979 695; 980 696; 981 696; 982 697; 983 697; 985 699; 993 699; 994 700; 994 707; 1002 707; 1003 706; 1003 705; 1004 704; 1006 704; 1007 703; 1007 695; 1006 695; 1005 694; 1005 688; 1007 686; 1011 686; 1011 677
56; 873 687; 872 688; 871 688; 869 690; 869 699; 880 699; 881 700; 881 706; 880 707; 871 707; 871 716; 883 716; 884 715; 917 715; 918 714; 918 711; 919 710; 919 708; 921 706; 921 705; 920 705; 919 704; 913 704; 910 701; 909 701; 908 700; 908 697; 907 696; 907 694; 905 692; 885 692; 884 691; 884 688; 883 688; 882 687
57; 715 704; 715 707; 709 713; 709 714; 708 715; 708 717; 707 718; 700 718; 699 719; 698 719; 698 728; 701 728; 702 729; 707 729; 708 730; 709 730; 710 731; 711 731; 712 732; 713 732; 714 733; 715 733; 716 734; 717 734; 718 735; 719 735; 722 738; 723 738; 725 740; 726 740; 727 741; 735 741; 735 740; 736 739; 736 738; 738 736; 741 736; 742 735; 744 735; 745 734; 745 726; 747 724; 750 724; 750 715; 748 715; 747 714; 743 714; 742 713; 740 713; 739 712; 737 712; 736 711; 734 711; 733 710; 732 710; 731 709; 730 709; 729 708; 728 708; 725 705; 725 704
58; 933 706; 932 707; 921 707; 920 708; 920 710; 919 711; 919 714; 917 716; 918 717; 918 719; 919 720; 919 724; 920 725; 920 728; 921 729; 921 741; 929 741; 930 740; 931 740; 932 739; 940 739; 941 738; 952 738; 953 737; 953 724; 952 723; 952 722; 951 721; 951 720; 949 718; 949 717; 948 716; 948 714; 947 713; 947 712; 946 711; 946 710; 944 708; 944 707; 943 706
59; 290 714; 289 715; 276 715; 276 724; 277 725; 277 726; 278 727; 278 728; 279 729; 279 730; 281 732; 281 740; 282 741; 282 742; 283 743; 285 743; 286 744; 287 744; 290 747; 292 747; 293 748; 304 748; 305 747; 305 740; 306 739; 306 738; 308 736; 308 728; 306 726; 306 725; 305 724; 305 723; 301 719; 301 718; 300 717; 300 716; 299 715; 299 714
60; 913 751; 912 752; 909 752; 908 753; 906 753; 905 754; 904 754; 902 756; 900 756; 899 757; 897 757; 896 758; 894 758; 893 759; 892 759; 891 760; 890 760; 889 761; 887 761; 886 762; 885 762; 884 763; 884 771; 885 772; 887 772; 888 773; 891 773; 892 774; 893 774; 894 775; 894 783; 904 783; 905 782; 907 782; 908 781; 908 769; 909 768; 910 768; 911 767; 913 767; 914 766; 921 766; 922 767; 922 776; 937 776; 937 768; 936 767; 936 766; 925 766; 924 765; 924 753; 923 753; 921 751
61; 727 765; 726 766; 726 767; 725 768; 725 770; 723 772; 715 772; 715 780; 716 781; 716 786; 718 788; 718 796; 728 796; 729 797; 730 797; 732 799; 733 799; 734 800; 736 800; 737 801; 738 801; 739 802; 740 802; 741 803; 741 804; 742 805; 751 805; 751 804; 752 803; 752 800; 753 799; 753 793; 755 791; 756 791; 756 783; 754 781; 753 781; 752 780; 751 780; 748 777; 748 776; 745 776; 744 775; 744 771; 742 769; 742 768; 741 767; 740 767; 739 766; 738 766; 737 765
62; 485 786; 481 790; 481 791; 480 792; 480 802; 490 802; 491 803; 493 803; 496 806; 496 815; 504 815; 504 814; 505 813; 505 812; 509 808; 510 808; 511 807; 512 807; 513 806; 514 806; 514 791; 513 790; 512 790; 511 789; 501 789; 500 788; 495 788; 493 786
63; 783 774; 783 787; 782 788; 782 792; 781 793; 781 796; 780 797; 780 801; 779 802; 779 806; 778 807; 778 815; 779 815; 780 816; 786 816; 787 817; 788 817; 789 818; 791 818; 792 819; 792 824; 796 824; 797 823; 803 823; 806 820; 806 819; 807 818; 807 817; 808 816; 808 814; 809 813; 809 796; 811 794; 811 784; 810 783; 809 783; 808 782; 799 782; 798 781; 798 780; 797 779; 797 778; 794 775; 793 775; 792 774
64; 11 793; 11 794; 8 797; 8 809; 7 810; 0 810; 0 833; 3 833; 4 834; 15 834; 18 831; 19 831; 20 830; 21 830; 22 829; 32 829; 33 828; 34 828; 35 827; 35 818; 34 818; 33 817; 32 817; 26 811; 26 810; 24 808; 24 807; 23 806; 23 805; 22 804; 22 803; 21 802; 21 800; 20 799; 20 798; 19 797; 19 793
65; 762 824; 761 825; 759 825; 758 826; 756 826; 755 827; 755 835; 756 836; 756 842; 755 843; 755 852; 756 853; 758 853; 759 854; 765 854; 766 855; 797 855; 797 854; 798 853; 798 851; 799 850; 799 841; 798 840; 798 839; 797 838; 797 832; 796 831; 796 825; 792 825; 791 826; 781 826; 780 827; 774 827; 771 824
66; 179 827; 178 828; 177 828; 176 829; 165 829; 164 830; 163 830; 159 834; 159 835; 157 837; 157 840; 156 841; 156 844; 152 848; 152 849; 151 850; 151 851; 150 852; 150 863; 151 864; 151 865; 152 866; 172 866; 173 867; 184 867; 184 854; 185 853; 185 850; 186 849; 186 846; 187 845; 187 842; 188 841; 188 839; 190 837; 191 837; 192 836; 193 836; 193 828; 192 827
67; 947 834; 946 835; 945 835; 944 836; 943 836; 941 838; 941 847; 940 848; 932 848; 931 849; 931 857; 934 860; 934 861; 936 863; 936 865; 937 866; 937 867; 938 868; 938 875; 939 876; 939 878; 941 880; 943 880; 944 881; 954 881; 955 880; 955 878; 956 877; 956 876; 957 875; 958 875; 959 874; 963 874; 966 871; 967 871; 969 869; 970 869; 971 868; 974 868; 974 860; 973 859; 972 859; 967 854; 967 853; 961 847; 961 846; 957 842; 957 840; 956 839; 956 836; 955 835; 955 834
68; 529 853; 529 861; 531 863; 531 870; 530 871; 530 878; 529 879; 529 892; 530 892; 531 893; 544 893; 545 894; 550 894; 551 895; 561 895; 561 878; 560 877; 560 863; 559 862; 559 861; 557 859; 547 859; 546 858; 545 858; 544 857; 544 856; 541 853
69; 377 873; 374 876; 367 876; 366 877; 366 886; 369 886; 370 887; 370 894; 366 898; 366 908; 371 908; 372 909; 376 909; 377 910; 408 910; 408 902; 404 898; 404 886; 403 885; 401 885; 400 884; 398 884; 397 883; 393 883; 392 882; 391 882; 389 880; 389 879; 388 878; 388 877; 387 876; 387 875; 385 873
70; 98 903; 92 909; 92 922; 93 923; 93 928; 94 928; 95 929; 95 936; 96 937; 96 940; 99 943; 104 943; 110 949; 119 949; 120 948; 129 948; 130 947; 133 947; 133 939; 127 939; 125 937; 125 927; 126 926; 126 923; 127 922; 127 919; 128 918; 128 916; 129 915; 129 907; 128 906; 128 905; 127 904; 119 904; 116 907; 110 907; 106 903
71; 300 920; 299 921; 299 924; 298 925; 298 927; 297 928; 297 941; 300 944; 300 946; 301 947; 301 948; 304 951; 307 951; 308 952; 311 952; 312 953; 314 953; 315 954; 317 954; 318 955; 320 955; 322 957; 322 958; 323 959; 323 960; 324 961; 333 961; 334 960; 334 959; 335 958; 335 945; 338 942; 339 942; 340 941; 341 941; 342 940; 342 931; 341 930; 335 930; 334 929; 334 923; 326 923; 325 924; 318 924; 317 923; 312 923; 311 922; 310 922; 308 920
72; 20 963; 19 964; 17 964; 16 965; 15 965; 14 966; 13 966; 12 967; 11 967; 10 968; 8 968; 7 969; 0 969; 0 989; 4 989; 5 990; 6 990; 7 991; 7 996; 8 997; 16 997; 19 994; 20 994; 21 993; 24 993; 25 992; 27 992; 30 989; 31 989; 32 988; 34 988; 35 987; 37 987; 38 986; 39 986; 40 985; 42 985; 43 984; 45 984; 46 983; 47 983; 47 973; 45 971; 44 971; 43 970; 38 970; 36 968; 36 966; 35 965; 35 964; 34 963
73; 476 974; 473 977; 473 978; 471 980; 471 981; 469 983; 469 984; 467 986; 466 986; 459 993; 455 993; 455 1005; 457 1005; 458 1006; 459 1006; 460 1007; 460 1008; 461 1009; 461 1010; 462 1011; 462 1014; 463 1015; 463 1016; 464 1017; 464 1019; 465 1020; 465 1023; 475 1023; 475 1020; 476 1019; 476 1018; 479 1015; 480 1015; 482 1013; 482 1006; 483 1005; 491 1005; 495 1001; 496 1001; 497 1000; 499 1000; 500 999; 500 990; 499 989; 499 988; 498 988; 497 987; 497 975; 486 975; 485 974
74; 81 977; 79 979; 79 980; 78 981; 77 981; 76 982; 71 982; 68 985; 67 985; 65 987; 64 987; 63 988; 61 988; 61 996; 62 997; 62 998; 63 999; 63 1000; 64 1001; 64 1002; 65 1003; 65 1005; 66 1006; 66 1007; 67 1008; 67 1016; 66 1017; 65 1017; 63 1019; 63 1023; 84 1023; 84 1018; 85 1017; 85 1015; 86 1014; 90 1014; 91 1013; 92 1013; 93 1012; 93 1011; 94 1010; 94 1008; 95 1007; 98 1007; 99 1006; 101 1006; 102 1005; 102 997; 98 997; 97 996; 97 987; 96 986; 96 985; 95 984; 95 983; 94 982; 94 979; 92 977
75; 443 992; 439 996; 438 996; 437 997; 435 997; 434 998; 432 998; 431 999; 430 999; 429 1000; 427 1000; 426 1001; 424 1001; 423 1002; 416 1002; 415 1003; 410 1003; 409 1004; 408 1004; 408 1017; 407 1018; 407 1023; 443 1023; 443 1020; 445 1018; 446 1018; 447 1017; 448 1017; 449 1016; 449 1006; 450 1005; 454 1005; 454 993; 453 993; 452 992
