0; 360 0; 360 6; 361 7; 361 8; 366 13; 366 21; 367 22; 373 22; 374 23; 375 23; 376 24; 376 26; 377 27; 377 28; 379 30; 379 31; 380 31; 382 33; 390 33; 391 32; 391 31; 392 30; 405 30; 408 27; 408 19; 407 18; 406 18; 403 15; 403 14; 401 12; 401 10; 400 9; 400 7; 399 6; 399 0
1; 533 0; 533 6; 532 7; 532 8; 531 9; 531 10; 530 11; 530 25; 531 26; 531 27; 532 28; 534 28; 535 29; 535 34; 536 35; 536 36; 537 36; 538 37; 551 37; 552 36; 552 29; 554 27; 554 26; 555 25; 555 23; 556 22; 556 19; 557 18; 558 18; 558 14; 559 13; 559 9; 560 8; 560 5; 561 4; 561 0
2; 685 0; 685 3; 684 4; 682 4; 682 5; 681 6; 671 6; 670 7; 669 7; 668 8; 668 10; 667 11; 667 17; 668 17; 669 18; 669 19; 673 23; 673 25; 674 26; 676 24; 685 24; 686 25; 686 26; 702 26; 702 22; 703 21; 703 19; 704 18; 704 11; 705 10; 705 6; 706 5; 706 0
3; 802 37; 809 37; 821 25; 820 24; 820 17; 821 16; 821 15; 823 13; 823 11; 824 10; 834 10; 836 8; 840 8; 841 7; 841 0; 785 0; 785 3
4; 785 3; 774 14; 773 14; 770 17; 770 18; 768 20; 774 37; 780 37; 781 38; 781 39; 782 40; 793 40; 793 39; 794 38; 801 38; 802 37
5; 1016 7; 1012 11; 1011 11; 1010 12; 1008 12; 1007 13; 1007 14; 1006 15; 1006 16; 1005 17; 1005 18; 1004 19; 996 19; 995 20; 994 20; 993 21; 992 21; 991 22; 990 22; 987 25; 987 30; 986 31; 984 31; 983 32; 980 32; 980 33; 979 34; 979 35; 978 36; 978 37; 977 38; 963 38; 962 39; 962 48; 964 48; 965 49; 973 49; 973 45; 974 44; 988 44; 989 43; 992 43; 992 38; 993 37; 999 37; 1000 38; 1000 44; 1004 48; 1005 48; 1010 53; 1023 53; 1023 7
6; 607 20; 607 33; 606 34; 595 34; 595 48; 600 48; 601 49; 601 51; 602 52; 602 60; 610 60; 610 59; 611 58; 611 57; 612 56; 612 55; 613 54; 613 48; 614 47; 614 32; 615 31; 615 20
7; 838 29; 829 58; 840 66; 841 73; 856 74; 869 57; 880 48; 881 38; 871 30; 871 27; 857 27; 852 23
8; 838 29; 821 26; 809 38; 810 48; 822 58; 829 58
9; 989 44; 988 45; 985 45; 985 57; 984 58; 984 66; 985 67; 985 69; 986 70; 986 75; 994 75; 994 67; 995 66; 996 66; 998 64; 1008 64; 1009 63; 1010 63; 1010 54; 1005 49; 1004 49; 1000 45; 993 45; 992 44
10; 626 34; 626 37; 623 40; 623 53; 621 55; 621 57; 620 58; 620 62; 619 63; 619 73; 620 73; 624 77; 630 77; 631 78; 631 80; 632 81; 632 82; 634 84; 635 84; 636 85; 645 85; 645 74; 648 71; 648 63; 647 63; 643 59; 643 58; 642 57; 642 44; 638 44; 635 41; 635 36; 634 35; 634 34
11; 735 58; 731 62; 731 70; 732 70; 733 71; 734 71; 735 72; 747 72; 748 73; 748 77; 749 78; 749 79; 757 79; 758 78; 759 78; 760 77; 761 77; 761 76; 762 75; 762 74; 763 73; 763 63; 755 63; 754 64; 746 64; 745 63; 745 62; 743 60; 743 58
12; 326 59; 326 61; 324 63; 311 63; 311 64; 310 65; 310 66; 309 67; 308 67; 305 70; 304 70; 304 71; 301 74; 301 75; 300 76; 300 77; 299 78; 298 78; 297 79; 296 79; 295 80; 294 80; 294 89; 295 89; 296 90; 299 90; 300 91; 301 91; 302 92; 313 92; 314 91; 324 91; 325 90; 325 89; 326 88; 326 87; 327 86; 327 85; 329 83; 329 71; 330 70; 333 70; 334 69; 335 69; 335 60; 334 59
13; 665 75; 652 90; 647 90; 646 93; 641 94; 640 100; 637 101; 637 103; 640 103; 643 106; 649 106; 656 109; 660 113; 670 113; 674 110; 675 106; 678 103
14; 678 103; 692 102; 694 99; 694 89; 690 78; 690 71; 693 69; 692 58; 662 58; 662 66; 665 68; 665 75
15; 827 73; 826 74; 822 74; 822 76; 814 84; 814 85; 813 86; 813 87; 811 89; 811 90; 810 91; 810 94; 805 99; 805 108; 807 110; 808 110; 809 111; 811 111; 814 114; 814 115; 815 115; 816 116; 818 116; 819 117; 820 117; 821 118; 822 118; 823 119; 832 119; 833 118; 833 113; 834 112; 834 109; 836 107; 836 106; 837 105; 837 100; 838 99; 843 99; 843 98; 844 97; 844 96; 845 95; 845 94; 846 93; 846 92; 850 88; 851 88; 852 87; 853 87; 854 86; 855 86; 855 75; 848 75; 847 74; 841 74; 840 73
16; 89 88; 88 89; 88 90; 87 91; 87 100; 86 101; 81 101; 78 104; 72 104; 72 115; 73 116; 73 117; 74 118; 74 120; 75 120; 76 121; 76 129; 77 130; 77 141; 85 141; 86 140; 87 140; 89 138; 89 135; 90 134; 90 129; 91 128; 103 128; 104 127; 105 127; 105 111; 103 109; 103 108; 102 107; 102 104; 101 103; 101 93; 100 92; 100 90; 98 88
17; 736 100; 731 105; 730 105; 726 109; 726 116; 725 117; 719 117; 714 122; 713 122; 712 123; 711 123; 710 124; 709 124; 709 132; 710 132; 713 135; 725 135; 726 136; 727 136; 729 138; 730 138; 734 142; 742 142; 745 139; 745 138; 749 134; 749 127; 750 126; 757 126; 763 120; 763 110; 762 109; 759 109; 758 108; 753 108; 752 107; 751 107; 747 103; 747 102; 745 100
18; 604 97; 603 98; 603 99; 602 100; 602 101; 601 102; 601 103; 594 110; 594 111; 591 114; 590 114; 589 115; 588 115; 585 118; 585 119; 584 120; 584 121; 583 122; 583 130; 586 133; 587 133; 588 134; 594 134; 595 135; 597 135; 598 136; 599 136; 601 138; 609 138; 613 134; 614 134; 615 133; 615 132; 616 131; 616 130; 625 121; 625 120; 627 118; 627 117; 628 116; 628 115; 629 114; 629 113; 631 111; 632 111; 633 110; 633 104; 634 103; 636 103; 636 101; 624 101; 624 102; 622 104; 622 105; 621 106; 615 106; 612 103; 612 97
19; 641 136; 637 140; 634 140; 633 141; 628 141; 627 142; 624 142; 623 143; 621 143; 620 144; 619 144; 618 145; 617 145; 616 146; 615 146; 613 148; 612 148; 608 152; 608 161; 610 163; 610 164; 611 165; 611 168; 612 169; 612 171; 613 172; 613 177; 614 178; 614 179; 617 182; 618 182; 620 184; 620 185; 621 186; 630 186; 632 184; 633 184; 634 183; 635 183; 635 170; 636 169; 645 169; 646 168; 649 168; 650 167; 652 167; 653 166; 653 157; 652 156; 652 155; 651 154; 651 136
20; 256 160; 256 161; 254 163; 254 165; 253 166; 253 175; 250 178; 249 178; 248 179; 248 193; 249 194; 249 199; 254 204; 267 204; 272 199; 272 198; 273 197; 273 196; 274 195; 274 194; 275 193; 275 192; 276 191; 276 190; 277 189; 277 188; 279 186; 279 185; 281 183; 281 182; 282 181; 282 180; 285 177; 286 177; 287 176; 288 176; 288 168; 287 167; 286 167; 283 164; 271 164; 269 162; 268 162; 267 161; 266 161; 265 160
21; 361 173; 359 175; 359 176; 358 177; 358 180; 357 181; 357 190; 356 191; 346 191; 344 193; 344 194; 343 195; 343 205; 346 208; 347 208; 348 209; 352 209; 353 210; 354 210; 355 211; 360 211; 363 214; 372 214; 375 211; 375 209; 376 208; 376 206; 377 205; 377 204; 379 202; 379 200; 380 199; 380 198; 381 197; 381 195; 382 194; 382 193; 383 192; 383 191; 384 190; 384 189; 385 188; 387 188; 388 187; 389 187; 390 186; 392 186; 392 178; 391 177; 390 177; 389 176; 373 176; 370 173
22; 247 179; 246 180; 245 180; 241 184; 235 184; 234 183; 226 183; 225 184; 223 184; 222 185; 221 185; 220 186; 219 186; 218 187; 211 187; 210 188; 209 188; 206 191; 206 193; 205 194; 205 202; 208 202; 209 203; 210 203; 211 204; 211 205; 217 205; 218 206; 218 214; 220 216; 220 217; 225 222; 225 224; 226 225; 235 225; 243 217; 247 217; 248 216; 251 216; 253 214; 253 204; 248 199; 248 194; 247 193
23; 872 187; 871 188; 870 188; 868 190; 867 190; 866 191; 857 191; 856 192; 851 192; 850 193; 849 193; 847 195; 846 195; 846 196; 843 199; 842 199; 841 200; 840 200; 840 213; 839 214; 839 225; 847 225; 848 224; 849 224; 850 223; 854 223; 855 222; 857 222; 858 221; 881 221; 882 220; 882 218; 883 217; 883 202; 884 201; 884 189; 882 187
24; 1017 192; 1017 193; 1015 195; 1008 195; 1005 198; 1005 199; 1004 200; 1004 201; 1001 204; 998 204; 997 205; 988 205; 987 206; 983 206; 982 207; 978 207; 977 208; 975 208; 974 209; 974 212; 973 213; 973 226; 970 229; 970 237; 971 238; 976 238; 977 239; 986 239; 987 238; 988 238; 989 237; 990 237; 991 236; 995 236; 996 235; 998 235; 999 234; 1001 234; 1002 233; 1003 233; 1004 232; 1007 232; 1008 231; 1023 231; 1023 192
25; 114 213; 113 214; 112 214; 110 216; 103 216; 102 215; 100 215; 99 214; 88 214; 88 223; 89 224; 89 225; 91 227; 91 234; 92 235; 92 239; 93 240; 93 241; 94 242; 102 242; 103 241; 112 241; 113 242; 122 242; 123 241; 133 241; 135 239; 135 229; 134 228; 134 227; 130 223; 130 220; 129 219; 129 216; 128 215; 128 214; 127 214; 126 213
26; 703 216; 703 224; 704 225; 705 225; 707 227; 707 229; 708 230; 708 233; 709 234; 709 238; 710 239; 710 242; 712 244; 712 245; 713 246; 713 252; 714 253; 714 254; 716 256; 725 256; 726 255; 726 254; 728 252; 734 252; 735 253; 743 253; 745 251; 745 243; 744 242; 744 239; 743 238; 743 233; 742 232; 742 231; 740 229; 739 229; 734 224; 733 224; 729 220; 729 219; 728 218; 728 216; 720 216; 719 217; 712 217; 711 216
27; 841 237; 841 253; 840 254; 840 258; 839 259; 839 261; 838 262; 838 264; 837 265; 837 267; 836 268; 836 280; 837 281; 839 281; 840 282; 842 282; 843 283; 852 283; 854 285; 864 285; 867 282; 867 280; 868 279; 868 277; 869 276; 869 272; 870 271; 870 265; 871 264; 871 260; 872 259; 872 256; 873 255; 873 247; 872 246; 868 246; 867 245; 865 245; 864 244; 863 244; 862 243; 861 243; 857 239; 854 239; 853 238; 851 238; 850 237
28; 64 245; 64 264; 63 265; 63 287; 65 289; 66 289; 68 291; 68 292; 69 293; 69 294; 82 294; 83 295; 92 295; 92 271; 93 270; 93 268; 94 267; 94 266; 95 265; 95 264; 96 263; 96 255; 95 255; 94 254; 93 254; 92 253; 91 253; 90 252; 84 252; 83 251; 82 251; 81 250; 81 249; 79 247; 78 247; 77 246; 75 246; 74 245
29; 254 270; 251 273; 250 273; 249 274; 245 274; 244 275; 233 275; 229 279; 229 281; 224 286; 224 295; 223 296; 223 307; 232 307; 233 306; 234 306; 235 305; 243 305; 244 304; 253 304; 254 303; 255 303; 257 301; 258 301; 259 300; 266 300; 267 299; 267 298; 268 297; 268 296; 270 294; 270 293; 271 292; 271 277; 270 276; 270 275; 269 274; 267 274; 263 270
30; 109 268; 109 276; 111 278; 111 285; 110 286; 110 290; 109 291; 109 292; 108 293; 108 294; 107 295; 107 296; 106 297; 106 300; 105 301; 105 312; 106 313; 109 313; 112 316; 126 316; 128 318; 136 318; 138 316; 138 299; 139 298; 139 279; 138 278; 137 278; 136 277; 124 277; 122 275; 122 274; 121 273; 121 271; 120 270; 120 269; 118 269; 117 268
31; 626 283; 625 284; 623 284; 621 286; 617 286; 616 287; 606 287; 604 289; 604 291; 600 295; 600 304; 598 306; 598 317; 599 318; 599 319; 609 319; 610 318; 614 318; 615 317; 619 317; 620 316; 625 316; 626 315; 632 315; 633 314; 636 314; 637 313; 638 313; 643 308; 643 284; 641 284; 640 283
32; 840 311; 838 313; 837 313; 835 315; 834 315; 832 317; 832 326; 834 328; 835 328; 837 330; 838 330; 839 331; 839 342; 840 343; 840 345; 841 346; 849 346; 850 345; 853 345; 854 344; 857 344; 858 343; 861 343; 862 342; 865 342; 866 341; 867 341; 868 340; 883 340; 883 332; 882 331; 882 327; 880 325; 879 325; 876 322; 876 317; 874 315; 874 314; 871 311
33; 118 326; 116 328; 115 328; 114 329; 111 329; 110 330; 107 330; 106 331; 102 331; 101 332; 99 332; 98 333; 96 333; 95 334; 93 334; 92 335; 90 335; 89 336; 87 336; 87 344; 88 345; 88 353; 89 354; 89 356; 90 357; 90 369; 105 369; 105 358; 106 357; 106 355; 107 354; 107 353; 108 352; 125 352; 126 351; 126 337; 127 336; 127 327; 126 326
34; 677 320; 676 321; 676 329; 675 330; 671 330; 666 335; 666 343; 667 344; 667 346; 668 347; 668 351; 669 352; 669 353; 670 354; 670 355; 671 356; 671 357; 673 359; 673 360; 675 362; 675 363; 676 363; 677 364; 677 370; 678 371; 678 373; 686 373; 688 371; 689 371; 690 370; 690 369; 691 368; 691 362; 692 361; 695 361; 697 359; 698 359; 699 358; 700 358; 702 356; 702 355; 706 351; 706 337; 699 337; 698 336; 697 336; 695 334; 695 333; 694 332; 694 331; 693 330; 693 329; 692 328; 692 327; 691 326; 691 325; 690 324; 690 323; 687 320
35; 276 334; 275 335; 275 336; 273 338; 261 338; 261 346; 262 347; 262 348; 263 349; 263 350; 264 351; 264 353; 265 354; 265 355; 267 357; 267 358; 268 359; 268 361; 269 362; 269 363; 270 364; 270 366; 271 367; 271 369; 272 370; 272 373; 273 373; 274 374; 276 374; 277 375; 278 375; 281 372; 281 371; 283 369; 283 368; 285 366; 285 357; 287 355; 293 355; 293 347; 290 344; 290 343; 288 341; 288 339; 287 338; 287 335; 286 334
36; 232 336; 231 337; 230 337; 229 338; 217 338; 216 339; 215 339; 214 340; 213 340; 212 341; 210 341; 209 342; 208 342; 207 343; 206 343; 205 344; 200 344; 200 371; 202 373; 210 373; 211 372; 214 372; 215 371; 217 371; 218 370; 220 370; 222 368; 224 368; 225 367; 228 367; 229 366; 232 366; 233 365; 236 365; 237 364; 238 364; 240 362; 240 348; 241 347; 242 347; 242 339; 241 338; 241 336
37; 46 338; 46 339; 45 340; 45 348; 46 349; 46 367; 47 368; 47 370; 48 371; 48 372; 49 373; 60 373; 61 372; 61 368; 62 367; 72 367; 74 365; 75 365; 76 364; 76 348; 68 348; 68 352; 67 353; 61 353; 60 352; 60 351; 59 350; 59 349; 58 348; 58 339; 55 339; 54 338
38; 609 343; 609 357; 608 358; 608 367; 610 369; 610 375; 608 377; 608 385; 609 385; 616 392; 617 392; 618 393; 634 393; 635 392; 635 391; 636 390; 636 384; 637 383; 637 363; 639 361; 640 361; 640 353; 639 353; 638 352; 636 352; 633 349; 633 348; 630 345; 628 345; 627 344; 618 344; 617 343
39; 431 359; 430 360; 430 361; 429 362; 429 373; 428 374; 428 397; 431 400; 444 400; 446 402; 446 403; 447 404; 447 405; 448 406; 457 406; 459 404; 459 401; 460 400; 460 389; 461 388; 461 378; 462 377; 462 368; 461 367; 461 366; 460 365; 444 365; 441 362; 441 361; 439 359
40; 288 411; 297 410; 307 406; 311 406; 316 401; 316 391; 319 390; 319 382; 317 382; 315 380; 314 374; 302 364; 294 364; 293 366; 286 365; 279 375; 279 382; 273 386; 274 403
41; 785 401; 784 402; 783 402; 782 403; 781 403; 780 404; 780 425; 782 427; 782 429; 783 430; 783 442; 785 444; 792 444; 794 446; 794 447; 795 448; 804 448; 806 446; 811 446; 811 423; 812 422; 812 417; 813 416; 813 408; 800 408; 799 407; 798 407; 797 406; 797 405; 793 401
42; 8 358; 8 374; 9 375; 9 381; 8 382; 7 382; 7 388; 5 390; 0 390; 0 435; 4 435; 5 434; 20 434; 21 435; 21 446; 24 449; 39 449; 39 441; 36 438; 36 436; 35 435; 35 427; 36 426; 36 425; 38 423; 38 414; 37 413; 29 413; 28 414; 16 414; 15 415; 9 415; 8 414; 8 407; 9 406; 9 405; 11 403; 12 403; 15 400; 16 400; 17 399; 20 399; 21 398; 22 398; 24 396; 24 388; 20 388; 19 387; 19 382; 18 381; 18 375; 19 374; 19 363; 18 362; 18 361; 17 360; 17 359; 16 358
43; 885 399; 885 407; 884 408; 884 411; 881 414; 880 414; 879 415; 873 415; 873 416; 872 417; 872 420; 871 421; 871 427; 869 429; 868 429; 867 430; 867 439; 868 439; 869 440; 872 440; 873 441; 875 441; 876 442; 885 442; 886 441; 889 441; 890 440; 898 440; 899 439; 900 439; 900 438; 901 437; 901 436; 902 435; 902 426; 903 425; 907 425; 908 424; 908 423; 913 418; 913 417; 914 416; 914 408; 913 407; 913 406; 912 406; 911 405; 910 405; 909 404; 901 404; 900 403; 899 403; 898 402; 897 402; 895 400; 894 400; 893 399
44; 481 425; 480 426; 480 427; 479 428; 473 428; 471 426; 463 426; 463 427; 462 428; 462 429; 461 430; 461 440; 462 441; 462 450; 464 452; 464 459; 465 460; 465 465; 468 468; 480 468; 482 466; 482 454; 483 453; 483 447; 484 446; 488 446; 490 444; 490 436; 491 435; 492 435; 492 427; 491 426; 490 426; 489 425
45; 427 435; 426 436; 424 436; 423 437; 422 437; 422 440; 421 441; 405 441; 404 442; 403 442; 398 447; 398 455; 399 456; 403 456; 405 458; 405 461; 407 463; 407 464; 408 465; 408 466; 409 467; 409 470; 410 471; 418 471; 419 470; 428 470; 431 467; 432 467; 434 465; 435 465; 436 464; 442 464; 442 457; 443 456; 443 449; 442 448; 440 448; 438 446; 438 437; 437 436; 436 436; 435 435
46; 86 451; 85 452; 82 452; 81 453; 78 453; 77 454; 75 454; 74 455; 71 455; 70 456; 66 456; 65 457; 55 457; 55 467; 56 468; 57 468; 58 469; 59 469; 60 470; 62 470; 63 471; 63 478; 64 479; 72 479; 73 478; 76 478; 77 477; 83 477; 84 478; 84 484; 93 484; 94 485; 95 485; 97 483; 101 483; 102 482; 104 482; 106 480; 106 476; 105 475; 105 473; 104 472; 104 470; 101 467; 101 466; 99 464; 99 463; 98 462; 98 458; 97 457; 97 455; 96 454; 96 453; 95 452; 95 451
47; 444 449; 444 456; 443 457; 443 471; 441 473; 441 474; 436 479; 436 481; 435 482; 435 483; 434 484; 434 485; 433 486; 433 487; 431 489; 431 497; 432 498; 432 501; 433 502; 433 505; 435 507; 436 507; 437 508; 441 508; 444 511; 444 512; 447 515; 456 515; 459 512; 459 510; 460 509; 460 506; 461 505; 461 502; 463 500; 463 499; 465 497; 465 496; 466 495; 466 494; 467 493; 467 492; 469 490; 469 488; 470 487; 470 478; 467 475; 467 468; 464 465; 464 460; 463 459; 463 452; 461 450; 460 450; 459 451; 453 451; 451 449
48; 115 463; 114 464; 114 473; 115 474; 115 480; 114 481; 108 481; 107 480; 104 483; 102 483; 101 484; 97 484; 95 486; 96 487; 96 488; 101 493; 101 494; 102 495; 102 496; 103 497; 103 498; 105 500; 105 501; 106 502; 106 507; 107 508; 107 510; 108 511; 108 512; 110 514; 123 514; 124 515; 124 516; 124 512; 125 511; 130 511; 132 509; 132 508; 133 507; 133 506; 135 504; 136 504; 137 503; 137 494; 134 491; 134 490; 133 489; 133 488; 132 487; 132 480; 131 479; 131 478; 130 477; 130 476; 128 474; 128 473; 127 472; 127 471; 126 470; 126 466; 125 465; 125 463
49; 190 488; 190 489; 185 494; 185 503; 184 504; 165 504; 163 506; 162 506; 160 508; 160 509; 159 510; 159 514; 157 516; 157 517; 156 518; 156 529; 157 529; 159 531; 165 531; 166 530; 166 529; 167 528; 187 528; 188 527; 191 527; 194 524; 195 524; 196 523; 197 523; 198 522; 199 522; 200 521; 201 521; 202 520; 202 510; 201 509; 201 501; 202 500; 204 500; 204 491; 203 490; 201 490; 199 488
50; 124 517; 124 521; 121 524; 121 525; 119 527; 116 527; 115 528; 113 528; 111 530; 110 530; 108 532; 107 532; 107 541; 110 541; 111 542; 112 542; 113 543; 114 543; 116 545; 116 546; 117 547; 117 548; 120 551; 120 553; 121 553; 122 554; 125 554; 126 555; 131 555; 135 559; 135 560; 143 560; 144 559; 145 559; 147 557; 148 557; 151 554; 152 554; 153 553; 155 553; 156 552; 159 552; 159 532; 157 530; 149 530; 148 529; 146 529; 139 522; 139 521; 137 519; 125 519; 124 518
51; 238 519; 237 520; 236 520; 234 522; 234 523; 233 524; 233 525; 231 527; 224 527; 223 528; 223 529; 219 533; 219 534; 218 535; 218 536; 217 537; 217 547; 216 548; 216 549; 215 550; 215 559; 216 560; 216 565; 217 566; 217 567; 218 568; 218 569; 219 570; 227 570; 228 569; 229 569; 231 567; 231 566; 232 565; 243 565; 244 564; 245 564; 245 556; 247 554; 247 545; 249 543; 249 542; 250 541; 250 531; 251 530; 251 521; 250 521; 249 520; 247 520; 246 519
52; 76 574; 93 573; 94 583; 105 583; 111 577; 113 562; 108 554; 103 550; 102 546; 90 546; 84 542
53; 84 542; 77 540; 72 540; 66 537; 58 537; 55 547; 47 553; 47 558; 45 560; 45 568; 51 571; 67 571; 76 574
54; 440 555; 438 557; 438 558; 437 559; 437 561; 436 562; 436 563; 435 564; 435 566; 434 567; 434 569; 433 570; 433 573; 432 574; 432 575; 431 576; 431 577; 430 578; 430 579; 429 580; 429 581; 428 582; 428 583; 425 586; 424 586; 423 587; 423 595; 425 595; 426 596; 427 596; 428 597; 442 597; 443 598; 452 598; 459 591; 460 591; 461 590; 461 589; 464 586; 464 585; 466 583; 466 582; 469 579; 469 578; 471 576; 471 575; 472 574; 472 573; 473 572; 473 571; 475 569; 475 561; 467 561; 466 562; 457 562; 456 561; 455 561; 449 555
55; 113 563; 113 574; 112 575; 112 577; 106 583; 106 596; 107 596; 109 598; 110 598; 111 599; 112 599; 114 601; 125 601; 126 600; 127 600; 128 599; 131 599; 132 598; 130 598; 129 597; 129 591; 130 590; 130 589; 133 586; 133 578; 130 575; 129 575; 124 570; 123 570; 120 567; 119 567; 116 564; 115 564; 114 563
56; 918 585; 918 586; 916 588; 911 588; 911 596; 912 596; 915 599; 916 599; 917 600; 917 606; 915 608; 915 616; 916 617; 924 617; 926 615; 931 615; 931 607; 930 606; 928 606; 926 604; 926 598; 927 597; 928 597; 929 596; 929 588; 926 585
57; 143 595; 142 596; 140 596; 139 597; 137 597; 136 598; 133 598; 132 599; 134 599; 135 600; 135 606; 137 608; 138 608; 139 609; 139 615; 137 617; 137 625; 138 625; 139 626; 142 626; 145 629; 145 631; 147 633; 155 633; 156 632; 156 631; 159 628; 160 628; 161 627; 165 627; 166 626; 171 626; 172 625; 185 625; 186 624; 186 616; 185 615; 185 614; 177 614; 176 613; 176 597; 174 595; 161 595; 161 604; 160 605; 154 605; 153 604; 153 595
58; 39 605; 37 607; 37 608; 35 610; 34 610; 33 611; 33 612; 29 616; 21 616; 20 617; 19 617; 15 621; 15 622; 14 623; 14 631; 15 632; 16 632; 17 633; 22 633; 23 634; 26 634; 28 636; 29 636; 31 638; 31 639; 32 640; 32 647; 33 648; 41 648; 41 646; 45 642; 45 641; 53 633; 53 632; 55 630; 55 629; 56 628; 56 627; 59 624; 59 623; 61 621; 62 621; 63 620; 64 620; 65 619; 65 611; 64 611; 62 609; 61 609; 60 608; 52 608; 51 607; 50 607; 48 605
59; 521 647; 520 663; 524 667; 525 693; 535 693; 539 687; 539 673; 548 672; 556 662; 556 654; 551 653; 551 647
60; 551 647; 555 643; 563 641; 562 630; 556 625; 555 610; 546 610; 542 616; 532 621; 527 621; 525 625; 519 628; 519 641; 521 647
61; 267 641; 265 643; 265 644; 264 645; 264 648; 263 649; 263 654; 262 655; 262 659; 261 660; 259 660; 258 661; 253 661; 252 662; 252 676; 253 677; 262 677; 263 676; 264 676; 265 675; 271 675; 272 676; 272 681; 281 681; 284 678; 284 676; 285 675; 285 673; 286 672; 286 667; 287 666; 287 664; 288 663; 288 662; 289 661; 289 660; 290 659; 290 658; 291 657; 291 655; 292 654; 292 653; 295 650; 295 642; 293 642; 292 641
62; 309 632; 309 639; 308 640; 308 648; 307 649; 307 653; 306 654; 306 657; 305 658; 305 668; 307 670; 308 670; 309 671; 310 671; 311 672; 312 672; 313 673; 324 673; 326 675; 334 675; 335 674; 335 667; 336 666; 336 647; 337 646; 337 636; 335 636; 334 635; 323 635; 322 634; 321 634; 320 633; 318 633; 317 632
63; 358 642; 357 643; 357 644; 352 649; 352 653; 351 654; 350 654; 349 655; 348 655; 347 656; 346 656; 345 657; 345 659; 344 660; 344 668; 346 670; 358 670; 359 671; 368 671; 369 672; 370 672; 371 673; 373 673; 374 674; 376 674; 378 676; 386 676; 386 675; 387 674; 387 671; 388 670; 388 668; 391 665; 392 665; 394 663; 394 655; 391 652; 391 645; 383 645; 381 643; 369 643; 368 642
64; 76 651; 75 652; 68 652; 67 653; 45 653; 45 665; 44 666; 44 673; 43 674; 43 675; 42 676; 42 685; 44 687; 56 687; 57 686; 60 686; 61 685; 62 685; 63 684; 64 684; 65 683; 67 683; 68 682; 70 682; 71 681; 74 681; 75 680; 76 680; 77 679; 78 679; 79 678; 80 678; 81 677; 81 667; 83 665; 84 665; 87 662; 87 653; 86 652; 86 651
65; 965 666; 964 667; 964 668; 963 669; 963 670; 960 673; 960 674; 959 675; 959 677; 958 678; 958 680; 957 681; 957 684; 956 685; 956 686; 955 687; 955 688; 953 690; 953 691; 949 695; 948 695; 948 703; 949 704; 950 704; 951 705; 961 705; 962 704; 962 703; 963 702; 969 702; 972 705; 972 706; 973 707; 984 707; 987 704; 987 703; 988 702; 988 701; 991 698; 991 688; 995 684; 996 684; 997 683; 997 679; 998 678; 998 670; 997 669; 988 669; 987 670; 986 670; 985 671; 982 671; 980 673; 974 673; 973 672; 973 666
66; 992 698; 989 701; 989 702; 988 703; 988 704; 985 707; 985 714; 983 716; 983 717; 982 718; 982 719; 981 720; 981 721; 978 724; 978 733; 980 735; 981 735; 982 736; 983 736; 984 737; 984 739; 985 740; 985 746; 987 748; 988 748; 990 750; 999 750; 1000 749; 1000 748; 1001 747; 1001 746; 1002 745; 1002 744; 1003 743; 1003 742; 1006 739; 1007 739; 1011 735; 1011 734; 1016 729; 1023 729; 1023 708; 1012 708; 1009 705; 1009 701; 1008 700; 1008 699; 1007 698
67; 93 742; 92 743; 89 743; 88 744; 85 744; 84 745; 83 745; 82 746; 81 746; 80 747; 79 747; 78 748; 76 748; 75 749; 71 749; 70 750; 58 750; 58 759; 60 761; 60 768; 59 769; 58 769; 57 770; 57 778; 66 778; 67 777; 72 777; 73 776; 78 776; 79 775; 82 775; 82 771; 83 770; 94 770; 95 769; 96 769; 97 768; 97 767; 98 766; 98 763; 101 760; 102 760; 102 742
68; 409 736; 408 737; 408 759; 407 760; 407 761; 406 762; 406 765; 405 766; 405 778; 407 780; 412 780; 413 781; 426 781; 429 784; 437 784; 438 783; 438 781; 439 780; 439 779; 441 777; 441 769; 440 768; 430 768; 429 767; 429 761; 430 760; 430 754; 433 751; 433 743; 424 743; 422 741; 422 739; 420 737; 419 737; 418 736
69; 716 753; 714 755; 713 755; 712 756; 710 756; 710 775; 709 776; 709 783; 708 784; 708 785; 707 786; 706 786; 706 794; 707 795; 717 795; 718 794; 718 793; 719 792; 720 792; 721 791; 739 791; 741 789; 741 788; 742 787; 747 787; 747 755; 745 753
70; 755 750; 755 751; 754 752; 754 754; 753 755; 748 755; 748 787; 749 788; 749 790; 750 791; 760 791; 764 795; 764 796; 765 797; 773 797; 774 796; 774 773; 775 772; 775 760; 774 759; 774 758; 771 755; 766 755; 765 754; 765 753; 764 752; 764 751; 763 750
71; 848 762; 847 763; 843 763; 842 764; 841 764; 840 765; 835 765; 834 766; 832 766; 831 767; 829 767; 828 768; 824 768; 823 769; 823 770; 822 771; 819 771; 817 773; 817 774; 816 775; 816 795; 817 796; 817 797; 818 798; 832 798; 833 797; 837 797; 838 796; 844 796; 845 797; 845 798; 855 798; 855 794; 856 793; 857 793; 857 792; 858 791; 858 776; 859 775; 859 774; 860 773; 860 765; 859 764; 859 763; 858 762
72; 281 779; 281 781; 280 782; 280 786; 279 787; 279 788; 278 789; 278 790; 277 791; 277 792; 271 798; 271 799; 270 800; 270 801; 269 802; 269 804; 268 805; 268 806; 267 807; 267 808; 266 809; 266 817; 268 819; 269 819; 271 821; 272 821; 273 822; 274 822; 275 823; 276 823; 277 824; 278 824; 279 825; 280 825; 282 827; 282 828; 285 831; 285 832; 286 832; 287 833; 289 833; 290 834; 299 834; 299 827; 300 826; 300 825; 302 823; 302 809; 303 808; 305 808; 305 806; 307 804; 307 794; 303 790; 296 790; 294 788; 294 787; 293 786; 293 784; 292 783; 292 782; 291 781; 291 780; 290 779
73; 987 799; 987 811; 988 812; 988 813; 991 816; 991 825; 992 826; 992 829; 993 830; 993 832; 994 833; 994 834; 1003 834; 1004 833; 1005 833; 1006 832; 1012 832; 1013 833; 1023 833; 1023 799; 1009 799; 1008 800; 996 800; 995 799
74; 845 799; 845 805; 844 806; 844 810; 843 811; 843 816; 842 817; 842 818; 841 819; 841 820; 840 821; 840 823; 839 824; 839 826; 838 827; 838 828; 837 829; 837 830; 836 831; 836 840; 837 841; 838 841; 839 842; 841 842; 842 843; 842 846; 843 847; 843 851; 844 852; 844 853; 846 855; 848 855; 849 856; 860 856; 860 855; 861 854; 861 849; 862 848; 862 847; 864 845; 864 844; 865 843; 865 842; 870 837; 871 837; 873 835; 873 834; 875 832; 875 831; 876 830; 876 829; 878 827; 878 817; 877 816; 877 814; 876 813; 876 807; 875 806; 863 806; 862 805; 862 804; 861 803; 861 802; 860 801; 856 801; 855 800; 855 799
75; 467 841; 465 843; 461 843; 461 846; 457 850; 457 851; 452 856; 451 856; 445 862; 444 862; 443 863; 442 863; 441 864; 440 864; 439 865; 438 865; 438 873; 439 874; 440 874; 441 875; 442 875; 443 876; 444 876; 446 878; 447 878; 448 879; 450 879; 451 880; 457 880; 459 882; 469 882; 475 876; 478 876; 483 871; 483 870; 486 867; 486 866; 489 863; 489 862; 491 860; 491 852; 489 850; 487 850; 486 849; 485 849; 482 846; 482 845; 481 844; 481 843; 480 843; 479 842; 478 842; 477 841
76; 272 878; 270 880; 270 882; 269 883; 269 884; 267 886; 267 888; 266 889; 266 890; 265 891; 265 901; 264 902; 264 905; 263 906; 263 907; 261 909; 261 910; 262 911; 262 919; 263 920; 263 928; 271 928; 272 929; 272 930; 273 931; 273 933; 281 933; 283 931; 283 930; 284 929; 284 928; 285 927; 285 926; 287 924; 288 924; 288 923; 289 922; 289 919; 293 915; 293 913; 294 912; 294 910; 295 909; 295 908; 296 907; 296 906; 297 905; 297 897; 298 896; 298 894; 299 893; 299 884; 297 882; 284 882; 282 880; 282 879; 281 879; 280 878
77; 586 881; 584 883; 584 885; 581 888; 580 888; 579 889; 578 889; 577 890; 576 890; 575 891; 575 899; 576 900; 576 901; 577 902; 577 907; 578 908; 579 908; 580 909; 582 909; 585 912; 594 912; 595 911; 595 910; 596 909; 596 908; 599 905; 599 896; 598 895; 598 894; 596 892; 596 890; 595 889; 595 888; 594 887; 594 881
78; 235 907; 235 908; 234 909; 234 911; 233 912; 233 913; 232 914; 232 915; 231 916; 231 917; 229 919; 229 920; 226 923; 226 924; 218 932; 217 932; 216 933; 215 933; 213 935; 213 944; 214 945; 222 945; 223 944; 229 944; 230 945; 230 946; 233 949; 234 949; 235 950; 236 950; 237 951; 247 951; 247 949; 248 948; 248 947; 249 946; 249 945; 252 942; 252 941; 257 936; 258 936; 261 933; 261 932; 263 930; 263 929; 262 928; 262 920; 261 919; 261 911; 253 911; 250 908; 249 908; 248 907
79; 569 966; 568 967; 565 967; 564 968; 564 969; 563 970; 563 972; 562 973; 562 983; 563 984; 563 990; 562 991; 562 992; 561 993; 561 1002; 563 1004; 563 1005; 564 1005; 565 1006; 575 1006; 576 1007; 577 1007; 578 1008; 578 1011; 579 1012; 579 1014; 580 1015; 580 1016; 581 1017; 590 1017; 591 1016; 591 1006; 592 1005; 592 1004; 595 1001; 595 1000; 596 999; 596 994; 597 993; 597 990; 598 989; 598 988; 599 987; 599 986; 600 985; 600 984; 601 983; 601 975; 600 974; 598 974; 597 973; 596 973; 595 972; 594 972; 592 970; 591 970; 590 969; 583 969; 580 966
80; 640 999; 639 1000; 634 1000; 633 1001; 626 1001; 625 1000; 619 1000; 619 1003; 618 1004; 617 1003; 617 1000; 613 1000; 612 1001; 611 1001; 610 1002; 609 1002; 607 1004; 607 1013; 608 1013; 610 1015; 610 1023; 655 1023; 655 1019; 654 1018; 654 1017; 653 1016; 652 1016; 651 1015; 651 1005; 650 1004; 650 999
