0; 746 9; 746 18; 747 19; 747 20; 751 24; 751 31; 753 33; 767 33; 768 34; 770 34; 771 33; 773 33; 773 27; 774 26; 775 26; 775 17; 774 16; 774 15; 769 10; 769 9; 768 8; 768 7; 767 6; 767 5; 766 4; 766 0; 752 0; 752 3; 749 6
1; 749 6; 743 6; 742 5; 742 0; 718 0; 718 4; 719 5; 720 5; 727 12; 735 12; 739 8; 745 8; 746 9
2; 841 7; 840 8; 828 8; 827 9; 826 9; 826 25; 827 26; 827 30; 843 30; 844 29; 853 29; 854 28; 855 28; 855 15; 854 14; 854 11; 853 10; 853 8; 852 7
3; 133 10; 132 11; 131 11; 130 12; 130 24; 131 25; 131 29; 132 30; 132 40; 133 40; 134 41; 135 41; 135 39; 136 38; 151 38; 152 37; 153 37; 153 22; 152 21; 152 12; 150 10
4; 325 5; 323 7; 323 16; 324 17; 324 27; 325 28; 325 31; 326 32; 326 33; 342 33; 343 32; 348 32; 348 26; 349 25; 349 19; 346 19; 345 18; 345 6; 346 5; 348 5
5; 974 0; 974 4; 984 4; 985 5; 985 11; 984 12; 980 12; 979 13; 978 13; 977 14; 975 14; 974 15; 971 15; 971 25; 972 26; 972 27; 974 29; 974 31; 975 32; 975 35; 976 36; 976 41; 977 42; 985 42; 986 41; 988 41; 989 40; 990 40; 991 39; 993 39; 994 38; 995 38; 996 37; 996 29; 995 28; 995 25; 994 24; 994 20; 993 19; 993 17; 992 16; 992 14; 991 13; 991 7; 992 6; 999 6; 1000 7; 1011 7; 1014 4; 1014 0
6; 591 14; 589 16; 584 16; 575 28; 575 37; 580 39; 590 47; 598 47; 604 39
7; 604 39; 611 39; 617 32; 617 25; 622 17; 622 9; 618 7; 614 3; 614 0; 597 0; 597 3; 591 11; 591 14
8; 368 11; 368 17; 367 18; 357 18; 356 19; 350 19; 350 25; 349 26; 349 32; 352 32; 353 33; 353 34; 354 35; 354 47; 355 48; 372 48; 374 46; 374 27; 373 26; 373 13
9; 373 13; 374 12; 380 12; 380 9; 381 8; 381 5; 382 4; 382 0; 352 0; 352 4; 351 5; 349 5; 352 5; 354 7; 358 7; 359 8; 361 8; 363 10; 367 10; 368 11
10; 0 0; 0 20; 4 20; 5 21; 5 27; 4 28; 0 28; 0 42; 3 42; 4 43; 4 44; 6 46; 6 47; 14 47; 16 45; 18 45; 20 43; 21 43; 25 39; 28 39; 29 38; 29 29; 28 28; 28 27; 27 26; 27 25; 25 23; 25 22; 24 21; 10 21; 9 20; 9 12; 10 11; 10 10; 11 9; 11 7; 12 6; 12 0
11; 219 29; 219 30; 218 31; 218 32; 217 33; 217 35; 216 36; 216 38; 215 39; 215 48; 216 49; 217 49; 218 50; 222 50; 223 51; 225 51; 226 52; 228 52; 229 53; 230 53; 231 54; 240 54; 241 53; 241 51; 242 50; 242 45; 243 44; 243 35; 242 35; 241 34; 239 34; 238 33; 237 33; 236 32; 235 32; 234 31; 231 31; 230 30; 228 30; 227 29
12; 771 34; 770 35; 768 35; 768 40; 761 47; 759 47; 759 57; 762 57; 766 61; 767 61; 769 63; 769 65; 773 65; 774 64; 778 64; 778 61; 780 59; 781 59; 784 56; 784 55; 789 50; 789 42; 788 41; 787 41; 781 35; 781 34
13; 735 31; 734 32; 733 32; 732 33; 732 49; 733 50; 733 57; 734 58; 734 60; 735 61; 748 61; 749 60; 753 60; 756 57; 758 57; 758 47; 755 47; 754 46; 754 45; 753 44; 753 34; 750 31
14; 272 42; 271 43; 271 69; 272 70; 291 70; 291 42
15; 436 32; 435 33; 434 33; 434 61; 435 62; 435 63; 443 63; 444 62; 446 62; 447 61; 454 61; 455 60; 455 50; 454 49; 454 48; 453 48; 452 47; 452 33; 449 33; 448 32
16; 858 39; 858 43; 857 44; 857 47; 856 48; 856 57; 857 58; 860 58; 861 59; 862 59; 863 60; 865 60; 866 61; 867 61; 868 62; 869 62; 870 63; 881 63; 881 62; 882 61; 882 60; 884 58; 884 56; 885 55; 885 43; 884 43; 883 42; 878 42; 877 41; 875 41; 874 40; 871 40; 870 39
17; 132 41; 132 44; 131 45; 127 45; 126 46; 126 49; 125 50; 125 65; 126 66; 131 66; 132 67; 135 67; 137 69; 138 69; 139 70; 148 70; 148 69; 149 68; 149 67; 151 65; 151 63; 152 62; 152 49; 151 48; 144 48; 143 47; 140 47; 139 46; 136 46; 135 45; 135 42; 134 42; 133 41
18; 81 59; 81 71; 82 72; 82 76; 88 76; 90 78; 98 78; 102 74; 103 74; 104 73; 105 73; 107 71; 108 71; 111 68; 112 68; 112 60; 111 59; 111 58; 109 56; 109 55; 108 54; 108 53; 106 51; 106 50; 101 50; 100 49
19; 100 49; 100 36; 95 31; 95 30; 92 27; 84 27; 74 37; 73 37; 72 38; 71 38; 71 49; 73 49; 75 51; 75 52; 76 52; 79 55; 79 56; 80 57; 80 58; 81 59
20; 684 47; 681 50; 680 50; 679 51; 678 51; 677 52; 676 52; 675 53; 674 53; 672 55; 671 55; 670 56; 668 56; 668 60; 667 61; 666 61; 666 65; 667 66; 667 70; 670 70; 671 71; 671 72; 673 74; 673 75; 682 75; 683 74; 684 74; 685 73; 686 73; 687 72; 688 72; 689 71; 690 71; 692 69; 694 69; 695 68; 697 68; 698 67; 698 59; 697 58; 697 56; 696 55; 696 53; 695 52; 695 51; 692 48; 692 47
21; 499 54; 499 55; 497 57; 497 58; 493 62; 493 71; 494 72; 495 72; 498 75; 499 75; 506 82; 516 82; 516 81; 519 78; 519 77; 520 76; 520 75; 521 74; 521 73; 522 72; 522 63; 521 62; 519 62; 518 61; 517 61; 513 57; 512 57; 510 55; 509 55; 508 54
22; 313 57; 312 58; 311 58; 310 59; 309 59; 307 61; 306 61; 305 62; 304 62; 304 70; 305 71; 305 72; 307 74; 307 75; 308 76; 308 77; 309 78; 309 80; 310 81; 310 87; 321 87; 322 86; 323 86; 324 85; 325 85; 327 83; 328 83; 329 82; 330 82; 330 71; 329 70; 329 69; 328 68; 328 67; 327 66; 327 65; 326 64; 326 63; 325 62; 325 61; 324 60; 324 58; 323 57
23; 631 65; 632 70; 631 79; 636 79; 638 83; 649 83; 660 77; 663 77; 663 71; 666 70; 665 61; 661 61; 657 55; 649 55; 648 57; 641 57
24; 641 57; 636 48; 636 44; 633 39; 632 32; 618 32; 612 38; 611 48; 616 53; 619 63; 629 63; 631 65
25; 169 68; 168 69; 160 69; 159 70; 159 76; 158 77; 158 96; 166 96; 166 90; 167 89; 167 88; 168 87; 169 87; 170 86; 180 86; 180 69; 179 68
26; 57 69; 57 75; 52 77; 52 86; 59 95; 68 95; 72 93; 81 84; 80 67; 67 67; 66 66
27; 66 66; 66 51; 64 51; 58 45; 56 40; 46 40; 40 45; 40 53; 49 68; 57 69
28; 774 65; 773 66; 769 66; 769 70; 768 71; 764 71; 763 72; 762 72; 762 80; 763 81; 763 92; 785 92; 786 91; 788 91; 789 90; 793 90; 793 84; 792 83; 792 76; 791 75; 791 72; 790 71; 790 70; 788 68; 779 68; 778 67; 778 65
29; 13 100; 12 101; 0 101; 0 131; 4 131; 5 130; 7 130; 8 129; 11 129; 12 128; 18 128; 18 117; 17 116; 17 115; 16 114; 16 112; 15 111; 15 110; 14 109; 14 101
30; 14 101; 15 100; 22 100; 25 97; 25 96; 31 90; 31 81; 23 73; 22 73; 21 72; 21 71; 20 70; 20 69; 12 69; 6 75; 6 76; 4 78; 4 86; 6 88; 7 88; 13 94; 13 100
31; 583 76; 577 82; 576 82; 574 84; 573 84; 572 85; 571 85; 569 87; 569 95; 571 97; 571 98; 573 100; 573 101; 577 105; 585 105; 587 103; 588 103; 591 100; 592 100; 595 97; 599 97; 599 91; 600 90; 600 84; 599 84; 597 82; 597 81; 596 81; 592 77; 592 76
32; 608 75; 608 76; 607 77; 607 81; 606 82; 606 83; 605 84; 601 84; 601 90; 600 91; 600 97; 601 97; 602 98; 602 99; 603 100; 603 101; 604 101; 606 103; 608 103; 609 104; 611 104; 612 105; 625 105; 625 103; 626 102; 626 98; 627 97; 627 92; 628 91; 628 89; 629 88; 629 80; 630 79; 630 77; 620 77; 619 76; 617 76; 616 75
33; 372 86; 371 87; 370 87; 369 88; 368 88; 367 89; 366 89; 365 90; 362 90; 361 91; 361 100; 362 101; 362 102; 363 103; 363 105; 364 106; 364 107; 365 108; 365 110; 366 111; 366 113; 367 114; 367 117; 379 117; 379 116; 380 115; 381 115; 383 113; 384 113; 385 112; 387 112; 387 103; 386 102; 386 99; 385 98; 385 97; 384 96; 384 94; 383 93; 383 92; 382 91; 382 89; 381 88; 381 87; 380 86
34; 310 88; 309 89; 301 89; 294 96; 293 96; 288 101; 288 110; 292 114; 292 115; 295 118; 295 119; 303 119; 316 106; 317 106; 317 98; 314 95; 314 88
35; 804 90; 803 91; 789 91; 788 92; 786 92; 785 93; 785 99; 784 100; 783 100; 783 108; 787 108; 788 109; 788 110; 789 111; 789 112; 790 113; 790 115; 800 115; 801 114; 804 114; 805 113; 807 113; 808 112; 810 112; 811 111; 816 111; 816 97; 815 96; 815 91; 814 90
36; 762 92; 761 93; 758 93; 757 94; 756 94; 754 96; 754 98; 753 99; 753 102; 752 103; 752 106; 754 108; 754 112; 755 113; 755 121; 757 119; 765 119; 766 120; 769 120; 770 121; 778 121; 778 120; 779 119; 779 111; 780 110; 780 109; 781 108; 782 108; 782 100; 778 100; 777 99; 777 93; 763 93
37; 860 97; 860 98; 856 102; 856 103; 854 105; 854 106; 853 107; 853 115; 857 119; 858 119; 862 123; 863 123; 866 126; 875 126; 876 125; 876 124; 877 123; 877 122; 881 118; 881 109; 880 109; 868 97
38; 466 99; 464 101; 463 101; 461 103; 459 103; 458 104; 456 104; 453 107; 451 107; 450 108; 449 108; 449 117; 450 118; 450 120; 452 122; 452 123; 453 124; 453 125; 454 126; 454 127; 463 127; 464 126; 465 126; 466 125; 467 125; 468 124; 469 124; 470 123; 471 123; 472 122; 474 122; 475 121; 476 121; 477 120; 478 120; 478 111; 477 110; 477 107; 476 106; 476 103; 475 102; 475 101; 474 100; 474 99
39; 46 104; 45 105; 45 106; 44 107; 44 108; 43 109; 43 111; 42 112; 42 114; 41 115; 41 123; 43 123; 44 124; 47 124; 48 125; 49 125; 51 127; 52 127; 53 128; 54 128; 55 129; 67 129; 67 128; 68 127; 68 125; 69 124; 69 122; 70 121; 70 119; 71 118; 71 110; 66 110; 65 109; 63 109; 61 107; 59 107; 58 106; 57 106; 55 104
40; 732 101; 725 108; 725 118; 726 119; 726 120; 728 122; 728 123; 735 130; 735 131; 747 131; 748 132; 749 132; 750 131; 751 131; 751 125; 754 122; 754 113; 753 112; 753 108; 751 106; 745 106; 742 103; 742 102; 741 101
41; 973 109; 972 110; 969 110; 968 111; 967 111; 966 112; 966 131; 967 132; 967 136; 969 138; 971 138; 972 139; 980 139; 981 138; 987 138; 988 137; 989 137; 989 128; 988 127; 988 111; 986 109
42; 344 108; 343 109; 342 109; 340 111; 339 111; 338 112; 336 112; 335 113; 334 113; 333 114; 332 114; 331 115; 329 115; 328 116; 328 125; 329 126; 329 127; 330 128; 330 129; 331 130; 331 131; 332 132; 332 133; 333 134; 341 134; 342 133; 343 133; 344 132; 346 132; 347 131; 351 131; 352 130; 353 130; 354 129; 355 129; 356 128; 360 128; 360 124; 358 124; 357 123; 357 119; 356 118; 356 117; 355 116; 355 114; 354 113; 354 112; 353 111; 353 110; 352 109; 352 108
43; 403 107; 402 108; 402 121; 401 122; 401 135; 402 136; 403 136; 404 137; 420 137; 421 136; 422 136; 423 135; 423 109; 422 108; 414 108; 413 107
44; 257 121; 256 122; 253 122; 252 123; 248 123; 247 124; 247 133; 248 134; 248 140; 249 141; 249 144; 250 145; 250 149; 251 150; 251 151; 259 151; 260 150; 266 150; 267 149; 269 149; 270 148; 270 130; 269 129; 269 122; 268 122; 267 121
45; 598 122; 597 123; 596 123; 595 124; 594 124; 592 126; 590 126; 588 128; 587 128; 585 130; 584 130; 584 131; 583 132; 583 141; 584 142; 584 143; 588 147; 588 152; 589 152; 590 153; 591 153; 591 151; 592 150; 597 150; 599 148; 600 148; 602 146; 603 146; 605 144; 606 144; 608 142; 609 142; 611 140; 613 140; 613 132; 610 129; 610 128; 609 127; 609 126; 607 124; 607 123; 606 122
46; 209 152; 209 160; 210 161; 210 162; 211 163; 211 170; 214 170; 215 171; 221 171; 222 170; 224 170; 225 169; 226 169; 227 168; 228 168; 230 166; 233 166; 234 165; 238 165; 238 156; 237 155; 237 154; 236 153; 236 152; 234 150; 234 149; 233 148; 233 146; 217 146; 216 145
47; 216 145; 216 132; 214 130; 214 129; 211 126; 211 125; 210 124; 201 124; 197 128; 196 128; 195 129; 194 129; 189 134; 188 134; 188 144; 190 146; 190 147; 194 151; 208 151; 209 152
48; 367 118; 367 122; 365 124; 361 124; 361 128; 362 128; 363 129; 363 137; 362 138; 362 151; 363 152; 370 152; 371 153; 380 153; 381 152; 382 152; 382 151; 383 150; 383 144; 384 143; 384 125; 383 125; 381 123; 380 123; 379 122; 379 118
49; 554 127; 553 128; 551 128; 550 129; 549 129; 548 130; 547 130; 543 134; 543 142; 545 144; 545 145; 547 147; 547 148; 548 149; 548 150; 549 151; 549 152; 550 153; 550 156; 551 157; 551 158; 559 158; 560 157; 561 157; 563 155; 564 155; 566 153; 568 153; 569 152; 570 152; 570 138; 565 133; 565 132; 563 130; 563 129; 562 128; 562 127
50; 760 130; 758 132; 750 132; 749 133; 748 133; 748 138; 747 139; 745 139; 745 148; 746 149; 746 150; 748 152; 748 153; 750 155; 750 156; 759 156; 760 155; 765 155; 766 154; 767 154; 771 150; 771 148; 774 145; 783 145; 783 137; 781 135; 780 135; 779 134; 773 134; 769 130
51; 683 130; 682 131; 680 131; 679 132; 676 132; 675 133; 674 133; 673 134; 672 134; 671 135; 670 135; 669 136; 668 136; 667 137; 666 137; 666 148; 667 149; 667 151; 669 153; 669 154; 670 155; 670 156; 679 156; 680 155; 682 155; 683 154; 684 154; 685 153; 687 153; 688 152; 689 152; 690 151; 693 151; 694 150; 695 150; 696 149; 696 141; 695 140; 695 138; 694 137; 694 136; 693 135; 693 133; 692 132; 692 130
52; 791 135; 791 136; 790 137; 784 137; 784 145; 785 146; 785 150; 786 151; 786 153; 787 154; 787 163; 788 163; 789 164; 792 164; 793 165; 796 165; 797 166; 806 166; 808 164; 808 162; 809 161; 812 161; 812 159; 813 158; 813 156; 810 156; 809 155; 809 149; 810 148; 810 137; 809 137; 808 136; 801 136; 800 135
53; 21 134; 21 135; 17 139; 16 139; 13 142; 12 142; 9 145; 9 153; 10 154; 10 155; 13 158; 13 159; 14 160; 23 160; 24 159; 25 159; 27 157; 28 157; 35 150; 36 150; 36 140; 30 134
54; 940 130; 939 131; 937 131; 936 132; 936 141; 937 142; 937 160; 953 160; 954 159; 957 159; 959 157; 959 148; 958 147; 958 139; 957 138; 957 132; 955 130
55; 442 145; 440 147; 440 149; 439 150; 439 174; 450 174; 451 175; 459 175; 460 174; 460 173; 461 172; 461 147; 460 146; 459 146; 458 145
56; 834 148; 833 149; 831 149; 830 150; 828 150; 827 151; 826 151; 825 152; 824 152; 822 154; 820 154; 819 155; 818 155; 817 156; 814 156; 814 158; 813 159; 813 161; 815 161; 816 162; 816 164; 817 165; 817 166; 819 168; 819 169; 820 170; 820 171; 821 172; 821 173; 822 174; 822 175; 830 175; 831 174; 832 174; 834 172; 835 172; 837 170; 838 170; 839 169; 840 169; 841 168; 843 168; 844 167; 846 167; 847 166; 847 158; 846 157; 846 156; 845 155; 845 154; 844 153; 844 152; 843 151; 843 150; 842 149; 842 148
57; 711 149; 707 153; 706 153; 704 155; 703 155; 703 164; 707 168; 707 169; 709 171; 709 172; 710 172; 715 177; 715 178; 716 179; 728 179; 731 176; 731 161; 719 149
58; 115 146; 114 147; 114 150; 113 151; 113 152; 112 153; 112 163; 111 164; 111 173; 112 174; 113 174; 114 175; 114 178; 118 178; 119 179; 123 179; 123 177; 124 176; 130 176; 131 175; 132 175; 132 174; 133 173; 133 158; 134 157; 134 149; 132 147; 126 147; 125 146
59; 275 159; 274 160; 273 160; 272 161; 270 161; 269 162; 268 162; 266 164; 265 164; 264 165; 262 165; 261 166; 259 166; 259 175; 260 176; 260 178; 262 180; 262 182; 263 183; 263 184; 264 185; 273 185; 274 184; 278 184; 279 183; 280 183; 281 182; 282 182; 284 180; 285 180; 286 179; 288 179; 290 177; 290 169; 289 168; 289 167; 287 165; 287 164; 284 161; 284 160; 283 159
60; 588 153; 588 154; 587 155; 583 155; 580 158; 579 158; 578 159; 577 159; 575 161; 574 161; 572 163; 571 163; 569 165; 568 165; 567 166; 565 166; 565 167; 564 168; 564 170; 563 171; 563 176; 564 177; 564 182; 570 182; 571 183; 571 184; 573 186; 587 186; 587 181; 590 178; 592 178; 593 177; 594 177; 596 175; 596 166; 595 165; 595 164; 594 163; 594 162; 592 160; 592 159; 591 158; 591 154; 590 154; 589 153
61; 152 157; 152 158; 151 159; 151 162; 150 163; 150 164; 149 165; 149 166; 148 167; 148 169; 147 170; 147 171; 146 172; 146 173; 145 174; 145 182; 146 183; 148 183; 149 184; 150 184; 152 186; 154 186; 155 187; 157 187; 158 188; 161 188; 162 187; 163 187; 164 186; 166 186; 167 185; 167 179; 168 178; 168 176; 169 175; 169 173; 170 172; 170 171; 171 170; 171 161; 170 160; 167 160; 166 159; 165 159; 164 158; 162 158; 161 157
62; 353 164; 352 165; 351 165; 350 166; 348 166; 347 167; 345 167; 344 168; 342 168; 341 169; 339 169; 338 170; 337 170; 337 179; 338 180; 338 181; 339 182; 339 183; 340 184; 340 185; 341 186; 341 188; 344 191; 353 191; 356 188; 360 188; 361 187; 367 187; 369 185; 369 176; 368 175; 368 173; 367 172; 367 171; 366 170; 366 169; 364 167; 364 166; 363 165; 363 164
63; 545 168; 542 171; 541 171; 538 174; 538 175; 537 176; 536 176; 533 179; 533 189; 535 191; 535 192; 539 196; 549 196; 559 186; 560 186; 563 183; 563 177; 562 176; 562 171; 557 171; 554 168
64; 744 171; 740 175; 739 175; 738 176; 732 176; 729 179; 729 190; 730 191; 730 192; 732 194; 732 196; 733 197; 733 199; 734 200; 742 200; 743 199; 744 199; 745 198; 746 198; 747 197; 748 197; 751 194; 752 194; 754 192; 756 192; 757 191; 758 191; 759 190; 759 182; 758 181; 758 180; 756 178; 756 177; 753 174; 753 173; 752 172; 752 171
65; 206 171; 205 172; 204 172; 203 173; 201 173; 198 176; 197 176; 196 177; 195 177; 193 179; 192 179; 189 182; 188 182; 187 183; 187 191; 186 192; 185 192; 185 194; 186 195; 186 197; 190 197; 191 198; 191 199; 192 200; 202 200; 203 199; 204 199; 207 196; 208 196; 209 195; 210 195; 211 194; 212 194; 213 193; 214 193; 215 192; 217 192; 217 182; 216 181; 216 179; 215 178; 215 172; 214 171
66; 114 179; 114 181; 113 182; 104 182; 102 184; 102 199; 101 200; 101 209; 103 211; 110 211; 111 212; 121 212; 121 211; 122 210; 122 201; 123 200; 123 198; 124 197; 124 184; 123 183; 123 180; 119 180; 118 179
67; 369 186; 367 188; 361 188; 360 189; 356 189; 353 192; 353 203; 355 205; 355 206; 356 207; 356 208; 357 209; 357 211; 358 212; 358 214; 367 214; 368 213; 369 213; 370 212; 371 212; 372 211; 373 211; 375 209; 377 209; 378 208; 381 208; 382 207; 383 207; 383 194; 382 193; 382 191; 381 190; 381 189; 380 188; 380 187; 379 186
68; 167 186; 166 187; 164 187; 163 188; 162 188; 161 189; 161 195; 156 200; 155 200; 154 201; 154 209; 160 215; 160 216; 162 218; 170 218; 171 217; 171 216; 173 214; 174 214; 178 210; 178 209; 181 206; 182 206; 183 205; 183 198; 184 197; 185 197; 185 195; 184 194; 184 192; 180 192; 174 186
69; 961 182; 960 183; 959 183; 958 184; 958 210; 959 210; 960 211; 966 211; 967 212; 980 212; 980 204; 981 203; 981 195; 980 194; 980 183; 974 183; 973 182
70; 915 189; 915 190; 907 198; 907 206; 908 206; 909 207; 910 207; 914 211; 914 212; 916 214; 916 219; 928 219; 937 210; 937 202; 936 202; 931 197; 930 197; 924 191; 924 190; 923 189
71; 573 187; 573 193; 571 195; 571 204; 573 206; 573 207; 575 209; 575 210; 576 211; 576 213; 578 215; 578 216; 579 217; 579 218; 580 219; 580 220; 581 221; 589 221; 590 220; 591 220; 593 218; 594 218; 596 216; 596 215; 597 214; 598 214; 599 213; 599 204; 597 202; 597 201; 596 200; 596 199; 594 197; 594 196; 592 194; 592 193; 587 188; 587 187
72; 992 194; 991 195; 982 195; 982 203; 981 204; 981 213; 982 214; 982 222; 983 223; 984 223; 985 224; 1004 224; 1005 223; 1005 218; 1006 217; 1006 210; 1007 209; 1007 198; 1006 197; 1006 196; 1005 196; 1004 195; 1001 195; 1000 194
73; 0 181; 0 211; 11 211; 12 212; 12 215; 18 221; 18 222; 19 222; 20 223; 20 224; 28 224; 33 219; 34 219; 34 218; 37 215; 37 214; 40 211; 40 202; 38 200; 38 199; 35 196; 35 195; 34 194; 26 194; 15 205; 9 205; 8 204; 8 196; 9 195; 9 192; 10 191; 10 183; 9 183; 8 182; 5 182; 4 181
74; 618 194; 614 198; 614 199; 613 200; 613 201; 612 202; 612 203; 611 204; 611 213; 612 214; 613 214; 614 215; 614 222; 637 222; 637 221; 638 220; 638 219; 639 218; 639 216; 640 215; 640 214; 642 212; 642 204; 640 204; 638 202; 637 202; 634 199; 633 199; 631 197; 630 197; 628 195; 627 195; 626 194
75; 859 222; 858 223; 855 223; 854 224; 851 224; 849 226; 848 226; 847 227; 843 227; 842 228; 841 228; 840 229; 840 237; 841 238; 841 240; 842 241; 842 245; 843 246; 843 248; 844 249; 844 250; 853 250; 854 249; 857 249; 858 248; 859 248; 860 247; 862 247; 863 246; 864 246; 865 245; 869 245; 870 244; 871 244; 872 243; 873 243; 873 235; 872 234; 872 233; 871 232; 871 231; 870 230; 870 229; 869 228; 869 224; 868 223; 868 222
76; 898 219; 897 220; 897 221; 895 223; 895 224; 894 225; 894 227; 893 228; 893 230; 892 231; 892 239; 893 239; 894 240; 895 240; 896 241; 896 247; 897 248; 899 248; 900 249; 916 249; 918 247; 918 246; 920 244; 920 242; 921 241; 921 239; 922 238; 922 229; 921 228; 920 228; 918 226; 918 220; 916 220; 915 221; 909 221; 907 219
77; 613 223; 613 225; 612 226; 612 228; 611 229; 611 231; 610 232; 610 235; 609 236; 609 245; 610 245; 612 247; 612 252; 616 252; 617 253; 621 253; 622 252; 635 252; 635 251; 636 250; 636 248; 637 247; 637 246; 638 245; 638 244; 639 243; 639 242; 641 240; 641 232; 640 232; 639 231; 638 231; 636 229; 636 223
78; 424 229; 420 233; 419 233; 416 236; 416 237; 414 239; 413 239; 411 241; 411 250; 413 252; 413 253; 414 254; 414 255; 418 259; 427 259; 430 256; 430 255; 432 253; 433 253; 435 251; 436 251; 438 249; 439 249; 441 247; 442 247; 442 239; 433 230; 433 229
79; 744 234; 743 235; 743 236; 742 237; 742 238; 741 239; 741 240; 740 241; 740 242; 739 243; 739 244; 738 245; 738 246; 737 247; 737 248; 736 249; 736 250; 735 251; 735 260; 736 260; 738 262; 739 262; 740 263; 741 263; 742 264; 743 264; 745 266; 754 266; 754 265; 755 264; 755 263; 756 262; 756 261; 757 260; 757 259; 758 258; 758 257; 761 254; 761 253; 762 252; 762 251; 763 250; 763 241; 758 236; 757 236; 756 235; 755 235; 754 234
80; 793 242; 792 243; 790 243; 789 244; 785 244; 784 245; 784 262; 785 263; 785 265; 786 266; 786 272; 787 273; 802 273; 803 272; 806 272; 807 271; 808 271; 809 270; 809 260; 808 259; 808 257; 807 256; 807 252; 806 251; 806 245; 805 244; 805 243; 804 242
81; 978 244; 978 245; 970 253; 970 261; 971 262; 972 262; 974 264; 974 265; 979 270; 980 270; 983 273; 983 274; 985 274; 986 275; 996 275; 996 270; 997 269; 997 268; 999 266; 999 257; 997 255; 996 255; 991 250; 991 249; 986 244
82; 886 248; 886 249; 885 250; 885 251; 882 254; 882 255; 881 256; 881 257; 880 258; 880 259; 879 260; 879 261; 875 265; 875 273; 876 274; 878 274; 880 276; 881 276; 882 277; 883 277; 884 278; 885 278; 886 279; 895 279; 895 278; 896 277; 896 276; 897 275; 897 274; 901 270; 901 269; 902 268; 902 267; 903 266; 903 265; 904 264; 904 250; 900 250; 899 249; 897 249; 896 248
83; 204 247; 201 250; 200 250; 198 252; 197 252; 196 253; 195 253; 193 255; 192 255; 191 256; 190 256; 189 257; 189 265; 192 268; 192 269; 193 270; 193 271; 195 273; 195 274; 196 275; 206 275; 208 273; 209 273; 210 272; 214 272; 214 269; 215 268; 220 268; 220 256; 217 253; 217 252; 212 247
84; 612 253; 611 254; 609 254; 608 255; 603 255; 602 256; 599 256; 598 257; 598 267; 599 268; 599 270; 600 271; 600 275; 601 276; 601 279; 602 280; 602 282; 603 283; 603 284; 604 285; 615 285; 616 284; 618 284; 619 283; 621 283; 622 282; 623 282; 625 280; 625 272; 624 271; 624 268; 623 267; 623 263; 622 262; 622 260; 621 259; 621 254; 617 254; 616 253
85; 284 267; 283 268; 280 268; 279 269; 277 269; 276 270; 275 270; 274 271; 273 271; 272 272; 271 272; 270 273; 270 281; 271 282; 271 287; 273 289; 273 291; 274 292; 274 293; 275 294; 275 298; 276 299; 288 299; 289 298; 293 298; 294 297; 296 297; 297 296; 297 287; 296 286; 296 285; 295 284; 295 282; 294 281; 294 275; 293 274; 293 270; 292 269; 292 267
86; 567 267; 560 274; 559 274; 556 277; 555 277; 553 279; 553 287; 556 290; 556 291; 558 293; 558 294; 560 296; 560 297; 569 297; 571 295; 572 295; 573 294; 574 294; 583 285; 583 276; 580 273; 580 272; 575 267
87; 234 268; 233 269; 232 269; 231 270; 229 270; 228 271; 222 271; 222 275; 221 276; 217 276; 217 287; 218 288; 218 289; 219 290; 219 291; 220 292; 220 293; 222 295; 222 296; 223 297; 231 297; 233 295; 234 295; 235 294; 236 294; 237 293; 238 293; 239 292; 240 292; 242 290; 243 290; 245 288; 246 288; 247 287; 247 278; 245 276; 245 275; 244 274; 244 273; 243 272; 243 271; 242 270; 242 268
88; 762 271; 761 272; 756 272; 756 273; 755 274; 754 274; 752 276; 751 276; 750 277; 748 277; 747 278; 746 278; 745 279; 744 279; 744 286; 743 287; 743 295; 747 295; 749 297; 749 299; 750 300; 758 300; 759 299; 760 299; 761 298; 762 298; 763 297; 764 297; 766 295; 768 295; 769 294; 770 294; 771 293; 773 293; 774 292; 775 292; 775 281; 774 280; 774 279; 773 278; 773 277; 772 276; 772 274; 771 273; 771 272; 770 271
89; 1008 277; 997 277; 996 276; 986 276; 986 281; 985 282; 984 282; 983 283; 983 292; 984 293; 984 295; 985 296; 985 298; 986 299; 986 300; 987 301; 987 302; 988 303; 988 304; 989 305; 989 307; 990 308; 990 309; 1004 309
90; 1023 330; 1023 267; 1013 273; 1012 274; 1009 276; 1008 277; 1004 309; 1005 310
91; 725 275; 724 276; 723 276; 722 277; 718 277; 717 278; 715 278; 713 280; 713 293; 714 294; 714 296; 715 297; 715 305; 717 307; 727 307; 728 306; 732 306; 733 305; 738 305; 739 304; 740 304; 740 296; 741 295; 742 295; 742 287; 737 287; 736 286; 736 284; 735 283; 735 278; 734 277; 734 275
92; 189 288; 184 293; 184 294; 183 295; 183 296; 182 297; 182 306; 183 306; 188 311; 189 311; 191 313; 192 313; 194 315; 195 315; 197 317; 205 317; 205 316; 213 308; 213 299; 212 299; 208 295; 207 295; 203 291; 202 291; 200 289; 199 289; 198 288
93; 240 305; 239 306; 235 306; 234 307; 233 307; 232 308; 232 322; 233 323; 233 334; 234 335; 234 336; 235 336; 236 337; 244 337; 245 336; 252 336; 253 335; 254 335; 255 334; 255 307; 254 306; 253 306; 252 305
94; 616 336; 617 337; 640 337; 640 335; 641 334; 641 308; 639 308; 638 307; 634 307; 633 306; 616 306
95; 616 306; 615 305; 614 305; 613 304; 603 304; 602 305; 595 305; 594 306; 593 306; 592 307; 592 333; 594 335; 613 335; 614 336; 616 336
96; 401 335; 402 336; 402 343; 409 345; 412 347; 422 347; 430 329; 430 321; 425 317; 418 316; 414 313; 408 313
97; 408 313; 402 307; 397 304; 389 304; 377 319; 377 327; 386 335; 401 335
98; 867 298; 866 299; 865 299; 864 300; 863 300; 863 309; 864 310; 865 310; 866 311; 866 330; 864 332; 862 332; 862 341; 872 341; 873 340; 874 340; 875 339; 876 339; 881 334; 882 334; 884 332; 886 332; 887 331; 887 323; 884 320; 884 319; 882 317; 882 316; 881 315; 881 314; 880 313; 880 312; 876 312; 875 311; 875 298
99; 691 311; 690 312; 689 312; 685 316; 684 316; 683 317; 682 317; 678 321; 678 322; 677 323; 677 332; 683 338; 683 339; 686 342; 694 342; 697 339; 697 338; 702 333; 702 332; 706 328; 706 320; 704 318; 704 317; 700 313; 700 312; 699 311
100; 966 320; 965 321; 962 321; 961 322; 960 322; 960 340; 961 341; 961 348; 962 349; 962 350; 981 350; 983 348; 983 323; 980 320
101; 352 324; 351 325; 350 325; 349 326; 348 326; 347 327; 346 327; 345 328; 344 328; 342 330; 340 330; 339 331; 338 331; 336 333; 336 342; 337 343; 337 344; 338 345; 338 346; 341 349; 341 350; 342 351; 342 352; 351 352; 353 350; 354 350; 356 348; 357 348; 358 347; 359 347; 360 346; 362 346; 363 345; 364 345; 366 343; 366 333; 365 332; 365 331; 364 330; 364 329; 363 328; 363 327; 362 326; 362 325; 361 324
102; 100 332; 99 333; 99 334; 98 335; 98 337; 97 338; 97 339; 96 340; 96 341; 95 342; 95 352; 96 353; 97 353; 98 354; 100 354; 101 355; 104 355; 105 356; 106 356; 107 357; 109 357; 111 359; 120 359; 120 358; 122 356; 122 355; 123 354; 123 352; 124 351; 124 350; 125 349; 128 349; 128 341; 126 341; 124 339; 122 339; 121 338; 119 338; 117 336; 116 336; 114 334; 112 334; 111 333; 109 333; 108 332
103; 32 339; 31 340; 29 340; 28 341; 26 341; 25 342; 23 342; 22 343; 22 351; 24 353; 24 354; 25 355; 25 356; 27 358; 27 359; 28 360; 28 361; 29 362; 29 364; 30 365; 30 367; 31 368; 31 369; 32 369; 35 366; 41 366; 42 365; 51 365; 52 364; 51 363; 51 359; 50 358; 50 356; 49 355; 49 354; 48 353; 48 352; 47 351; 47 349; 46 348; 46 345; 45 344; 45 343; 44 342; 44 341; 43 340; 43 339
104; 134 339; 132 341; 129 341; 129 349; 131 349; 132 350; 132 366; 133 367; 138 367; 139 368; 152 368; 153 367; 153 366; 154 365; 154 354; 155 353; 155 341; 154 340; 144 340; 143 339
105; 438 344; 438 345; 436 347; 436 348; 435 349; 435 350; 433 352; 433 353; 432 354; 432 363; 433 363; 434 364; 435 364; 437 366; 438 366; 439 367; 440 367; 442 369; 443 369; 444 370; 446 370; 447 371; 451 371; 452 372; 452 374; 454 374; 455 373; 457 373; 457 369; 459 367; 459 366; 462 363; 462 353; 461 353; 460 352; 459 352; 458 351; 457 351; 455 349; 454 349; 452 347; 451 347; 450 346; 449 346; 447 344
106; 73 347; 72 348; 68 348; 67 349; 63 349; 62 350; 61 350; 61 366; 62 367; 62 371; 63 372; 63 377; 75 377; 76 376; 80 376; 81 375; 83 375; 84 374; 84 357; 83 356; 83 354; 82 353; 82 348; 81 347
107; 1004 355; 1003 356; 1002 356; 1002 357; 1001 358; 1001 366; 1002 367; 1002 368; 1003 369; 1003 376; 1004 377; 1007 377; 1008 378; 1009 378; 1010 379; 1013 379; 1014 380; 1023 380; 1023 358; 1019 358; 1017 356; 1016 356; 1015 355
108; 838 349; 836 351; 835 351; 829 357; 829 366; 830 367; 831 367; 833 369; 834 369; 838 373; 839 373; 843 377; 852 377; 853 376; 853 375; 856 372; 856 371; 858 369; 858 360; 857 359; 856 359; 854 357; 854 356; 853 355; 853 354; 850 351; 849 351; 847 349
109; 173 353; 169 357; 168 357; 168 358; 165 361; 165 370; 177 382; 177 383; 185 383; 189 379; 189 378; 191 376; 193 376; 193 367; 192 367; 186 361; 186 360; 184 358; 184 357; 183 356; 183 355; 181 353
110; 717 353; 716 354; 715 354; 714 355; 712 355; 711 356; 709 356; 708 357; 707 357; 706 358; 706 366; 707 367; 707 368; 708 369; 708 370; 709 371; 709 372; 711 374; 711 375; 713 377; 713 384; 714 385; 714 384; 715 383; 722 383; 723 382; 733 382; 733 370; 732 369; 732 368; 730 366; 730 365; 729 364; 729 361; 728 360; 728 358; 727 357; 727 356; 726 355; 726 354; 725 353
111; 957 360; 956 361; 954 361; 953 362; 948 362; 947 363; 946 363; 945 364; 944 364; 942 366; 942 367; 941 368; 941 369; 939 371; 938 371; 937 372; 936 372; 935 373; 933 373; 932 374; 931 374; 931 390; 937 390; 939 392; 939 393; 940 394; 949 394; 949 393; 958 384; 959 384; 960 383; 961 383; 962 382; 963 382; 964 381; 965 381; 967 379; 968 379; 969 378; 972 378; 972 370; 970 368; 970 367; 969 366; 969 365; 968 364; 968 363; 967 362; 967 360
112; 619 362; 619 363; 618 364; 618 365; 615 368; 615 369; 613 371; 613 382; 619 382; 621 384; 622 384; 623 385; 624 385; 625 386; 626 386; 628 388; 638 388; 638 387; 640 385; 640 384; 642 382; 642 381; 643 380; 643 379; 644 378; 644 370; 643 370; 642 369; 641 369; 640 368; 638 368; 637 367; 636 367; 635 366; 634 366; 633 365; 631 365; 630 364; 629 364; 627 362
113; 52 365; 51 366; 42 366; 41 367; 35 367; 33 369; 33 386; 34 387; 34 388; 35 389; 35 391; 36 392; 36 393; 44 393; 45 392; 47 392; 48 391; 50 391; 52 389; 53 389; 54 388; 57 388; 58 387; 59 387; 60 386; 61 386; 61 385; 62 384; 62 372; 61 371; 61 367; 60 366; 54 366; 53 365
114; 97 367; 96 368; 96 384; 97 385; 97 395; 106 395; 107 396; 107 398; 115 398; 115 395; 116 394; 116 369; 114 367
115; 780 372; 779 373; 778 373; 777 374; 776 374; 770 380; 769 380; 767 382; 767 390; 768 391; 768 392; 771 395; 771 396; 773 398; 773 399; 782 399; 787 394; 788 394; 792 390; 793 390; 794 389; 795 389; 795 381; 793 379; 793 378; 791 376; 791 375; 789 373; 789 372
116; 204 374; 204 375; 203 376; 202 376; 200 378; 198 378; 198 390; 199 391; 200 391; 201 392; 201 393; 205 397; 206 397; 210 401; 218 401; 225 394; 225 386; 220 381; 219 381; 215 377; 215 376; 213 374
117; 455 374; 454 375; 452 375; 452 378; 451 379; 450 379; 448 381; 447 381; 446 382; 445 382; 443 384; 443 395; 444 396; 444 397; 445 398; 445 399; 446 400; 446 402; 447 403; 447 406; 456 406; 456 403; 458 401; 459 401; 460 400; 461 400; 462 399; 464 399; 465 398; 466 398; 467 397; 469 397; 470 396; 471 396; 471 387; 470 386; 470 384; 469 383; 469 381; 468 380; 468 378; 467 377; 458 377; 457 376; 457 374
118; 819 382; 818 383; 817 383; 814 386; 813 386; 811 388; 810 388; 809 389; 807 389; 806 390; 805 390; 805 400; 809 404; 809 405; 810 406; 810 407; 819 407; 820 406; 821 406; 822 405; 823 405; 825 403; 826 403; 827 402; 828 402; 830 400; 831 400; 832 399; 834 399; 834 391; 833 390; 833 389; 831 387; 831 386; 829 384; 829 383; 828 382
119; 905 381; 905 383; 904 384; 904 386; 903 387; 903 389; 902 390; 902 400; 903 400; 904 401; 905 401; 906 402; 909 402; 910 403; 911 403; 913 405; 913 409; 923 409; 923 408; 924 407; 925 407; 926 406; 926 405; 927 404; 927 403; 928 402; 928 400; 929 399; 929 397; 930 396; 930 386; 923 386; 922 385; 921 385; 920 384; 918 384; 917 383; 915 383; 913 381
120; 509 382; 508 383; 507 383; 506 384; 505 384; 502 387; 501 387; 500 388; 499 388; 497 390; 495 390; 494 391; 493 391; 493 399; 494 400; 494 401; 496 403; 496 404; 497 405; 497 406; 498 407; 498 408; 499 409; 508 409; 510 407; 511 407; 513 405; 514 405; 515 404; 516 404; 517 403; 518 403; 519 402; 520 402; 521 401; 522 401; 522 392; 521 391; 521 390; 520 389; 520 387; 519 386; 519 385; 517 383; 517 382
121; 599 382; 592 389; 591 389; 590 390; 589 390; 588 391; 587 391; 586 392; 585 392; 585 400; 586 401; 586 402; 588 404; 588 405; 589 405; 590 406; 590 407; 592 409; 606 409; 607 410; 609 408; 609 407; 611 405; 611 403; 613 401; 613 395; 615 393; 615 392; 612 389; 612 382
122; 731 383; 731 395; 732 396; 732 397; 733 398; 733 399; 734 400; 734 401; 735 402; 735 403; 736 404; 736 411; 738 413; 747 413; 748 414; 750 414; 751 413; 753 413; 753 408; 754 407; 755 407; 756 406; 757 406; 757 398; 756 397; 756 396; 754 394; 754 393; 751 390; 751 388; 750 387; 750 386; 749 385; 749 383
123; 416 388; 415 389; 413 389; 412 390; 411 390; 410 391; 408 391; 407 392; 406 392; 406 400; 407 401; 407 403; 408 404; 408 407; 409 408; 409 409; 410 410; 410 412; 411 413; 411 417; 412 418; 420 418; 421 417; 423 417; 424 416; 431 416; 430 415; 430 402; 429 401; 429 400; 428 399; 428 397; 427 396; 427 395; 425 393; 425 392; 424 391; 424 388
124; 713 385; 713 386; 712 387; 705 387; 705 388; 701 392; 700 392; 699 393; 698 393; 696 395; 695 395; 692 398; 691 398; 690 399; 690 407; 691 408; 691 409; 693 411; 693 416; 694 417; 694 416; 695 415; 705 415; 707 413; 708 413; 710 411; 715 411; 715 407; 716 406; 718 406; 719 405; 719 397; 716 394; 716 393; 715 392; 715 391; 714 390; 714 386
125; 851 386; 850 387; 847 387; 846 388; 846 407; 847 408; 847 415; 859 415; 860 414; 867 414; 868 413; 868 403; 867 402; 867 398; 866 397; 866 386
126; 662 398; 660 400; 659 400; 658 401; 658 411; 662 415; 662 416; 671 416; 671 415; 673 413; 673 412; 674 411; 674 401; 672 399; 671 399; 670 398
127; 616 393; 614 395; 614 401; 612 403; 612 405; 610 407; 610 408; 608 410; 608 412; 610 414; 610 415; 611 416; 611 417; 612 418; 612 419; 615 422; 615 423; 623 423; 624 422; 625 422; 626 421; 627 421; 631 417; 632 417; 634 415; 635 415; 637 413; 638 413; 638 404; 632 398; 632 397; 631 396; 619 396
128; 0 403; 0 423; 11 423; 12 422; 13 422; 14 421; 19 421; 20 420; 21 420; 21 412; 15 406; 15 404; 14 403
129; 107 399; 107 402; 106 403; 104 403; 103 404; 102 404; 101 405; 99 405; 97 407; 96 407; 95 408; 94 408; 93 409; 91 409; 91 419; 92 420; 92 421; 93 422; 93 424; 94 425; 94 426; 95 427; 95 428; 104 428; 106 426; 107 426; 109 424; 110 424; 111 423; 113 423; 114 422; 115 422; 116 421; 117 421; 118 420; 119 420; 119 410; 117 408; 117 407; 116 406; 116 404; 115 403; 115 399
130; 950 401; 949 402; 949 403; 947 405; 947 406; 946 407; 946 408; 944 410; 944 418; 945 419; 946 419; 948 421; 949 421; 951 423; 952 423; 953 424; 955 424; 956 425; 957 425; 959 427; 967 427; 968 426; 968 425; 969 424; 969 423; 970 422; 970 421; 971 420; 971 419; 972 418; 972 409; 971 408; 969 408; 967 406; 965 406; 963 404; 962 404; 960 402; 959 402; 958 401
131; 447 407; 447 410; 446 411; 445 411; 443 413; 442 413; 439 416; 432 416; 432 427; 435 430; 435 431; 436 432; 436 433; 437 434; 437 435; 438 436; 438 437; 446 437; 447 436; 448 436; 449 435; 450 435; 452 433; 453 433; 455 431; 456 431; 457 430; 459 430; 460 429; 461 429; 462 428; 462 420; 461 419; 461 417; 459 415; 459 414; 458 413; 458 412; 456 410; 456 407
132; 729 411; 728 412; 727 412; 726 413; 725 413; 724 414; 717 414; 717 429; 718 430; 718 431; 719 432; 719 433; 720 434; 720 438; 721 439; 721 443; 731 443; 732 442; 734 442; 735 441; 736 441; 737 440; 738 440; 739 439; 740 439; 741 438; 744 438; 744 428; 741 428; 740 427; 740 425; 739 424; 739 423; 738 422; 738 414; 735 411
133; 1005 439; 1005 445; 1000 448; 1000 454; 1004 455; 1000 456; 1001 469; 1009 469; 1016 465; 1023 464; 1023 438; 1017 437
134; 1017 437; 1017 431; 1023 430; 1023 417; 1019 417; 1015 412; 1007 412; 991 420; 991 429; 995 434; 996 438; 1005 439
135; 188 412; 188 413; 183 418; 183 419; 182 420; 182 429; 191 438; 192 438; 193 439; 193 440; 194 441; 203 441; 203 440; 206 437; 206 436; 209 433; 209 424; 206 421; 205 421; 203 419; 202 419; 197 414; 197 413; 196 412
136; 847 416; 846 417; 835 417; 833 419; 833 420; 832 421; 832 422; 830 424; 830 425; 829 426; 829 435; 831 437; 832 437; 834 439; 835 439; 837 441; 838 441; 839 442; 840 442; 842 444; 852 444; 856 440; 856 439; 858 437; 862 437; 862 433; 860 433; 859 432; 859 427; 858 426; 857 426; 856 425; 855 425; 854 424; 853 424; 851 422; 851 416
137; 388 415; 387 416; 386 416; 385 417; 384 417; 383 418; 382 418; 381 419; 380 419; 379 420; 378 420; 376 422; 375 422; 374 423; 373 423; 373 434; 374 435; 374 436; 376 438; 376 439; 377 440; 377 442; 378 443; 378 444; 379 444; 380 445; 385 445; 386 444; 391 444; 391 439; 392 438; 393 438; 395 436; 396 436; 397 435; 398 435; 399 434; 400 434; 401 433; 402 433; 402 424; 400 422; 400 421; 398 419; 398 418; 397 417; 397 416; 396 415
138; 913 410; 913 411; 912 412; 904 412; 904 417; 903 418; 903 422; 900 425; 897 425; 897 430; 896 431; 896 436; 898 436; 899 437; 899 438; 901 440; 902 440; 903 441; 906 441; 907 442; 911 442; 912 443; 920 443; 920 441; 921 440; 921 434; 922 433; 922 428; 923 427; 923 424; 924 423; 924 415; 923 414; 923 410
139; 751 414; 750 415; 748 415; 748 427; 747 428; 745 428; 745 438; 748 438; 749 439; 749 440; 750 441; 750 444; 751 445; 751 446; 754 446; 756 444; 764 444; 765 443; 776 443; 774 441; 774 436; 773 435; 773 434; 772 433; 772 432; 771 431; 771 428; 770 427; 770 424; 769 423; 769 417; 768 416; 768 415; 754 415; 753 414
140; 693 417; 692 418; 682 418; 678 422; 675 422; 675 423; 674 424; 673 424; 672 425; 671 425; 670 426; 669 426; 668 427; 668 436; 669 437; 669 438; 670 439; 670 440; 671 441; 671 442; 674 445; 674 446; 684 446; 687 443; 688 443; 694 437; 695 437; 697 435; 697 427; 696 426; 696 425; 694 423; 694 418
141; 876 419; 875 420; 875 421; 874 422; 874 423; 873 424; 873 425; 870 428; 870 429; 866 433; 863 433; 863 437; 864 437; 865 438; 865 442; 867 444; 868 444; 870 446; 871 446; 872 447; 873 447; 875 449; 888 449; 888 442; 889 441; 889 440; 890 439; 890 438; 892 436; 895 436; 895 431; 896 430; 896 425; 894 425; 893 424; 892 424; 891 423; 890 423; 888 421; 887 421; 886 420; 885 420; 884 419
142; 765 444; 764 445; 756 445; 755 446; 755 453; 754 454; 754 463; 755 464; 755 465; 756 466; 756 467; 757 468; 757 469; 759 471; 759 472; 760 473; 760 474; 769 474; 770 473; 771 473; 772 472; 773 472; 776 469; 777 469; 778 468; 779 468; 780 467; 783 467; 784 466; 785 466; 785 458; 783 456; 783 455; 782 454; 782 453; 781 452; 781 451; 780 450; 780 448; 779 447; 779 446; 777 444
143; 607 448; 606 449; 600 449; 599 450; 598 450; 598 462; 599 463; 599 465; 600 466; 600 468; 601 469; 601 477; 602 478; 602 479; 615 479; 616 478; 617 478; 618 477; 620 477; 621 476; 623 476; 623 465; 622 464; 622 460; 621 459; 621 455; 620 454; 620 451; 619 450; 619 448
144; 897 450; 896 451; 889 451; 889 467; 890 468; 890 470; 891 471; 891 480; 892 481; 894 481; 895 482; 904 482; 905 481; 907 481; 908 480; 912 480; 913 479; 913 470; 912 469; 912 454; 911 453; 911 452; 910 451; 910 450
145; 14 457; 15 458; 15 472; 16 472; 17 473; 19 473; 20 474; 22 474; 23 475; 24 475; 25 476; 35 476; 37 474; 37 470; 38 469; 38 465; 40 463; 40 449; 39 448; 38 448; 37 447; 36 447; 35 446; 33 446; 32 445; 13 445
146; 13 445; 12 444; 12 441; 9 438; 0 438; 0 461; 5 461; 7 459; 7 458; 8 457; 14 457
147; 386 445; 385 446; 380 446; 380 451; 379 452; 379 461; 380 462; 380 463; 381 464; 381 465; 382 466; 382 468; 383 469; 383 471; 384 472; 384 477; 385 478; 385 479; 391 479; 392 480; 392 481; 398 481; 398 477; 399 476; 400 476; 401 475; 404 475; 405 474; 406 474; 406 466; 405 465; 405 462; 404 461; 404 458; 403 457; 403 456; 402 455; 402 454; 401 453; 401 452; 400 451; 400 447; 399 446; 392 446; 391 445
148; 116 449; 116 458; 115 459; 115 460; 114 461; 114 471; 122 479; 123 479; 124 480; 132 480; 132 479; 133 478; 133 476; 134 475; 134 474; 135 473; 135 469; 136 468; 136 464; 137 463; 137 452; 136 451; 134 451; 132 449
149; 308 454; 307 455; 306 455; 305 456; 303 456; 302 457; 301 457; 299 459; 298 459; 297 460; 296 460; 295 461; 292 461; 291 462; 290 462; 290 471; 291 472; 291 474; 292 475; 292 476; 293 477; 293 478; 294 479; 294 481; 295 482; 304 482; 305 481; 308 481; 309 480; 310 480; 311 479; 312 479; 313 478; 314 478; 315 477; 316 477; 317 476; 318 476; 319 475; 321 475; 322 474; 322 465; 320 463; 320 462; 318 460; 318 458; 317 457; 317 455; 316 454
150; 565 456; 564 457; 562 457; 561 458; 559 458; 558 459; 556 459; 555 460; 553 460; 552 461; 552 469; 553 470; 553 474; 554 475; 554 476; 555 477; 555 478; 556 479; 556 481; 557 482; 557 488; 569 488; 570 487; 573 487; 574 486; 575 486; 576 485; 578 485; 579 484; 580 484; 580 476; 579 475; 579 474; 578 473; 578 471; 577 470; 577 469; 576 468; 576 465; 575 464; 575 462; 574 461; 574 458; 573 457; 573 456
151; 41 463; 39 465; 39 469; 38 470; 38 474; 36 476; 36 490; 37 491; 38 491; 39 492; 42 492; 43 493; 46 493; 47 494; 57 494; 58 493; 58 491; 59 490; 59 487; 60 486; 60 485; 61 484; 61 477; 62 476; 62 468; 60 466; 59 466; 58 465; 56 465; 55 464; 52 464; 51 463
152; 813 478; 813 479; 808 484; 808 485; 807 486; 807 487; 806 488; 806 498; 807 499; 808 499; 809 500; 810 500; 812 502; 814 502; 819 507; 819 508; 820 509; 828 509; 830 507; 830 506; 833 503; 833 502; 836 499; 836 491; 828 483; 827 483; 822 478
153; 655 504; 654 505; 654 519; 655 520; 655 527; 670 527; 671 526; 678 526; 679 525; 682 525; 683 524; 684 524; 685 523; 685 513; 684 512; 684 510; 683 509; 683 501
154; 683 501; 685 499; 686 499; 686 490; 685 489; 685 487; 684 486; 684 484; 683 483; 683 480; 682 479; 682 477; 681 476; 671 476; 670 477; 666 477; 665 478; 658 478; 657 479; 656 479; 655 480; 654 480; 654 481; 653 482; 653 491; 652 492; 650 492; 650 494; 654 494; 655 495; 655 504
155; 873 484; 872 485; 871 485; 867 489; 866 489; 866 490; 864 492; 863 492; 859 496; 858 496; 858 506; 861 509; 861 510; 862 511; 862 512; 864 514; 864 515; 873 515; 880 508; 881 508; 883 506; 884 506; 887 503; 887 494; 886 493; 886 492; 885 491; 885 489; 883 487; 883 486; 881 484
156; 632 483; 631 484; 630 484; 628 486; 625 486; 623 488; 622 488; 620 490; 617 490; 616 491; 615 491; 615 500; 616 501; 616 502; 617 503; 617 505; 618 506; 618 508; 619 509; 619 510; 620 511; 620 512; 629 512; 631 510; 632 510; 633 509; 635 509; 636 508; 637 508; 639 506; 641 506; 642 505; 646 505; 647 504; 647 495; 648 494; 649 494; 649 492; 646 492; 645 491; 645 490; 643 488; 643 487; 641 485; 641 484; 640 483
157; 392 482; 392 486; 391 487; 391 495; 392 496; 392 500; 393 501; 393 507; 394 508; 394 515; 396 517; 396 518; 405 518; 406 517; 415 517; 415 513; 417 511; 417 500; 416 499; 416 496; 415 495; 415 487; 414 486; 414 485; 413 484; 399 484; 398 483; 398 482
158; 309 497; 308 498; 300 498; 297 501; 297 525; 298 526; 298 527; 299 527; 300 528; 319 528; 320 527; 320 526; 321 525; 321 500; 320 499; 320 498; 319 498; 318 497
159; 258 500; 255 503; 254 503; 253 504; 252 504; 251 505; 250 505; 246 509; 246 516; 247 517; 247 519; 253 519; 254 520; 255 520; 256 521; 256 522; 257 522; 259 524; 259 525; 265 531; 265 532; 266 533; 277 533; 278 534; 278 535; 278 531; 279 530; 279 521; 280 520; 280 512; 276 508; 275 508; 272 505; 272 504; 271 503; 271 502; 270 502; 268 500
160; 233 514; 232 515; 231 515; 230 516; 229 516; 228 517; 227 517; 225 519; 223 519; 222 520; 222 529; 223 530; 223 533; 224 534; 224 535; 226 537; 226 538; 227 539; 227 541; 228 542; 228 546; 229 547; 239 547; 240 546; 242 546; 243 545; 244 545; 245 544; 247 544; 249 542; 250 542; 250 533; 249 532; 249 531; 248 530; 248 529; 247 528; 247 527; 246 526; 246 517; 245 516; 245 514
161; 932 515; 930 517; 930 518; 929 519; 929 536; 930 537; 930 538; 932 540; 940 540; 941 539; 957 539; 958 538; 958 536; 959 535; 959 518; 956 515
162; 406 518; 405 519; 396 519; 396 523; 395 524; 395 532; 396 533; 396 539; 397 540; 397 542; 398 543; 398 547; 399 548; 399 551; 400 552; 410 552; 411 551; 414 551; 415 550; 417 550; 418 549; 420 549; 421 548; 422 548; 422 539; 421 538; 421 537; 420 536; 420 530; 419 529; 419 527; 418 526; 418 525; 417 524; 417 521; 415 519; 415 518
163; 729 525; 727 527; 727 548; 728 549; 741 549; 742 548; 756 548; 756 547; 757 546; 757 531; 756 530; 756 527; 755 526; 755 525
164; 278 536; 278 550; 279 551; 279 555; 280 556; 280 558; 281 559; 281 562; 282 563; 282 566; 284 568; 293 568; 294 567; 296 567; 297 566; 299 566; 300 565; 301 565; 302 564; 303 564; 304 563; 304 554; 303 553; 303 552; 302 551; 302 547; 301 546; 301 543; 300 542; 300 539; 299 538; 299 536; 290 536; 289 537; 287 537; 286 538; 279 538; 278 537
165; 162 541; 161 542; 158 542; 157 543; 155 543; 154 544; 152 544; 151 545; 150 545; 150 556; 151 557; 151 561; 152 562; 152 563; 153 564; 153 565; 154 566; 154 572; 168 572; 169 571; 170 571; 171 570; 173 570; 174 569; 178 569; 178 565; 176 565; 175 564; 175 560; 174 559; 174 553; 173 552; 173 549; 172 548; 172 543; 170 541
166; 808 532; 807 533; 807 534; 805 536; 801 536; 800 537; 799 537; 799 545; 798 546; 789 546; 787 548; 786 548; 786 556; 788 558; 788 559; 794 565; 802 565; 806 561; 808 561; 809 560; 810 560; 814 556; 815 556; 815 550; 816 549; 824 549; 825 548; 825 538; 824 537; 820 537; 819 536; 819 535; 818 534; 817 534; 816 533; 816 532
167; 672 546; 670 548; 670 549; 668 551; 668 552; 667 553; 667 559; 666 560; 666 568; 667 568; 668 569; 670 569; 671 570; 674 570; 676 572; 676 574; 684 574; 685 573; 693 573; 693 570; 694 569; 694 566; 695 565; 695 564; 696 563; 696 553; 693 553; 692 552; 690 552; 688 550; 687 550; 685 548; 684 548; 683 547; 681 547; 680 546
168; 74 549; 73 550; 72 550; 71 551; 70 551; 69 552; 68 552; 66 554; 65 554; 64 555; 64 563; 65 564; 65 565; 66 566; 66 568; 67 569; 67 570; 68 571; 68 572; 70 574; 70 575; 72 577; 72 579; 82 579; 83 578; 84 578; 85 577; 86 577; 87 576; 89 576; 90 575; 90 565; 89 564; 89 561; 88 560; 88 559; 87 558; 87 557; 86 556; 86 555; 85 554; 85 553; 84 552; 84 550; 83 549
169; 517 549; 514 552; 513 552; 508 557; 508 566; 511 569; 511 570; 513 572; 513 573; 520 580; 528 580; 531 577; 532 577; 537 572; 537 563; 536 563; 529 556; 529 555; 527 553; 527 552; 526 551; 526 550; 525 549
170; 879 560; 877 562; 876 562; 873 565; 872 565; 868 569; 867 569; 866 570; 865 570; 864 571; 864 579; 865 580; 865 581; 867 583; 867 589; 869 589; 870 588; 880 588; 881 587; 882 587; 886 583; 887 583; 890 580; 891 580; 892 579; 893 579; 894 578; 894 569; 893 568; 893 567; 892 566; 892 565; 887 560
171; 838 556; 826 568; 825 568; 825 577; 829 581; 829 582; 832 585; 845 585; 846 584; 849 584; 849 578; 853 574; 854 574; 854 565; 853 564; 853 563; 846 556
172; 188 563; 187 564; 183 564; 182 565; 179 565; 179 569; 181 569; 182 570; 182 573; 183 574; 183 582; 184 583; 184 585; 185 586; 185 593; 186 593; 187 594; 188 594; 189 595; 197 595; 198 594; 206 594; 206 583; 205 582; 205 566; 204 565; 204 564; 203 563
173; 449 566; 448 567; 448 568; 447 569; 447 576; 446 577; 444 577; 444 587; 448 587; 449 588; 450 588; 451 589; 466 589; 467 590; 475 590; 476 589; 476 588; 477 587; 477 581; 478 580; 478 571; 477 570; 477 568; 476 567; 463 567; 462 566
174; 234 573; 230 577; 230 586; 231 587; 232 587; 241 596; 250 596; 253 593; 253 584; 251 582; 250 582; 249 581; 249 580; 242 573
175; 685 574; 684 575; 676 575; 676 581; 675 582; 675 583; 674 584; 674 585; 673 586; 673 588; 672 589; 672 597; 673 597; 674 598; 675 598; 676 599; 682 599; 683 600; 684 600; 685 601; 686 601; 687 602; 701 602; 701 601; 702 600; 702 595; 703 594; 703 582; 701 580; 698 580; 697 579; 696 579; 693 576; 693 574
176; 428 577; 427 578; 421 578; 420 579; 418 579; 417 580; 411 580; 411 591; 416 596; 416 598; 417 599; 417 600; 418 601; 426 601; 427 602; 441 602; 441 588; 442 587; 443 587; 443 577
177; 318 579; 317 580; 316 580; 315 581; 314 581; 313 582; 312 582; 309 585; 308 585; 307 586; 307 594; 308 595; 308 597; 309 598; 309 599; 310 600; 310 601; 311 602; 311 603; 313 605; 313 606; 314 607; 314 608; 315 609; 315 610; 316 611; 324 611; 325 610; 326 610; 328 608; 329 608; 330 607; 331 607; 332 606; 333 606; 334 605; 335 605; 335 597; 333 595; 333 593; 332 592; 332 591; 331 590; 331 589; 330 588; 330 587; 327 584; 327 583; 326 582; 326 579
178; 375 578; 374 579; 370 579; 369 580; 367 580; 366 581; 365 581; 364 582; 364 593; 365 594; 365 596; 366 597; 366 600; 367 601; 367 605; 368 606; 368 607; 370 609; 383 609; 384 608; 386 608; 387 607; 389 607; 390 606; 390 598; 389 597; 389 591; 388 590; 388 589; 387 588; 387 587; 386 586; 386 585; 385 584; 385 578
179; 846 585; 845 586; 842 586; 842 592; 840 594; 840 603; 844 607; 845 607; 846 608; 847 608; 853 614; 861 614; 865 610; 866 610; 866 609; 869 606; 869 605; 870 604; 870 596; 869 595; 869 590; 860 590; 855 585
180; 34 585; 33 586; 33 588; 32 589; 32 590; 31 591; 31 592; 29 594; 29 595; 27 597; 27 598; 26 599; 26 601; 25 602; 25 610; 26 610; 27 611; 28 611; 30 613; 31 613; 32 614; 32 618; 36 618; 36 616; 37 615; 50 615; 51 616; 51 609; 52 608; 52 591; 50 589; 49 589; 48 588; 47 588; 46 587; 45 587; 44 586; 43 586; 42 585
181; 198 595; 197 596; 189 596; 189 613; 190 614; 190 617; 191 618; 191 620; 192 621; 192 627; 193 628; 202 628; 203 627; 206 627; 207 626; 209 626; 210 625; 211 625; 212 624; 213 624; 213 612; 212 611; 212 610; 211 609; 211 602; 210 601; 210 599; 209 598; 209 597; 208 596; 207 596; 206 595
182; 65 596; 59 602; 53 602; 53 608; 52 609; 52 617; 56 621; 57 621; 59 623; 68 623; 71 620; 72 620; 73 619; 73 618; 74 617; 75 617; 78 614; 79 614; 80 613; 80 604; 76 600; 76 599; 74 597; 74 596
183; 109 596; 108 597; 108 601; 107 602; 107 606; 106 607; 106 611; 105 612; 105 622; 106 622; 107 623; 110 623; 111 624; 114 624; 115 625; 125 625; 125 624; 126 623; 131 623; 131 618; 132 617; 132 612; 131 612; 130 611; 130 596
184; 427 603; 427 623; 428 624; 428 633; 429 634; 429 635; 430 636; 440 636; 441 635; 444 635; 445 634; 449 634; 451 632; 451 624; 450 623; 450 616; 449 615; 449 608; 448 607; 448 606; 446 604; 442 604; 441 603
185; 703 610; 703 611; 699 615; 699 616; 697 618; 697 619; 696 620; 696 629; 697 630; 698 630; 699 631; 700 631; 701 632; 702 632; 705 635; 706 635; 708 637; 709 637; 712 640; 722 640; 722 634; 724 632; 724 631; 725 630; 725 621; 721 617; 720 617; 717 614; 716 614; 712 610
186; 918 609; 917 610; 917 637; 923 637; 924 638; 938 638; 941 635; 942 635; 944 633; 945 633; 945 632; 947 630; 947 629; 946 628; 946 614; 945 613; 945 610; 934 610; 933 609
187; 133 612; 133 617; 132 618; 132 623; 133 624; 133 633; 134 633; 135 634; 137 634; 138 635; 138 640; 146 640; 146 639; 147 638; 159 638; 159 636; 160 635; 160 632; 161 631; 161 629; 162 628; 162 617; 161 617; 160 616; 157 616; 156 615; 154 615; 153 614; 149 614; 147 612
188; 964 613; 963 614; 957 614; 957 643; 969 643; 970 642; 972 642; 973 641; 975 641; 976 640; 980 640; 982 638; 982 630; 981 629; 981 626; 980 625; 980 624; 979 623; 979 622; 978 621; 978 618; 977 617; 977 613
189; 537 616; 535 618; 534 618; 530 622; 529 622; 528 623; 527 623; 526 624; 526 632; 527 633; 527 634; 528 635; 528 636; 531 639; 531 640; 535 644; 535 647; 549 647; 555 641; 555 633; 554 632; 554 631; 551 628; 551 627; 549 625; 549 624; 548 623; 548 622; 546 620; 546 619; 545 618; 545 616
190; 32 619; 32 620; 31 621; 27 621; 27 622; 26 623; 26 625; 25 626; 25 627; 23 629; 23 630; 22 631; 22 640; 27 640; 28 641; 29 641; 32 644; 32 645; 34 647; 51 647; 51 639; 49 637; 48 637; 47 636; 46 636; 44 634; 43 634; 39 630; 39 625; 36 622; 36 619
191; 297 618; 296 619; 293 619; 292 620; 291 620; 289 622; 289 638; 293 642; 293 646; 294 647; 294 648; 306 648; 307 647; 310 647; 311 646; 314 646; 315 645; 315 637; 314 636; 314 634; 313 633; 313 629; 312 628; 312 625; 311 624; 311 620; 309 618
192; 913 638; 912 639; 910 639; 909 640; 905 640; 904 641; 902 641; 901 642; 901 652; 902 653; 902 655; 903 656; 903 659; 904 660; 904 661; 918 661; 919 660; 921 660; 922 659; 930 659; 930 639; 924 639; 923 638
193; 138 641; 137 642; 135 642; 131 646; 130 646; 128 648; 126 648; 124 650; 123 650; 122 651; 122 660; 125 663; 125 664; 126 665; 126 666; 128 668; 136 668; 138 666; 139 666; 140 665; 141 665; 143 663; 144 663; 148 659; 149 659; 150 658; 150 649; 146 645; 146 641
194; 769 639; 767 641; 764 641; 763 642; 762 642; 761 643; 760 643; 759 644; 758 644; 757 645; 756 645; 755 646; 753 646; 752 647; 751 647; 751 655; 752 656; 752 657; 753 658; 753 659; 754 660; 754 661; 756 663; 756 664; 757 665; 766 665; 767 664; 769 664; 772 661; 774 661; 775 660; 778 660; 779 659; 781 659; 781 649; 780 648; 780 646; 779 645; 779 644; 778 643; 778 640; 777 639
195; 555 642; 550 647; 550 662; 551 663; 551 664; 554 667; 554 668; 555 669; 555 670; 556 671; 564 671; 567 668; 568 668; 569 667; 570 667; 571 666; 577 666; 578 665; 578 651; 577 650; 577 649; 570 642
196; 97 644; 96 645; 95 645; 94 646; 93 646; 92 647; 91 647; 88 650; 87 650; 86 651; 85 651; 84 652; 83 652; 82 653; 82 662; 84 664; 84 665; 86 667; 86 668; 87 669; 87 670; 93 670; 94 671; 94 672; 100 672; 100 668; 102 666; 103 666; 104 665; 105 665; 106 664; 107 664; 109 662; 110 662; 110 653; 109 652; 109 651; 108 650; 108 648; 107 647; 107 646; 106 645; 106 644
197; 430 646; 429 647; 428 647; 427 648; 426 648; 424 650; 423 650; 421 652; 420 652; 419 653; 418 653; 417 654; 416 654; 416 663; 417 664; 417 665; 418 666; 418 668; 419 669; 419 670; 420 671; 420 672; 421 673; 429 673; 432 670; 433 670; 434 669; 435 669; 436 668; 437 668; 438 667; 440 667; 442 665; 443 665; 444 664; 445 664; 445 656; 444 655; 444 654; 443 653; 443 652; 442 651; 442 650; 441 649; 441 648; 440 647; 440 646
198; 489 642; 488 643; 487 643; 485 645; 484 645; 483 646; 482 646; 480 648; 479 648; 477 650; 475 650; 474 651; 473 651; 473 661; 474 662; 474 663; 475 664; 475 665; 476 666; 476 667; 477 668; 477 669; 478 670; 486 670; 487 669; 489 669; 490 668; 491 668; 496 663; 498 663; 499 662; 504 662; 504 660; 503 660; 502 659; 502 652; 501 651; 501 649; 500 648; 500 647; 499 646; 499 645; 498 644; 498 643; 497 642
199; 720 641; 720 652; 719 653; 719 655; 718 656; 718 657; 717 658; 717 668; 720 668; 721 669; 723 669; 724 670; 726 670; 727 671; 735 671; 736 670; 736 667; 737 666; 737 665; 739 663; 739 661; 740 660; 740 656; 741 655; 741 654; 742 653; 742 645; 741 644; 740 644; 739 643; 738 643; 737 642; 736 642; 735 641
200; 512 650; 511 651; 511 655; 510 656; 510 659; 509 660; 505 660; 505 662; 506 662; 507 663; 507 676; 508 676; 509 677; 512 677; 513 678; 515 678; 516 679; 518 679; 519 680; 528 680; 528 677; 529 676; 529 671; 530 670; 530 668; 531 667; 531 660; 532 659; 532 651; 524 651; 523 650
201; 168 657; 166 659; 166 674; 165 675; 165 683; 167 685; 187 685; 187 671; 188 670; 188 661; 187 660; 187 659; 186 658; 185 658; 184 657
202; 856 652; 855 653; 852 653; 851 654; 850 654; 850 667; 851 668; 851 681; 852 682; 863 682; 864 681; 868 681; 869 680; 871 680; 873 678; 873 668; 872 667; 872 665; 871 664; 871 661; 870 660; 870 655; 869 654; 869 653; 868 652
203; 943 662; 931 663; 932 681; 936 691; 950 691; 951 694; 952 690; 960 684
204; 960 684; 969 680; 978 670; 978 661; 971 655; 956 654; 943 656; 943 662
205; 956 654; 956 631; 948 630; 938 639; 940 652; 943 656
206; 18 658; 18 659; 17 660; 17 662; 16 663; 16 664; 14 666; 14 667; 12 669; 12 670; 10 672; 10 681; 11 682; 12 682; 13 683; 14 683; 15 684; 16 684; 18 686; 26 686; 27 685; 27 684; 28 683; 28 682; 30 680; 30 679; 31 678; 31 677; 32 676; 32 674; 33 673; 33 672; 34 671; 34 663; 33 662; 32 662; 29 659; 28 659; 27 658
207; 45 666; 43 668; 43 693; 44 694; 63 694; 64 693; 64 671; 63 670; 63 667; 62 666
208; 579 665; 578 666; 578 691; 579 692; 579 693; 580 694; 599 694; 600 693; 600 676; 599 675; 599 667; 597 665
209; 378 670; 377 671; 375 671; 374 672; 370 672; 369 673; 369 686; 370 687; 370 689; 371 690; 371 698; 373 700; 384 700; 385 699; 387 699; 388 698; 391 698; 392 697; 393 697; 393 688; 392 687; 392 683; 391 682; 391 678; 390 677; 390 672; 389 671; 389 670
210; 341 668; 340 669; 339 669; 338 670; 337 670; 336 671; 335 671; 332 674; 331 674; 331 682; 333 684; 333 685; 335 687; 335 695; 336 696; 339 696; 341 698; 349 698; 350 697; 351 697; 354 694; 355 694; 357 692; 358 692; 358 682; 357 681; 357 679; 356 678; 356 677; 355 676; 355 675; 354 674; 354 673; 349 668
211; 94 673; 94 677; 92 679; 91 679; 90 680; 86 680; 85 681; 84 681; 84 691; 85 692; 85 694; 86 695; 86 696; 87 697; 87 698; 88 699; 88 700; 90 702; 110 702; 110 695; 111 694; 112 694; 113 693; 113 685; 112 684; 112 682; 111 681; 111 680; 110 679; 110 677; 109 676; 109 675; 101 675; 100 674; 100 673
212; 620 680; 619 681; 615 681; 614 682; 613 682; 611 684; 611 687; 610 688; 610 708; 611 709; 611 710; 617 710; 618 711; 631 711; 631 710; 632 709; 632 681; 631 680
213; 542 679; 541 680; 540 680; 538 682; 537 682; 535 684; 532 684; 532 687; 531 688; 530 688; 528 690; 527 690; 527 699; 534 706; 534 707; 542 707; 543 706; 544 706; 546 704; 547 704; 549 702; 550 702; 553 699; 554 699; 556 697; 556 687; 555 686; 555 685; 554 684; 554 683; 552 681; 552 680; 551 679
214; 207 683; 206 684; 201 684; 200 685; 199 685; 197 687; 190 687; 190 696; 191 697; 191 699; 193 701; 193 702; 194 703; 194 704; 195 705; 195 706; 196 707; 196 709; 210 709; 210 705; 211 704; 213 704; 214 703; 215 703; 216 702; 218 702; 219 701; 220 701; 220 692; 219 691; 219 690; 218 689; 218 687; 217 686; 217 684; 216 683
215; 123 685; 122 686; 122 712; 123 713; 124 713; 125 714; 137 714; 138 713; 141 713; 144 710; 144 696; 143 695; 143 687; 141 685
216; 977 694; 976 695; 976 697; 975 698; 975 704; 974 705; 974 714; 975 715; 981 715; 982 716; 987 716; 988 717; 991 717; 992 718; 1001 718; 1001 715; 1002 714; 1002 712; 1003 711; 1003 709; 1004 708; 1004 697; 994 697; 993 696; 992 696; 991 695; 988 695; 987 694
217; 695 697; 693 699; 693 714; 694 715; 694 718; 696 720; 702 720; 703 721; 703 723; 710 723; 711 722; 718 722; 718 719; 719 718; 721 718; 722 717; 722 697
218; 161 697; 161 698; 160 699; 160 705; 159 706; 159 708; 158 709; 158 722; 159 723; 162 723; 163 724; 165 724; 166 725; 168 725; 169 726; 181 726; 181 723; 182 722; 182 719; 181 719; 180 718; 180 711; 181 710; 181 698; 180 697
219; 951 695; 951 698; 950 699; 947 699; 946 700; 939 700; 939 713; 940 714; 940 730; 951 730; 953 728; 954 728; 955 727; 959 727; 960 726; 961 726; 961 713; 960 712; 960 699; 959 698; 952 698; 951 697
220; 90 703; 90 708; 89 709; 87 709; 86 710; 86 722; 87 723; 87 724; 88 725; 88 726; 90 728; 90 729; 98 729; 100 727; 101 727; 102 726; 111 726; 112 725; 114 725; 114 713; 113 712; 113 711; 112 710; 112 708; 111 707; 111 705; 110 704; 110 703
221; 489 722; 485 732; 485 745; 498 750; 511 750; 516 734; 516 724
222; 516 724; 519 718; 519 705; 502 700; 493 700; 491 709; 489 711; 489 722
223; 314 707; 313 708; 313 711; 312 712; 312 714; 311 715; 311 728; 317 728; 318 729; 321 729; 322 730; 322 733; 328 733; 329 734; 335 734; 335 732; 336 731; 338 731; 338 730; 339 729; 339 723; 340 722; 340 711; 339 710; 333 710; 332 709; 331 709; 330 708; 329 708; 328 707
224; 423 702; 422 703; 419 703; 418 704; 415 704; 415 721; 416 722; 416 724; 417 725; 417 730; 418 731; 418 732; 439 732; 439 718; 438 717; 438 715; 437 714; 437 713; 436 712; 436 711; 435 710; 435 702
225; 903 708; 902 709; 902 711; 901 712; 901 736; 902 737; 920 737; 921 736; 924 736; 925 735; 923 735; 922 734; 922 728; 923 727; 923 724; 924 723; 924 713; 923 712; 923 711; 922 710; 922 709; 921 709; 920 708
226; 196 710; 196 715; 195 716; 194 716; 193 717; 192 717; 191 718; 188 718; 187 719; 183 719; 183 722; 182 723; 182 726; 183 726; 185 728; 185 729; 187 731; 187 732; 189 734; 189 735; 190 736; 190 737; 191 738; 199 738; 200 737; 202 737; 203 736; 204 736; 205 735; 207 735; 209 733; 210 733; 211 732; 212 732; 213 731; 215 731; 216 730; 216 722; 215 721; 215 720; 214 719; 214 718; 211 715; 211 714; 210 713; 210 710
227; 711 723; 710 724; 703 724; 703 727; 701 729; 701 739; 702 740; 702 743; 703 744; 703 757; 711 757; 712 758; 720 758; 720 756; 721 755; 723 755; 724 754; 724 741; 723 740; 723 727; 722 726; 719 726; 718 725; 718 723
228; 29 729; 21 729; 9 735; 9 744; 13 751; 15 759; 24 759; 25 758; 34 757; 39 753; 40 750
229; 40 750; 47 750; 50 749; 51 747; 57 746; 57 738; 55 735; 55 726; 52 719; 44 719; 38 722; 35 722; 32 724; 29 729
230; 433 733; 433 746; 434 747; 434 752; 435 753; 435 756; 436 757; 436 762; 437 763; 446 763; 447 762; 449 762; 450 761; 455 761; 456 760; 456 747; 455 746; 455 735; 454 734; 454 733
231; 112 726; 111 727; 109 727; 109 747; 110 748; 110 759; 117 759; 118 760; 126 760; 126 759; 127 758; 132 758; 132 756; 133 755; 133 753; 132 753; 131 752; 131 744; 130 743; 130 727; 129 727; 128 726
232; 857 733; 856 734; 855 734; 854 735; 853 735; 852 736; 851 736; 846 741; 844 741; 843 742; 843 750; 844 751; 844 752; 845 753; 845 754; 846 755; 846 756; 848 758; 848 759; 858 759; 859 758; 860 758; 862 756; 863 756; 866 753; 867 753; 868 752; 870 752; 871 751; 872 751; 872 742; 870 740; 870 739; 868 737; 868 735; 867 734; 867 733
233; 939 731; 936 734; 933 734; 932 735; 926 735; 925 736; 927 736; 928 737; 928 744; 929 745; 929 750; 930 751; 930 760; 931 761; 931 762; 944 762; 945 761; 950 761; 951 760; 951 746; 950 745; 950 731
234; 322 734; 322 736; 321 737; 318 737; 317 738; 315 738; 314 739; 314 750; 315 751; 315 762; 316 763; 316 764; 317 765; 327 765; 328 764; 333 764; 334 763; 336 763; 337 762; 337 750; 336 749; 336 747; 335 746; 335 735; 329 735; 328 734
235; 377 737; 376 738; 376 740; 375 741; 375 743; 374 744; 374 746; 373 747; 373 751; 372 752; 372 754; 371 755; 371 764; 372 764; 373 765; 374 765; 375 766; 377 766; 378 767; 381 767; 382 768; 384 768; 385 769; 387 769; 388 770; 390 768; 390 767; 393 764; 393 762; 395 760; 395 759; 394 758; 394 752; 395 751; 395 742; 394 741; 393 741; 392 740; 391 740; 390 739; 389 739; 388 738; 386 738; 385 737
236; 574 747; 573 748; 572 748; 572 775; 573 776; 582 776; 583 775; 591 775; 593 773; 593 750; 592 749; 592 748; 591 747
237; 537 739; 535 741; 534 741; 533 742; 532 742; 531 743; 529 743; 529 753; 530 754; 530 755; 531 756; 531 762; 530 763; 530 767; 535 767; 536 768; 536 769; 541 769; 542 770; 542 771; 546 771; 547 770; 551 770; 551 766; 552 765; 553 765; 554 764; 555 764; 555 756; 554 755; 554 754; 553 753; 553 752; 552 751; 552 749; 551 748; 551 746; 548 743; 548 742; 547 741; 547 740; 546 739
238; 209 753; 209 763; 208 764; 199 764; 199 773; 208 773; 209 772; 210 772; 210 768; 211 767; 217 767; 218 766; 219 766; 219 756; 218 755; 218 754; 217 753
239; 145 752; 144 753; 134 753; 134 755; 133 756; 133 758; 134 758; 135 759; 135 772; 136 773; 136 778; 137 779; 137 780; 156 780; 156 767; 155 766; 155 753; 154 752
240; 703 758; 703 760; 701 762; 701 766; 700 767; 700 790; 701 791; 718 791; 719 790; 720 790; 721 789; 721 763; 720 762; 720 759; 712 759; 711 758
241; 108 760; 105 763; 105 774; 106 775; 106 788; 107 789; 115 789; 116 790; 118 790; 119 791; 120 790; 123 790; 124 789; 128 789; 128 784; 127 783; 127 781; 126 780; 126 769; 125 768; 125 761; 118 761; 117 760
242; 500 760; 500 763; 499 764; 499 769; 498 770; 498 779; 500 781; 508 781; 509 782; 511 782; 512 783; 513 783; 514 784; 524 784; 525 783; 525 780; 526 779; 526 777; 527 776; 527 774; 528 773; 528 768; 529 767; 529 763; 520 763; 519 762; 518 762; 517 761; 512 761; 511 760
243; 820 757; 818 759; 817 759; 815 761; 814 761; 813 762; 811 762; 810 763; 809 763; 808 764; 806 764; 805 765; 805 775; 806 776; 806 781; 807 782; 807 783; 808 784; 823 784; 825 782; 828 782; 829 781; 831 781; 833 779; 833 768; 832 767; 832 765; 831 764; 831 763; 830 762; 830 761; 829 760; 829 759; 828 758; 828 757
244; 396 760; 394 762; 394 764; 391 767; 391 768; 389 770; 389 771; 390 772; 390 780; 389 781; 389 789; 390 790; 393 790; 394 791; 395 791; 396 792; 396 794; 408 794; 408 791; 409 790; 409 788; 410 787; 410 786; 411 785; 411 782; 412 781; 412 779; 413 778; 413 777; 414 776; 414 768; 412 766; 410 766; 409 765; 408 765; 407 764; 405 764; 404 763; 401 763; 400 762; 399 762; 398 761; 397 761
245; 474 762; 473 763; 471 763; 470 764; 466 764; 465 765; 463 765; 463 774; 464 775; 464 779; 465 780; 465 786; 466 787; 466 791; 467 792; 477 792; 478 791; 480 791; 481 790; 483 790; 484 789; 486 789; 487 788; 487 780; 486 779; 486 774; 485 773; 485 770; 484 769; 484 767; 483 766; 483 763; 482 762
246; 59 766; 56 769; 55 769; 51 773; 51 775; 50 776; 49 776; 49 779; 50 780; 50 783; 54 783; 59 788; 59 789; 63 793; 71 793; 75 789; 76 789; 78 787; 78 778; 73 773; 73 772; 72 771; 71 771; 68 768; 68 767; 67 766
247; 547 771; 546 772; 542 772; 542 788; 543 789; 543 792; 544 793; 544 798; 545 799; 545 802; 546 803; 557 803; 558 804; 558 805; 564 805; 564 801; 566 799; 566 789; 565 788; 565 785; 564 784; 564 781; 563 780; 563 778; 562 777; 562 774; 561 773; 552 773; 551 772; 551 771
248; 22 802; 36 802; 37 801; 39 801; 40 800; 43 800; 44 799; 47 799; 47 784; 48 783; 49 783; 49 780; 48 779; 48 776; 44 776; 43 775; 43 774; 29 774; 28 775; 27 775; 26 776; 23 776; 22 777
249; 22 777; 17 777; 16 778; 5 778; 4 777; 4 764; 0 764; 0 807; 9 807; 10 806; 18 806; 19 805; 20 805; 21 804; 21 803; 22 802
250; 264 777; 263 778; 259 778; 258 779; 256 779; 256 790; 257 791; 257 795; 258 796; 258 799; 259 800; 259 805; 260 806; 271 806; 272 805; 279 805; 280 804; 280 803; 281 802; 281 795; 280 794; 280 793; 279 792; 279 790; 278 789; 278 786; 277 785; 277 783; 276 782; 276 779; 275 778; 275 777
251; 833 780; 831 782; 829 782; 828 783; 825 783; 823 785; 823 798; 822 799; 820 799; 821 800; 825 800; 827 802; 827 803; 831 807; 840 807; 845 802; 846 802; 849 799; 850 799; 852 797; 853 797; 853 788; 851 786; 851 785; 846 780
252; 652 788; 649 796; 649 806; 664 811; 675 811; 677 809; 680 796; 680 788
253; 680 788; 683 787; 690 778; 691 767; 683 762; 675 762; 669 769; 663 769; 652 782; 652 788
254; 663 769; 663 751; 641 752; 641 777; 644 780; 649 780; 652 782
255; 294 790; 294 791; 290 795; 290 796; 289 797; 289 798; 288 799; 282 799; 282 802; 281 803; 281 804; 280 805; 280 809; 281 810; 281 811; 283 813; 284 813; 286 815; 287 815; 290 818; 291 818; 292 819; 300 819; 303 816; 303 815; 307 811; 307 810; 310 807; 314 807; 313 807; 312 806; 312 798; 305 791; 304 791; 303 790
256; 124 790; 123 791; 120 791; 120 798; 119 799; 117 799; 117 804; 118 805; 118 810; 122 810; 123 811; 123 816; 124 817; 124 818; 125 819; 126 819; 127 820; 135 820; 136 819; 143 819; 145 817; 145 807; 144 806; 144 792; 143 791; 132 791; 131 790
257; 396 795; 396 798; 395 799; 393 799; 392 800; 391 800; 391 801; 390 802; 390 811; 391 812; 391 817; 392 818; 392 828; 393 829; 408 829; 409 828; 411 828; 413 826; 413 818; 412 817; 412 800; 411 799; 409 799; 408 798; 408 795
258; 96 797; 96 801; 95 802; 95 804; 94 805; 94 806; 93 807; 93 811; 92 812; 92 822; 93 822; 94 823; 96 823; 97 824; 98 824; 99 825; 100 825; 101 826; 110 826; 110 820; 111 819; 111 818; 112 817; 112 816; 113 815; 113 814; 115 812; 115 811; 116 810; 117 810; 117 805; 116 804; 116 799; 110 799; 109 798; 108 798; 107 797
259; 760 800; 760 801; 759 802; 759 820; 760 821; 761 821; 762 822; 765 822; 766 823; 786 823; 787 822; 787 820; 788 819; 791 819; 791 814; 789 814; 788 813; 788 804; 787 803; 787 802; 780 802; 779 801; 777 801; 776 800
260; 798 799; 797 800; 797 806; 796 807; 796 813; 795 814; 792 814; 792 819; 794 819; 795 820; 795 826; 796 826; 797 827; 801 827; 802 828; 815 828; 816 827; 816 825; 817 824; 817 817; 818 816; 818 801; 819 800; 820 800; 819 799
261; 55 807; 54 808; 49 808; 48 809; 48 818; 49 819; 49 836; 50 837; 58 837; 59 836; 63 836; 64 835; 68 835; 70 833; 70 824; 69 823; 69 811; 68 810; 68 808; 67 807
262; 326 806; 325 807; 315 807; 316 807; 317 808; 317 815; 318 816; 318 822; 319 823; 319 836; 332 836; 333 837; 333 838; 341 838; 341 826; 340 825; 340 823; 339 822; 339 818; 338 817; 338 806
263; 951 811; 950 812; 950 813; 949 814; 949 816; 948 817; 948 825; 949 826; 949 827; 950 828; 950 829; 951 829; 952 830; 961 830; 962 829; 963 829; 965 827; 965 826; 967 824; 967 814; 965 812; 964 812; 963 811
264; 558 806; 558 810; 557 811; 556 811; 552 815; 551 815; 550 816; 550 824; 552 826; 552 828; 553 829; 553 830; 554 831; 554 833; 555 834; 555 835; 556 836; 556 837; 557 838; 557 839; 558 840; 567 840; 568 839; 569 839; 571 837; 572 837; 573 836; 574 836; 576 834; 577 834; 577 826; 576 825; 576 824; 575 823; 575 822; 574 821; 574 820; 573 819; 573 818; 572 817; 572 814; 571 813; 571 810; 569 808; 565 808; 564 807; 564 806
265; 596 807; 595 808; 595 824; 594 825; 594 836; 595 837; 615 837; 617 835; 617 826; 616 825; 616 809; 615 808; 612 808; 611 807
266; 25 813; 19 819; 18 819; 15 822; 14 822; 13 823; 12 823; 11 824; 11 833; 12 834; 12 835; 14 837; 14 838; 16 840; 16 841; 25 841; 27 839; 28 839; 34 833; 35 833; 38 830; 39 830; 39 821; 37 819; 37 818; 35 816; 35 815; 33 813
267; 367 814; 367 815; 365 817; 365 818; 360 823; 360 824; 359 825; 359 826; 358 827; 356 827; 353 830; 353 846; 370 846; 371 845; 379 845; 378 844; 378 837; 380 835; 380 834; 382 832; 382 831; 383 830; 383 821; 382 821; 375 814
268; 652 822; 651 823; 650 823; 649 824; 647 824; 646 825; 645 825; 644 826; 642 826; 641 827; 640 827; 640 837; 645 842; 645 843; 646 844; 646 846; 647 847; 647 849; 648 850; 648 851; 649 852; 659 852; 660 851; 667 851; 669 849; 669 838; 668 837; 668 836; 667 835; 667 834; 666 833; 666 832; 665 831; 665 830; 663 828; 663 827; 662 826; 662 825; 661 824; 661 823; 660 822
269; 518 827; 517 828; 515 828; 514 829; 511 829; 510 830; 509 830; 509 841; 508 842; 508 843; 510 845; 510 851; 511 852; 511 856; 514 859; 522 859; 523 858; 524 858; 525 857; 526 857; 527 856; 528 856; 529 855; 530 855; 531 854; 533 854; 534 853; 535 853; 536 852; 536 844; 535 843; 535 841; 534 840; 534 837; 533 836; 533 834; 532 833; 532 831; 531 830; 531 829; 529 827
270; 105 834; 104 835; 104 837; 103 838; 103 839; 102 840; 102 841; 101 842; 101 844; 100 845; 100 854; 101 855; 103 855; 104 856; 106 856; 107 857; 108 857; 109 858; 111 858; 112 859; 113 859; 114 860; 115 860; 116 861; 126 861; 126 860; 127 859; 127 858; 128 857; 128 855; 129 854; 129 852; 130 851; 130 842; 129 841; 128 841; 126 839; 125 839; 124 838; 122 838; 121 837; 118 837; 117 836; 116 836; 115 835; 114 835; 113 834
271; 198 845; 195 848; 195 856; 196 857; 196 861; 197 862; 197 873; 198 874; 198 875; 208 875; 209 874; 216 874; 219 871; 219 848; 218 847; 218 846; 217 846; 216 845
272; 371 846; 370 847; 363 847; 363 853; 362 854; 361 854; 359 856; 358 856; 357 857; 356 857; 356 865; 363 872; 363 873; 364 874; 373 874; 375 872; 376 872; 380 868; 381 868; 385 864; 386 864; 387 863; 387 854; 379 846
273; 507 843; 506 844; 504 844; 503 845; 498 845; 497 846; 495 846; 494 847; 493 847; 492 848; 491 848; 490 849; 488 849; 487 850; 487 860; 488 861; 488 864; 489 865; 489 868; 490 869; 490 871; 491 872; 491 875; 492 876; 492 877; 501 877; 502 876; 505 876; 506 875; 509 875; 510 874; 511 874; 513 872; 513 859; 510 856; 510 852; 509 851; 509 845
274; 680 842; 680 843; 679 844; 679 845; 678 846; 678 847; 676 849; 670 849; 668 851; 668 865; 670 867; 671 867; 673 869; 674 869; 676 871; 677 871; 678 872; 687 872; 687 871; 693 865; 699 865; 699 856; 700 855; 700 852; 694 846; 693 846; 691 844; 690 844; 688 842
275; 711 853; 710 854; 709 854; 708 855; 702 855; 701 854; 701 855; 700 856; 700 867; 702 869; 703 869; 706 872; 706 876; 716 876; 717 875; 718 875; 719 874; 720 874; 721 873; 723 873; 724 872; 725 872; 726 871; 727 871; 728 870; 728 862; 727 862; 722 857; 722 856; 720 854; 720 853
276; 333 839; 333 843; 328 848; 328 849; 325 852; 325 860; 326 861; 326 864; 327 865; 327 868; 329 870; 329 871; 332 874; 332 875; 334 877; 334 878; 336 880; 344 880; 345 879; 345 861; 342 858; 342 851; 343 850; 343 841; 342 841; 341 840; 341 839
277; 760 859; 759 860; 756 860; 755 861; 753 861; 752 862; 749 862; 748 863; 744 863; 742 865; 742 873; 743 874; 743 876; 744 877; 744 879; 745 880; 745 883; 746 884; 746 885; 757 885; 758 884; 761 884; 762 883; 764 883; 765 882; 767 882; 768 881; 771 881; 773 879; 773 868; 772 867; 772 865; 771 864; 771 863; 770 862; 770 860; 769 859
278; 870 897; 872 915; 886 915; 887 913; 899 911; 900 910; 900 890; 890 888
279; 890 888; 890 875; 885 864; 877 864; 866 869; 859 870; 859 883; 862 890; 868 894; 870 897
280; 536 868; 534 870; 533 870; 531 872; 530 872; 529 873; 528 873; 526 875; 525 875; 523 877; 522 877; 521 878; 520 878; 520 888; 528 896; 536 896; 537 895; 538 895; 540 893; 541 893; 542 892; 543 892; 546 889; 547 889; 550 886; 551 886; 551 878; 548 875; 548 874; 545 871; 545 870; 544 869; 544 868
281; 582 870; 581 871; 580 871; 578 873; 578 882; 579 883; 579 891; 580 892; 580 898; 582 900; 590 900; 591 899; 594 899; 595 898; 602 898; 603 897; 603 884; 602 883; 602 878; 601 877; 601 873; 600 872; 600 870
282; 46 878; 42 882; 41 882; 36 887; 35 887; 33 889; 32 889; 31 890; 31 892; 30 893; 30 897; 31 898; 31 902; 37 902; 40 905; 50 905; 50 904; 54 900; 55 900; 56 899; 57 899; 60 896; 61 896; 63 894; 63 886; 55 878
283; 431 925; 444 894; 430 883; 415 884
284; 415 884; 403 915; 431 925
285; 403 915; 401 921; 401 925; 406 928; 406 933; 426 933; 431 925
286; 444 894; 447 892; 456 892; 462 883; 462 874; 448 863; 439 863; 431 872; 430 883
287; 8 918; 7 925; 0 925; 0 954; 10 954; 13 936; 12 920
288; 12 920; 17 919; 24 908; 30 904; 29 893; 24 893; 17 887; 14 887; 13 881; 4 871; 0 871; 0 891; 6 892; 6 898; 3 901; 0 901; 0 914; 3 914; 8 918
289; 939 894; 938 895; 938 909; 939 910; 939 916; 964 916; 965 915; 966 915; 966 914; 967 913; 967 895; 966 894
290; 245 891; 244 892; 244 893; 243 894; 243 895; 241 897; 241 898; 239 900; 239 909; 240 910; 241 910; 242 911; 243 911; 244 912; 244 918; 245 919; 263 919; 263 918; 264 917; 264 916; 268 912; 268 910; 269 909; 269 901; 267 899; 266 899; 265 898; 264 898; 263 897; 262 897; 261 896; 260 896; 257 893; 256 893; 254 891
291; 765 895; 763 897; 762 897; 759 900; 758 900; 755 903; 754 903; 751 906; 750 906; 750 916; 752 918; 752 919; 756 923; 756 924; 757 925; 765 925; 769 921; 772 921; 772 919; 777 914; 778 914; 779 913; 779 904; 778 903; 778 902; 775 899; 775 898; 774 897; 774 896; 773 895
292; 807 897; 806 898; 804 898; 802 900; 801 900; 800 901; 799 901; 798 902; 797 902; 797 910; 798 911; 798 913; 799 914; 799 915; 800 916; 800 918; 801 919; 801 924; 803 924; 805 926; 805 928; 806 928; 807 929; 807 932; 810 932; 811 931; 814 931; 814 928; 815 927; 816 927; 817 926; 818 926; 820 924; 821 924; 823 922; 824 922; 824 913; 823 912; 823 911; 822 910; 822 909; 820 907; 820 906; 819 905; 819 904; 818 903; 818 902; 817 901; 817 897
293; 367 904; 354 904; 348 907; 345 907; 344 908; 344 917; 349 933; 360 933; 369 931; 375 923
294; 375 923; 397 920; 397 916; 395 915; 395 910; 392 900; 392 893; 391 892; 380 892; 377 894; 371 894; 369 896; 367 904
295; 923 918; 922 919; 921 919; 920 920; 919 920; 918 921; 917 921; 916 922; 915 922; 914 923; 914 932; 915 933; 915 934; 916 935; 916 936; 918 938; 918 939; 921 942; 921 945; 922 946; 922 948; 930 948; 931 947; 932 947; 933 946; 934 946; 935 945; 936 945; 939 942; 940 942; 940 934; 939 933; 939 931; 938 930; 938 929; 937 928; 937 918
296; 229 919; 229 920; 228 921; 228 923; 227 924; 227 927; 226 928; 226 938; 227 939; 229 939; 231 941; 232 941; 233 942; 234 942; 235 943; 237 943; 238 944; 239 944; 240 945; 249 945; 249 944; 250 943; 250 941; 253 938; 253 937; 256 934; 256 920; 245 920; 244 919
297; 872 916; 871 917; 870 917; 869 918; 866 918; 864 920; 864 925; 863 926; 863 927; 861 929; 857 929; 857 938; 858 939; 858 944; 861 947; 879 947; 880 946; 885 946; 886 945; 886 916
298; 146 923; 136 933; 135 933; 133 935; 132 935; 132 943; 136 947; 136 948; 137 949; 137 954; 141 954; 141 953; 142 952; 146 952; 146 951; 147 950; 148 950; 152 946; 153 946; 155 944; 156 944; 158 942; 160 942; 160 932; 159 931; 159 930; 158 929; 158 928; 156 926; 156 925; 154 923
299; 29 927; 28 928; 28 933; 27 934; 27 944; 26 945; 26 953; 28 953; 29 954; 32 954; 33 955; 46 955; 46 947; 47 946; 47 939; 48 938; 48 928; 47 927
300; 327 928; 326 929; 325 929; 323 931; 322 931; 320 933; 319 933; 318 934; 317 934; 317 942; 319 944; 319 945; 320 946; 320 947; 323 950; 323 951; 324 952; 324 953; 325 954; 325 956; 326 957; 335 957; 337 955; 338 955; 339 954; 340 954; 341 953; 343 953; 343 943; 341 941; 341 940; 340 939; 340 937; 339 936; 339 934; 338 933; 338 931; 337 930; 337 929; 336 928
301; 964 932; 964 933; 963 934; 963 938; 962 939; 962 943; 961 944; 961 960; 962 961; 964 961; 965 962; 982 962; 982 934; 981 933; 977 933; 976 932
302; 853 929; 852 930; 840 930; 838 932; 838 940; 837 941; 834 941; 834 951; 837 951; 838 952; 838 956; 839 957; 839 959; 840 960; 858 960; 859 959; 860 959; 860 947; 857 944; 857 939; 856 938; 856 929
303; 776 926; 776 928; 775 929; 775 940; 774 941; 774 954; 775 955; 776 955; 777 956; 794 956; 796 954; 799 954; 799 942; 797 942; 796 941; 796 927; 794 927; 793 926
304; 406 934; 405 935; 399 935; 398 936; 394 936; 393 937; 393 949; 394 950; 394 952; 395 953; 395 964; 396 965; 406 965; 407 964; 410 964; 411 963; 414 963; 416 961; 416 949; 415 948; 415 935; 411 935; 410 934
305; 632 934; 631 935; 631 936; 629 938; 629 939; 628 940; 628 941; 626 943; 626 952; 631 957; 631 958; 632 958; 633 959; 634 959; 637 962; 637 963; 638 964; 647 964; 647 963; 652 958; 652 957; 653 956; 653 955; 654 954; 654 946; 653 945; 652 945; 650 943; 649 943; 640 934
306; 811 932; 810 933; 807 933; 807 935; 806 936; 806 938; 804 940; 804 941; 803 942; 800 942; 800 954; 804 954; 806 956; 807 956; 809 958; 810 958; 811 959; 818 959; 819 960; 828 960; 829 959; 829 955; 830 954; 830 952; 831 951; 833 951; 833 941; 831 941; 830 940; 828 940; 827 939; 825 939; 824 938; 821 938; 820 937; 818 937; 817 936; 816 936; 814 934; 814 932
307; 596 942; 595 943; 593 943; 592 944; 591 944; 590 945; 588 945; 587 946; 585 946; 584 947; 582 947; 581 948; 581 961; 582 962; 582 964; 584 966; 584 967; 585 968; 601 968; 603 966; 605 966; 606 965; 607 965; 610 962; 610 952; 609 951; 609 949; 608 948; 608 947; 607 946; 607 944; 606 943; 606 942
308; 94 953; 94 954; 93 955; 93 972; 94 973; 94 974; 109 974; 111 976; 117 976; 118 975; 122 975; 123 974; 122 973; 122 967; 123 966; 126 966; 126 962; 125 961; 125 957; 122 957; 121 956; 121 954; 120 953
309; 178 980; 194 992; 204 992; 210 986; 210 975; 207 974; 192 962; 187 960
310; 187 960; 187 945; 179 940; 168 940; 168 944; 165 945; 165 950; 161 956; 161 969; 164 972; 168 980; 178 980
311; 743 954; 742 955; 736 955; 735 956; 734 956; 734 968; 735 969; 735 971; 736 972; 736 975; 737 976; 737 980; 738 981; 738 982; 740 984; 748 984; 749 983; 752 983; 753 982; 756 982; 757 981; 758 981; 759 980; 759 966; 758 965; 758 964; 757 963; 757 961; 756 960; 756 959; 755 958; 755 955; 754 954
312; 522 956; 519 959; 519 960; 517 962; 517 963; 516 964; 516 965; 515 966; 515 978; 521 978; 523 980; 524 980; 525 981; 526 981; 527 982; 528 982; 530 984; 538 984; 538 983; 540 981; 540 980; 541 979; 541 978; 543 976; 543 975; 544 974; 544 966; 541 963; 540 963; 538 961; 537 961; 535 959; 534 959; 533 958; 532 958; 530 956
313; 137 955; 136 956; 129 956; 128 957; 126 957; 126 961; 127 962; 127 966; 129 966; 130 967; 131 967; 132 968; 133 968; 134 969; 134 976; 135 976; 139 980; 140 980; 144 984; 153 984; 156 987; 164 987; 166 985; 166 984; 168 982; 168 981; 166 979; 166 978; 164 976; 164 975; 163 974; 163 972; 160 969; 154 969; 152 967; 151 967; 149 965; 148 965; 146 963; 145 963; 141 959; 141 955
314; 303 961; 300 964; 299 964; 293 970; 292 970; 291 971; 291 980; 292 981; 292 982; 301 991; 308 991; 309 990; 311 990; 311 984; 315 980; 316 980; 318 978; 319 978; 320 977; 320 969; 319 968; 319 967; 313 961
315; 499 965; 498 966; 497 966; 496 967; 495 967; 494 968; 493 968; 491 970; 489 970; 488 971; 488 979; 489 980; 489 981; 490 982; 490 984; 491 985; 491 988; 492 989; 492 990; 493 991; 493 993; 494 994; 494 995; 495 996; 504 996; 505 995; 510 995; 510 994; 511 993; 512 993; 513 992; 513 979; 514 978; 514 966; 508 966; 507 965
316; 610 963; 607 966; 606 966; 605 967; 603 967; 601 969; 601 972; 602 973; 602 975; 603 976; 603 978; 604 979; 604 985; 603 986; 602 986; 602 989; 603 990; 603 993; 606 993; 607 994; 621 994; 622 993; 626 993; 627 992; 628 992; 628 984; 627 983; 627 977; 626 976; 626 975; 625 974; 625 971; 624 970; 624 964; 623 963
317; 698 975; 698 976; 697 977; 696 977; 695 978; 695 986; 696 987; 696 988; 697 989; 714 989; 714 981; 710 977; 709 977; 707 975
318; 947 975; 946 976; 946 980; 945 981; 945 984; 944 985; 944 991; 943 992; 943 1001; 944 1002; 945 1002; 946 1003; 949 1003; 950 1004; 954 1004; 955 1005; 964 1005; 965 1004; 965 995; 966 994; 966 989; 967 988; 967 977; 966 976; 958 976; 957 975
319; 907 980; 907 981; 906 982; 906 987; 905 988; 905 1000; 906 1001; 913 1001; 914 1002; 919 1002; 920 1003; 932 1003; 932 1000; 933 999; 933 997; 934 996; 934 984; 933 983; 931 983; 930 982; 925 982; 924 981; 919 981; 918 980
320; 86 984; 85 985; 85 995; 86 996; 91 996; 92 997; 93 997; 94 998; 94 1004; 92 1006; 91 1006; 90 1007; 85 1007; 85 1016; 86 1016; 87 1017; 98 1017; 99 1016; 103 1016; 105 1014; 105 1005; 104 1004; 104 998; 105 997; 105 985; 98 985; 97 984
321; 586 981; 584 983; 581 983; 580 984; 578 984; 577 985; 576 985; 574 987; 573 987; 572 988; 570 988; 569 989; 569 998; 570 999; 570 1001; 571 1002; 571 1003; 572 1004; 572 1005; 574 1007; 574 1008; 583 1008; 584 1007; 585 1007; 586 1006; 587 1006; 588 1005; 589 1005; 591 1003; 593 1003; 594 1002; 596 1002; 597 1001; 598 1001; 599 1000; 599 994; 600 993; 602 993; 602 990; 601 989; 601 986; 597 986; 596 985; 596 984; 595 983; 595 982; 594 981
322; 123 975; 122 976; 118 976; 117 977; 112 977; 113 978; 113 987; 126 987; 127 988; 127 994; 126 995; 125 995; 123 997; 118 997; 118 1005; 119 1006; 119 1007; 122 1010; 122 1011; 124 1013; 124 1014; 125 1015; 125 1016; 133 1016; 135 1014; 136 1014; 137 1013; 138 1013; 139 1012; 140 1012; 144 1008; 145 1008; 146 1007; 148 1007; 148 998; 147 997; 147 996; 146 995; 146 994; 145 993; 145 992; 144 991; 144 985; 140 981; 139 981; 135 977; 134 977; 133 976; 125 976; 124 975
323; 309 991; 308 992; 306 992; 306 1008; 305 1009; 305 1019; 306 1020; 306 1023; 326 1023; 326 1015; 327 1014; 327 1002; 328 1001; 328 993; 327 992; 324 992; 323 991
324; 210 987; 204 993; 204 1004; 205 1005; 206 1005; 207 1006; 208 1006; 209 1007; 210 1007; 212 1009; 213 1009; 216 1012; 217 1012; 218 1013; 219 1013; 220 1014; 228 1014; 229 1013; 229 1012; 231 1010; 231 1009; 232 1008; 232 1007; 234 1005; 234 997; 233 996; 232 996; 231 995; 230 995; 229 994; 228 994; 227 993; 226 993; 225 992; 224 992; 219 987
325; 22 997; 18 1001; 17 1001; 14 1004; 13 1004; 11 1006; 10 1006; 10 1015; 11 1016; 11 1017; 13 1019; 13 1023; 29 1023; 29 1019; 30 1018; 31 1018; 35 1014; 36 1014; 36 1003; 34 1001; 34 1000; 31 997
326; 470 1000; 469 1001; 469 1002; 464 1007; 464 1008; 463 1009; 463 1017; 464 1017; 467 1020; 467 1023; 491 1023; 491 1011; 485 1005; 484 1005; 479 1000
327; 804 1013; 804 1023; 850 1023; 850 1009; 849 1008; 843 1008; 842 1007; 827 1007; 826 1006
328; 826 1006; 826 997; 817 997; 816 996; 806 996; 803 999; 803 1012; 804 1013
