0; 227 0; 227 4; 224 7; 224 8; 223 9; 223 18; 226 21; 227 21; 230 24; 231 24; 235 28; 236 28; 239 31; 247 31; 253 25; 253 24; 254 23; 254 14; 253 13; 252 13; 242 3; 242 0
1; 622 5; 622 6; 621 7; 621 9; 620 10; 620 11; 617 14; 617 22; 618 23; 619 23; 622 26; 623 26; 627 30; 628 30; 630 32; 631 32; 633 34; 641 34; 642 33; 643 33; 646 30; 646 29; 649 26; 649 17; 648 16; 646 16; 642 12; 641 12; 636 7; 635 7; 634 6; 633 6; 632 5
2; 57 10; 57 16; 58 17; 58 26; 59 27; 59 35; 60 36; 60 38; 61 39; 79 39; 82 36; 82 21; 81 20; 81 18; 80 17; 80 9; 78 7; 61 7
3; 61 7; 60 6; 60 0; 27 0; 27 4; 28 5; 28 6; 29 7; 29 8; 33 12; 33 13; 34 14; 44 14; 45 13; 46 13; 50 9; 56 9; 57 10
4; 366 22; 365 23; 359 23; 358 22; 346 22; 345 23; 345 33; 344 34; 344 42; 346 44; 347 44; 348 45; 360 45; 361 46; 372 46; 374 44; 374 43; 375 42; 375 21
5; 375 21; 376 20; 377 20; 377 19; 379 17; 379 16; 383 12; 383 11; 385 9; 385 0; 356 0; 356 7; 357 8; 358 8; 366 16; 366 22
6; 404 29; 403 30; 399 30; 398 31; 395 31; 394 32; 388 32; 387 33; 386 33; 385 34; 385 42; 386 43; 386 45; 387 46; 387 52; 388 53; 388 55; 400 55; 401 54; 404 54; 405 53; 407 53; 408 52; 412 52; 413 51; 416 51; 417 50; 417 40; 416 39; 416 37; 415 36; 415 35; 414 34; 414 31; 413 30; 413 29
7; 196 31; 194 33; 194 34; 193 35; 193 36; 189 40; 189 49; 191 51; 192 51; 194 53; 195 53; 201 59; 201 60; 203 62; 213 62; 214 61; 214 60; 219 55; 219 46; 211 38; 211 37; 210 37; 204 31
8; 297 37; 297 38; 293 42; 293 43; 292 44; 292 45; 291 46; 291 54; 292 54; 297 59; 298 59; 300 61; 301 61; 304 64; 305 64; 306 65; 307 65; 308 66; 317 66; 317 65; 319 63; 319 62; 320 61; 320 60; 321 59; 321 58; 322 57; 322 48; 321 48; 318 45; 317 45; 316 44; 315 44; 313 42; 312 42; 308 38; 307 38; 306 37
9; 573 36; 572 37; 570 37; 569 38; 568 38; 567 39; 562 39; 561 40; 556 40; 555 41; 554 41; 554 50; 555 51; 555 53; 556 54; 556 59; 557 60; 557 62; 570 62; 571 61; 575 61; 576 60; 577 60; 578 59; 585 59; 586 58; 586 47; 585 46; 585 44; 584 43; 584 41; 583 40; 583 38; 582 37; 582 36
10; 499 54; 499 55; 498 56; 498 58; 496 60; 496 61; 495 62; 495 63; 494 64; 494 74; 495 75; 496 75; 497 76; 500 76; 501 77; 503 77; 504 78; 506 78; 507 79; 511 79; 512 80; 525 80; 526 79; 526 73; 527 72; 527 69; 528 68; 528 60; 527 59; 526 59; 525 58; 521 58; 520 57; 516 57; 515 56; 513 56; 512 55; 509 55; 508 54
11; 622 62; 614 70; 614 79; 619 84; 620 84; 623 87; 624 87; 626 89; 627 89; 630 92; 639 92; 644 87; 644 86; 646 84; 646 75; 645 74; 644 74; 640 70; 639 70; 634 65; 633 65; 630 62
12; 442 64; 442 66; 441 67; 441 71; 440 72; 440 74; 439 75; 439 84; 441 86; 442 86; 443 87; 447 87; 448 88; 449 88; 450 89; 451 89; 452 90; 455 90; 456 91; 458 91; 459 92; 467 92; 469 90; 469 89; 470 88; 470 87; 471 86; 471 85; 472 84; 472 72; 469 69; 466 69; 465 68; 461 68; 460 67; 459 67; 458 66; 457 66; 456 65; 454 65; 453 64
13; 346 84; 345 85; 344 85; 343 86; 341 86; 340 87; 339 87; 336 90; 335 90; 333 92; 331 92; 330 93; 329 93; 329 101; 332 104; 332 105; 333 106; 333 108; 334 109; 334 111; 336 113; 344 113; 345 112; 346 112; 348 110; 349 110; 350 109; 352 109; 353 108; 354 108; 355 107; 356 107; 358 105; 359 105; 360 104; 362 104; 362 95; 361 94; 361 93; 359 91; 359 90; 357 88; 357 87; 355 85; 355 84
14; 801 86; 800 87; 798 87; 797 88; 796 88; 795 89; 794 89; 793 90; 791 90; 790 91; 788 91; 787 92; 785 92; 784 93; 784 104; 785 105; 785 109; 786 110; 786 112; 787 113; 787 114; 797 114; 798 113; 801 113; 802 112; 804 112; 805 111; 806 111; 807 110; 808 110; 809 109; 811 109; 812 108; 814 108; 815 107; 815 98; 814 97; 814 95; 813 94; 813 92; 812 91; 812 87; 811 86
15; 589 106; 585 110; 585 111; 581 115; 581 124; 592 135; 593 135; 596 138; 604 138; 607 135; 607 134; 610 131; 610 130; 612 128; 612 120; 609 117; 608 117; 597 106
16; 903 125; 897 131; 897 132; 896 133; 895 133; 894 134; 894 137; 893 138; 891 138; 891 140; 892 141; 892 143; 896 143; 902 149; 902 150; 903 151; 903 156; 918 156; 922 152; 922 151; 923 150; 923 149; 924 148; 924 139; 923 138; 922 138; 918 134; 918 133; 916 131; 916 130; 912 126; 912 125
17; 861 131; 861 132; 860 133; 860 134; 859 135; 859 136; 858 137; 858 139; 857 140; 857 150; 858 151; 860 151; 861 152; 862 152; 863 153; 864 153; 865 154; 867 154; 868 155; 869 155; 870 156; 871 156; 872 157; 874 157; 875 158; 883 158; 883 157; 884 156; 884 155; 885 154; 885 153; 886 152; 886 151; 887 150; 887 149; 888 148; 888 144; 889 143; 891 143; 891 141; 890 140; 890 138; 885 138; 884 137; 882 137; 880 135; 879 135; 877 133; 875 133; 874 132; 873 132; 872 131
18; 374 135; 373 136; 373 137; 372 138; 372 139; 370 141; 370 142; 367 145; 367 146; 364 149; 364 150; 363 151; 363 160; 366 163; 367 163; 369 165; 370 165; 372 167; 380 167; 380 166; 384 162; 384 161; 386 159; 386 158; 388 156; 388 155; 390 153; 390 152; 392 150; 392 141; 391 141; 389 139; 388 139; 386 137; 385 137; 384 136; 383 136; 382 135
19; 992 141; 992 142; 991 143; 991 144; 990 145; 990 147; 989 148; 989 149; 988 150; 988 162; 989 162; 990 163; 993 163; 994 164; 996 164; 997 165; 998 165; 999 166; 1002 166; 1003 167; 1005 167; 1006 168; 1015 168; 1017 166; 1017 160; 1019 158; 1023 158; 1023 147; 1014 147; 1013 146; 1012 146; 1011 145; 1009 145; 1008 144; 1007 144; 1006 143; 1003 143; 1002 142; 1001 142; 1000 141
20; 558 143; 558 144; 555 147; 555 148; 553 150; 553 151; 552 152; 552 161; 553 161; 554 162; 555 162; 557 164; 558 164; 560 166; 561 166; 562 167; 563 167; 564 168; 565 168; 566 169; 567 169; 568 170; 569 170; 570 171; 578 171; 579 170; 579 169; 580 168; 580 167; 581 166; 581 165; 582 164; 582 163; 583 162; 583 161; 584 160; 584 152; 583 151; 581 151; 579 149; 578 149; 577 148; 576 148; 575 147; 574 147; 573 146; 572 146; 571 145; 570 145; 568 143
21; 6 153; 5 154; 4 154; 3 155; 0 155; 0 179; 5 179; 6 178; 8 178; 9 177; 10 177; 11 176; 12 176; 13 175; 14 175; 15 174; 16 174; 17 173; 18 173; 19 172; 20 172; 21 171; 21 163; 20 162; 20 161; 19 160; 19 159; 18 158; 18 156; 17 155; 17 154; 16 153
22; 401 153; 401 154; 400 155; 400 156; 398 158; 398 159; 397 160; 397 161; 396 162; 396 163; 395 164; 395 172; 396 173; 397 173; 398 174; 399 174; 400 175; 401 175; 402 176; 403 176; 404 177; 404 183; 403 184; 418 184; 419 183; 420 183; 421 182; 421 181; 423 179; 423 178; 424 177; 424 176; 425 175; 425 173; 426 172; 426 163; 425 163; 424 162; 422 162; 421 161; 420 161; 419 160; 418 160; 414 156; 413 156; 412 155; 411 155; 409 153
23; 896 187; 895 188; 886 188; 886 196; 885 197; 885 205; 884 206; 884 207; 885 208; 885 209; 891 209; 892 210; 895 210; 896 211; 913 211; 914 210; 914 194
24; 914 194; 915 193; 921 193; 923 191; 923 190; 924 189; 924 187; 925 186; 925 166; 924 165; 921 165; 920 164; 918 164; 917 163; 917 157; 903 157; 902 158; 900 158; 897 161; 897 162; 896 163; 896 164; 895 165; 895 166; 894 167; 894 168; 893 169; 893 179; 894 180; 895 180; 896 181; 896 187
25; 494 179; 493 180; 484 180; 483 181; 482 181; 481 182; 479 182; 478 183; 476 183; 475 184; 474 184; 474 194; 475 195; 475 196; 476 197; 476 199; 477 200; 477 201; 478 202; 478 203; 479 204; 488 204; 489 203; 492 203; 493 202; 496 202; 497 201; 502 201; 503 200; 505 200; 505 185; 504 184; 504 182; 503 181; 503 180; 502 179
26; 402 185; 399 188; 398 188; 396 190; 396 191; 395 192; 395 200; 402 207; 402 208; 406 212; 407 212; 409 214; 418 214; 419 213; 419 212; 421 210; 421 209; 423 207; 423 198; 416 191; 416 185
27; 586 187; 583 190; 583 191; 582 192; 582 194; 581 195; 581 196; 580 197; 580 205; 581 205; 582 206; 583 206; 586 209; 587 209; 590 212; 591 212; 594 215; 595 215; 596 216; 604 216; 607 213; 607 212; 608 211; 608 209; 609 208; 609 198; 608 198; 606 196; 605 196; 600 191; 599 191; 597 189; 596 189; 594 187
28; 926 186; 925 187; 925 189; 924 190; 924 191; 922 193; 922 205; 923 206; 924 206; 925 207; 927 207; 928 208; 929 208; 931 210; 932 210; 934 212; 935 212; 936 213; 937 213; 938 214; 947 214; 947 213; 948 212; 948 210; 949 209; 949 207; 950 206; 950 195; 949 194; 948 194; 947 193; 946 193; 945 192; 944 192; 943 191; 942 191; 940 189; 939 189; 937 187; 936 187; 935 186
29; 1009 190; 1003 190; 1001 188; 993 188; 992 189; 992 190; 988 194; 987 194; 986 195; 986 204; 999 217; 1009 217; 1011 215; 1011 214; 1013 212; 1013 211; 1014 210; 1014 196
30; 1014 196; 1015 195; 1023 195; 1023 167; 1017 167; 1015 169; 1013 169; 1013 176; 1012 177; 1012 178; 1010 180; 1010 189; 1009 190
31; 65 189; 63 191; 63 192; 61 194; 61 195; 60 196; 60 206; 61 207; 62 207; 67 212; 68 212; 71 215; 72 215; 74 217; 84 217; 85 216; 85 215; 86 214; 86 213; 87 212; 87 211; 88 210; 88 209; 89 208; 89 200; 87 198; 86 198; 85 197; 84 197; 83 196; 82 196; 78 192; 78 191; 77 191; 75 189
32; 641 196; 633 204; 633 212; 634 212; 637 215; 637 216; 639 218; 639 219; 644 224; 644 225; 645 226; 653 226; 654 225; 655 225; 657 223; 658 223; 661 220; 662 220; 662 212; 650 200; 650 199; 649 198; 649 196
33; 864 198; 863 199; 862 199; 861 200; 859 200; 858 201; 857 201; 856 202; 855 202; 855 211; 856 212; 856 213; 857 214; 857 215; 859 217; 859 220; 862 223; 862 225; 863 226; 863 227; 874 227; 875 226; 876 226; 879 223; 880 223; 881 222; 882 222; 882 210; 883 209; 884 209; 884 208; 883 207; 883 206; 878 206; 877 205; 877 204; 875 202; 875 201; 874 200; 874 199; 873 198
34; 764 212; 762 214; 762 217; 761 218; 761 228; 760 229; 760 241; 761 242; 763 242; 764 243; 766 243; 767 244; 780 244; 781 243; 781 240; 782 239; 782 234; 783 233; 783 214; 782 213; 779 213; 778 212
35; 358 239; 366 245; 379 250; 388 250; 392 239; 392 229; 391 228; 388 228; 379 224; 374 220
36; 374 220; 370 214; 364 213; 357 209; 344 208; 342 210; 339 218; 339 227; 340 228; 346 229; 354 233; 358 239
37; 519 214; 517 216; 516 216; 505 227; 505 235; 507 237; 507 238; 512 243; 522 243; 525 240; 526 240; 528 238; 528 237; 536 229; 536 221; 534 219; 533 219; 528 214
38; 578 223; 575 226; 574 226; 573 227; 572 227; 571 228; 570 228; 569 229; 568 229; 568 238; 570 240; 570 241; 575 246; 575 247; 579 251; 579 252; 580 253; 580 254; 589 254; 590 253; 591 253; 593 251; 594 251; 598 247; 598 238; 595 235; 595 234; 591 230; 591 229; 589 227; 589 226; 587 224; 587 223
39; 961 237; 959 239; 959 240; 957 242; 957 243; 955 245; 955 256; 958 256; 960 258; 961 258; 964 261; 965 261; 971 267; 979 267; 980 266; 980 265; 983 262; 983 261; 987 257; 987 249; 986 248; 985 248; 983 246; 982 246; 977 241; 976 241; 975 240; 973 240; 970 237
40; 924 251; 923 252; 923 253; 922 254; 922 255; 921 256; 921 257; 920 258; 920 259; 918 261; 918 269; 919 270; 920 270; 923 273; 924 273; 925 274; 926 274; 927 275; 928 275; 929 276; 930 276; 932 278; 934 278; 936 280; 944 280; 944 279; 946 277; 946 276; 948 274; 948 273; 949 272; 949 271; 950 270; 950 259; 947 259; 946 258; 945 258; 943 256; 942 256; 941 255; 940 255; 938 253; 937 253; 936 252; 934 252; 933 251
41; 181 261; 180 262; 179 262; 178 263; 174 263; 173 264; 169 264; 168 265; 167 265; 166 266; 164 266; 163 267; 161 267; 161 278; 162 279; 162 280; 163 281; 163 282; 164 283; 164 286; 165 287; 165 288; 173 288; 174 287; 179 287; 180 286; 182 286; 183 285; 184 285; 185 284; 187 284; 188 283; 188 282; 189 281; 189 280; 190 279; 190 276; 191 275; 191 266; 190 265; 190 263; 189 262; 189 261
42; 821 267; 820 268; 817 268; 816 269; 814 269; 813 270; 808 270; 807 271; 804 271; 803 272; 802 272; 802 280; 803 281; 803 285; 804 286; 804 288; 805 289; 805 291; 806 292; 818 292; 819 291; 823 291; 824 290; 830 290; 831 289; 833 289; 833 275; 832 274; 832 271; 831 270; 831 269; 830 268; 830 267
43; 627 258; 626 259; 625 259; 623 261; 622 261; 620 263; 619 263; 619 272; 621 274; 621 275; 624 278; 624 284; 625 285; 625 286; 626 287; 626 290; 627 291; 627 292; 635 292; 636 291; 638 291; 639 290; 641 290; 642 289; 644 289; 645 288; 646 288; 647 287; 647 279; 646 278; 646 276; 645 275; 645 274; 644 273; 644 272; 643 271; 643 269; 642 268; 642 267; 641 266; 641 264; 640 263; 640 259; 639 258
44; 558 280; 557 281; 551 281; 549 283; 549 293; 550 294; 550 303; 578 303; 580 301; 580 288; 579 287; 579 281; 578 281; 577 280
45; 703 280; 702 281; 694 281; 693 282; 688 282; 687 283; 686 283; 685 284; 685 293; 686 294; 686 297; 687 298; 687 302; 688 303; 688 304; 689 305; 697 305; 698 304; 704 304; 705 303; 713 303; 714 302; 715 302; 716 301; 716 290; 715 289; 715 281; 714 280
46; 4 285; 4 287; 3 288; 0 288; 0 304; 3 304; 4 305; 6 305; 8 307; 9 307; 10 308; 11 308; 14 311; 15 311; 17 313; 25 313; 27 311; 28 311; 28 308; 29 307; 29 305; 30 304; 30 294; 29 294; 28 293; 27 293; 23 289; 22 289; 21 288; 20 288; 18 286; 15 286; 14 285
47; 847 295; 846 296; 845 296; 844 297; 843 297; 842 298; 841 298; 840 299; 839 299; 838 300; 837 300; 836 301; 833 301; 831 303; 831 311; 832 312; 832 314; 833 315; 833 316; 834 317; 834 318; 836 320; 836 321; 837 322; 845 322; 846 321; 847 321; 848 320; 850 320; 851 319; 852 319; 853 318; 854 318; 855 317; 857 317; 858 316; 859 316; 860 315; 861 315; 862 314; 863 314; 863 306; 862 305; 862 304; 860 302; 860 301; 859 300; 859 299; 858 298; 858 296; 857 295
48; 344 296; 341 299; 341 300; 337 304; 337 314; 338 314; 344 320; 345 320; 349 324; 349 325; 352 328; 360 328; 360 327; 362 325; 362 324; 365 321; 365 320; 367 318; 367 309; 364 306; 363 306; 357 300; 356 300; 352 296
49; 528 295; 523 300; 522 300; 519 303; 519 311; 523 315; 523 316; 526 319; 526 320; 527 321; 527 322; 530 325; 530 326; 531 327; 541 327; 544 324; 544 323; 548 319; 548 304; 549 303; 543 303; 536 296; 536 295
50; 132 319; 130 321; 130 322; 128 324; 128 325; 126 327; 126 328; 125 329; 125 337; 126 338; 127 338; 130 341; 131 341; 132 342; 133 342; 134 343; 136 343; 137 344; 138 344; 140 346; 141 346; 143 348; 151 348; 152 347; 152 346; 154 344; 154 343; 155 342; 155 341; 158 338; 158 329; 157 328; 156 328; 155 327; 154 327; 152 325; 151 325; 149 323; 148 323; 147 322; 146 322; 145 321; 144 321; 143 320; 142 320; 141 319
51; 225 334; 224 335; 223 335; 219 339; 209 339; 209 347; 210 348; 210 349; 211 350; 211 351; 212 352; 212 354; 213 355; 213 356; 214 357; 214 360; 224 360; 225 359; 227 359; 228 358; 229 358; 232 355; 232 354; 233 353; 238 353; 238 338; 237 337; 237 336; 235 334
52; 89 339; 89 340; 88 341; 88 343; 87 344; 87 345; 86 346; 86 348; 84 350; 84 358; 85 358; 86 359; 87 359; 89 361; 90 361; 92 363; 93 363; 94 364; 96 364; 97 365; 98 365; 100 367; 111 367; 113 365; 113 364; 115 362; 115 361; 116 360; 116 348; 115 347; 114 347; 113 346; 111 346; 110 345; 109 345; 108 344; 107 344; 106 343; 105 343; 104 342; 103 342; 102 341; 101 341; 99 339
53; 327 340; 326 341; 326 343; 325 344; 325 345; 324 346; 324 347; 323 348; 323 351; 322 352; 322 360; 323 361; 325 361; 326 362; 328 362; 329 363; 330 363; 331 364; 332 364; 333 365; 335 365; 337 367; 338 367; 339 368; 350 368; 350 367; 351 366; 351 363; 353 361; 353 360; 354 359; 354 358; 355 357; 355 348; 353 348; 352 347; 351 347; 350 346; 349 346; 348 345; 347 345; 346 344; 345 344; 344 343; 343 343; 342 342; 339 342; 338 341; 337 341; 336 340
54; 9 352; 9 353; 8 354; 8 355; 7 356; 7 357; 4 360; 0 360; 0 370; 3 370; 6 373; 7 373; 9 375; 10 375; 14 379; 15 379; 17 381; 25 381; 27 379; 28 379; 28 378; 32 374; 32 364; 31 364; 28 361; 27 361; 21 355; 20 355; 17 352
55; 246 371; 243 373; 236 374; 231 384; 231 393; 248 403; 256 403; 257 398; 261 393; 260 378
56; 260 378; 278 376; 279 358; 276 354; 250 352; 247 359; 246 371
57; 785 373; 784 374; 783 374; 781 376; 780 376; 779 377; 778 377; 777 378; 776 378; 775 379; 775 387; 776 388; 776 389; 777 390; 777 391; 780 394; 780 395; 781 396; 781 399; 782 400; 782 402; 783 403; 783 404; 784 405; 794 405; 795 404; 796 404; 798 402; 799 402; 801 400; 802 400; 802 391; 801 390; 801 389; 800 388; 800 386; 799 385; 799 383; 798 382; 798 380; 797 379; 797 378; 795 376; 795 375; 794 374; 794 373
58; 881 373; 880 374; 880 375; 877 378; 877 379; 876 380; 876 381; 875 382; 875 391; 876 392; 877 392; 880 395; 881 395; 884 398; 886 398; 890 402; 898 402; 900 400; 900 399; 903 396; 903 395; 905 393; 905 384; 904 384; 903 383; 902 383; 901 382; 900 382; 899 381; 898 381; 894 377; 893 377; 889 373
59; 516 378; 514 380; 514 406; 515 407; 515 408; 516 408; 517 409; 535 409; 536 408; 536 407; 537 406; 537 397; 536 396; 536 380; 534 378
60; 979 373; 977 375; 976 375; 972 379; 972 380; 971 381; 971 395; 976 400; 977 400; 978 401; 979 401; 984 406; 989 406; 994 401; 995 401; 998 398; 999 398; 1000 397; 1000 389; 997 386; 997 385; 992 380; 992 379; 988 375; 988 374; 987 373
61; 567 388; 566 389; 559 389; 558 390; 554 390; 553 391; 552 391; 552 399; 553 400; 553 411; 570 411; 571 410; 579 410; 580 409; 581 409; 582 408; 582 395; 581 394; 581 390; 580 389; 580 388
62; 956 421; 963 421; 967 424; 975 424; 984 412; 984 407; 971 396; 953 396
63; 953 396; 935 403; 935 410; 924 414; 924 430; 926 437; 927 435; 934 435; 955 428; 956 421
64; 953 396; 952 385; 935 378; 926 378; 924 380; 922 386; 922 397; 935 403
65; 677 400; 676 401; 674 401; 673 402; 670 402; 669 403; 667 403; 666 404; 665 404; 664 405; 662 405; 661 406; 661 414; 662 415; 662 417; 663 418; 663 420; 664 421; 664 424; 665 425; 675 425; 676 424; 677 424; 678 423; 681 423; 682 422; 689 422; 690 423; 691 422; 691 408; 690 407; 690 406; 689 405; 689 403; 688 402; 688 401; 687 400
66; 409 405; 409 406; 408 407; 408 408; 406 410; 406 411; 404 413; 404 422; 405 423; 406 423; 410 427; 411 427; 414 430; 415 430; 417 432; 418 432; 420 434; 428 434; 430 432; 430 431; 432 429; 432 428; 434 426; 434 416; 431 413; 430 413; 426 409; 425 409; 423 407; 422 407; 421 406; 420 406; 419 405
67; 355 416; 354 417; 352 417; 351 418; 350 418; 349 419; 347 419; 346 420; 345 420; 345 432; 346 433; 346 434; 347 435; 347 436; 348 437; 348 439; 349 440; 349 442; 350 443; 350 445; 351 446; 351 447; 362 447; 363 446; 366 446; 367 445; 369 445; 370 444; 371 444; 371 435; 370 434; 370 433; 369 432; 369 429; 368 428; 368 427; 367 426; 367 423; 366 422; 366 420; 365 419; 365 418; 364 417; 364 416
68; 707 419; 705 421; 704 421; 703 422; 702 422; 701 423; 700 423; 699 424; 692 424; 691 423; 690 424; 690 437; 692 439; 692 440; 693 441; 693 442; 694 443; 694 445; 695 446; 703 446; 704 445; 706 445; 707 444; 709 444; 710 443; 711 443; 712 442; 713 442; 714 441; 716 441; 717 440; 720 440; 720 434; 721 433; 721 427; 720 427; 719 426; 719 425; 718 424; 718 423; 717 422; 717 421; 716 420; 716 419
69; 728 422; 727 423; 727 426; 726 427; 722 427; 722 433; 721 434; 721 440; 723 440; 724 441; 724 450; 725 450; 726 451; 728 451; 729 452; 732 452; 733 453; 745 453; 746 452; 746 445; 747 444; 747 440; 748 439; 748 425; 747 424; 745 424; 744 423; 739 423; 738 422
70; 815 432; 812 435; 811 435; 810 436; 810 437; 807 440; 807 448; 808 449; 808 450; 816 458; 816 459; 817 460; 817 461; 819 463; 827 463; 835 455; 836 455; 836 447; 833 444; 833 443; 830 440; 829 440; 828 439; 828 438; 826 436; 826 435; 825 434; 825 433; 824 432
71; 23 433; 23 434; 20 437; 20 438; 16 442; 16 450; 17 450; 23 456; 24 456; 30 462; 39 462; 42 459; 43 459; 44 458; 44 457; 46 455; 46 446; 41 441; 40 441; 32 433
72; 609 434; 609 435; 608 436; 608 437; 603 442; 603 443; 602 444; 602 452; 603 453; 604 453; 605 454; 606 454; 607 455; 608 455; 612 459; 613 459; 615 461; 616 461; 617 462; 619 462; 620 463; 628 463; 629 462; 629 461; 630 460; 630 459; 631 458; 631 457; 632 456; 632 455; 633 454; 633 444; 632 443; 631 443; 630 442; 629 442; 626 439; 625 439; 624 438; 622 438; 620 436; 619 436; 617 434
73; 925 437; 925 438; 924 439; 916 439; 908 447; 908 455; 910 457; 910 458; 911 459; 911 460; 920 469; 921 469; 922 470; 931 470; 932 469; 932 468; 933 467; 934 467; 937 464; 937 463; 938 462; 938 454; 926 442; 926 438
74; 108 458; 105 461; 104 461; 102 463; 102 464; 101 465; 101 476; 108 483; 109 483; 112 486; 112 488; 120 488; 128 480; 128 472; 123 467; 123 466; 120 463; 120 462; 116 458
75; 766 461; 765 462; 759 462; 758 463; 757 463; 757 476; 758 477; 758 481; 759 482; 759 483; 760 484; 785 484; 787 482; 787 477; 788 476; 788 465; 787 464; 787 463; 786 462; 778 462; 777 461
76; 710 461; 702 469; 702 477; 706 481; 707 481; 710 484; 710 485; 711 486; 712 486; 715 489; 715 490; 716 491; 725 491; 726 490; 726 489; 730 485; 730 484; 731 483; 731 474; 723 466; 723 465; 722 464; 721 464; 718 461
77; 18 469; 18 470; 17 471; 17 472; 16 473; 16 474; 15 475; 15 477; 14 478; 14 487; 15 487; 16 488; 17 488; 20 491; 21 491; 23 493; 24 493; 25 494; 26 494; 27 495; 28 495; 30 497; 38 497; 38 496; 40 494; 40 493; 42 491; 42 490; 43 489; 43 488; 44 487; 44 479; 42 477; 41 477; 40 476; 39 476; 38 475; 37 475; 36 474; 35 474; 34 473; 33 473; 31 471; 30 471; 28 469
78; 628 473; 627 474; 624 474; 623 475; 618 475; 617 476; 615 476; 614 477; 610 477; 609 478; 608 478; 607 479; 607 489; 608 490; 608 496; 609 497; 609 499; 617 499; 618 498; 626 498; 627 497; 628 497; 629 496; 632 496; 633 495; 635 495; 636 494; 638 494; 639 493; 639 485; 638 484; 638 482; 637 481; 637 479; 636 478; 636 473
79; 831 476; 830 477; 828 477; 828 478; 827 479; 827 497; 828 498; 855 498; 856 497; 857 497; 858 496; 858 488; 857 487; 857 481; 856 480; 856 477; 855 476
80; 282 481; 282 483; 281 484; 281 487; 280 488; 280 489; 279 490; 279 491; 278 492; 278 493; 277 494; 277 497; 276 498; 276 508; 277 509; 279 509; 280 510; 283 510; 284 511; 296 511; 298 509; 298 508; 299 507; 299 505; 300 504; 300 497; 301 496; 301 494; 302 493; 302 484; 301 484; 300 483; 297 483; 296 482; 294 482; 293 481
81; 461 487; 457 491; 457 492; 455 494; 455 495; 454 496; 454 505; 455 505; 458 508; 459 508; 462 511; 463 511; 464 512; 465 512; 466 513; 467 513; 468 514; 469 514; 471 516; 479 516; 479 515; 480 514; 480 513; 482 511; 482 510; 485 507; 485 506; 486 505; 486 497; 485 496; 484 496; 483 495; 482 495; 478 491; 476 491; 475 490; 474 490; 472 488; 471 488; 470 487
82; 38 506; 37 507; 33 507; 32 508; 29 508; 28 509; 23 509; 22 510; 20 510; 18 512; 18 524; 19 525; 19 527; 20 528; 20 530; 21 531; 21 532; 22 533; 30 533; 31 532; 34 532; 35 531; 36 531; 37 530; 39 530; 40 529; 43 529; 44 528; 49 528; 50 527; 50 518; 49 517; 49 515; 48 514; 48 512; 47 511; 47 507; 46 506
83; 244 517; 239 522; 239 523; 237 525; 237 535; 240 535; 242 537; 242 538; 243 539; 243 540; 244 540; 245 541; 246 541; 251 546; 253 546; 254 547; 263 547; 263 546; 264 545; 264 544; 266 542; 266 541; 267 540; 267 539; 269 537; 269 529; 268 529; 267 528; 266 528; 263 525; 262 525; 259 522; 258 522; 253 517
84; 1002 524; 1001 525; 997 525; 996 526; 988 526; 986 528; 986 546; 987 547; 987 548; 988 549; 1002 549; 1003 548; 1011 548; 1012 547; 1015 547; 1017 545; 1017 536; 1016 535; 1016 530; 1015 529; 1015 526; 1013 524
85; 565 529; 565 530; 557 538; 557 546; 569 558; 570 558; 572 560; 580 560; 586 554; 586 553; 588 551; 588 543; 578 533; 577 533; 573 529
86; 80 546; 79 547; 79 548; 78 549; 78 551; 77 552; 77 555; 76 556; 76 565; 77 566; 79 566; 80 567; 82 567; 83 568; 84 568; 85 569; 88 569; 89 570; 90 570; 91 571; 92 571; 93 572; 103 572; 104 571; 104 569; 105 568; 105 567; 106 566; 106 564; 107 563; 107 553; 106 552; 104 552; 103 551; 101 551; 100 550; 98 550; 97 549; 95 549; 94 548; 93 548; 92 547; 91 547; 90 546
87; 21 553; 20 554; 19 554; 18 555; 16 555; 15 556; 13 556; 12 557; 10 557; 9 558; 8 558; 7 559; 6 559; 5 560; 4 560; 3 561; 0 561; 0 570; 3 570; 4 571; 4 572; 5 573; 5 575; 6 576; 6 577; 7 578; 7 579; 15 579; 17 577; 22 577; 23 576; 26 576; 27 575; 29 575; 30 574; 32 574; 34 572; 35 572; 35 564; 34 563; 34 562; 33 561; 33 560; 32 559; 32 556; 31 555; 31 554; 30 553
88; 396 551; 395 552; 395 553; 394 554; 394 555; 389 560; 389 568; 392 571; 393 571; 397 575; 397 576; 401 580; 402 580; 403 581; 411 581; 415 577; 416 577; 417 576; 417 575; 420 572; 420 564; 419 564; 418 563; 417 563; 416 562; 416 561; 408 553; 407 553; 405 551
89; 259 565; 258 566; 250 566; 247 569; 247 578; 248 579; 248 586; 250 588; 264 588; 265 587; 276 587; 278 585; 278 571; 277 570; 277 565
90; 651 561; 650 562; 650 563; 649 564; 649 566; 647 568; 647 569; 646 570; 646 580; 648 580; 650 582; 651 582; 652 583; 653 583; 654 584; 655 584; 658 587; 659 587; 660 588; 661 588; 662 589; 671 589; 672 588; 672 587; 673 586; 673 584; 675 582; 675 581; 676 580; 676 570; 675 570; 674 569; 673 569; 672 568; 671 568; 670 567; 668 567; 665 564; 664 564; 663 563; 662 563; 660 561
91; 162 569; 162 570; 161 571; 161 574; 160 575; 160 577; 159 578; 159 579; 158 580; 158 588; 159 589; 160 589; 161 590; 162 590; 163 591; 164 591; 165 592; 169 592; 170 593; 172 593; 173 594; 174 594; 175 595; 185 595; 187 593; 187 591; 188 590; 188 588; 189 587; 189 576; 188 575; 186 575; 185 574; 182 574; 181 573; 180 573; 179 572; 178 572; 177 571; 175 571; 174 570; 172 570; 171 569
92; 52 572; 51 573; 51 574; 50 575; 50 580; 49 581; 49 585; 48 586; 48 588; 47 589; 47 599; 48 600; 50 600; 51 601; 52 601; 53 602; 56 602; 57 603; 67 603; 67 602; 68 601; 68 600; 69 599; 69 590; 70 589; 73 589; 74 588; 72 588; 71 587; 71 574; 70 573; 68 573; 67 572
93; 510 571; 509 572; 507 572; 506 573; 504 573; 503 574; 501 574; 500 575; 497 575; 496 576; 493 576; 492 577; 491 577; 491 585; 492 586; 492 588; 493 589; 493 595; 494 596; 494 597; 506 597; 507 596; 508 596; 509 595; 510 595; 512 593; 513 593; 514 592; 521 592; 522 591; 523 591; 523 583; 522 582; 522 579; 521 578; 521 577; 520 576; 520 575; 519 574; 519 573; 518 572; 518 571
94; 90 586; 89 587; 80 587; 79 588; 75 588; 74 589; 76 589; 77 590; 77 608; 78 609; 94 609; 95 608; 106 608; 107 607; 107 606; 108 605; 108 596; 107 595; 107 592; 106 591; 106 588; 104 586
95; 0 587; 0 612; 3 612; 5 614; 6 614; 7 615; 7 616; 8 617; 16 617; 18 615; 18 614; 19 613; 19 612; 23 608; 23 600; 10 587
96; 215 599; 214 600; 213 600; 212 601; 208 601; 207 602; 206 602; 205 603; 203 603; 201 605; 200 605; 199 606; 198 606; 197 607; 196 607; 196 616; 197 617; 197 618; 198 619; 198 621; 199 622; 199 623; 200 624; 200 625; 201 626; 210 626; 211 625; 213 625; 214 624; 216 624; 217 623; 218 623; 219 622; 220 622; 221 621; 223 621; 224 620; 225 620; 226 619; 227 619; 228 618; 228 609; 227 608; 227 606; 225 604; 225 603; 224 602; 224 601; 223 600; 223 599
97; 802 612; 802 620; 803 620; 804 621; 804 623; 805 624; 805 625; 806 626; 806 627; 807 628; 815 628; 816 627; 818 627; 818 619; 817 618; 816 618; 814 616; 813 616; 812 615; 811 615; 810 614; 810 612
98; 326 607; 323 610; 322 610; 320 612; 319 612; 317 614; 317 623; 319 625; 319 626; 323 630; 323 631; 325 633; 325 634; 326 634; 327 635; 327 636; 329 638; 337 638; 342 633; 343 633; 346 630; 346 621; 342 617; 342 616; 335 609; 335 608; 334 607
99; 881 620; 880 621; 878 621; 877 622; 876 622; 875 623; 874 623; 872 625; 871 625; 871 636; 872 637; 872 638; 873 639; 873 640; 874 641; 874 642; 875 643; 875 645; 876 646; 876 647; 878 649; 878 651; 886 651; 887 650; 888 650; 889 649; 891 649; 892 648; 894 648; 895 647; 896 647; 897 646; 898 646; 898 638; 897 637; 897 636; 896 635; 896 634; 895 633; 895 632; 894 631; 894 630; 893 629; 893 628; 892 627; 892 625; 891 624; 891 622; 890 621; 890 620
100; 524 621; 524 623; 523 624; 523 627; 522 628; 522 630; 521 631; 521 642; 522 642; 523 643; 525 643; 526 644; 529 644; 530 645; 531 645; 532 646; 534 646; 535 647; 536 647; 537 648; 549 648; 549 646; 550 645; 550 643; 551 642; 551 640; 552 639; 552 628; 551 627; 549 627; 548 626; 547 626; 546 625; 544 625; 543 624; 542 624; 541 623; 538 623; 537 622; 533 622; 532 621
101; 967 622; 966 623; 965 623; 964 624; 957 624; 956 625; 953 625; 952 626; 952 640; 953 641; 953 646; 954 647; 967 647; 968 646; 971 646; 972 645; 978 645; 979 644; 980 644; 980 635; 979 634; 979 632; 978 631; 978 627; 977 626; 977 623; 976 622
102; 199 640; 198 641; 198 642; 197 643; 197 644; 196 645; 196 646; 195 647; 195 648; 194 649; 194 650; 193 651; 193 659; 194 660; 195 660; 196 661; 197 661; 198 662; 199 662; 201 664; 202 664; 203 665; 204 665; 205 666; 206 666; 208 668; 209 668; 210 669; 221 669; 221 663; 223 661; 223 660; 224 659; 224 650; 223 650; 222 649; 221 649; 220 648; 219 648; 217 646; 216 646; 213 643; 212 643; 211 642; 210 642; 209 641; 208 641; 207 640
103; 916 643; 909 650; 909 660; 911 662; 912 662; 919 669; 919 670; 920 670; 924 674; 932 674; 932 673; 934 671; 934 670; 935 669; 935 668; 939 664; 939 656; 938 656; 936 654; 935 654; 927 646; 927 645; 925 643
104; 287 642; 286 643; 284 643; 283 644; 282 644; 281 645; 279 645; 278 646; 277 646; 273 650; 271 650; 270 651; 270 661; 271 662; 271 664; 272 665; 272 666; 273 667; 273 668; 275 670; 275 671; 283 671; 285 669; 286 669; 288 667; 289 667; 290 666; 291 666; 292 665; 293 665; 294 664; 295 664; 296 663; 297 663; 298 662; 299 662; 300 661; 301 661; 301 653; 300 652; 300 651; 299 650; 299 649; 298 648; 298 647; 296 645; 296 644; 295 643; 295 642
105; 820 644; 820 645; 815 650; 815 651; 813 653; 813 661; 814 662; 815 662; 821 668; 822 668; 824 670; 825 670; 828 673; 837 673; 837 672; 839 670; 839 669; 842 666; 842 665; 843 664; 843 655; 840 652; 839 652; 837 650; 836 650; 834 648; 833 648; 829 644
106; 391 654; 391 655; 387 659; 387 660; 384 663; 384 672; 385 672; 392 679; 393 679; 397 683; 397 684; 405 684; 407 682; 408 682; 415 675; 415 667; 414 667; 411 664; 410 664; 402 656; 401 656; 399 654
107; 221 670; 221 676; 219 678; 219 688; 230 699; 230 700; 232 702; 240 702; 242 700; 243 700; 249 694; 249 686; 242 679; 242 678; 239 675; 238 675; 234 671; 222 671
108; 64 678; 63 679; 61 679; 60 680; 58 680; 57 681; 56 681; 55 682; 53 682; 52 683; 49 683; 48 684; 47 684; 46 685; 46 696; 47 697; 47 700; 48 701; 48 702; 49 703; 49 704; 50 705; 59 705; 60 704; 63 704; 65 702; 67 702; 68 701; 70 701; 71 700; 73 700; 74 699; 75 699; 76 698; 77 698; 77 689; 76 688; 76 687; 75 686; 75 683; 74 682; 74 680; 72 678
109; 328 681; 327 682; 327 683; 325 685; 324 685; 322 687; 321 687; 320 688; 320 696; 322 698; 322 699; 325 702; 325 703; 327 705; 327 706; 329 708; 329 714; 338 714; 340 712; 341 712; 344 709; 345 709; 349 705; 349 697; 347 695; 347 694; 346 693; 346 692; 344 690; 344 689; 340 685; 340 684; 337 681
110; 868 683; 868 684; 867 685; 867 686; 866 687; 866 688; 865 689; 865 690; 863 692; 863 701; 864 701; 865 702; 866 702; 867 703; 868 703; 870 705; 871 705; 873 707; 874 707; 875 708; 876 708; 877 709; 878 709; 879 710; 880 710; 881 711; 889 711; 890 710; 890 709; 891 708; 891 707; 892 706; 892 705; 893 704; 893 702; 894 701; 894 692; 893 692; 892 691; 891 691; 889 689; 888 689; 887 688; 886 688; 885 687; 883 687; 882 686; 881 686; 878 683
111; 709 688; 707 690; 706 690; 703 693; 700 693; 699 694; 699 704; 701 706; 701 707; 702 708; 702 709; 703 710; 703 714; 704 715; 704 716; 706 718; 706 719; 708 721; 716 721; 717 720; 718 720; 719 719; 721 719; 722 718; 723 718; 724 717; 725 717; 727 715; 727 707; 725 705; 725 704; 724 703; 724 702; 723 701; 723 700; 722 699; 722 697; 721 696; 721 695; 720 694; 720 692; 719 691; 719 690; 717 688
112; 19 697; 15 701; 14 701; 11 704; 11 712; 15 716; 15 717; 18 720; 18 721; 24 727; 32 727; 33 726; 36 726; 36 724; 40 720; 40 712; 39 711; 39 710; 36 707; 36 706; 32 702; 32 701; 28 697
113; 88 708; 86 710; 85 710; 83 712; 82 712; 80 714; 79 714; 79 723; 80 724; 80 725; 81 726; 81 727; 88 734; 88 735; 91 738; 100 738; 103 735; 104 735; 106 733; 107 733; 109 731; 109 723; 102 716; 102 715; 98 711; 98 710; 96 708
114; 313 715; 312 716; 306 716; 305 717; 305 718; 304 719; 304 736; 306 738; 334 738; 336 736; 336 723; 335 722; 335 715
115; 548 715; 547 716; 547 717; 546 718; 546 719; 545 720; 545 721; 543 723; 543 724; 542 725; 542 734; 544 736; 545 736; 547 738; 548 738; 553 743; 554 743; 557 746; 566 746; 568 744; 568 743; 570 741; 570 740; 571 739; 571 738; 572 737; 572 728; 570 726; 569 726; 566 723; 565 723; 561 719; 560 719; 556 715
116; 44 730; 43 731; 40 731; 40 733; 36 737; 36 746; 40 750; 40 751; 45 756; 45 757; 47 759; 47 760; 56 760; 58 758; 59 758; 61 756; 62 756; 65 753; 65 745; 63 743; 63 742; 56 735; 56 734; 52 730
117; 657 732; 657 733; 656 734; 656 735; 654 737; 654 738; 653 739; 653 740; 652 741; 652 751; 653 752; 654 752; 655 753; 656 753; 657 754; 658 754; 659 755; 660 755; 661 756; 662 756; 663 757; 664 757; 666 759; 667 759; 668 760; 678 760; 678 759; 679 758; 679 756; 680 755; 680 752; 681 751; 681 740; 680 740; 679 739; 678 739; 677 738; 676 738; 675 737; 674 737; 673 736; 672 736; 671 735; 670 735; 669 734; 668 734; 667 733; 666 733; 665 732
118; 425 737; 425 739; 424 740; 424 741; 423 742; 423 744; 422 745; 422 756; 424 758; 425 758; 426 759; 428 759; 429 760; 431 760; 432 761; 434 761; 435 762; 436 762; 437 763; 439 763; 440 764; 449 764; 450 763; 450 762; 451 761; 451 760; 452 759; 452 757; 453 756; 453 744; 452 743; 449 743; 448 742; 446 742; 445 741; 444 741; 443 740; 442 740; 441 739; 440 739; 439 738; 435 738; 434 737
119; 467 734; 466 735; 466 736; 465 737; 465 755; 466 756; 466 760; 479 760; 480 761; 493 761; 493 760; 494 759; 498 759; 498 753; 499 752; 499 746; 497 746; 496 745; 496 740; 494 738; 493 738; 492 737; 486 737; 485 736; 482 736; 481 735; 476 735; 475 734
120; 517 744; 516 745; 512 745; 511 746; 500 746; 500 752; 499 753; 499 759; 500 759; 501 760; 501 768; 502 769; 517 769; 518 768; 523 768; 524 767; 527 767; 528 766; 530 766; 531 765; 531 753; 530 752; 530 747; 529 746; 529 745; 528 744
121; 1000 749; 999 750; 997 750; 995 752; 994 752; 993 753; 989 753; 988 754; 986 754; 985 755; 985 766; 986 767; 986 769; 987 770; 987 771; 989 773; 989 774; 990 775; 998 775; 999 774; 1003 774; 1004 773; 1006 773; 1007 772; 1009 772; 1010 771; 1013 771; 1014 770; 1016 770; 1017 769; 1017 760; 1016 759; 1016 757; 1015 756; 1015 750; 1014 749
122; 466 761; 466 762; 465 763; 463 763; 461 765; 461 766; 460 767; 460 785; 461 785; 462 786; 475 786; 476 787; 488 787; 489 786; 490 786; 491 785; 491 784; 492 783; 492 777; 493 776; 493 762; 480 762; 479 761
123; 919 778; 916 781; 916 782; 911 787; 911 795; 917 801; 918 801; 920 803; 921 803; 923 805; 924 805; 928 809; 936 809; 936 808; 938 806; 938 805; 943 800; 943 790; 942 789; 941 789; 940 788; 939 788; 932 781; 931 781; 930 780; 929 780; 927 778
124; 79 782; 74 787; 73 787; 73 788; 71 790; 71 799; 72 799; 76 803; 76 804; 77 804; 83 810; 84 810; 86 812; 95 812; 98 809; 98 808; 100 806; 100 805; 102 803; 102 795; 101 794; 100 794; 93 787; 92 787; 87 782
125; 544 778; 543 779; 542 779; 541 780; 540 780; 539 781; 538 781; 537 782; 533 782; 531 784; 530 784; 526 788; 525 788; 525 796; 526 797; 526 798; 527 799; 527 800; 528 801; 528 802; 530 804; 530 805; 531 806; 531 807; 540 807; 541 806; 543 806; 544 805; 545 805; 546 804; 547 804; 549 802; 550 802; 552 800; 554 800; 555 799; 556 799; 557 798; 557 789; 556 788; 556 787; 554 785; 554 784; 553 783; 553 780; 552 779; 552 778
126; 669 789; 668 790; 658 790; 657 791; 653 791; 652 792; 649 792; 648 793; 647 793; 647 804; 648 805; 648 810; 649 811; 649 813; 651 815; 660 815; 661 814; 664 814; 665 813; 674 813; 675 812; 677 812; 679 810; 679 796; 678 795; 678 791; 677 790; 677 789
127; 790 810; 789 811; 789 813; 788 814; 788 816; 787 817; 787 818; 786 819; 786 830; 787 831; 789 831; 790 832; 792 832; 793 833; 794 833; 795 834; 797 834; 798 835; 800 835; 801 836; 802 836; 803 837; 812 837; 816 833; 816 830; 817 829; 817 817; 816 816; 814 816; 813 815; 812 815; 811 814; 810 814; 809 813; 807 813; 806 812; 804 812; 803 811; 800 811; 799 810
128; 887 811; 883 815; 883 816; 882 817; 882 818; 881 819; 881 820; 880 821; 880 829; 886 835; 887 835; 889 837; 890 837; 892 839; 893 839; 895 841; 904 841; 907 838; 907 837; 909 835; 909 834; 911 832; 911 824; 910 823; 909 823; 906 820; 905 820; 900 815; 899 815; 898 814; 897 814; 895 812; 895 811
129; 337 818; 336 819; 336 830; 337 831; 337 838; 338 839; 338 840; 339 841; 353 841; 354 842; 364 842; 365 841; 366 841; 366 840; 367 839; 367 834; 368 833; 368 821; 367 820; 367 819; 358 819; 357 818
130; 277 821; 276 822; 275 822; 274 823; 272 823; 271 824; 269 824; 268 825; 266 825; 265 826; 262 826; 261 827; 261 837; 262 838; 262 844; 263 845; 263 846; 264 847; 277 847; 278 846; 279 846; 280 845; 282 845; 283 844; 285 844; 286 843; 287 843; 288 842; 291 842; 292 841; 292 832; 291 831; 291 829; 290 828; 290 825; 289 824; 289 821
131; 512 828; 511 829; 508 829; 507 830; 504 830; 503 831; 503 842; 504 843; 504 844; 505 845; 505 846; 506 847; 506 848; 507 849; 507 850; 508 851; 508 853; 509 854; 509 855; 510 856; 510 858; 511 859; 519 859; 520 858; 522 858; 523 857; 524 857; 525 856; 526 856; 527 855; 528 855; 529 854; 530 854; 530 844; 529 843; 529 842; 528 841; 528 840; 527 839; 527 838; 526 837; 526 836; 525 835; 525 834; 524 833; 524 830; 523 829; 523 828
132; 691 835; 688 838; 688 840; 687 841; 687 845; 686 846; 686 855; 688 857; 696 857; 697 858; 699 858; 700 859; 718 859; 718 840; 716 838; 715 838; 714 837; 711 837; 710 836; 700 836; 699 835
133; 801 847; 801 848; 800 849; 800 854; 799 855; 799 867; 800 868; 801 868; 802 869; 810 869; 811 870; 813 870; 814 871; 816 871; 817 872; 827 872; 827 871; 828 870; 828 867; 829 866; 829 861; 830 860; 830 851; 829 851; 828 850; 823 850; 822 849; 820 849; 819 848; 815 848; 814 847
134; 15 853; 14 854; 13 854; 12 855; 11 855; 10 856; 9 856; 6 859; 6 867; 12 873; 12 874; 15 877; 15 878; 17 880; 17 881; 19 883; 28 883; 29 882; 30 882; 35 877; 36 877; 36 868; 35 867; 35 866; 33 864; 33 863; 32 862; 32 861; 31 860; 31 859; 25 853
135; 719 857; 719 873; 718 874; 718 886; 719 887; 723 887; 724 888; 726 888; 727 889; 739 889; 739 887; 740 886; 740 883; 741 882; 741 873; 742 872; 742 860; 741 859; 740 859; 739 858; 734 858; 733 857
136; 998 875; 1004 875; 1012 884; 1012 887; 1023 887; 1023 860; 1016 861; 1008 869; 1001 869
137; 968 867; 952 865; 943 871; 943 880; 956 896; 965 896; 973 888; 974 878
138; 974 878; 981 878; 985 881; 994 881; 998 875; 1001 869; 1000 865; 984 852; 976 852; 969 862; 968 867
139; 158 875; 158 876; 154 880; 154 881; 151 884; 151 892; 152 892; 153 893; 154 893; 155 894; 155 895; 159 899; 160 899; 162 901; 163 901; 167 905; 175 905; 177 903; 183 903; 183 888; 182 887; 181 887; 176 882; 175 882; 170 877; 169 877; 167 875
140; 303 884; 301 886; 300 886; 297 889; 296 889; 295 890; 295 900; 298 903; 298 904; 299 905; 299 906; 304 911; 304 913; 305 914; 305 915; 314 915; 315 914; 316 914; 317 913; 318 913; 321 910; 322 910; 323 909; 323 900; 322 899; 322 898; 321 897; 321 896; 319 894; 319 893; 316 890; 316 889; 313 886; 313 885; 312 884
141; 770 885; 768 887; 768 888; 766 890; 766 891; 764 893; 764 894; 763 895; 763 903; 764 904; 765 904; 771 910; 772 910; 777 915; 786 915; 791 910; 791 909; 793 907; 793 899; 783 889; 782 889; 778 885
142; 184 891; 184 909; 186 911; 187 911; 189 913; 191 913; 192 914; 195 914; 197 916; 198 916; 200 918; 201 918; 202 919; 211 919; 212 918; 212 917; 213 916; 213 915; 214 914; 214 913; 215 912; 215 911; 216 910; 216 900; 215 900; 214 899; 213 899; 211 897; 210 897; 209 896; 207 896; 206 895; 205 895; 204 894; 203 894; 202 893; 201 893; 199 891
143; 504 903; 502 905; 502 906; 496 912; 496 920; 500 924; 501 924; 507 930; 508 930; 511 933; 519 933; 523 929; 523 928; 527 924; 527 916; 526 916; 523 913; 522 913; 521 912; 521 911; 515 905; 514 905; 512 903
144; 559 904; 557 906; 556 906; 553 909; 552 909; 550 911; 550 920; 552 922; 552 923; 555 926; 555 927; 557 929; 557 931; 558 932; 558 933; 559 934; 559 935; 560 936; 569 936; 570 935; 572 935; 574 933; 575 933; 577 931; 578 931; 579 930; 579 922; 576 919; 576 918; 575 917; 575 916; 573 914; 573 912; 572 911; 572 910; 570 908; 570 907; 568 905; 568 904
145; 336 907; 336 908; 334 910; 334 911; 333 912; 333 913; 330 916; 330 926; 331 927; 332 927; 333 928; 334 928; 335 929; 336 929; 339 932; 340 932; 341 933; 342 933; 343 934; 344 934; 345 935; 346 935; 347 936; 355 936; 357 934; 357 933; 358 932; 358 931; 360 929; 360 928; 361 927; 361 917; 360 917; 358 915; 357 915; 356 914; 355 914; 353 912; 352 912; 351 911; 350 911; 349 910; 348 910; 347 909; 346 909; 344 907
146; 634 910; 632 912; 632 913; 626 919; 626 934; 633 934; 640 941; 648 941; 654 935; 654 934; 656 932; 656 924; 642 910
147; 784 927; 783 928; 782 928; 781 929; 780 929; 778 931; 777 931; 775 933; 775 941; 776 942; 776 944; 777 945; 777 946; 778 947; 778 948; 780 950; 780 951; 781 952; 781 953; 783 955; 783 956; 784 957; 784 958; 785 959; 793 959; 795 957; 796 957; 797 956; 798 956; 799 955; 800 955; 801 954; 802 954; 804 952; 804 944; 803 943; 803 942; 801 940; 801 939; 799 937; 799 935; 797 933; 797 931; 796 930; 796 929; 795 928; 795 927
148; 599 930; 598 931; 598 932; 597 933; 597 934; 595 936; 595 937; 594 938; 594 939; 593 940; 593 949; 595 951; 596 951; 597 952; 599 952; 600 953; 602 953; 603 954; 607 954; 608 955; 610 955; 611 956; 612 956; 613 957; 623 957; 623 956; 624 955; 624 951; 625 950; 625 946; 626 945; 626 935; 625 934; 618 934; 617 933; 616 933; 615 932; 613 932; 612 931; 610 931; 609 930
149; 530 951; 528 953; 527 953; 525 955; 524 955; 523 956; 523 957; 522 958; 521 958; 521 966; 527 972; 527 973; 530 976; 530 977; 532 979; 532 980; 534 982; 534 983; 542 983; 543 982; 544 982; 547 979; 548 979; 550 977; 551 977; 552 976; 552 967; 550 965; 550 964; 545 959; 545 958; 543 956; 543 955; 542 955; 541 954; 541 953; 539 951
150; 1004 952; 1003 953; 1003 954; 1001 956; 1001 957; 999 959; 999 960; 997 962; 997 970; 998 970; 1000 972; 1001 972; 1003 974; 1004 974; 1006 976; 1007 976; 1009 978; 1010 978; 1016 984; 1017 984; 1018 985; 1023 985; 1023 956; 1019 956; 1018 955; 1017 955; 1016 954; 1015 954; 1013 952
151; 246 959; 245 960; 244 960; 242 962; 241 962; 240 963; 239 963; 238 964; 237 964; 235 966; 235 976; 237 978; 237 979; 240 982; 240 983; 242 985; 242 987; 243 988; 243 990; 244 991; 244 992; 255 992; 256 991; 257 991; 258 990; 259 990; 260 989; 261 989; 263 987; 264 987; 264 979; 263 978; 263 977; 262 976; 262 975; 261 974; 261 973; 260 972; 260 970; 258 968; 258 967; 257 966; 257 965; 256 964; 256 963; 255 962; 255 961; 254 960; 254 959
152; 200 997; 199 998; 198 998; 197 999; 195 999; 194 1000; 189 1000; 188 1001; 183 1001; 183 1010; 184 1011; 184 1016; 185 1017; 185 1019; 186 1020; 186 1023; 210 1023; 210 1020; 211 1019; 213 1019; 214 1018; 214 1004; 213 1003; 213 999; 212 998; 212 997; 204 997; 203 996
153; 203 996; 203 990; 204 989; 215 989; 216 988; 216 981; 217 980; 217 968; 215 966; 189 966; 187 968; 187 969; 186 970; 186 987; 188 989; 189 989; 190 990; 199 990; 200 991; 200 997
154; 366 976; 365 977; 365 980; 364 981; 364 982; 363 983; 363 985; 362 986; 362 987; 361 988; 361 996; 362 996; 363 997; 365 997; 366 998; 367 998; 368 999; 369 999; 370 1000; 371 1000; 372 1001; 373 1001; 374 1002; 375 1002; 376 1003; 377 1003; 378 1004; 388 1004; 388 1003; 389 1002; 389 1001; 391 999; 391 998; 392 997; 392 996; 393 995; 393 985; 392 984; 391 984; 390 983; 388 983; 387 982; 386 982; 385 981; 384 981; 381 978; 380 978; 379 977; 376 977; 375 976
155; 147 997; 145 999; 145 1000; 141 1004; 141 1005; 140 1006; 140 1015; 141 1016; 142 1016; 143 1017; 144 1017; 146 1019; 147 1019; 148 1020; 148 1023; 168 1023; 168 1020; 171 1017; 171 1009; 170 1009; 168 1007; 167 1007; 160 1000; 159 1000; 156 997
156; 625 1001; 624 1002; 624 1003; 623 1004; 623 1005; 622 1006; 622 1007; 621 1008; 621 1010; 620 1011; 620 1023; 651 1023; 651 1010; 649 1010; 646 1007; 645 1007; 644 1006; 643 1006; 642 1005; 641 1005; 640 1004; 638 1004; 637 1003; 636 1003; 634 1001
157; 818 1002; 817 1003; 817 1004; 815 1006; 815 1007; 814 1008; 814 1009; 813 1010; 813 1011; 812 1012; 812 1013; 811 1014; 811 1023; 843 1023; 843 1014; 842 1013; 841 1013; 838 1010; 837 1010; 835 1008; 834 1008; 833 1007; 832 1007; 827 1002
