0; 201 0; 201 11; 206 16; 206 17; 208 19; 208 20; 209 21; 209 31; 212 34; 213 34; 214 35; 215 35; 218 38; 226 38; 227 37; 227 36; 230 33; 230 32; 232 30; 233 30; 236 27; 237 27; 238 26; 239 26; 240 25; 241 25; 242 24; 242 16; 241 16; 240 15; 240 14; 239 13; 239 12; 238 11; 238 10; 237 9; 237 8; 236 7; 236 5; 235 4; 235 0
1; 329 0; 329 3; 328 4; 328 5; 327 6; 327 7; 326 8; 326 10; 325 11; 325 12; 324 13; 324 15; 322 17; 322 18; 321 19; 321 20; 320 21; 320 23; 318 25; 318 26; 317 27; 317 28; 316 29; 316 30; 314 32; 314 33; 312 35; 311 35; 310 36; 310 44; 319 44; 320 45; 320 46; 321 46; 322 47; 325 47; 326 48; 328 48; 329 49; 337 49; 337 45; 338 44; 338 41; 339 40; 339 39; 340 38; 340 37; 342 35; 342 34; 345 31; 345 30; 352 23; 352 22; 353 21; 353 11; 352 11; 350 9; 350 8; 349 7; 349 0
2; 739 7; 737 9; 737 10; 736 11; 736 13; 735 14; 735 16; 734 17; 734 18; 733 19; 733 20; 732 21; 732 24; 731 25; 731 27; 730 28; 730 31; 729 32; 729 33; 728 34; 728 36; 725 39; 725 40; 722 43; 722 51; 723 51; 724 52; 731 52; 732 53; 736 53; 737 54; 738 54; 739 55; 747 55; 748 54; 748 51; 749 50; 749 47; 750 46; 750 44; 751 43; 751 42; 752 41; 752 40; 753 39; 753 38; 756 35; 757 35; 758 34; 758 33; 759 32; 759 31; 760 30; 760 28; 761 27; 761 25; 762 24; 762 23; 764 21; 764 13; 763 12; 762 12; 761 11; 750 11; 747 8; 747 7
3; 147 12; 147 21; 142 26; 142 27; 141 28; 141 38; 143 40; 144 40; 145 41; 146 41; 147 42; 148 42; 149 43; 150 43; 152 45; 153 45; 155 47; 156 47; 159 50; 160 50; 162 52; 163 52; 164 53; 165 53; 166 54; 167 54; 168 55; 176 55; 176 54; 177 53; 177 52; 178 51; 178 50; 182 46; 183 46; 185 44; 185 43; 186 42; 186 40; 187 39; 187 30; 186 29; 185 29; 184 28; 183 28; 182 27; 181 27; 180 26; 179 26; 178 25; 177 25; 176 24; 175 24; 174 23; 173 23; 167 17; 166 17; 165 16; 164 16; 163 15; 161 15; 160 14; 159 14; 158 13; 157 13; 156 12
4; 596 16; 595 17; 594 17; 593 18; 592 18; 591 19; 590 19; 587 22; 586 22; 585 23; 584 23; 583 24; 582 24; 581 25; 577 25; 576 26; 573 26; 569 30; 568 30; 567 31; 566 31; 565 32; 564 32; 564 40; 566 42; 566 43; 568 45; 569 45; 571 47; 571 48; 572 49; 572 56; 580 56; 582 54; 583 54; 584 53; 585 53; 586 52; 587 52; 588 51; 590 51; 592 49; 593 49; 594 48; 595 48; 596 47; 597 47; 598 46; 599 46; 602 43; 603 43; 605 41; 606 41; 607 40; 608 40; 609 39; 614 39; 614 31; 608 25; 607 25; 606 24; 606 19; 605 18; 605 16
5; 791 48; 790 49; 788 49; 787 50; 787 58; 788 59; 788 60; 789 61; 789 64; 790 65; 790 68; 791 69; 791 71; 792 72; 792 79; 793 80; 793 92; 802 92; 803 91; 813 91; 814 90; 815 90; 816 89; 816 81; 817 80; 817 78; 818 77; 823 77; 824 76; 824 75; 825 74; 825 65; 822 65; 821 64; 818 64; 817 63; 817 59; 816 58; 816 54; 815 53; 815 49; 804 49; 803 48
6; 67 48; 65 50; 64 50; 63 51; 62 51; 61 52; 60 52; 59 53; 58 53; 57 54; 56 54; 55 55; 52 55; 51 56; 45 56; 40 61; 39 61; 36 64; 36 65; 35 66; 35 68; 34 69; 34 70; 38 74; 38 75; 40 77; 40 80; 41 81; 41 94; 42 93; 43 93; 46 90; 47 90; 49 88; 50 88; 51 87; 52 87; 53 86; 54 86; 55 85; 56 85; 57 84; 58 84; 59 83; 60 83; 61 82; 62 82; 63 81; 64 81; 66 79; 68 79; 70 77; 71 77; 72 76; 73 76; 74 75; 75 75; 76 74; 77 74; 78 73; 85 73; 85 64; 82 61; 82 60; 76 54; 76 52; 75 51; 75 48
7; 945 48; 942 51; 942 53; 941 54; 941 56; 936 61; 936 69; 937 70; 938 70; 940 72; 941 72; 942 73; 943 73; 950 80; 950 81; 951 82; 951 83; 952 84; 952 85; 953 86; 953 87; 958 92; 967 92; 974 85; 974 78; 977 75; 978 75; 978 66; 977 66; 974 63; 973 63; 972 62; 971 62; 970 61; 969 61; 968 60; 967 60; 965 58; 964 58; 962 56; 961 56; 958 53; 957 53; 956 52; 956 51; 954 49; 954 48
8; 873 57; 872 58; 872 59; 868 63; 858 63; 856 65; 856 74; 857 75; 857 77; 858 78; 858 81; 859 82; 859 89; 860 90; 860 97; 861 98; 861 106; 862 107; 871 107; 873 105; 875 105; 876 104; 878 104; 880 102; 881 102; 882 101; 883 101; 884 100; 887 100; 888 99; 888 90; 887 89; 887 86; 886 85; 886 80; 885 79; 885 61; 884 60; 884 58; 883 57
9; 20 71; 10 81; 10 82; 3 89; 0 89; 0 118; 11 118; 11 117; 19 109; 20 109; 22 107; 23 107; 24 106; 25 106; 26 105; 27 105; 28 104; 29 104; 36 97; 37 97; 38 96; 39 96; 40 95; 40 81; 39 80; 39 77; 37 75; 37 74; 34 71
10; 668 69; 667 70; 666 70; 664 72; 663 72; 661 74; 660 74; 659 75; 658 75; 657 76; 656 76; 655 77; 654 77; 653 78; 652 78; 651 79; 650 79; 648 81; 647 81; 645 83; 644 83; 643 84; 641 84; 640 85; 637 85; 637 94; 642 99; 642 106; 644 108; 644 109; 652 109; 653 108; 654 108; 656 106; 657 106; 659 104; 660 104; 661 103; 664 103; 665 102; 667 102; 668 101; 669 101; 670 100; 671 100; 672 99; 674 99; 675 98; 678 98; 679 97; 681 97; 685 93; 685 84; 678 77; 678 76; 677 75; 677 71; 676 70; 676 69
11; 550 101; 550 102; 547 105; 546 105; 545 106; 540 106; 540 121; 541 122; 541 124; 542 125; 542 126; 543 127; 543 128; 544 129; 544 130; 545 131; 545 132; 546 133; 546 135; 547 136; 547 142; 548 143; 548 151; 556 151; 562 145; 567 145; 568 144; 569 144; 570 143; 571 143; 572 142; 573 142; 573 132; 572 131; 572 126; 571 125; 571 120; 570 119; 570 111; 569 110; 569 108; 568 107; 568 106; 567 105; 567 101
12; 497 118; 493 122; 492 122; 491 123; 486 123; 485 124; 484 124; 482 126; 480 126; 479 127; 478 127; 477 128; 477 138; 478 139; 478 141; 479 142; 479 144; 480 145; 480 146; 481 147; 481 154; 480 155; 480 165; 481 166; 481 167; 485 171; 493 171; 495 169; 496 169; 502 163; 510 163; 510 153; 509 152; 509 150; 508 149; 508 147; 507 146; 507 143; 506 142; 506 139; 505 138; 505 118
13; 789 128; 788 129; 780 129; 780 150; 779 151; 779 152; 778 153; 778 155; 777 156; 777 157; 776 158; 776 159; 775 160; 775 171; 777 171; 778 172; 783 172; 784 173; 785 173; 786 174; 787 174; 788 175; 803 175; 803 173; 804 172; 804 168; 805 167; 805 157; 806 156; 806 146; 807 145; 807 141; 808 140; 808 138; 810 136; 810 128
14; 576 153; 573 156; 572 156; 571 157; 566 157; 565 158; 565 165; 563 167; 562 167; 561 168; 561 177; 563 179; 564 179; 569 184; 570 184; 585 199; 585 200; 586 201; 594 201; 594 199; 595 198; 595 192; 598 189; 600 189; 601 188; 602 188; 604 186; 604 177; 602 175; 601 175; 599 173; 599 172; 592 165; 592 164; 590 162; 590 160; 584 154; 584 153
15; 1003 152; 1003 153; 998 158; 998 168; 997 169; 997 178; 998 178; 999 179; 1001 179; 1002 180; 1004 180; 1005 181; 1007 181; 1008 182; 1012 182; 1013 183; 1016 183; 1017 184; 1023 184; 1023 153; 1015 153; 1014 152
16; 974 148; 972 150; 971 150; 970 151; 969 151; 968 152; 967 152; 966 153; 957 153; 957 161; 958 162; 958 178; 957 179; 957 189; 958 190; 958 195; 959 196; 959 197; 967 197; 968 198; 977 198; 977 197; 978 196; 978 195; 980 193; 987 193; 987 180; 986 179; 986 177; 985 176; 985 171; 984 170; 984 159; 983 158; 983 148
17; 662 187; 661 188; 660 188; 659 189; 657 189; 656 190; 653 190; 652 191; 644 191; 644 201; 645 202; 645 204; 646 205; 646 224; 647 225; 647 230; 648 231; 648 233; 650 235; 656 235; 657 236; 658 236; 659 237; 667 237; 670 234; 676 234; 677 233; 677 221; 676 220; 676 217; 674 215; 674 208; 673 207; 673 203; 672 202; 672 200; 671 199; 671 196; 670 195; 670 187
18; 685 233; 684 234; 677 234; 677 241; 676 242; 676 243; 674 245; 674 246; 673 247; 672 247; 670 249; 669 249; 666 252; 665 252; 663 254; 662 254; 660 256; 659 256; 659 266; 661 266; 663 268; 664 268; 666 270; 666 279; 667 280; 675 280; 675 279; 676 278; 676 277; 681 272; 682 272; 685 269; 686 269; 688 267; 689 267; 691 265; 692 265; 693 264; 695 264; 696 263; 697 263; 698 262; 699 262; 700 261; 701 261; 702 260; 703 260; 705 258; 705 250; 704 250; 703 249; 702 249; 699 246; 699 244; 697 242; 697 241; 695 239; 695 237; 694 236; 694 234; 693 233
19; 121 236; 121 237; 120 238; 120 239; 119 240; 119 242; 117 244; 117 245; 116 246; 116 247; 113 250; 113 251; 112 252; 112 253; 111 254; 111 255; 109 257; 109 258; 107 260; 107 261; 106 262; 106 263; 104 265; 104 266; 103 267; 102 267; 101 268; 101 276; 102 277; 106 277; 107 278; 108 278; 109 279; 109 280; 111 282; 111 283; 112 284; 112 285; 113 286; 122 286; 123 285; 124 285; 126 283; 127 283; 128 282; 130 282; 130 281; 135 276; 136 276; 137 275; 138 275; 139 274; 141 274; 142 273; 143 273; 144 272; 145 272; 150 267; 151 267; 151 259; 146 254; 132 254; 131 253; 131 238; 130 238; 129 237; 129 236
20; 636 255; 634 257; 633 257; 629 261; 628 261; 627 262; 626 262; 625 263; 624 263; 623 264; 622 264; 621 265; 620 265; 618 267; 617 267; 615 269; 614 269; 612 271; 611 271; 610 272; 609 272; 608 273; 606 273; 606 283; 610 287; 610 288; 613 291; 613 292; 614 293; 614 294; 615 295; 615 296; 616 297; 624 297; 627 294; 628 294; 630 292; 631 292; 636 287; 637 287; 638 286; 639 286; 640 285; 646 285; 647 284; 648 284; 653 279; 653 269; 652 269; 651 268; 651 265; 650 264; 650 261; 649 260; 648 260; 644 256; 644 255
21; 109 326; 107 332; 108 348; 130 346; 128 344; 129 334
22; 129 334; 142 322; 149 313; 151 313; 153 310; 159 307; 159 298; 157 295; 151 294; 148 290; 144 288; 135 288; 132 294; 110 313; 109 326
23; 660 322; 659 323; 658 323; 650 331; 650 332; 641 341; 640 341; 637 344; 636 344; 635 345; 635 354; 639 358; 640 358; 641 359; 643 359; 646 362; 646 363; 655 363; 656 362; 656 361; 666 351; 667 351; 668 350; 670 350; 671 349; 673 349; 675 347; 675 346; 677 344; 677 343; 680 340; 680 332; 679 331; 679 328; 676 325; 673 325; 672 324; 671 324; 669 322
24; 156 319; 156 320; 155 321; 155 322; 154 323; 154 324; 153 325; 153 326; 150 329; 149 329; 147 331; 146 331; 145 332; 145 340; 146 341; 146 342; 149 345; 149 346; 150 347; 150 348; 158 356; 158 357; 161 360; 161 361; 162 362; 162 363; 164 365; 164 367; 165 368; 173 368; 173 367; 174 366; 174 365; 179 360; 179 359; 180 358; 180 357; 181 356; 181 355; 182 354; 183 354; 184 353; 185 353; 185 345; 184 344; 183 344; 176 337; 176 336; 175 335; 175 334; 174 333; 174 332; 173 331; 173 330; 172 329; 172 327; 171 326; 171 325; 170 324; 170 323; 166 319
25; 887 327; 886 328; 885 328; 883 330; 883 335; 882 336; 882 341; 881 342; 881 343; 880 344; 880 359; 883 359; 884 360; 888 360; 889 361; 891 361; 892 362; 893 362; 894 363; 895 363; 896 364; 898 364; 899 365; 900 365; 901 366; 902 366; 903 367; 904 367; 907 370; 916 370; 916 369; 917 368; 917 367; 918 366; 918 364; 919 363; 919 361; 920 360; 920 358; 921 357; 921 356; 922 355; 922 346; 921 345; 920 345; 919 344; 918 344; 917 343; 916 343; 913 340; 912 340; 911 339; 910 339; 909 338; 908 338; 907 337; 906 337; 903 334; 903 333; 899 329; 898 329; 896 327
26; 610 320; 608 322; 607 322; 606 323; 602 323; 601 324; 600 324; 598 326; 597 326; 596 327; 591 327; 591 335; 592 336; 592 338; 593 339; 593 342; 594 343; 594 353; 593 354; 593 362; 594 363; 594 369; 597 372; 598 372; 599 373; 608 373; 608 371; 609 370; 609 369; 611 367; 620 367; 621 366; 621 351; 620 350; 620 346; 619 345; 619 342; 618 341; 618 320
27; 130 347; 129 348; 119 348; 118 349; 108 349; 108 350; 109 351; 109 354; 110 355; 110 358; 111 359; 111 362; 112 363; 112 367; 113 368; 113 370; 114 371; 114 373; 115 374; 115 376; 125 376; 127 374; 127 373; 128 372; 128 369; 129 368; 129 367; 130 366; 131 366; 132 365; 133 365; 136 362; 137 362; 137 352; 133 348; 132 348; 131 347
28; 767 372; 765 374; 760 374; 759 375; 757 375; 756 376; 754 376; 753 377; 750 377; 749 378; 748 378; 746 380; 746 385; 745 386; 745 387; 744 388; 743 388; 742 389; 739 389; 739 397; 740 398; 740 403; 742 405; 748 405; 749 406; 749 407; 754 412; 754 422; 763 422; 768 417; 769 417; 770 416; 777 416; 778 415; 779 415; 780 414; 781 414; 781 406; 780 405; 780 403; 779 402; 779 400; 778 399; 778 398; 777 397; 777 376; 776 375; 776 374; 775 373; 775 372
29; 999 379; 998 380; 997 380; 995 382; 994 382; 992 384; 991 384; 989 386; 988 386; 987 387; 986 387; 985 388; 983 388; 982 389; 978 389; 977 390; 975 390; 974 391; 973 391; 971 393; 970 393; 969 394; 968 394; 966 396; 966 397; 965 398; 965 407; 972 414; 972 418; 974 420; 983 420; 984 419; 985 419; 986 418; 987 418; 989 416; 990 416; 991 415; 992 415; 993 414; 995 414; 996 413; 998 413; 999 412; 1001 412; 1002 411; 1004 411; 1005 410; 1006 410; 1007 409; 1023 409; 1023 401; 1017 401; 1016 400; 1015 400; 1014 399; 1014 398; 1013 397; 1013 396; 1012 395; 1012 394; 1011 393; 1011 391; 1010 390; 1009 390; 1008 389; 1008 386; 1007 385; 1007 379
30; 738 389; 737 390; 736 390; 735 391; 733 391; 732 392; 731 392; 730 393; 728 393; 727 394; 726 394; 725 395; 713 395; 712 396; 712 404; 713 405; 713 419; 712 420; 712 432; 713 433; 713 436; 717 440; 718 440; 719 441; 720 441; 721 442; 732 442; 732 439; 734 437; 740 437; 741 436; 742 436; 742 428; 741 427; 741 423; 740 422; 740 409; 741 408; 741 405; 739 403; 739 398; 738 397
31; 771 438; 770 439; 768 439; 767 440; 766 440; 765 441; 764 441; 763 442; 762 442; 761 443; 759 443; 758 444; 755 444; 754 445; 752 445; 751 446; 736 446; 736 454; 737 455; 737 456; 738 457; 738 458; 739 459; 739 460; 741 462; 741 463; 742 464; 742 471; 743 472; 743 473; 752 473; 753 472; 755 472; 756 471; 759 471; 760 470; 774 470; 775 469; 776 469; 777 468; 778 468; 779 467; 780 467; 781 466; 783 466; 784 465; 784 456; 783 455; 783 454; 782 453; 782 451; 781 450; 781 439; 780 438
32; 229 450; 229 479; 240 479; 241 480; 248 480; 249 481; 250 481; 255 486; 256 486; 257 487; 268 487; 269 486; 269 479; 270 478; 270 477; 273 474; 274 474; 274 459; 273 458; 272 458; 271 457; 268 457; 267 456; 263 456; 262 455; 259 455; 258 454; 247 454; 246 453; 243 453; 242 452; 240 452; 239 451; 238 451; 237 450
33; 112 484; 111 485; 111 486; 110 487; 110 489; 109 490; 109 492; 108 493; 108 494; 107 495; 107 496; 106 497; 106 508; 117 508; 118 509; 119 509; 120 510; 120 516; 117 519; 117 520; 116 521; 116 530; 131 530; 131 525; 132 524; 132 514; 133 513; 133 511; 134 510; 134 509; 135 508; 135 507; 136 506; 136 505; 137 504; 137 502; 138 501; 138 500; 139 499; 139 489; 133 489; 131 487; 130 487; 129 486; 125 486; 124 485; 123 485; 122 484
34; 753 496; 752 496; 751 497; 740 497; 740 512; 741 513; 741 514; 742 515; 742 516; 743 517; 745 517; 746 518; 760 518
35; 760 518; 761 519; 761 520; 762 521; 762 523; 764 525; 773 525; 774 524; 789 524; 789 504; 790 503; 790 501; 791 500; 791 498; 792 497; 792 480; 782 480; 781 479; 770 479; 769 480; 766 480; 765 481; 763 481; 762 482; 761 482; 760 483; 759 483; 758 484; 758 490; 757 491; 757 492; 753 496
36; 73 523; 72 524; 71 524; 70 525; 70 537; 69 538; 54 538; 53 539; 52 539; 52 544; 53 545; 53 550; 54 550; 55 549; 62 549; 63 550; 63 564; 66 567; 66 568; 67 569; 78 569; 79 568; 79 565; 80 564; 80 549; 81 548; 81 547; 82 546; 82 533; 83 532; 83 523
37; 728 529; 727 530; 727 532; 724 535; 724 547; 723 548; 723 556; 724 556; 725 557; 727 557; 728 558; 729 558; 730 559; 731 559; 732 560; 733 560; 734 561; 736 561; 737 562; 740 562; 741 563; 743 563; 744 564; 745 564; 746 565; 747 565; 748 566; 749 566; 752 569; 762 569; 762 556; 763 555; 763 554; 766 551; 766 542; 764 542; 763 541; 761 541; 760 540; 759 540; 758 539; 757 539; 756 538; 755 538; 754 537; 753 537; 752 536; 750 536; 749 535; 748 535; 743 530; 742 530; 741 529
38; 49 540; 48 541; 45 541; 44 542; 43 542; 41 544; 40 544; 39 545; 34 545; 33 546; 31 546; 30 547; 29 547; 28 548; 26 548; 25 549; 23 549; 23 557; 24 558; 24 559; 33 559; 34 558; 38 558; 39 557; 42 557; 43 556; 44 556; 46 554; 47 554; 48 553; 49 553; 51 551; 52 551; 52 545; 51 544; 51 540
39; 662 529; 657 534; 656 534; 654 536; 653 536; 652 537; 651 537; 650 538; 648 538; 647 539; 644 539; 643 540; 641 540; 640 541; 639 541; 634 546; 633 546; 632 547; 632 563; 633 564; 635 564; 636 565; 637 565; 639 567; 639 568; 640 569; 640 570; 648 570; 650 568; 651 568; 653 566; 654 566; 657 563; 658 563; 659 562; 660 562; 661 561; 662 561; 663 560; 664 560; 665 559; 666 559; 667 558; 668 558; 670 556; 672 556; 673 555; 676 555; 677 554; 679 554; 680 553; 680 544; 678 542; 678 541; 677 540; 676 540; 674 538; 673 538; 672 537; 672 536; 671 535; 671 529
40; 855 558; 847 566; 846 566; 844 568; 843 568; 842 569; 841 569; 840 570; 839 570; 838 571; 837 571; 836 572; 835 572; 834 573; 833 573; 832 574; 831 574; 829 576; 829 577; 828 578; 828 588; 831 591; 831 595; 832 596; 833 596; 835 598; 836 598; 838 600; 848 600; 863 585; 864 585; 867 582; 868 582; 870 580; 871 580; 872 579; 874 579; 875 578; 877 578; 877 570; 872 565; 871 565; 870 564; 869 564; 866 561; 866 560; 865 559; 865 558
41; 407 572; 406 573; 405 573; 404 574; 401 574; 400 575; 397 575; 396 576; 391 576; 390 577; 389 577; 389 588; 390 589; 390 597; 389 598; 389 599; 388 600; 388 609; 389 610; 389 613; 390 614; 390 616; 391 617; 391 618; 393 620; 408 620; 409 619; 411 619; 412 618; 416 618; 417 617; 418 617; 419 616; 419 598; 418 597; 418 593; 417 592; 417 572
42; 459 583; 459 585; 458 586; 458 589; 457 590; 457 591; 456 592; 456 594; 455 595; 455 597; 452 600; 452 608; 453 609; 455 609; 456 610; 457 610; 458 611; 459 611; 460 612; 461 612; 462 613; 463 613; 469 619; 469 620; 470 621; 470 622; 473 625; 474 625; 475 626; 476 626; 477 627; 485 627; 485 626; 487 624; 487 623; 489 621; 490 621; 491 620; 494 620; 497 617; 497 616; 498 615; 498 603; 496 601; 494 601; 493 600; 491 600; 490 599; 489 599; 488 598; 487 598; 486 597; 485 597; 483 595; 482 595; 480 593; 479 593; 477 591; 476 591; 474 589; 473 589; 469 585; 469 584; 468 583
43; 518 607; 518 608; 517 609; 516 609; 515 610; 513 610; 512 611; 511 611; 510 612; 509 612; 509 613; 508 614; 508 619; 506 621; 506 629; 508 631; 509 631; 513 635; 514 635; 516 637; 517 637; 519 639; 520 639; 530 649; 530 650; 532 652; 532 656; 541 656; 541 655; 542 654; 542 652; 543 651; 543 650; 544 649; 544 647; 545 646; 545 644; 546 643; 546 642; 547 641; 547 640; 550 637; 550 628; 549 628; 547 626; 546 626; 543 623; 542 623; 537 618; 537 617; 536 616; 536 615; 530 609; 529 609; 528 608; 528 607
44; 961 662; 961 663; 960 664; 960 665; 958 667; 958 668; 956 670; 956 671; 953 674; 952 674; 950 676; 949 676; 948 677; 947 677; 946 678; 945 678; 940 683; 940 684; 939 685; 939 694; 940 695; 940 696; 941 697; 941 702; 942 702; 943 703; 944 703; 945 704; 946 704; 950 708; 960 708; 962 706; 962 705; 963 704; 963 703; 966 700; 966 699; 968 697; 968 696; 970 694; 970 693; 980 683; 981 683; 983 681; 984 681; 985 680; 985 672; 984 672; 983 671; 981 671; 980 670; 979 670; 978 669; 977 669; 975 667; 974 667; 971 664; 971 663; 970 662
45; 174 672; 173 673; 173 674; 172 675; 172 676; 171 677; 171 679; 169 681; 168 681; 166 683; 166 684; 165 685; 165 687; 164 688; 164 696; 166 698; 167 698; 168 699; 170 699; 171 700; 172 700; 182 710; 182 711; 188 717; 189 717; 190 718; 199 718; 200 717; 200 707; 201 706; 201 705; 203 703; 204 703; 205 702; 206 702; 207 701; 208 701; 209 700; 210 700; 210 691; 209 691; 208 690; 207 690; 206 689; 205 689; 203 687; 202 687; 200 685; 199 685; 197 683; 196 683; 194 681; 193 681; 191 679; 190 679; 188 677; 187 677; 182 672
46; 345 672; 345 682; 344 683; 344 701; 343 702; 343 714; 344 715; 345 715; 347 717; 349 717; 350 718; 351 718; 352 719; 362 719; 364 717; 365 717; 366 716; 368 716; 369 715; 370 715; 372 713; 372 712; 374 710; 374 695; 363 695; 362 696; 355 696; 353 694; 353 684; 354 683; 354 672
47; 324 737; 318 743; 317 743; 316 744; 307 744; 305 746; 305 759; 306 760; 306 761; 309 764; 309 765; 310 766; 310 768; 311 769; 311 782; 312 783; 312 784; 313 785; 313 786; 314 787; 321 787; 322 788; 330 788; 330 784; 332 782; 334 782; 335 781; 339 781; 341 779; 341 768; 340 767; 340 765; 339 764; 339 763; 338 762; 338 761; 337 760; 337 759; 336 758; 336 756; 335 755; 335 752; 334 751; 334 746; 333 745; 333 737
48; 628 759; 627 760; 627 761; 626 762; 626 764; 625 765; 625 766; 622 769; 617 769; 617 777; 618 778; 618 786; 620 788; 620 789; 621 789; 623 791; 624 791; 625 792; 629 792; 630 793; 638 793; 639 794; 641 794; 642 795; 644 795; 645 796; 646 796; 648 798; 649 798; 650 799; 660 799; 660 798; 661 797; 661 795; 662 794; 662 792; 663 791; 663 782; 664 781; 664 773; 663 772; 658 772; 657 771; 654 771; 653 770; 651 770; 650 769; 649 769; 648 768; 647 768; 639 760; 638 760; 637 759
49; 749 773; 748 774; 747 774; 746 775; 730 775; 730 798; 729 799; 729 820; 737 820; 738 821; 746 821; 749 818; 754 818; 756 816; 756 799; 757 798; 757 773
50; 501 798; 499 800; 498 800; 495 803; 494 803; 493 804; 493 805; 490 808; 490 809; 487 812; 486 812; 482 816; 481 816; 477 820; 476 820; 475 821; 473 821; 472 822; 472 830; 474 832; 475 832; 480 837; 480 838; 481 839; 481 840; 484 843; 493 843; 493 842; 501 834; 502 834; 504 832; 505 832; 507 830; 508 830; 509 829; 512 829; 513 828; 514 828; 515 827; 516 827; 518 825; 519 825; 519 814; 513 808; 512 808; 511 807; 511 806; 509 804; 509 798
51; 595 800; 595 803; 594 804; 594 828; 598 828; 599 829; 605 829; 606 830; 611 830; 612 831; 613 831; 616 834; 617 834; 619 836; 621 836; 622 837; 630 837; 631 836; 633 836; 635 834; 635 831; 636 830; 636 829; 637 828; 637 817; 638 816; 638 808; 637 807; 631 807; 630 806; 625 806; 624 805; 619 805; 618 804; 613 804; 612 803; 609 803; 608 802; 606 802; 605 801; 604 801; 603 800
52; 853 804; 851 806; 850 806; 842 814; 841 814; 839 816; 838 816; 836 818; 835 818; 833 820; 832 820; 831 821; 830 821; 828 823; 827 823; 825 825; 824 825; 824 835; 825 835; 827 837; 827 839; 828 840; 828 842; 829 843; 829 844; 832 847; 841 847; 843 845; 844 845; 847 842; 848 842; 851 839; 852 839; 854 837; 855 837; 856 836; 860 836; 861 835; 863 835; 864 834; 865 834; 868 831; 869 831; 871 829; 873 829; 875 827; 875 817; 874 816; 869 816; 868 815; 865 815; 864 814; 863 814; 862 813; 862 804
53; 8 840; 8 843; 7 844; 7 845; 3 849; 0 849; 0 868; 3 868; 4 869; 5 869; 6 870; 7 870; 8 871; 9 871; 10 872; 11 872; 13 874; 14 874; 18 878; 19 878; 22 881; 23 881; 25 883; 25 884; 27 886; 35 886; 35 884; 36 883; 36 879; 37 878; 37 877; 38 876; 39 876; 40 875; 41 875; 42 874; 42 873; 45 870; 45 862; 44 862; 43 861; 41 861; 39 859; 38 859; 37 858; 36 858; 32 854; 31 854; 28 851; 28 850; 26 848; 26 847; 19 840
54; 140 848; 139 849; 137 849; 136 850; 135 850; 134 851; 132 851; 131 852; 122 852; 121 853; 119 853; 118 854; 117 854; 116 855; 112 855; 111 856; 108 856; 106 858; 106 870; 107 871; 107 873; 108 874; 108 879; 110 881; 110 882; 111 883; 112 883; 115 886; 124 886; 132 878; 134 878; 135 877; 138 877; 139 876; 142 876; 143 875; 149 875; 152 872; 152 863; 151 862; 151 861; 150 860; 150 857; 149 856; 149 848
55; 519 871; 519 872; 515 876; 510 876; 510 887; 511 888; 511 896; 510 897; 508 897; 508 899; 509 900; 509 902; 512 902; 515 905; 515 920; 523 920; 526 917; 529 917; 530 916; 536 916; 537 915; 538 915; 539 914; 540 914; 541 913; 542 913; 542 904; 541 903; 541 901; 540 900; 540 888; 541 887; 541 877; 540 876; 540 875; 539 874; 539 873; 530 873; 529 872; 528 872; 527 871
56; 936 872; 936 874; 935 875; 935 882; 931 886; 931 900; 932 901; 934 901; 935 902; 939 902; 940 903; 953 903; 954 904; 959 904; 960 905; 964 905; 965 906; 974 906; 974 893; 975 892; 975 891; 976 890; 976 879; 971 879; 970 878; 961 878; 960 877; 959 877; 958 876; 957 876; 956 875; 954 875; 953 874; 950 874; 949 873; 947 873; 946 872
57; 488 882; 486 884; 485 884; 483 886; 482 886; 480 888; 479 888; 475 892; 474 892; 472 894; 471 894; 468 897; 467 897; 466 898; 465 898; 464 899; 463 899; 462 900; 457 900; 457 908; 458 909; 458 916; 461 919; 461 923; 462 924; 462 929; 464 931; 466 931; 467 930; 469 930; 470 929; 471 929; 472 928; 472 927; 477 922; 478 922; 482 918; 483 918; 484 917; 485 917; 486 916; 487 916; 488 915; 489 915; 490 914; 491 914; 492 913; 494 913; 495 912; 497 912; 499 910; 500 910; 502 908; 503 908; 505 906; 505 903; 506 902; 508 902; 508 900; 507 899; 507 897; 504 897; 502 895; 502 894; 501 893; 501 891; 500 890; 500 889; 497 886; 497 884; 496 883; 496 882
58; 608 898; 607 899; 606 899; 605 900; 605 901; 604 902; 604 906; 601 909; 600 909; 598 911; 598 919; 605 926; 605 927; 606 928; 607 928; 612 933; 612 934; 621 943; 621 944; 622 945; 630 945; 630 944; 631 943; 631 939; 639 931; 640 931; 640 923; 636 919; 636 918; 630 912; 629 912; 628 911; 628 910; 626 908; 626 907; 625 906; 625 905; 618 898
59; 168 914; 167 915; 145 915; 145 925; 144 926; 144 928; 143 929; 143 938; 145 940; 159 940; 160 941; 164 941; 165 942; 168 942; 170 944; 171 944; 172 945; 185 945; 186 944; 188 944; 189 943; 190 943; 190 933; 189 932; 189 927; 188 926; 188 916; 187 915; 182 915; 181 914
60; 456 916; 455 917; 450 917; 449 918; 447 918; 446 919; 445 919; 444 920; 442 920; 441 921; 421 921; 421 930; 420 931; 420 932; 419 933; 419 948; 439 948; 440 949; 449 949; 450 948; 460 948; 461 947; 461 937; 462 936; 462 935; 463 934; 463 933; 464 932; 461 929; 461 924; 460 923; 460 919; 457 916
61; 927 911; 925 913; 909 913; 909 922; 908 923; 908 928; 907 929; 907 933; 906 934; 906 939; 905 940; 905 941; 904 942; 904 951; 905 952; 905 953; 906 954; 906 955; 907 956; 908 956; 909 957; 912 957; 913 958; 915 958; 916 959; 926 959; 929 956; 932 956; 933 955; 934 955; 935 954; 935 943; 934 942; 934 941; 933 940; 933 934; 934 933; 934 920; 935 919; 935 911
62; 396 929; 395 930; 380 930; 378 932; 378 957; 377 958; 377 960; 376 961; 376 973; 377 974; 377 975; 378 976; 382 976; 383 977; 384 977; 386 979; 394 979; 398 975; 404 975; 406 973; 406 965; 405 964; 405 961; 404 960; 404 929
63; 854 940; 852 942; 836 942; 835 943; 835 961; 834 962; 834 965; 833 966; 833 967; 831 969; 831 985; 840 985; 841 986; 842 986; 844 988; 844 989; 845 990; 853 990; 854 989; 855 989; 856 988; 857 988; 858 987; 859 987; 861 985; 861 984; 862 983; 862 981; 863 980; 863 970; 862 969; 862 940
64; 926 1003; 924 1005; 923 1005; 922 1006; 921 1006; 920 1007; 919 1007; 917 1009; 916 1009; 913 1012; 912 1012; 905 1019; 905 1023; 941 1023; 941 1011; 939 1011; 938 1010; 936 1010; 934 1008; 934 1003
