0; 923 0; 923 3; 922 4; 922 6; 921 7; 921 17; 922 18; 922 19; 924 21; 924 22; 925 23; 935 23; 936 22; 937 22; 938 21; 945 21; 947 19; 947 16; 948 15; 948 0
1; 854 15; 854 16; 853 17; 853 26; 857 30; 857 31; 858 32; 858 34; 859 35; 859 38; 861 40; 861 41; 870 41; 870 33; 868 31; 868 30; 867 29; 867 27; 866 26; 866 24; 865 23; 865 21; 864 20; 864 18; 863 17; 863 16; 862 15
2; 238 110; 237 111; 236 111; 228 119; 227 119; 223 123; 222 123; 220 125; 219 125; 217 127; 216 127; 213 130; 212 130; 211 131; 211 139; 212 140; 212 141; 214 143; 214 144; 221 151; 222 151; 223 152; 231 152; 233 150; 233 149; 239 143; 240 143; 245 138; 246 138; 253 131; 254 131; 256 129; 257 129; 257 120; 256 119; 255 119; 246 110
3; 980 124; 974 130; 973 130; 971 132; 970 132; 969 133; 968 133; 966 135; 966 144; 967 145; 967 146; 970 149; 970 150; 972 152; 972 153; 973 154; 973 155; 974 156; 974 157; 975 158; 975 159; 976 160; 976 161; 978 163; 978 164; 981 167; 981 168; 982 169; 982 170; 983 171; 991 171; 995 167; 996 167; 999 164; 1000 164; 1002 162; 1002 153; 1000 151; 1000 150; 998 148; 998 147; 997 146; 997 145; 995 143; 995 142; 994 141; 994 140; 993 139; 993 137; 992 136; 992 131; 991 130; 991 129; 990 128; 990 127; 989 126; 989 125; 988 124
4; 637 129; 635 131; 635 132; 634 133; 634 134; 633 135; 633 136; 631 138; 631 139; 628 142; 628 143; 627 144; 627 147; 626 148; 626 149; 625 150; 625 151; 624 152; 624 153; 623 154; 623 155; 622 156; 622 157; 621 158; 621 170; 642 170; 643 169; 643 168; 645 166; 645 165; 646 164; 646 163; 648 161; 648 160; 653 155; 653 154; 655 152; 655 151; 657 149; 657 148; 659 146; 659 137; 658 136; 657 136; 656 135; 655 135; 654 134; 652 134; 650 132; 649 132; 646 129
5; 915 202; 907 202; 904 206; 902 226; 898 233; 898 242; 900 244; 910 243; 910 236; 918 221; 920 208
6; 961 197; 973 186; 973 177; 955 153; 947 153; 933 164
7; 933 164; 919 170; 922 193; 915 202; 920 208; 957 208; 961 197
8; 575 158; 574 159; 574 160; 573 161; 573 162; 572 163; 572 165; 571 166; 571 169; 570 170; 570 187; 571 188; 571 189; 572 190; 572 192; 573 193; 573 194; 575 196; 575 197; 578 200; 578 201; 579 202; 579 203; 582 206; 591 206; 592 205; 593 205; 601 197; 602 197; 603 196; 609 196; 609 184; 610 183; 610 170; 601 170; 600 171; 594 171; 593 170; 593 169; 592 168; 592 165; 585 158
9; 611 170; 611 183; 610 184; 610 197; 611 197; 612 198; 613 198; 614 199; 615 199; 618 202; 619 202; 620 203; 622 203; 623 204; 624 204; 628 208; 636 208; 638 206; 638 205; 639 204; 639 203; 640 202; 640 196; 641 195; 641 173; 642 172; 642 171; 612 171
10; 150 217; 150 218; 149 219; 149 220; 148 221; 148 226; 147 227; 147 244; 149 244; 150 245; 153 245; 154 246; 156 246; 157 247; 158 247; 159 248; 160 248; 161 249; 162 249; 163 250; 164 250; 165 251; 168 251; 169 252; 172 252; 173 253; 174 253; 175 254; 176 254; 177 255; 186 255; 187 254; 187 253; 188 252; 188 250; 189 249; 189 245; 190 244; 190 233; 189 232; 188 232; 187 231; 185 231; 184 230; 183 230; 182 229; 179 229; 178 228; 176 228; 175 227; 174 227; 173 226; 172 226; 166 220; 165 220; 164 219; 163 219; 162 218; 161 218; 160 217
11; 217 291; 214 294; 214 295; 213 296; 213 297; 211 299; 211 300; 208 303; 208 304; 204 308; 204 309; 202 311; 201 311; 197 315; 197 325; 201 329; 201 330; 202 331; 202 333; 203 334; 203 335; 204 336; 212 336; 219 329; 220 329; 233 316; 234 316; 237 313; 238 313; 238 303; 236 301; 236 300; 229 293; 228 293; 226 291
12; 21 308; 20 309; 20 310; 19 311; 19 312; 18 313; 18 314; 16 316; 16 317; 10 323; 10 324; 3 331; 0 331; 0 345; 3 345; 9 351; 19 351; 19 350; 25 344; 25 343; 36 332; 37 332; 38 331; 39 331; 42 328; 42 319; 39 316; 39 315; 36 312; 35 312; 34 311; 33 311; 31 309; 30 309; 29 308
13; 894 316; 894 318; 893 319; 893 321; 891 323; 891 324; 888 327; 887 327; 885 329; 885 330; 883 332; 883 333; 886 336; 886 337; 890 341; 890 344; 892 346; 892 347; 893 348; 895 346; 903 346; 904 347; 905 347; 907 349; 908 349; 910 351; 911 351; 913 353; 922 353; 923 352; 923 351; 925 349; 925 348; 930 343; 931 343; 932 342; 932 334; 931 333; 929 333; 928 332; 926 332; 925 331; 924 331; 922 329; 921 329; 919 327; 918 327; 917 326; 916 326; 914 324; 913 324; 911 322; 910 322; 904 316
14; 868 334; 868 335; 867 336; 867 337; 866 338; 866 340; 865 341; 865 342; 864 343; 864 344; 859 349; 859 350; 858 351; 858 352; 856 354; 856 355; 855 356; 855 357; 854 358; 854 359; 850 363; 850 373; 851 373; 852 374; 853 374; 854 375; 858 375; 859 376; 860 376; 863 379; 872 379; 873 378; 873 377; 874 376; 874 375; 875 374; 875 372; 876 371; 876 370; 880 366; 880 365; 882 363; 882 362; 886 358; 886 357; 888 355; 888 354; 891 351; 891 350; 892 349; 892 348; 891 347; 891 346; 889 344; 889 341; 885 337; 885 336; 883 334
15; 374 410; 374 413; 373 414; 371 414; 370 415; 361 415; 360 414; 352 414; 352 423; 353 424; 353 426; 355 428; 355 429; 356 430; 364 430; 365 429; 367 429; 368 428; 369 428; 370 427; 371 427; 372 426; 373 426; 374 425; 375 425; 377 423; 378 423; 379 422; 379 419; 380 418; 382 418; 382 410
16; 559 436; 558 437; 552 437; 551 438; 544 438; 543 437; 529 437; 528 438; 527 438; 525 440; 525 441; 524 442; 524 452; 525 453; 525 454; 526 455; 526 456; 527 457; 527 460; 528 461; 528 463; 530 465; 545 465; 546 464; 552 464; 553 463; 558 463; 559 462; 562 462; 563 461; 569 461; 570 460; 571 460; 573 458; 573 450; 572 449; 572 447; 571 446; 571 439; 570 438; 570 437; 569 436
17; 110 483; 100 493; 99 493; 91 501; 90 501; 88 503; 87 503; 86 504; 85 504; 84 505; 83 505; 83 513; 84 514; 85 514; 86 515; 87 515; 88 516; 89 516; 92 519; 92 520; 95 523; 103 523; 109 517; 110 517; 112 515; 113 515; 115 513; 116 513; 117 512; 118 512; 119 511; 121 511; 123 509; 124 509; 125 508; 125 507; 127 505; 127 504; 128 503; 128 490; 123 485; 122 485; 121 484; 120 484; 119 483
18; 807 498; 803 502; 803 503; 802 504; 802 505; 801 506; 801 507; 799 509; 799 510; 788 521; 788 522; 787 523; 787 532; 788 533; 788 534; 790 536; 791 536; 792 537; 794 537; 795 538; 797 538; 798 539; 799 539; 801 541; 809 541; 809 540; 811 538; 811 537; 812 536; 812 534; 813 533; 813 532; 815 530; 815 529; 817 527; 817 526; 824 519; 824 518; 826 516; 826 506; 825 505; 824 505; 822 503; 821 503; 816 498
19; 650 515; 643 522; 643 523; 640 526; 640 527; 636 531; 636 532; 628 540; 628 549; 630 551; 631 551; 632 552; 635 552; 637 554; 638 554; 640 556; 648 556; 649 555; 649 554; 650 553; 650 552; 659 543; 659 542; 661 540; 662 540; 664 538; 665 538; 666 537; 667 537; 668 536; 669 536; 672 533; 672 525; 666 519; 665 519; 664 518; 663 518; 662 517; 661 517; 659 515
20; 353 512; 351 514; 351 515; 342 524; 341 524; 339 526; 338 526; 337 527; 336 527; 335 528; 334 528; 329 533; 329 541; 330 542; 330 543; 334 547; 335 547; 337 549; 338 549; 343 554; 351 554; 351 553; 353 551; 353 550; 354 549; 354 548; 356 546; 356 545; 359 542; 360 542; 366 536; 366 535; 373 528; 373 519; 372 519; 370 517; 369 517; 368 516; 367 516; 366 515; 365 515; 362 512
21; 997 570; 996 585; 1001 590; 1014 598; 1023 598; 1023 531
22; 1023 531; 1015 531; 1008 525; 999 525; 992 536; 982 539; 978 542; 976 546; 976 554; 997 570
23; 90 560; 89 561; 79 561; 75 565; 75 573; 76 574; 76 575; 77 576; 77 577; 78 578; 78 579; 79 580; 79 581; 80 582; 80 583; 81 584; 81 585; 82 586; 82 588; 83 589; 83 591; 84 592; 84 593; 85 594; 85 595; 86 596; 86 598; 87 599; 87 601; 88 602; 88 606; 103 606; 103 604; 104 603; 105 603; 106 602; 109 602; 111 600; 111 591; 110 590; 110 589; 109 588; 109 587; 108 586; 108 585; 107 584; 107 583; 106 582; 106 580; 105 579; 105 578; 104 577; 104 568; 103 567; 103 564; 101 562; 101 561; 100 560
24; 594 563; 593 564; 593 565; 592 566; 592 567; 590 569; 590 570; 588 572; 588 573; 587 574; 587 584; 591 588; 594 588; 595 589; 597 589; 598 590; 602 590; 603 591; 607 591; 608 592; 611 592; 612 593; 614 593; 615 594; 617 594; 618 595; 619 595; 620 596; 630 596; 630 595; 631 594; 631 589; 632 588; 632 585; 633 584; 633 574; 632 573; 629 573; 628 572; 625 572; 624 571; 622 571; 621 570; 619 570; 618 569; 616 569; 615 568; 614 568; 613 567; 612 567; 611 566; 610 566; 609 565; 607 565; 606 564; 605 564; 604 563
25; 326 584; 324 586; 323 586; 316 593; 316 601; 326 611; 326 612; 329 615; 329 616; 331 618; 331 619; 333 621; 333 623; 334 624; 334 625; 336 627; 336 628; 345 628; 347 626; 348 626; 349 625; 350 625; 352 623; 353 623; 356 620; 356 611; 354 609; 354 608; 351 605; 351 604; 350 603; 350 602; 349 601; 349 600; 347 598; 347 597; 345 595; 345 594; 343 592; 343 591; 342 590; 342 589; 340 587; 340 586; 338 584
26; 689 570; 688 571; 687 571; 684 574; 683 574; 682 575; 680 575; 679 576; 677 576; 676 577; 676 587; 677 588; 677 590; 678 591; 678 594; 679 595; 679 598; 680 599; 680 612; 681 613; 681 614; 684 617; 692 617; 693 616; 695 616; 696 615; 698 615; 699 614; 700 614; 701 613; 703 613; 704 612; 706 612; 708 610; 708 600; 707 599; 707 598; 706 597; 706 595; 705 594; 705 592; 704 591; 704 590; 703 589; 703 588; 702 587; 702 585; 701 584; 701 581; 700 580; 700 577; 699 576; 699 573; 698 572; 698 571; 697 570
27; 88 607; 88 612; 87 613; 87 615; 85 617; 85 618; 84 619; 84 630; 85 631; 86 631; 87 632; 88 632; 89 633; 90 633; 91 634; 93 634; 94 635; 95 635; 96 636; 97 636; 98 637; 99 637; 105 643; 105 644; 106 645; 106 646; 108 648; 109 648; 113 652; 122 652; 123 651; 124 651; 125 650; 126 650; 127 649; 128 649; 130 647; 130 638; 129 637; 129 623; 128 622; 127 622; 126 621; 125 621; 124 620; 123 620; 122 619; 121 619; 120 618; 119 618; 118 617; 116 617; 115 616; 113 616; 111 614; 110 614; 109 613; 108 613; 107 612; 106 612; 105 611; 104 611; 103 610; 103 607
28; 449 685; 447 687; 447 688; 439 696; 439 707; 442 710; 443 710; 445 712; 446 712; 448 714; 450 714; 451 715; 452 715; 453 716; 454 716; 455 717; 456 717; 458 719; 459 719; 465 725; 474 725; 477 722; 477 721; 482 716; 483 716; 484 715; 484 707; 482 705; 481 705; 479 703; 478 703; 474 699; 473 699; 467 693; 466 693; 463 690; 462 690; 457 685
29; 325 726; 324 727; 324 728; 323 729; 323 730; 322 731; 322 732; 321 733; 321 734; 320 735; 320 736; 319 737; 319 738; 317 740; 317 741; 316 742; 316 743; 314 745; 314 746; 313 747; 313 748; 311 750; 311 751; 310 752; 310 753; 308 755; 308 756; 307 757; 307 765; 308 766; 309 766; 311 768; 312 768; 314 770; 315 770; 319 774; 327 774; 328 773; 328 772; 329 771; 329 770; 330 769; 330 768; 332 766; 332 765; 334 763; 334 762; 336 760; 336 759; 337 758; 337 757; 338 756; 338 755; 339 754; 339 753; 340 752; 340 751; 342 749; 342 748; 344 746; 344 737; 343 736; 342 736; 334 728; 334 727; 333 726
30; 69 745; 69 746; 66 749; 66 750; 65 751; 65 754; 64 755; 64 760; 63 761; 63 762; 62 763; 62 772; 63 773; 71 773; 71 771; 72 770; 72 768; 73 767; 73 764; 74 763; 74 762; 75 761; 75 759; 76 758; 76 757; 77 756; 77 745
31; 922 753; 921 754; 921 755; 920 756; 920 757; 917 760; 916 760; 910 766; 909 766; 907 768; 905 768; 900 773; 900 784; 902 786; 902 787; 906 791; 915 791; 923 783; 924 783; 925 782; 927 782; 928 781; 930 781; 937 774; 938 774; 941 771; 941 762; 940 761; 939 761; 938 760; 937 760; 930 753
32; 28 854; 27 855; 26 855; 24 857; 24 858; 17 865; 17 875; 18 876; 18 877; 19 878; 19 879; 21 881; 21 882; 23 884; 23 885; 24 886; 24 887; 26 889; 26 890; 27 891; 27 892; 29 894; 29 895; 30 896; 30 897; 31 898; 31 901; 32 902; 32 903; 33 904; 39 904; 40 903; 45 903; 45 897; 47 895; 48 895; 50 893; 51 893; 51 883; 50 882; 50 881; 48 879; 48 878; 47 877; 47 876; 46 875; 46 874; 45 873; 45 872; 44 871; 44 870; 43 869; 43 866; 42 865; 42 862; 41 861; 41 859; 39 857; 39 856; 37 854
33; 710 864; 710 872; 709 873; 709 874; 708 875; 708 876; 707 877; 707 878; 706 879; 706 881; 705 882; 705 883; 704 884; 704 885; 703 886; 703 887; 702 888; 702 889; 701 890; 701 891; 700 892; 700 893; 699 894; 699 895; 698 896; 698 905; 699 906; 700 906; 702 908; 703 908; 704 909; 705 909; 706 910; 708 910; 709 911; 719 911; 723 907; 723 906; 724 905; 724 904; 725 903; 725 901; 726 900; 726 898; 727 897; 727 895; 728 894; 728 891; 729 890; 729 888; 730 887; 730 886; 731 885; 731 884; 732 883; 732 873; 731 873; 730 872; 728 872; 727 871; 725 871; 718 864
34; 567 889; 566 890; 565 890; 563 892; 562 892; 560 894; 559 894; 558 895; 557 895; 555 897; 555 905; 556 906; 556 907; 557 908; 557 910; 558 911; 558 912; 559 913; 559 914; 562 917; 563 917; 565 919; 565 920; 567 922; 567 923; 569 925; 569 926; 572 929; 572 930; 573 931; 581 931; 582 930; 583 930; 584 929; 585 929; 586 928; 588 928; 589 927; 590 927; 591 926; 592 926; 593 925; 594 925; 594 917; 591 914; 591 913; 589 911; 589 910; 588 909; 588 908; 585 905; 585 904; 583 902; 583 901; 582 900; 582 899; 581 898; 581 896; 580 895; 580 894; 579 893; 579 892; 576 889
35; 741 901; 741 904; 740 905; 740 906; 739 907; 739 909; 738 910; 738 911; 737 912; 737 913; 736 914; 736 915; 735 916; 735 918; 734 919; 734 920; 733 921; 733 922; 732 923; 732 924; 728 928; 728 929; 727 930; 727 938; 728 938; 730 940; 731 940; 732 941; 733 941; 734 942; 737 942; 738 943; 741 943; 742 944; 743 944; 744 945; 753 945; 753 937; 754 936; 754 935; 755 934; 755 932; 756 931; 756 929; 757 928; 757 927; 758 926; 758 925; 759 924; 759 922; 760 921; 760 920; 762 918; 762 917; 763 916; 763 915; 764 914; 765 914; 765 905; 764 905; 763 904; 756 904; 755 903; 753 903; 752 902; 751 902; 750 901
36; 40 904; 39 905; 34 905; 34 911; 31 914; 31 915; 30 916; 30 917; 29 918; 29 919; 28 920; 28 921; 20 929; 20 939; 24 943; 25 943; 27 945; 27 946; 29 948; 38 948; 41 945; 41 944; 44 941; 44 940; 48 936; 48 935; 56 927; 56 926; 59 923; 59 915; 58 914; 58 913; 55 910; 54 910; 53 909; 51 909; 50 908; 49 908; 45 904
37; 696 978; 684 978; 679 982; 669 983; 669 991; 675 999; 677 1008; 685 1019; 685 1023; 694 1023; 694 1020; 698 1016; 707 1014; 715 1008
38; 715 1008; 723 1006; 735 998; 735 989; 724 970; 723 956; 715 956; 710 963; 702 965; 697 971; 696 978
