0; 49 0; 49 5; 50 6; 52 6; 53 7; 53 14; 54 15; 54 19; 55 20; 55 24; 56 25; 56 28; 57 29; 57 30; 58 31; 58 32; 59 33; 59 36; 60 37; 60 39; 69 39; 70 38; 71 38; 72 37; 81 37; 83 35; 84 35; 85 34; 86 34; 87 33; 89 33; 90 32; 94 32; 95 31; 96 31; 97 30; 98 30; 99 29; 101 29; 101 18; 100 17; 100 14; 99 13; 99 9; 98 8; 98 6; 97 5; 97 0
1; 897 0; 897 7; 898 8; 898 9; 900 11; 900 12; 901 13; 901 15; 902 16; 902 17; 903 18; 903 19; 905 21; 905 22; 906 23; 906 24; 915 24; 916 23; 918 23; 920 21; 921 21; 925 17; 926 17; 928 15; 929 15; 930 14; 932 14; 933 13; 935 13; 937 11; 944 11; 945 12; 945 13; 946 14; 946 15; 948 17; 959 17; 960 16; 968 16; 968 11; 974 5; 974 0
2; 810 0; 810 3; 807 6; 806 6; 802 10; 802 11; 800 13; 800 14; 798 16; 798 17; 795 20; 795 28; 796 28; 800 32; 800 33; 801 34; 801 42; 802 43; 811 43; 818 50; 827 50; 828 49; 828 48; 832 44; 832 43; 841 34; 841 26; 840 26; 838 24; 838 23; 836 21; 836 20; 819 3; 819 0
3; 375 4; 374 5; 373 5; 369 9; 368 9; 366 11; 365 11; 364 12; 362 12; 352 22; 352 30; 362 40; 362 41; 363 41; 368 46; 368 47; 372 51; 373 51; 374 52; 375 52; 377 54; 386 54; 387 53; 387 52; 390 49; 391 49; 393 47; 394 47; 395 46; 396 46; 400 42; 400 33; 397 30; 397 29; 393 25; 393 24; 392 24; 390 22; 389 22; 388 21; 388 6; 387 5; 386 5; 385 4
4; 1010 20; 1009 21; 1008 21; 1007 22; 1006 22; 1006 23; 1004 25; 1003 25; 1002 26; 1001 26; 1000 27; 999 27; 998 28; 997 28; 996 29; 996 30; 995 31; 995 32; 994 33; 994 34; 990 38; 989 38; 988 39; 987 39; 986 40; 985 40; 985 49; 996 60; 997 60; 1001 64; 1010 64; 1012 62; 1012 61; 1015 58; 1016 58; 1017 57; 1023 57; 1023 49; 1012 49; 1011 48; 1010 48; 1009 47; 1009 40; 1010 39; 1012 39; 1013 38; 1016 38; 1016 35; 1017 34; 1017 33; 1019 31; 1023 31; 1023 20
5; 605 31; 605 32; 601 36; 598 36; 596 38; 596 48; 597 49; 597 54; 598 55; 598 56; 599 57; 599 58; 600 59; 600 60; 602 62; 602 65; 603 66; 603 69; 613 69; 614 68; 621 68; 622 67; 624 67; 625 66; 626 66; 628 64; 637 64; 638 63; 641 63; 642 62; 643 62; 644 61; 644 53; 643 52; 643 50; 642 49; 642 47; 641 46; 641 37; 640 36; 640 32; 623 32; 622 33; 616 33; 614 31
6; 24 87; 46 98; 55 98; 58 82; 62 78; 72 76; 72 66; 67 58; 48 48; 35 48; 26 78
7; 26 78; 18 79; 12 63; 12 53; 15 50; 15 27; 12 18; 0 18; 0 91; 24 87
8; 205 54; 202 57; 201 57; 200 58; 196 58; 195 59; 193 59; 192 60; 189 60; 188 61; 187 61; 187 71; 188 72; 188 93; 189 94; 209 94; 210 95; 219 95; 219 88; 220 87; 220 86; 223 83; 224 83; 226 81; 226 73; 222 69; 222 67; 221 66; 221 63; 220 62; 220 61; 215 56; 215 55; 214 54
9; 919 63; 918 64; 917 64; 915 66; 914 66; 913 67; 912 67; 911 68; 911 85; 908 88; 907 88; 906 89; 905 89; 904 90; 904 99; 912 99; 916 95; 923 95; 924 96; 924 109; 934 109; 934 106; 935 105; 936 105; 937 104; 941 104; 941 101; 942 100; 943 100; 943 92; 942 92; 936 86; 936 71; 932 67; 932 66; 930 64; 929 64; 928 63
10; 288 50; 288 51; 287 52; 287 54; 285 56; 285 57; 279 63; 279 64; 278 65; 278 68; 277 69; 277 70; 276 71; 276 72; 270 78; 270 86; 271 87; 272 87; 274 89; 275 89; 280 94; 282 94; 283 95; 285 95; 289 99; 298 99; 299 98; 299 97; 302 94; 310 94; 313 91; 313 90; 314 89; 314 79; 313 78; 313 72; 315 70; 315 62; 314 62; 311 59; 310 59; 309 58; 308 58; 306 56; 305 56; 304 55; 303 55; 302 54; 301 54; 297 50
11; 697 56; 697 57; 694 60; 694 61; 692 63; 691 63; 688 66; 687 66; 687 67; 685 69; 685 70; 681 74; 681 82; 682 83; 684 83; 687 86; 687 87; 690 90; 690 91; 691 91; 697 97; 698 97; 699 98; 700 98; 702 100; 702 101; 703 102; 703 103; 704 104; 704 105; 713 105; 713 104; 716 101; 717 101; 720 98; 720 97; 722 95; 722 94; 727 89; 727 80; 724 77; 723 77; 719 73; 719 63; 711 63; 710 62; 709 62; 708 61; 708 60; 705 57; 705 56
12; 443 74; 441 76; 440 76; 439 77; 438 77; 434 81; 434 82; 433 83; 432 83; 432 84; 431 85; 430 85; 427 88; 427 96; 429 98; 429 99; 430 100; 430 109; 431 110; 432 110; 433 111; 435 111; 436 112; 439 112; 442 115; 442 116; 443 117; 443 118; 445 120; 445 121; 454 121; 461 114; 462 114; 463 113; 464 113; 465 112; 466 112; 467 111; 468 111; 469 110; 470 110; 471 109; 472 109; 472 101; 470 99; 469 99; 466 96; 466 95; 465 94; 465 92; 463 90; 463 89; 458 84; 458 83; 457 82; 457 74
13; 1018 84; 1017 85; 1016 85; 1015 86; 1015 87; 1013 89; 1007 89; 1006 88; 998 88; 998 95; 994 99; 990 99; 989 100; 987 100; 986 101; 984 101; 982 103; 982 111; 991 120; 991 121; 992 122; 992 124; 993 125; 993 126; 994 127; 994 129; 995 130; 1003 130; 1006 127; 1008 127; 1009 126; 1011 126; 1012 125; 1013 125; 1014 124; 1016 124; 1017 123; 1023 123; 1023 84
14; 86 97; 85 98; 85 99; 84 100; 84 101; 83 102; 83 103; 81 105; 81 106; 77 110; 77 114; 76 115; 76 127; 77 127; 78 128; 81 128; 85 132; 85 139; 93 139; 94 138; 101 138; 102 139; 103 139; 104 140; 105 140; 106 141; 114 141; 114 140; 115 139; 115 138; 116 137; 116 135; 117 134; 117 132; 118 131; 118 130; 120 128; 120 127; 125 122; 125 114; 124 114; 122 112; 121 112; 120 111; 119 111; 118 110; 117 110; 115 108; 114 108; 113 107; 112 107; 110 105; 109 105; 108 104; 107 104; 106 103; 103 103; 102 102; 101 102; 98 99; 97 99; 95 97
15; 944 108; 944 111; 943 112; 942 112; 941 113; 937 113; 937 117; 931 123; 931 132; 932 132; 937 137; 937 138; 942 143; 942 144; 946 148; 948 148; 949 149; 951 149; 957 155; 965 155; 967 153; 973 153; 975 151; 975 143; 978 140; 978 132; 976 132; 974 130; 974 129; 973 128; 973 127; 971 125; 970 125; 968 123; 968 121; 967 120; 967 116; 966 115; 966 114; 964 112; 960 112; 959 111; 957 111; 956 110; 956 109; 955 108
16; 206 107; 205 108; 204 108; 203 109; 202 109; 196 115; 193 115; 192 116; 191 116; 189 118; 188 118; 188 119; 185 122; 184 122; 183 123; 181 123; 180 124; 179 124; 179 133; 184 138; 184 139; 185 140; 185 142; 186 143; 186 144; 188 146; 188 147; 190 149; 190 150; 191 151; 191 152; 199 152; 201 150; 202 150; 204 148; 205 148; 208 145; 214 145; 216 147; 224 147; 226 145; 229 145; 230 144; 231 144; 232 143; 232 134; 226 128; 226 126; 225 125; 225 124; 224 123; 224 122; 223 121; 223 120; 222 119; 222 117; 221 116; 221 115; 220 114; 220 113; 216 109; 216 108; 215 107
17; 639 111; 638 112; 630 112; 629 113; 629 130; 630 131; 630 151; 631 152; 631 153; 632 154; 648 154; 649 155; 661 155; 661 147; 662 146; 662 139; 663 138; 663 137; 665 135; 665 126; 661 122; 661 112; 650 112; 649 111
18; 776 119; 772 123; 771 123; 769 125; 768 125; 766 127; 766 128; 764 130; 764 131; 761 134; 760 134; 760 142; 764 146; 764 147; 765 148; 766 148; 769 151; 769 152; 771 154; 771 155; 774 158; 775 158; 777 160; 777 161; 782 166; 791 166; 791 165; 800 156; 801 156; 805 152; 805 144; 804 143; 803 143; 800 140; 800 127; 799 126; 789 126; 787 124; 787 123; 786 122; 786 121; 785 120; 785 119
19; 465 132; 462 135; 462 136; 461 137; 450 137; 450 146; 451 147; 451 154; 452 155; 452 159; 453 160; 453 166; 454 167; 454 168; 467 168; 469 170; 469 171; 470 172; 470 173; 473 176; 481 176; 482 175; 482 170; 483 169; 483 166; 484 165; 486 165; 487 164; 490 164; 491 163; 495 163; 496 162; 496 154; 495 153; 495 150; 494 149; 494 146; 493 145; 493 140; 492 139; 492 132
20; 725 130; 721 134; 721 135; 718 138; 717 138; 716 139; 715 139; 714 140; 714 141; 712 143; 712 145; 710 147; 710 148; 709 149; 708 149; 707 150; 707 159; 708 160; 709 160; 710 161; 711 161; 718 168; 718 169; 723 174; 724 174; 727 177; 728 177; 731 180; 739 180; 741 178; 741 177; 743 175; 743 174; 745 172; 745 171; 746 170; 747 170; 753 164; 753 156; 752 155; 751 155; 746 150; 746 149; 743 146; 743 145; 739 141; 738 141; 736 139; 736 134; 735 133; 735 131; 734 130
21; 988 145; 983 150; 976 150; 976 151; 974 153; 974 160; 970 164; 970 165; 969 166; 968 166; 966 168; 965 168; 965 176; 970 181; 971 181; 973 183; 974 183; 976 185; 977 185; 979 187; 979 188; 981 190; 981 191; 982 192; 990 192; 991 191; 991 190; 995 186; 995 185; 998 182; 999 182; 1005 176; 1005 175; 1008 172; 1009 172; 1010 171; 1011 171; 1013 169; 1013 161; 1012 161; 1008 157; 1008 156; 1005 153; 1005 152; 1004 151; 1003 151; 997 145
22; 402 154; 402 157; 397 162; 394 162; 393 163; 387 163; 387 174; 388 175; 388 181; 389 182; 389 184; 390 185; 390 187; 391 188; 391 189; 392 190; 392 196; 402 196; 403 195; 405 195; 406 194; 407 194; 408 193; 409 193; 410 192; 413 192; 414 191; 416 191; 417 190; 418 190; 419 189; 421 189; 422 188; 423 188; 424 187; 432 187; 433 186; 434 186; 434 178; 433 177; 433 176; 431 174; 431 173; 430 172; 430 166; 429 165; 429 160; 428 159; 428 158; 427 157; 427 156; 426 155; 418 155; 417 156; 411 156; 410 155; 410 154
23; 81 160; 80 161; 80 162; 76 166; 75 166; 71 170; 71 171; 69 173; 69 174; 66 177; 66 185; 68 187; 69 187; 71 189; 72 189; 76 193; 76 194; 77 195; 77 196; 79 198; 80 198; 81 199; 82 199; 89 206; 98 206; 100 204; 101 204; 108 197; 109 197; 114 192; 114 183; 113 183; 111 181; 111 180; 105 174; 105 173; 103 171; 103 160
24; 886 166; 882 170; 881 170; 880 171; 879 171; 878 172; 877 172; 871 178; 870 178; 868 180; 867 180; 865 182; 865 183; 861 187; 860 187; 860 196; 871 207; 871 208; 873 210; 873 211; 874 212; 882 212; 883 211; 883 210; 884 209; 890 209; 891 210; 900 210; 900 209; 901 208; 901 195; 903 193; 907 193; 908 192; 909 192; 909 184; 907 182; 907 181; 901 175; 901 174; 895 168; 895 167; 894 166
25; 642 182; 641 183; 640 183; 639 184; 638 184; 634 188; 634 189; 629 194; 628 194; 627 195; 626 195; 625 196; 625 218; 626 219; 627 219; 628 218; 635 218; 637 220; 638 220; 639 221; 640 221; 641 222; 642 222; 645 225; 645 226; 646 227; 646 232; 650 232; 650 231; 651 230; 654 230; 663 221; 664 221; 666 219; 667 219; 668 218; 672 218; 672 216; 671 216; 670 215; 670 208; 669 207; 669 206; 668 205; 668 203; 667 202; 667 201; 663 197; 663 196; 653 186; 653 185; 651 183; 651 182
26; 368 188; 365 191; 365 192; 362 195; 362 196; 359 199; 358 199; 356 201; 355 201; 354 202; 354 213; 355 214; 355 215; 356 216; 357 216; 364 223; 364 224; 373 233; 373 234; 375 236; 383 236; 385 234; 386 234; 388 232; 389 232; 392 229; 392 228; 397 223; 398 223; 399 222; 399 214; 398 213; 397 213; 396 212; 396 197; 384 197; 377 190; 377 189; 376 188
27; 603 197; 601 199; 600 199; 598 201; 597 201; 596 202; 596 212; 602 218; 602 219; 603 220; 603 221; 604 222; 604 223; 607 226; 607 227; 608 228; 608 229; 609 230; 618 230; 619 231; 620 231; 621 230; 622 230; 622 225; 625 222; 625 221; 626 220; 624 218; 624 202; 618 202; 617 201; 616 201; 612 197
28; 287 195; 278 204; 278 205; 274 209; 274 210; 272 212; 272 213; 271 214; 271 215; 270 216; 274 220; 274 221; 277 224; 277 226; 279 228; 279 232; 286 239; 292 239; 295 242; 303 242; 307 238; 307 237; 314 230; 315 230; 316 229; 317 229; 318 228; 318 220; 316 218; 316 217; 315 216; 315 215; 309 209; 309 208; 307 206; 307 205; 306 205; 300 199; 300 198; 297 195
29; 177 210; 176 211; 176 212; 171 217; 171 218; 169 220; 169 221; 167 223; 167 224; 164 227; 164 236; 165 236; 168 239; 168 242; 169 243; 169 249; 170 250; 170 251; 183 251; 185 253; 186 253; 188 255; 188 256; 196 256; 198 254; 198 253; 199 252; 199 251; 201 249; 201 248; 205 244; 206 244; 209 241; 210 241; 210 233; 209 232; 208 232; 207 231; 207 230; 205 228; 204 228; 200 224; 200 223; 198 221; 198 220; 196 218; 196 214; 189 214; 188 213; 187 213; 185 211; 185 210
30; 688 209; 684 213; 683 213; 681 215; 679 215; 678 216; 673 216; 673 218; 674 218; 675 219; 675 234; 676 235; 677 235; 678 236; 678 237; 679 238; 679 239; 680 240; 680 242; 681 243; 681 244; 684 247; 685 247; 686 248; 686 249; 687 250; 687 256; 688 256; 689 257; 699 257; 700 256; 701 256; 702 255; 703 255; 710 248; 711 248; 713 246; 714 246; 715 245; 715 237; 712 234; 712 232; 711 231; 711 229; 710 228; 710 227; 707 224; 707 223; 703 219; 703 218; 700 215; 699 215; 698 214; 697 214; 696 213; 696 209
31; 773 212; 772 213; 771 213; 767 217; 766 217; 765 218; 764 218; 763 219; 762 219; 761 220; 760 220; 759 221; 758 221; 758 229; 760 229; 761 230; 761 239; 763 241; 763 253; 772 253; 774 255; 774 256; 775 257; 775 258; 783 258; 787 254; 788 254; 789 253; 790 253; 791 252; 792 252; 796 248; 797 248; 799 246; 799 236; 794 231; 793 231; 790 228; 790 222; 788 220; 787 220; 782 215; 782 214; 781 213; 781 212
32; 269 217; 268 218; 258 218; 256 220; 256 221; 254 223; 253 223; 252 224; 251 224; 250 225; 248 225; 247 226; 246 226; 240 232; 240 240; 243 243; 243 244; 244 245; 244 246; 245 247; 245 248; 246 249; 246 250; 250 254; 250 255; 251 256; 251 257; 252 258; 252 260; 254 262; 254 263; 255 264; 255 266; 256 267; 264 267; 265 266; 266 266; 269 263; 270 263; 271 262; 272 262; 273 261; 274 261; 277 258; 278 258; 279 257; 280 257; 282 255; 283 255; 283 254; 284 253; 284 249; 285 248; 285 239; 278 232; 278 228; 276 226; 276 224; 273 221; 273 220; 270 217
33; 846 219; 844 221; 843 221; 841 223; 840 223; 839 224; 838 224; 833 229; 833 230; 829 234; 829 242; 830 242; 831 243; 832 243; 833 244; 834 244; 835 245; 835 257; 842 257; 845 260; 845 261; 847 263; 847 264; 848 265; 848 267; 856 267; 859 264; 860 264; 866 258; 867 258; 869 256; 870 256; 871 255; 872 255; 872 246; 870 246; 869 245; 868 245; 867 244; 867 243; 866 242; 866 236; 865 235; 865 234; 863 232; 862 232; 861 231; 861 230; 859 228; 859 227; 857 225; 857 224; 856 223; 856 221; 855 220; 855 219
34; 123 214; 123 229; 122 230; 110 230; 109 231; 109 232; 108 233; 108 235; 107 236; 107 237; 106 238; 106 239; 105 240; 105 259; 106 260; 116 260; 117 261; 123 261; 124 262; 125 262; 126 263; 134 263; 134 257; 135 256; 135 253; 136 252; 137 252; 137 250; 138 249; 138 247; 140 245; 140 242; 141 241; 141 240; 146 235; 150 235; 150 227; 148 225; 148 224; 147 224; 145 222; 144 222; 143 221; 142 221; 138 217; 137 217; 136 216; 134 216; 133 215; 132 215; 131 214
35; 621 231; 620 232; 619 232; 619 238; 617 240; 617 241; 614 244; 614 245; 613 246; 613 255; 614 255; 615 256; 615 263; 616 264; 616 265; 617 266; 617 268; 626 268; 631 273; 632 273; 635 276; 635 278; 636 279; 644 279; 644 276; 647 273; 647 272; 649 270; 649 269; 655 263; 656 263; 656 255; 655 255; 652 252; 651 252; 649 250; 649 243; 650 242; 650 233; 646 233; 645 234; 636 234; 635 233; 635 232; 623 232; 622 231
36; 912 284; 913 288; 921 288; 931 281; 937 281; 944 270; 948 266; 950 266; 948 249; 941 237; 925 238
37; 925 238; 923 234; 903 234; 892 237; 893 254; 889 259; 886 260; 886 269; 893 287; 901 287; 904 284; 912 284
38; 0 246; 0 294; 11 294; 16 289; 16 288; 19 285; 19 284; 23 280; 24 280; 26 278; 26 270; 24 268; 23 268; 14 259; 13 259; 10 256; 10 255; 8 253; 8 246
39; 319 252; 317 254; 317 255; 313 259; 312 259; 310 261; 309 261; 308 262; 308 263; 304 267; 303 267; 303 275; 304 276; 304 277; 306 279; 307 279; 314 286; 314 287; 318 291; 319 291; 320 292; 321 292; 327 298; 327 299; 335 299; 336 298; 336 297; 346 287; 347 287; 350 284; 350 276; 341 267; 341 258; 330 258; 328 256; 328 255; 327 254; 327 252
40; 589 257; 584 262; 583 262; 582 263; 581 263; 580 264; 579 264; 578 265; 578 275; 584 281; 584 283; 585 284; 585 286; 590 291; 590 293; 592 295; 592 296; 593 297; 593 298; 594 299; 602 299; 603 298; 604 298; 605 297; 606 297; 607 296; 610 296; 611 295; 612 295; 616 291; 617 291; 619 289; 620 289; 621 288; 621 280; 616 275; 616 266; 615 265; 615 264; 614 263; 608 263; 607 262; 607 261; 599 261; 597 259; 597 257
41; 154 269; 153 270; 152 270; 151 271; 146 271; 145 272; 139 272; 138 273; 135 273; 134 274; 133 274; 133 288; 132 289; 131 289; 130 290; 129 290; 127 292; 127 300; 128 300; 129 301; 135 301; 136 302; 137 302; 139 304; 139 308; 140 309; 140 315; 152 315; 153 314; 161 314; 162 313; 164 313; 165 312; 169 312; 170 311; 171 311; 171 300; 170 299; 170 292; 169 291; 169 289; 168 288; 168 287; 167 286; 167 280; 166 279; 166 277; 165 276; 165 274; 164 273; 164 269
42; 198 267; 197 268; 197 269; 195 271; 195 272; 190 277; 190 278; 186 282; 185 282; 184 283; 179 283; 178 284; 178 295; 179 296; 179 300; 180 301; 180 306; 181 307; 181 313; 182 314; 190 314; 191 313; 203 313; 204 312; 207 312; 208 311; 216 311; 217 310; 220 310; 221 309; 223 309; 223 297; 222 296; 222 292; 221 291; 221 290; 220 289; 220 286; 219 285; 219 282; 218 281; 218 278; 217 277; 207 277; 206 276; 206 267
43; 407 279; 398 288; 398 289; 393 294; 393 303; 394 304; 395 304; 396 305; 398 305; 402 309; 402 310; 404 312; 404 313; 405 314; 405 315; 406 316; 406 319; 411 319; 413 321; 414 321; 416 323; 416 324; 424 324; 424 323; 430 317; 431 317; 432 316; 433 316; 439 310; 439 302; 438 301; 437 301; 434 298; 434 296; 433 295; 433 284; 422 284; 421 283; 420 283; 419 282; 417 282; 416 281; 416 280; 415 279
44; 289 289; 287 291; 286 291; 280 297; 280 298; 276 302; 275 302; 273 304; 273 313; 271 315; 271 324; 272 324; 273 325; 274 325; 277 328; 288 328; 291 331; 291 332; 293 334; 293 335; 295 337; 303 337; 305 335; 306 335; 316 325; 317 325; 319 323; 319 315; 316 312; 316 311; 315 310; 315 309; 302 296; 302 295; 299 292; 299 291; 298 290; 298 289
45; 458 292; 458 293; 457 294; 457 295; 456 296; 456 297; 455 298; 455 300; 454 301; 454 304; 453 305; 453 308; 452 309; 452 311; 451 312; 451 313; 449 315; 449 317; 448 318; 448 323; 447 324; 447 333; 446 334; 452 334; 453 335; 455 335; 456 336; 457 336; 458 337; 459 337; 460 338; 461 338; 463 340; 464 340; 465 341; 473 341; 474 340; 474 337; 475 336; 475 334; 476 333; 476 332; 477 331; 477 330; 479 328; 479 327; 481 325; 482 325; 483 324; 488 324; 488 321; 489 320; 489 314; 487 312; 487 301; 486 300; 485 300; 484 299; 483 299; 482 298; 481 298; 480 297; 478 297; 477 296; 475 296; 474 295; 472 295; 471 294; 470 294; 469 293; 468 293; 467 292
46; 935 299; 934 300; 903 300; 902 301; 902 329; 903 330; 903 331; 910 331; 911 332; 921 332; 924 335; 924 336; 932 336; 933 335; 933 333; 935 331; 944 331; 946 329; 946 308; 945 307; 945 300; 944 299
47; 500 306; 499 307; 499 311; 498 312; 498 314; 497 315; 497 316; 496 317; 490 317; 490 320; 489 321; 489 324; 490 325; 490 331; 489 332; 489 333; 487 335; 487 343; 488 343; 489 344; 491 344; 492 345; 494 345; 496 347; 497 347; 500 350; 501 350; 502 351; 504 351; 505 352; 508 352; 509 353; 512 353; 513 354; 514 354; 516 356; 524 356; 524 343; 526 341; 527 341; 528 340; 528 332; 527 331; 527 323; 528 322; 528 314; 527 313; 525 313; 524 312; 521 312; 520 311; 519 311; 518 310; 516 310; 515 309; 513 309; 512 308; 511 308; 510 307; 509 307; 508 306
48; 9 309; 3 315; 0 315; 0 346; 3 346; 5 348; 5 349; 8 352; 8 353; 9 354; 9 355; 10 356; 10 357; 11 358; 11 359; 19 359; 22 356; 23 356; 24 355; 25 355; 30 350; 31 350; 33 348; 34 348; 36 346; 37 346; 37 337; 36 336; 36 329; 37 328; 37 319; 36 318; 23 318; 21 316; 21 315; 20 314; 20 313; 19 312; 19 310; 18 309
49; 207 322; 206 323; 206 334; 207 335; 207 341; 206 342; 206 355; 226 355; 227 356; 227 357; 230 360; 230 361; 231 362; 240 362; 242 360; 242 359; 246 355; 247 355; 249 353; 249 322
50; 725 369; 731 373; 749 374; 750 378; 752 379; 762 378; 767 358; 767 350; 761 350; 755 346; 752 342; 752 338; 736 340
51; 736 340; 728 329; 714 329; 706 323; 697 323; 688 341; 688 351; 696 354; 713 366; 725 369
52; 553 333; 551 335; 550 335; 548 337; 547 337; 546 338; 545 338; 544 339; 543 339; 539 343; 539 344; 537 346; 536 346; 536 360; 535 361; 534 361; 534 369; 535 370; 536 370; 539 373; 550 373; 551 374; 551 375; 553 377; 553 378; 555 380; 555 381; 556 382; 556 383; 564 383; 568 379; 568 378; 575 371; 576 371; 578 369; 579 369; 580 368; 580 360; 577 357; 577 356; 572 351; 572 348; 571 347; 571 346; 569 344; 568 344; 567 343; 567 342; 566 341; 566 340; 565 339; 565 338; 562 335; 562 334; 561 333
53; 431 334; 430 335; 430 336; 429 337; 429 339; 428 340; 428 341; 422 347; 422 348; 419 351; 419 352; 418 353; 418 361; 420 363; 421 363; 424 366; 424 367; 425 368; 425 372; 426 373; 426 377; 427 378; 427 379; 430 382; 430 383; 432 385; 441 385; 442 384; 449 384; 450 383; 450 382; 452 380; 452 379; 455 376; 456 376; 457 375; 458 375; 460 373; 465 373; 465 371; 464 370; 464 357; 458 351; 454 351; 451 348; 451 347; 450 346; 450 344; 449 343; 448 343; 447 342; 445 342; 444 341; 444 335; 445 334
54; 929 346; 929 357; 926 360; 919 360; 918 361; 915 361; 914 362; 912 362; 912 373; 913 374; 913 379; 914 380; 914 384; 915 385; 915 387; 916 388; 916 390; 917 391; 917 392; 925 392; 926 391; 934 391; 935 392; 936 392; 938 394; 952 394; 953 393; 953 392; 954 391; 954 389; 957 386; 958 386; 959 385; 959 377; 958 376; 958 373; 957 372; 957 365; 955 363; 955 362; 954 361; 954 360; 953 359; 953 358; 952 357; 952 356; 951 355; 951 354; 950 353; 944 353; 943 352; 942 352; 939 349; 939 348; 937 346
55; 484 359; 482 361; 482 362; 479 365; 478 365; 474 369; 473 369; 471 371; 466 371; 466 373; 467 374; 467 381; 468 381; 470 383; 470 384; 476 390; 476 401; 485 401; 487 403; 487 404; 488 405; 488 407; 496 407; 498 405; 499 405; 500 404; 501 404; 506 399; 506 398; 511 393; 512 393; 513 392; 513 383; 504 374; 504 373; 501 370; 501 369; 494 362; 494 361; 493 360; 493 359
56; 236 381; 235 382; 234 382; 233 383; 233 393; 229 397; 229 406; 230 407; 232 407; 233 408; 234 408; 235 409; 235 410; 236 411; 236 423; 237 424; 251 424; 252 423; 262 423; 263 424; 267 424; 267 414; 268 413; 268 403; 267 402; 267 382; 266 381
57; 860 377; 860 380; 859 381; 859 383; 858 384; 858 385; 854 389; 854 391; 853 392; 853 393; 851 395; 851 396; 850 397; 850 398; 849 399; 849 400; 848 401; 848 402; 847 403; 847 404; 846 405; 846 416; 847 416; 848 417; 849 417; 850 418; 851 418; 853 420; 854 420; 855 421; 856 421; 857 422; 858 422; 859 423; 860 423; 861 424; 862 424; 864 426; 872 426; 872 424; 873 423; 873 422; 874 421; 874 420; 875 419; 875 418; 876 417; 876 416; 879 413; 885 413; 886 412; 886 399; 887 398; 887 389; 885 389; 884 388; 883 388; 882 387; 881 387; 879 385; 878 385; 877 384; 877 383; 874 380; 873 380; 872 379; 871 379; 870 378; 869 378; 868 377
58; 189 382; 185 386; 185 387; 182 390; 181 390; 179 392; 178 392; 176 394; 175 394; 173 396; 173 405; 176 408; 176 409; 178 411; 178 412; 179 413; 179 415; 180 416; 180 418; 183 421; 184 421; 185 422; 186 422; 188 424; 189 424; 190 425; 190 426; 192 428; 192 429; 193 430; 201 430; 203 428; 204 428; 206 426; 207 426; 209 424; 210 424; 212 422; 213 422; 213 421; 215 419; 215 418; 218 415; 218 407; 217 406; 216 406; 215 405; 215 404; 214 403; 214 402; 213 401; 213 400; 207 394; 207 393; 203 389; 202 389; 199 386; 199 385; 198 384; 198 383; 197 382
59; 413 391; 413 399; 412 400; 412 401; 411 402; 411 403; 410 404; 410 405; 409 406; 409 407; 408 408; 408 409; 407 410; 407 412; 406 413; 406 414; 405 415; 405 416; 402 419; 400 419; 400 427; 402 429; 403 429; 404 430; 405 430; 406 431; 407 431; 408 432; 409 432; 411 434; 412 434; 415 437; 416 437; 417 438; 419 438; 420 439; 422 439; 423 440; 431 440; 431 439; 432 438; 432 436; 433 435; 433 429; 434 428; 434 426; 437 423; 437 422; 438 421; 438 419; 439 418; 439 415; 440 414; 440 413; 441 412; 441 408; 442 407; 442 398; 441 397; 434 397; 433 396; 432 396; 431 395; 430 395; 429 394; 428 394; 427 393; 426 393; 425 392; 424 392; 423 391
60; 276 393; 275 394; 275 402; 274 403; 269 403; 269 413; 268 414; 268 424; 269 424; 271 426; 271 427; 272 428; 272 434; 274 436; 276 436; 277 437; 303 437; 304 436; 304 435; 305 434; 305 421; 308 418; 309 418; 312 415; 312 414; 314 412; 314 403; 308 403; 306 401; 306 395; 305 394; 305 393; 296 393; 295 394; 288 394; 287 393
61; 695 409; 694 410; 683 410; 682 411; 682 412; 681 413; 681 414; 680 415; 679 415; 678 416; 678 430; 679 431; 679 433; 680 434; 680 440; 681 441; 681 445; 682 446; 682 447; 695 447; 696 446; 697 446; 698 445; 700 445; 701 444; 706 444; 707 443; 714 443; 715 442; 716 442; 717 441; 723 441; 723 430; 722 429; 722 427; 721 426; 721 416; 720 415; 720 412; 719 411; 706 411; 704 409
62; 78 414; 75 417; 74 417; 72 419; 71 419; 70 420; 69 420; 68 421; 67 421; 63 425; 62 425; 60 427; 60 435; 61 436; 62 436; 63 437; 64 437; 65 438; 65 451; 72 451; 75 454; 75 455; 78 458; 78 459; 79 460; 79 461; 80 462; 89 462; 91 460; 91 459; 93 457; 94 457; 99 452; 100 452; 104 448; 105 448; 106 447; 106 439; 99 432; 99 431; 98 430; 98 429; 97 428; 97 427; 93 423; 92 423; 89 420; 89 419; 88 418; 88 417; 87 416; 87 415; 86 414
63; 627 418; 626 419; 624 419; 623 420; 623 421; 622 422; 622 425; 618 429; 618 430; 617 431; 617 434; 616 435; 616 443; 618 445; 618 446; 620 448; 620 449; 621 450; 621 452; 622 453; 622 455; 623 456; 623 463; 650 463; 652 461; 652 460; 653 459; 653 453; 654 452; 654 420; 649 420; 648 419; 643 419; 642 418
64; 3 428; 11 437; 8 452; 0 454; 0 464; 12 464; 14 459; 40 461; 42 455; 48 453; 51 449; 52 424; 21 411
65; 21 411; 19 409; 19 403; 23 396; 23 391; 19 390; 18 385; 4 378; 0 378; 0 428; 3 428
66; 748 425; 747 426; 747 427; 746 428; 745 428; 744 429; 741 429; 740 430; 739 430; 739 431; 738 432; 738 436; 737 437; 737 457; 738 458; 738 460; 739 461; 739 464; 765 464; 765 463; 767 461; 782 461; 783 460; 783 451; 782 450; 782 432; 781 431; 766 431; 765 430; 761 430; 760 429; 759 429; 757 427; 757 425
67; 949 438; 946 441; 946 442; 938 450; 938 451; 937 452; 937 453; 936 454; 936 455; 935 456; 935 457; 934 458; 934 459; 933 460; 933 468; 934 469; 937 469; 938 470; 940 470; 941 471; 941 472; 942 473; 942 474; 943 475; 943 476; 948 481; 949 481; 950 482; 959 482; 960 483; 969 483; 969 482; 970 481; 970 480; 972 478; 972 477; 975 474; 975 473; 980 468; 981 468; 982 467; 982 459; 980 457; 979 457; 967 445; 966 445; 960 439; 959 439; 958 438
68; 333 442; 333 443; 332 444; 332 447; 331 448; 331 450; 330 451; 330 456; 329 457; 329 458; 327 460; 327 461; 326 462; 326 463; 324 465; 324 482; 326 482; 327 483; 331 483; 332 484; 333 484; 334 485; 336 485; 337 486; 338 486; 339 487; 340 487; 342 489; 352 489; 352 487; 353 486; 353 483; 354 482; 354 480; 361 473; 361 461; 363 459; 363 450; 361 448; 360 448; 359 447; 358 447; 356 445; 355 445; 354 444; 351 444; 350 443; 344 443; 343 442
69; 181 455; 181 460; 180 461; 180 462; 179 463; 173 463; 172 462; 172 461; 164 461; 164 471; 165 472; 165 474; 166 475; 166 477; 167 478; 167 482; 168 483; 168 488; 169 489; 169 495; 170 496; 170 497; 186 497; 187 496; 189 496; 190 495; 209 495; 209 493; 210 492; 210 471; 208 469; 208 468; 207 467; 207 465; 206 464; 206 460; 205 459; 191 459; 190 458; 190 457; 189 456; 189 455
70; 682 461; 681 462; 681 464; 680 465; 680 466; 679 467; 679 468; 678 469; 678 470; 677 471; 677 472; 676 473; 676 474; 675 475; 675 477; 674 478; 674 479; 673 480; 673 489; 674 490; 677 490; 678 491; 679 491; 681 493; 681 498; 696 498; 697 499; 712 499; 712 498; 713 497; 713 496; 714 495; 714 494; 716 492; 716 491; 717 490; 717 483; 718 482; 718 480; 719 479; 719 471; 718 471; 717 470; 714 470; 713 469; 711 469; 710 468; 708 468; 707 467; 705 467; 704 466; 703 466; 702 465; 701 465; 700 464; 697 464; 696 463; 694 463; 693 462; 692 462; 691 461
71; 739 465; 739 468; 738 469; 736 469; 736 470; 735 471; 735 473; 734 474; 734 487; 733 488; 733 499; 734 499; 735 500; 736 500; 737 501; 747 501; 748 502; 750 502; 751 503; 753 503; 754 504; 756 504; 757 505; 774 505; 774 502; 775 501; 775 499; 776 498; 776 496; 777 495; 777 493; 779 491; 779 490; 780 489; 782 489; 782 481; 779 478; 779 477; 778 476; 778 475; 777 474; 777 470; 766 470; 765 469; 765 465
72; 10 473; 10 474; 9 475; 9 476; 8 477; 8 478; 7 479; 6 479; 5 480; 0 480; 0 515; 3 515; 8 520; 17 520; 20 517; 21 517; 24 514; 24 513; 28 509; 28 508; 29 507; 29 506; 30 505; 30 504; 32 502; 32 501; 34 499; 34 498; 38 494; 38 486; 37 486; 31 480; 30 480; 29 479; 28 479; 26 477; 25 477; 24 476; 23 476; 22 475; 21 475; 19 473
73; 273 475; 272 476; 271 476; 270 477; 265 477; 264 478; 263 478; 262 479; 256 479; 255 478; 246 478; 245 479; 245 480; 244 481; 244 482; 243 483; 243 484; 242 485; 241 485; 240 486; 239 486; 239 494; 240 495; 240 496; 241 497; 241 500; 242 501; 242 504; 244 506; 244 507; 245 508; 245 509; 246 510; 246 511; 248 513; 248 516; 258 516; 259 515; 263 515; 264 514; 265 514; 266 513; 267 513; 268 512; 269 512; 271 510; 272 510; 273 509; 274 509; 275 508; 278 508; 279 507; 281 507; 282 506; 285 506; 286 505; 286 496; 285 495; 285 494; 284 493; 284 491; 283 490; 283 483; 282 482; 282 478; 281 477; 281 475
74; 681 499; 676 504; 675 504; 675 513; 676 514; 676 515; 677 516; 677 517; 679 519; 679 520; 682 523; 682 524; 683 525; 683 526; 684 527; 684 529; 685 530; 685 531; 694 531; 696 529; 711 529; 712 528; 712 517; 713 516; 713 506; 712 505; 712 500; 697 500; 696 499
75; 793 491; 793 498; 788 503; 788 506; 784 510; 783 510; 779 514; 779 515; 778 516; 778 517; 777 518; 777 519; 776 520; 776 528; 777 528; 779 530; 780 530; 782 532; 783 532; 785 534; 786 534; 793 541; 802 541; 803 540; 803 539; 804 538; 804 536; 805 535; 805 534; 809 530; 810 530; 811 529; 815 529; 816 528; 817 528; 818 527; 818 516; 819 515; 819 506; 817 504; 816 504; 813 501; 813 500; 812 499; 811 499; 809 497; 808 497; 802 491
76; 989 494; 988 495; 981 495; 980 496; 978 496; 976 498; 970 498; 969 499; 968 499; 967 500; 958 500; 958 501; 957 502; 957 510; 958 511; 958 521; 959 522; 959 523; 960 524; 960 525; 961 526; 961 529; 962 530; 962 533; 966 537; 975 537; 976 536; 976 535; 977 534; 977 533; 979 531; 980 531; 981 530; 983 530; 985 528; 988 528; 989 527; 992 527; 993 526; 994 526; 995 525; 996 525; 1000 521; 1001 521; 1002 520; 1003 520; 1004 519; 1004 511; 1003 511; 1001 509; 1001 508; 1000 507; 1000 502; 999 501; 999 497; 998 496; 998 494
77; 128 497; 128 507; 127 508; 127 512; 125 514; 124 514; 123 515; 122 515; 121 516; 120 516; 119 517; 119 525; 120 526; 121 526; 122 527; 123 527; 124 528; 125 528; 128 531; 128 540; 129 541; 130 541; 131 542; 141 542; 142 543; 151 543; 152 542; 160 542; 161 541; 161 517; 160 516; 160 515; 159 514; 159 513; 158 512; 158 497
78; 650 501; 649 502; 648 502; 646 504; 642 504; 641 505; 639 505; 635 509; 626 509; 626 510; 624 512; 624 513; 623 514; 623 524; 624 525; 624 531; 625 532; 625 535; 626 536; 626 540; 627 541; 627 545; 628 546; 628 547; 642 547; 643 548; 643 562; 651 562; 651 545; 653 543; 655 543; 656 542; 658 542; 659 541; 661 541; 662 540; 669 540; 669 528; 668 527; 668 525; 667 524; 667 523; 666 522; 666 519; 665 518; 665 513; 664 512; 664 509; 662 507; 662 506; 660 504; 660 503; 658 501
79; 414 557; 414 567; 406 571; 407 583; 416 584; 418 577; 440 577; 446 580; 446 585; 457 584; 459 582; 458 566; 436 548
80; 436 548; 436 542; 446 537; 446 528; 441 517; 429 505; 418 505; 416 510; 408 510; 407 519; 398 524; 398 533; 409 556; 414 557
81; 912 542; 911 543; 909 543; 908 544; 904 544; 903 545; 901 545; 900 546; 899 546; 898 547; 898 548; 897 549; 897 550; 893 554; 892 554; 891 555; 891 564; 892 565; 892 568; 894 570; 895 570; 896 571; 897 571; 898 572; 899 572; 900 573; 900 574; 901 575; 901 585; 900 586; 900 596; 912 596; 913 597; 939 597; 940 596; 942 596; 942 587; 941 586; 941 585; 940 584; 940 583; 939 582; 939 580; 938 579; 938 574; 937 573; 937 572; 936 571; 936 564; 935 563; 935 562; 934 561; 934 554; 933 553; 933 552; 932 551; 932 550; 931 549; 931 542
82; 597 542; 596 543; 583 543; 581 545; 580 545; 579 546; 565 546; 564 547; 564 558; 565 559; 565 573; 566 574; 566 578; 567 579; 567 580; 568 581; 579 581; 580 582; 581 582; 583 584; 592 584; 595 581; 595 580; 596 579; 597 579; 598 578; 604 578; 605 577; 611 577; 612 576; 613 576; 613 566; 612 565; 612 564; 611 563; 611 561; 610 560; 610 557; 609 556; 609 555; 608 554; 608 553; 607 552; 607 548; 606 547; 606 542
83; 500 540; 499 541; 499 549; 498 550; 498 551; 496 553; 495 553; 494 554; 493 554; 492 555; 491 555; 491 564; 494 567; 494 579; 495 580; 495 581; 496 582; 497 582; 498 583; 508 583; 509 584; 512 584; 513 585; 523 585; 526 582; 527 582; 529 580; 529 576; 530 575; 530 572; 531 571; 531 559; 532 558; 532 556; 533 555; 533 546; 532 545; 529 545; 528 544; 522 544; 521 543; 520 543; 518 541; 516 541; 515 540
84; 989 558; 988 559; 987 559; 986 560; 985 560; 983 562; 982 562; 980 564; 979 564; 978 565; 977 565; 974 568; 973 568; 972 569; 971 569; 970 570; 969 570; 968 571; 967 571; 963 575; 962 575; 961 576; 960 576; 959 577; 958 577; 957 578; 957 596; 959 596; 960 597; 962 597; 963 598; 964 598; 965 599; 967 599; 968 600; 969 600; 975 606; 975 607; 1002 607; 1006 603; 1006 597; 1009 594; 1010 594; 1011 593; 1015 593; 1015 583; 1014 582; 1014 581; 1002 569; 1002 568; 1000 566; 1000 565; 999 564; 999 563; 998 562; 998 560; 997 559; 997 558
85; 45 579; 45 580; 44 581; 44 585; 42 587; 37 587; 36 588; 36 598; 38 598; 39 599; 40 599; 41 600; 44 600; 45 601; 46 601; 47 602; 52 602; 53 603; 64 603; 64 590; 56 590; 53 587; 53 579
86; 98 580; 98 584; 97 585; 93 585; 91 587; 80 587; 80 588; 79 589; 79 592; 78 593; 78 594; 74 598; 74 599; 73 600; 73 602; 71 604; 71 613; 72 614; 77 614; 78 615; 80 615; 82 617; 83 617; 85 619; 90 619; 91 620; 101 620; 102 619; 102 618; 103 617; 103 614; 104 613; 104 612; 105 611; 105 610; 107 608; 108 608; 110 606; 111 606; 112 605; 113 605; 113 597; 112 596; 111 596; 107 592; 107 590; 106 589; 106 580
87; 219 586; 219 598; 217 600; 211 600; 210 599; 210 588; 201 588; 201 596; 202 597; 207 597; 208 598; 208 611; 209 612; 209 613; 213 617; 214 617; 216 619; 217 619; 219 621; 220 621; 228 629; 237 629; 237 627; 238 626; 238 625; 241 622; 247 622; 249 620; 249 619; 250 618; 250 611; 251 610; 251 609; 254 606; 254 605; 255 604; 255 596; 254 596; 249 591; 248 591; 247 590; 246 590; 245 589; 244 589; 243 588; 242 588; 241 587; 228 587; 227 586
88; 594 594; 594 598; 592 600; 589 600; 588 601; 585 601; 584 602; 583 602; 581 604; 581 613; 582 613; 583 614; 585 614; 587 616; 587 623; 586 624; 586 634; 591 634; 592 635; 593 635; 594 636; 596 636; 597 637; 604 637; 605 638; 621 638; 622 637; 622 629; 623 628; 623 618; 621 616; 621 597; 618 597; 617 596; 610 596; 609 595; 606 595; 605 594
89; 535 592; 535 596; 531 600; 530 600; 529 601; 522 601; 522 609; 523 610; 523 611; 524 612; 524 619; 526 621; 526 632; 529 632; 530 633; 531 633; 532 634; 533 634; 534 635; 535 635; 536 636; 541 636; 542 637; 552 637; 552 636; 553 635; 553 631; 554 630; 554 627; 556 625; 557 625; 558 624; 559 624; 560 623; 560 609; 561 608; 561 607; 562 606; 562 597; 561 597; 560 596; 556 596; 555 595; 551 595; 550 594; 548 594; 547 593; 545 593; 544 592
90; 1018 599; 1018 600; 1014 604; 1006 604; 1002 608; 980 608; 980 618; 981 619; 981 629; 982 630; 982 631; 983 632; 983 634; 984 635; 984 640; 985 641; 985 643; 994 643; 995 642; 998 642; 999 641; 1001 641; 1002 640; 1005 640; 1006 639; 1011 639; 1012 638; 1013 638; 1014 637; 1015 637; 1016 636; 1023 636; 1023 599
91; 635 607; 634 608; 634 614; 633 615; 633 618; 632 619; 625 619; 624 618; 624 628; 623 629; 623 637; 622 638; 622 648; 623 649; 624 649; 625 650; 627 650; 628 651; 629 651; 630 652; 631 652; 632 653; 634 653; 635 654; 637 654; 638 655; 640 655; 642 657; 643 657; 644 658; 652 658; 652 655; 653 654; 653 653; 654 652; 654 647; 659 642; 659 634; 660 633; 660 632; 661 631; 661 630; 662 629; 662 628; 663 627; 663 626; 664 625; 664 617; 663 616; 660 616; 659 615; 658 615; 657 614; 656 614; 651 609; 650 609; 649 608; 645 608; 644 607
92; 711 615; 710 616; 710 617; 709 618; 709 621; 706 624; 704 624; 703 625; 700 625; 697 628; 697 636; 698 636; 699 637; 700 637; 701 638; 701 645; 700 646; 700 647; 699 648; 699 656; 700 657; 701 657; 702 658; 704 658; 705 659; 706 659; 707 660; 708 660; 709 661; 711 661; 712 662; 713 662; 714 663; 716 663; 717 664; 718 664; 719 665; 728 665; 728 660; 729 659; 729 658; 730 657; 730 656; 732 654; 732 653; 733 652; 733 651; 734 650; 734 649; 735 648; 735 647; 739 643; 739 641; 740 640; 740 626; 739 625; 738 625; 737 624; 735 624; 734 623; 732 623; 731 622; 730 622; 724 616; 723 616; 722 615
93; 251 618; 250 619; 250 620; 248 622; 248 629; 247 630; 247 633; 246 634; 245 634; 244 635; 241 635; 241 636; 240 637; 239 637; 239 646; 241 648; 241 661; 242 661; 243 662; 245 662; 246 663; 248 663; 249 664; 252 664; 253 665; 255 665; 256 666; 263 666; 264 667; 272 667; 274 665; 274 663; 275 662; 275 654; 276 653; 276 651; 277 650; 277 648; 278 647; 278 641; 279 640; 279 637; 280 636; 280 623; 271 623; 270 622; 268 622; 267 621; 266 621; 265 620; 264 620; 263 619; 261 619; 260 618
94; 490 629; 489 630; 476 630; 475 631; 474 631; 472 633; 464 633; 464 649; 465 650; 465 651; 466 652; 466 654; 467 655; 467 666; 497 666; 497 664; 498 663; 499 663; 500 662; 501 662; 502 661; 509 661; 510 660; 510 652; 509 651; 509 644; 508 643; 508 640; 507 639; 507 636; 506 635; 506 631; 505 630; 505 629
95; 546 648; 545 649; 543 649; 542 650; 539 650; 538 651; 537 651; 536 652; 534 652; 533 653; 531 653; 530 654; 528 654; 527 655; 525 655; 524 656; 524 669; 521 672; 521 680; 524 680; 525 681; 527 681; 529 683; 529 685; 530 686; 530 688; 531 689; 531 690; 532 691; 532 693; 533 694; 533 697; 534 698; 542 698; 543 697; 544 697; 545 696; 554 696; 555 695; 556 695; 562 689; 562 688; 568 682; 568 681; 569 680; 569 667; 568 666; 568 662; 565 659; 561 659; 560 658; 559 658; 557 656; 557 655; 556 654; 556 648
96; 467 667; 467 675; 466 676; 466 686; 467 687; 467 704; 468 705; 477 705; 478 706; 488 706; 489 705; 495 705; 496 706; 508 706; 509 705; 509 694; 510 693; 510 692; 511 691; 511 681; 510 680; 510 674; 508 672; 507 672; 506 671; 498 671; 497 670; 497 667
97; 663 667; 662 668; 662 669; 661 670; 661 671; 660 672; 660 673; 659 674; 659 675; 657 677; 657 678; 647 688; 647 689; 646 690; 646 691; 654 699; 655 699; 657 701; 659 701; 662 704; 663 704; 666 707; 667 707; 668 706; 669 706; 670 705; 674 705; 676 703; 676 702; 678 700; 684 700; 685 701; 685 706; 693 706; 693 705; 694 704; 694 703; 695 702; 695 701; 696 700; 696 699; 697 698; 697 697; 698 696; 698 695; 699 694; 699 693; 700 692; 700 690; 701 689; 701 680; 700 679; 692 679; 691 678; 691 676; 690 675; 690 673; 689 672; 677 672; 672 667
98; 166 665; 166 666; 165 667; 165 668; 163 670; 162 670; 161 671; 153 671; 151 673; 151 689; 152 690; 152 706; 153 707; 195 707; 195 697; 196 696; 196 693; 197 692; 197 684; 196 683; 196 674; 195 673; 195 672; 194 671; 180 671; 179 670; 178 670; 176 668; 176 667; 175 666; 175 665
99; 267 690; 266 691; 266 692; 265 693; 265 698; 264 699; 264 700; 263 701; 263 704; 262 705; 262 706; 261 707; 261 708; 260 709; 260 718; 259 719; 259 720; 258 721; 258 733; 259 734; 268 734; 269 735; 270 735; 271 736; 272 736; 273 737; 274 737; 275 738; 284 738; 285 739; 294 739; 295 740; 296 740; 296 724; 297 723; 297 709; 298 708; 298 695; 297 694; 296 694; 295 693; 292 693; 291 692; 280 692; 279 691; 277 691; 276 690
100; 636 692; 631 697; 630 697; 626 701; 626 702; 619 709; 619 710; 618 711; 618 712; 617 713; 617 714; 615 716; 615 725; 617 727; 618 727; 619 728; 620 728; 622 730; 623 730; 624 731; 625 731; 627 733; 628 733; 630 735; 631 735; 633 737; 634 737; 637 740; 638 740; 639 741; 640 741; 641 742; 642 742; 644 744; 652 744; 654 742; 654 741; 655 740; 655 739; 656 738; 656 736; 657 735; 657 734; 659 732; 659 731; 662 728; 662 727; 664 725; 664 710; 666 708; 663 705; 662 705; 659 702; 657 702; 655 700; 654 700; 646 692
101; 311 706; 310 707; 306 707; 305 708; 299 708; 298 709; 298 723; 297 724; 297 740; 301 744; 301 750; 302 751; 302 752; 320 752; 321 753; 335 753; 335 740; 336 739; 336 736; 337 735; 337 709; 336 708; 334 708; 333 707; 323 707; 322 706
102; 220 725; 219 726; 214 726; 213 727; 212 727; 209 730; 209 731; 207 733; 207 734; 204 737; 203 737; 202 738; 202 739; 200 741; 200 743; 199 744; 199 746; 198 747; 198 748; 197 749; 197 763; 206 763; 207 764; 208 764; 209 765; 210 765; 216 771; 217 771; 218 772; 220 772; 225 777; 233 777; 234 776; 234 775; 235 774; 235 773; 236 772; 236 771; 237 770; 237 769; 247 759; 247 749; 246 748; 244 748; 240 744; 240 743; 239 742; 238 742; 234 738; 234 733; 233 732; 233 730; 232 729; 232 728; 231 727; 231 726; 230 725
103; 1001 734; 999 736; 998 736; 996 738; 996 739; 986 749; 986 759; 988 761; 988 762; 991 765; 992 765; 995 768; 995 770; 996 771; 996 772; 998 774; 998 775; 1000 777; 1000 786; 1009 786; 1010 785; 1011 785; 1012 784; 1013 784; 1016 781; 1017 781; 1018 780; 1023 780; 1023 744; 1019 744; 1018 743; 1017 743; 1016 742; 1016 741; 1014 739; 1014 738; 1012 736; 1011 736; 1009 734
104; 572 739; 558 753; 557 753; 555 755; 555 763; 561 769; 561 770; 563 772; 563 774; 564 775; 564 776; 565 777; 565 789; 566 789; 567 790; 574 790; 576 792; 576 793; 584 793; 586 791; 586 790; 587 789; 588 789; 590 787; 591 787; 592 786; 593 786; 594 785; 595 785; 597 783; 597 782; 602 777; 602 768; 601 767; 601 761; 603 759; 603 757; 604 756; 604 748; 603 747; 603 746; 594 746; 594 748; 593 749; 587 749; 585 747; 585 745; 583 743; 583 742; 580 739
105; 358 764; 357 765; 357 766; 356 767; 356 769; 355 770; 355 771; 354 772; 354 773; 353 774; 353 775; 351 777; 351 780; 350 781; 350 783; 349 784; 349 787; 348 788; 348 801; 360 801; 362 803; 370 803; 371 804; 372 804; 373 805; 374 805; 375 806; 376 806; 377 807; 379 807; 380 808; 390 808; 390 805; 391 804; 391 801; 392 800; 392 799; 393 798; 393 797; 394 796; 394 795; 395 794; 395 793; 397 791; 397 790; 399 788; 399 779; 398 778; 393 778; 392 777; 391 777; 387 773; 387 772; 386 771; 386 766; 385 765; 377 765; 376 766; 370 766; 369 765; 367 765; 366 764
106; 115 770; 111 774; 110 774; 103 781; 102 781; 99 784; 98 784; 97 785; 97 795; 103 801; 103 802; 106 805; 106 806; 107 807; 108 807; 111 810; 111 811; 112 812; 112 815; 113 816; 113 817; 115 819; 115 820; 116 821; 125 821; 127 819; 128 819; 134 813; 135 813; 137 811; 138 811; 139 810; 140 810; 141 809; 142 809; 144 807; 144 799; 141 796; 141 782; 132 782; 130 780; 130 779; 129 778; 129 777; 125 773; 125 772; 124 771; 124 770
107; 496 789; 495 790; 495 791; 494 792; 494 794; 493 795; 493 796; 491 798; 491 799; 489 801; 489 802; 487 804; 487 805; 485 807; 485 815; 486 816; 486 817; 489 820; 490 820; 491 821; 494 821; 496 823; 496 824; 500 828; 501 828; 502 829; 503 829; 504 830; 505 830; 506 831; 507 831; 508 832; 509 832; 512 835; 521 835; 521 834; 522 833; 522 832; 523 831; 523 830; 526 827; 526 826; 527 825; 527 823; 528 822; 528 821; 529 820; 529 819; 531 817; 531 807; 530 807; 529 806; 527 806; 524 803; 524 795; 511 795; 507 791; 506 791; 504 789
108; 642 796; 642 797; 641 798; 641 803; 640 804; 640 805; 639 806; 639 807; 638 808; 638 810; 637 811; 637 812; 636 813; 636 814; 635 815; 635 816; 634 817; 634 821; 633 822; 633 829; 632 830; 632 838; 635 838; 636 839; 639 839; 640 840; 642 840; 643 841; 645 841; 646 842; 647 842; 648 843; 649 843; 650 844; 659 844; 660 843; 660 841; 661 840; 661 837; 662 836; 662 834; 663 833; 663 832; 664 831; 664 830; 666 828; 668 828; 669 827; 670 827; 670 818; 669 817; 669 811; 670 810; 670 802; 668 802; 667 801; 665 801; 663 799; 662 799; 661 798; 659 798; 658 797; 652 797; 651 796
109; 160 802; 160 803; 159 804; 159 815; 158 816; 158 835; 160 837; 172 837; 174 839; 174 842; 175 843; 183 843; 183 841; 186 838; 193 838; 194 837; 195 837; 196 836; 203 836; 203 828; 202 827; 202 823; 201 822; 201 805; 194 805; 193 804; 178 804; 177 803; 170 803; 169 802
110; 332 802; 331 803; 331 813; 328 816; 327 816; 326 817; 324 817; 323 818; 323 826; 324 827; 324 835; 323 836; 323 844; 325 846; 327 846; 328 847; 331 847; 332 848; 337 848; 338 849; 341 849; 342 850; 344 850; 345 851; 349 851; 352 848; 352 847; 353 846; 353 845; 356 842; 356 835; 357 834; 357 832; 358 831; 358 829; 359 828; 359 826; 360 825; 360 822; 361 821; 361 819; 362 818; 362 804; 360 802
111; 691 806; 690 807; 690 815; 689 816; 689 817; 687 819; 686 819; 685 820; 683 820; 683 829; 684 830; 684 838; 683 839; 683 847; 684 848; 687 848; 688 849; 692 849; 693 850; 700 850; 701 851; 702 851; 703 852; 704 852; 705 853; 713 853; 713 852; 714 851; 714 846; 715 845; 715 843; 716 842; 716 837; 717 836; 717 832; 718 831; 718 829; 719 828; 719 827; 720 826; 720 812; 718 812; 717 811; 714 811; 713 810; 712 810; 711 809; 710 809; 708 807; 707 807; 706 806
112; 240 808; 239 809; 239 810; 238 811; 238 814; 234 818; 232 818; 230 820; 230 831; 228 833; 223 833; 223 841; 224 842; 224 846; 226 848; 227 848; 228 849; 230 849; 231 850; 233 850; 234 851; 235 851; 236 852; 237 852; 238 853; 239 853; 240 854; 241 854; 243 856; 244 856; 246 858; 255 858; 255 857; 256 856; 256 855; 257 854; 257 852; 258 851; 258 848; 261 845; 261 844; 262 843; 262 842; 263 841; 263 837; 264 836; 264 833; 265 832; 265 831; 268 828; 268 819; 266 817; 265 817; 262 814; 261 814; 260 813; 259 813; 258 812; 255 812; 254 811; 253 811; 252 810; 251 810; 249 808
113; 961 824; 958 827; 957 827; 953 831; 953 832; 949 836; 949 837; 946 840; 945 840; 945 841; 944 842; 944 855; 945 856; 945 862; 944 863; 951 863; 952 864; 956 864; 957 865; 960 865; 961 864; 972 864; 973 865; 973 867; 981 867; 981 866; 990 857; 991 857; 992 856; 992 848; 990 846; 990 845; 981 836; 981 835; 979 833; 979 826; 972 826; 971 825; 970 825; 969 824
114; 759 833; 736 855; 736 878; 738 880; 751 880; 756 888; 764 888; 780 875
115; 780 875; 788 875; 799 877; 817 874; 810 831; 801 829; 759 833
116; 801 829; 801 818; 795 795; 769 794; 767 804; 756 804; 755 814; 759 833
117; 357 842; 354 845; 354 846; 353 847; 353 848; 350 851; 350 861; 355 866; 355 874; 354 875; 354 884; 355 885; 359 885; 360 886; 364 886; 365 887; 367 887; 368 888; 370 888; 371 889; 373 889; 374 890; 375 890; 376 891; 384 891; 384 890; 385 889; 385 887; 386 886; 386 881; 387 880; 387 878; 388 877; 388 868; 391 865; 391 861; 392 860; 392 858; 393 857; 393 848; 392 848; 391 847; 388 847; 387 846; 386 846; 385 845; 384 845; 383 844; 382 844; 381 843; 373 843; 372 842
118; 608 833; 604 837; 604 838; 597 845; 597 846; 594 849; 594 858; 595 858; 597 860; 598 860; 599 861; 599 862; 600 863; 600 872; 602 874; 608 874; 610 876; 610 882; 611 883; 621 883; 622 882; 623 882; 627 878; 627 877; 639 865; 639 864; 640 863; 640 854; 639 853; 638 853; 632 847; 630 847; 629 846; 627 846; 626 845; 626 839; 625 839; 624 838; 622 838; 617 833
119; 84 864; 83 865; 82 865; 82 873; 81 874; 81 875; 77 879; 77 880; 76 881; 76 890; 77 890; 80 893; 80 909; 81 909; 82 910; 101 910; 102 911; 111 911; 112 910; 112 900; 113 899; 113 886; 114 885; 114 865; 107 865; 106 864
120; 851 861; 851 862; 850 863; 850 867; 849 868; 849 870; 848 871; 848 872; 846 874; 846 875; 844 877; 844 878; 841 881; 841 882; 840 883; 840 889; 839 890; 839 891; 838 892; 838 901; 839 901; 840 902; 842 902; 843 903; 845 903; 850 908; 851 908; 853 910; 855 910; 856 911; 865 911; 866 910; 866 908; 867 907; 867 906; 868 905; 868 904; 869 903; 869 902; 870 901; 870 900; 871 899; 871 898; 872 897; 872 896; 873 895; 873 894; 874 893; 874 892; 875 891; 875 884; 876 883; 876 882; 879 879; 891 879; 891 871; 878 871; 877 870; 875 870; 874 869; 873 869; 872 868; 871 868; 870 867; 869 867; 867 865; 866 865; 864 863; 863 863; 861 861
121; 649 875; 649 876; 644 881; 644 882; 642 884; 642 885; 639 888; 639 889; 636 892; 636 893; 635 894; 635 895; 634 896; 634 897; 633 898; 633 907; 640 907; 642 909; 642 916; 653 916; 654 917; 655 917; 660 922; 661 922; 663 924; 671 924; 672 923; 672 922; 673 921; 673 920; 674 919; 674 918; 675 917; 675 915; 676 914; 676 913; 677 912; 677 911; 678 910; 678 909; 683 904; 683 896; 682 896; 680 894; 679 894; 678 893; 677 893; 674 890; 674 889; 672 887; 671 887; 670 886; 669 886; 668 885; 667 885; 663 881; 663 880; 661 878; 660 878; 657 875
122; 936 924; 943 935; 960 943; 964 947; 973 946; 990 916; 990 908; 967 895
123; 925 878; 918 878; 905 884; 905 900; 916 926; 936 924
124; 936 924; 967 895; 967 888; 957 873; 958 866; 951 864; 939 865; 926 873; 925 878
125; 797 883; 796 884; 795 884; 795 888; 794 889; 794 890; 792 892; 792 893; 791 894; 791 895; 789 897; 789 898; 783 904; 783 912; 785 914; 786 914; 789 917; 789 920; 791 920; 795 924; 796 924; 797 925; 798 925; 799 926; 800 926; 801 927; 801 928; 803 930; 803 931; 806 934; 815 934; 816 933; 816 932; 823 925; 823 924; 824 923; 824 922; 825 921; 825 920; 826 919; 826 918; 829 915; 829 907; 828 906; 827 906; 826 905; 824 905; 823 904; 823 903; 822 902; 822 901; 821 900; 821 893; 812 893; 807 888; 806 888; 804 886; 799 886; 798 885; 798 883
126; 199 911; 199 912; 198 913; 198 920; 197 921; 197 922; 196 923; 196 924; 195 925; 195 927; 194 928; 194 941; 193 942; 193 944; 192 945; 192 953; 193 954; 195 954; 196 955; 202 955; 203 956; 205 956; 206 957; 207 957; 208 958; 210 958; 211 959; 222 959; 223 958; 223 953; 224 952; 224 950; 225 949; 225 946; 226 945; 226 944; 228 942; 229 942; 231 940; 232 940; 234 938; 234 930; 232 928; 232 917; 231 916; 230 916; 229 915; 228 915; 227 914; 224 914; 223 913; 219 913; 218 912; 217 912; 216 911
127; 859 921; 858 922; 849 922; 848 923; 847 923; 846 924; 841 924; 840 925; 837 925; 837 939; 836 940; 836 941; 834 943; 834 951; 835 952; 837 952; 838 953; 839 953; 840 954; 841 954; 842 955; 842 961; 841 962; 841 968; 840 969; 840 977; 855 977; 855 968; 857 966; 858 966; 859 965; 869 965; 870 964; 870 943; 869 942; 869 930; 868 929; 868 924; 867 923; 867 921
128; 682 953; 675 960; 672 960; 672 968; 676 973; 676 987; 678 990; 711 989; 710 980; 713 962
129; 713 962; 716 959; 725 959; 728 929; 714 928; 711 925; 704 925; 698 922; 687 922; 687 931; 683 937; 682 953
130; 895 939; 894 940; 894 941; 892 943; 892 944; 890 946; 890 947; 888 949; 888 950; 885 953; 885 954; 884 955; 884 963; 885 964; 891 964; 892 965; 892 966; 893 967; 893 970; 894 971; 894 972; 895 972; 897 974; 897 975; 904 982; 905 982; 906 983; 907 983; 908 984; 917 984; 919 982; 919 981; 921 979; 922 979; 924 977; 925 977; 926 976; 926 971; 927 970; 929 970; 929 969; 930 968; 930 959; 929 958; 928 958; 927 957; 925 957; 922 954; 922 943; 909 943; 906 940; 905 940; 904 939
131; 784 973; 792 973; 794 977; 802 977; 813 962; 814 951; 795 940; 791 940
132; 791 940; 785 935; 784 924; 775 924; 774 929; 757 929; 754 931; 753 957; 750 964; 751 973; 759 975; 765 979; 777 979; 784 973
133; 295 953; 292 956; 291 956; 288 959; 287 959; 278 968; 278 976; 279 976; 281 978; 282 978; 283 979; 283 980; 284 981; 284 983; 285 984; 285 986; 287 988; 287 989; 289 991; 291 991; 294 994; 294 995; 295 996; 295 998; 296 999; 296 1000; 298 1002; 298 1003; 299 1004; 299 1005; 307 1005; 311 1001; 311 1000; 315 996; 316 996; 321 991; 322 991; 324 989; 324 980; 322 978; 322 977; 321 977; 314 970; 314 969; 312 967; 312 958; 307 958; 305 956; 305 955; 303 953
134; 446 955; 445 956; 443 956; 443 1002; 459 1002; 460 1001; 473 1001; 474 1000; 474 981; 473 980; 473 974; 474 973; 474 959; 472 957; 459 957; 458 956; 457 956; 456 955
135; 421 960; 420 961; 419 961; 418 962; 415 962; 414 963; 404 963; 404 982; 403 983; 403 992; 404 993; 404 996; 405 997; 405 1007; 425 1007; 426 1006; 428 1006; 429 1005; 438 1005; 439 1004; 440 1004; 441 1003; 442 1003; 442 966; 436 966; 435 965; 435 961; 434 960
136; 501 959; 499 961; 499 962; 493 968; 493 969; 491 971; 491 972; 485 978; 485 986; 488 989; 489 989; 490 990; 491 990; 493 992; 493 1000; 494 1001; 494 1003; 495 1004; 507 1004; 510 1007; 510 1008; 519 1008; 519 1007; 520 1006; 520 1005; 521 1004; 521 1003; 522 1002; 522 1001; 529 994; 529 993; 532 990; 532 982; 531 981; 530 981; 522 973; 522 972; 521 971; 520 971; 519 970; 518 970; 517 969; 516 969; 514 967; 513 967; 512 966; 512 965; 511 964; 511 960; 510 959
137; 696 990; 695 991; 679 991; 681 993; 681 994; 682 995; 682 1004; 681 1005; 674 1005; 673 1004; 662 1004; 661 1003; 661 994; 660 995; 658 995; 657 996; 656 996; 655 997; 654 997; 653 998; 652 998; 651 999; 650 999; 649 1000; 647 1000; 646 1001; 642 1001; 641 1002; 640 1002; 639 1003; 639 1011; 640 1012; 640 1015; 641 1016; 641 1019; 642 1020; 642 1023; 720 1023; 720 1011; 722 1009; 722 1000; 720 998; 719 998; 718 997; 717 997; 714 994; 714 993; 712 991; 712 990
138; 880 996; 877 999; 876 999; 874 1001; 873 1001; 872 1002; 870 1002; 869 1003; 868 1003; 867 1004; 866 1004; 865 1005; 865 1014; 866 1015; 866 1016; 867 1017; 867 1018; 869 1020; 869 1023; 914 1023; 914 1019; 913 1018; 913 1017; 911 1015; 910 1015; 909 1014; 908 1014; 906 1012; 906 1001; 891 1001; 888 998; 888 996
