0; 831 0; 831 7; 832 8; 832 9; 833 10; 833 11; 834 12; 834 13; 835 13; 836 14; 843 14; 844 15; 845 15; 846 16; 846 17; 847 18; 847 22; 848 23; 848 24; 850 26; 859 26; 861 24; 862 24; 866 20; 866 18; 867 17; 867 14; 871 10; 871 0
1; 944 0; 944 3; 941 6; 940 6; 939 7; 938 7; 936 9; 936 10; 935 11; 935 12; 934 13; 932 13; 931 14; 929 14; 928 15; 926 15; 925 16; 921 16; 920 17; 919 17; 916 20; 916 30; 925 30; 926 29; 929 29; 930 28; 933 28; 934 27; 942 27; 943 28; 943 37; 951 37; 952 36; 959 36; 959 22; 960 21; 961 21; 963 19; 963 18; 964 17; 964 9; 959 4; 959 0
2; 542 0; 542 22; 543 23; 543 29; 544 30; 544 31; 545 32; 545 34; 546 35; 546 39; 547 40; 547 42; 549 44; 557 44; 558 45; 567 45; 567 43; 569 41; 570 41; 571 40; 573 40; 574 39; 576 39; 577 38; 578 38; 579 37; 580 37; 580 29; 579 29; 577 27; 577 25; 576 24; 576 20; 574 18; 574 15; 573 14; 573 12; 572 11; 572 10; 571 9; 571 8; 570 7; 570 0
3; 191 8; 191 10; 190 11; 190 13; 189 14; 188 14; 184 18; 184 26; 189 26; 190 27; 190 33; 189 34; 189 35; 187 37; 177 37; 177 40; 175 42; 175 50; 176 50; 177 51; 177 53; 178 54; 178 59; 181 62; 183 62; 184 63; 196 63; 197 62; 197 58; 198 57; 198 56; 200 54; 200 53; 201 52; 201 51; 202 50; 202 48; 203 47; 203 46; 204 45; 204 44; 208 40; 209 40; 212 37; 214 37; 215 36; 219 36; 220 35; 221 35; 221 27; 220 26; 215 26; 212 23; 212 21; 211 20; 211 16; 210 15; 210 14; 209 14; 208 13; 206 13; 205 12; 204 12; 203 11; 202 11; 199 8
4; 726 0; 726 19; 725 20; 725 23; 724 24; 724 30; 723 31; 723 34; 722 35; 722 53; 723 54; 725 54; 726 55; 738 55; 741 52; 741 51; 742 50; 742 49; 743 48; 754 48; 754 30; 753 29; 753 22; 754 21; 754 18; 755 17; 755 16; 758 13; 759 13; 760 12; 760 4; 759 4; 758 3; 758 0; 747 0; 747 4; 746 5; 740 5; 739 4; 739 0
5; 755 30; 755 52; 758 55; 758 57; 760 59; 760 60; 761 61; 761 68; 773 68; 774 69; 775 69; 776 70; 784 70; 785 71; 788 71; 791 74; 802 74; 802 66; 801 66; 800 65; 800 55; 798 53; 798 41; 790 41; 789 42; 781 42; 775 36; 775 35; 771 31; 770 31; 769 30
6; 384 27; 383 28; 382 28; 381 29; 381 40; 380 41; 367 41; 367 52; 368 53; 368 76; 369 77; 369 79; 370 80; 370 81; 371 82; 372 82; 373 83; 383 83; 385 81; 386 81; 388 79; 389 79; 390 78; 391 78; 396 73; 397 73; 398 72; 399 72; 401 70; 401 69; 402 68; 402 58; 400 56; 400 55; 399 54; 399 38; 398 38; 395 35; 395 32; 394 31; 394 29; 392 27
7; 832 45; 830 47; 829 47; 828 48; 827 48; 824 51; 824 52; 823 53; 823 58; 822 59; 816 59; 815 60; 814 60; 810 64; 809 64; 807 66; 803 66; 803 74; 805 74; 806 75; 806 76; 807 76; 809 78; 812 78; 815 81; 815 91; 816 91; 817 92; 819 92; 823 96; 832 96; 833 95; 833 87; 835 85; 835 84; 843 76; 843 68; 844 67; 850 67; 852 65; 853 65; 854 64; 855 64; 856 63; 856 52; 853 49; 851 49; 850 48; 847 48; 846 47; 843 47; 842 46; 841 46; 840 45
8; 479 83; 479 88; 478 89; 478 100; 477 101; 471 101; 470 102; 470 103; 469 104; 469 105; 468 106; 468 107; 467 108; 467 116; 468 117; 476 117; 478 115; 479 115; 480 114; 486 114; 487 115; 500 115; 501 116; 505 116; 506 117; 514 117; 514 107; 515 106; 524 106; 525 105; 526 105; 526 97; 525 96; 524 96; 522 94; 521 94; 519 92; 519 87; 516 84; 496 84; 495 83
9; 909 106; 909 114; 913 114; 916 117; 916 123; 914 125; 902 125; 902 126; 901 127; 901 128; 898 131; 898 132; 897 133; 891 133; 890 132; 890 123; 881 123; 881 136; 882 137; 893 137; 894 138; 894 145; 904 145; 905 144; 905 143; 906 142; 907 142; 909 140; 910 140; 910 134; 911 133; 923 133; 927 129; 928 129; 930 127; 930 118; 927 115; 927 114; 926 113; 926 106
10; 665 92; 663 94; 651 94; 646 99; 643 99; 643 130; 642 131; 642 139; 651 139; 652 138; 652 136; 654 134; 670 134; 671 133; 671 118; 662 118; 661 117; 661 111; 662 110; 674 110; 679 105; 680 105; 682 103; 682 95; 680 95; 679 94; 676 94; 675 93; 674 93; 673 92
11; 368 124; 367 109; 358 92; 350 92; 349 100; 338 106; 327 122; 327 131; 333 134
12; 333 134; 333 153; 340 153; 346 163; 356 169; 364 169; 367 162; 369 136; 368 124
13; 212 112; 211 113; 211 123; 210 124; 208 124; 205 127; 204 127; 203 128; 200 128; 200 131; 199 132; 198 132; 197 133; 196 133; 189 140; 188 140; 187 141; 187 149; 188 150; 188 156; 189 157; 189 159; 191 161; 191 162; 192 162; 193 163; 195 163; 196 164; 196 167; 201 167; 202 168; 207 168; 207 166; 208 165; 208 164; 214 158; 214 157; 216 155; 216 153; 218 151; 218 150; 219 149; 220 149; 223 146; 224 146; 227 143; 227 142; 230 139; 230 129; 227 126; 227 123; 224 123; 223 122; 223 118; 222 117; 222 116; 221 115; 221 113; 220 112
14; 272 129; 272 130; 271 131; 271 133; 270 134; 270 142; 269 143; 266 143; 265 144; 265 154; 267 156; 267 157; 269 159; 276 159; 277 160; 277 168; 278 169; 278 170; 279 171; 279 173; 280 174; 280 175; 281 176; 281 177; 289 177; 291 175; 296 175; 297 174; 298 174; 298 173; 300 171; 305 171; 306 170; 308 170; 311 167; 311 159; 310 159; 309 158; 308 158; 306 156; 300 156; 299 155; 299 149; 296 146; 296 145; 295 144; 295 143; 293 141; 293 140; 292 139; 292 138; 291 137; 291 136; 290 135; 290 134; 288 132; 288 129
15; 708 109; 707 110; 707 113; 706 114; 700 114; 699 113; 691 113; 691 121; 692 122; 692 129; 693 130; 693 131; 694 132; 694 155; 695 156; 695 160; 696 161; 696 162; 697 163; 697 164; 698 164; 700 166; 709 166; 712 163; 712 162; 714 160; 714 159; 717 156; 724 156; 724 146; 723 145; 723 142; 722 141; 722 138; 711 138; 710 137; 710 135; 704 129; 704 120; 705 119; 711 119; 712 120; 720 120; 721 119; 721 110; 720 109
16; 982 140; 982 142; 981 143; 962 143; 962 148; 961 149; 961 150; 958 153; 958 161; 960 163; 969 163; 975 157; 975 156; 976 155; 977 155; 978 154; 980 154; 981 153; 981 149; 982 148; 990 148; 990 140
17; 382 162; 381 163; 381 164; 380 165; 380 174; 381 175; 382 175; 385 178; 385 179; 386 180; 386 181; 387 182; 389 182; 390 183; 393 183; 394 184; 403 184; 404 183; 405 183; 409 179; 409 170; 406 167; 405 167; 404 166; 403 166; 402 165; 401 165; 400 164; 398 164; 397 163; 393 163; 392 162
18; 196 168; 196 170; 195 171; 195 174; 194 175; 194 178; 193 179; 193 181; 192 182; 192 193; 191 194; 191 203; 192 204; 192 205; 195 208; 196 208; 197 209; 198 209; 199 210; 213 210; 214 211; 215 211; 217 213; 218 213; 219 214; 223 214; 225 216; 226 216; 227 217; 236 217; 237 216; 237 215; 240 212; 240 211; 241 210; 241 198; 240 197; 240 180; 227 180; 226 179; 224 179; 223 178; 222 178; 220 176; 219 176; 218 175; 217 175; 216 174; 209 174; 207 172; 207 169; 202 169; 201 168
19; 115 203; 115 204; 114 205; 114 213; 112 215; 111 215; 110 216; 107 216; 107 226; 108 227; 108 231; 109 232; 109 233; 111 235; 118 235; 124 241; 126 241; 127 242; 128 242; 130 244; 130 245; 133 248; 141 248; 142 247; 142 238; 143 237; 148 237; 149 236; 153 236; 156 233; 156 222; 155 221; 155 218; 154 217; 154 215; 153 214; 153 213; 152 213; 151 212; 146 212; 145 211; 139 211; 138 210; 136 210; 135 209; 134 209; 132 207; 131 207; 129 205; 128 205; 127 204; 126 204; 125 203
20; 645 205; 644 206; 643 206; 643 216; 645 218; 645 220; 646 221; 646 243; 644 245; 643 245; 643 254; 644 255; 654 255; 655 254; 656 254; 657 253; 662 253; 663 252; 672 252; 673 253; 683 253; 684 252; 684 243; 681 240; 681 237; 680 236; 680 235; 679 234; 679 233; 678 232; 678 231; 677 230; 677 220; 678 219; 678 210; 677 209; 677 208; 676 207; 660 207; 659 206; 658 206; 657 205
21; 78 216; 77 217; 76 217; 74 219; 72 219; 71 220; 70 220; 65 225; 58 225; 57 226; 55 226; 53 228; 53 229; 52 230; 52 231; 51 232; 51 234; 50 235; 50 245; 53 248; 54 248; 59 253; 59 256; 60 257; 60 258; 61 259; 61 260; 63 262; 63 263; 65 265; 65 266; 73 266; 73 265; 74 264; 74 262; 79 257; 80 257; 82 255; 83 255; 85 253; 86 253; 87 252; 87 248; 88 247; 93 247; 95 245; 97 245; 98 244; 101 244; 102 243; 105 243; 106 242; 107 242; 109 240; 109 239; 111 237; 111 236; 108 233; 108 232; 107 231; 107 227; 106 226; 106 217; 105 217; 104 218; 103 218; 102 219; 94 219; 93 218; 92 218; 91 217; 87 217; 86 216
22; 677 286; 677 294; 678 295; 678 296; 681 299; 682 299; 683 300; 684 300; 685 301; 685 307; 684 308; 684 317; 692 317; 694 315; 695 315; 695 307; 692 307; 691 306; 691 300; 692 299; 692 291; 687 286
23; 456 291; 455 292; 450 292; 449 293; 448 293; 447 294; 446 294; 445 295; 435 295; 434 294; 430 294; 429 293; 420 293; 419 294; 419 303; 418 304; 418 315; 419 316; 419 326; 420 325; 421 325; 422 324; 434 324; 435 325; 443 325; 444 326; 447 326; 448 327; 450 327; 451 328; 459 328; 459 327; 460 326; 460 322; 461 321; 467 321; 468 322; 468 323; 469 324; 477 324; 477 316; 476 315; 475 315; 474 314; 474 307; 473 306; 472 306; 471 305; 470 305; 469 304; 468 304; 466 302; 466 292; 465 291
24; 379 285; 376 288; 376 303; 375 304; 368 304; 366 306; 366 315; 367 315; 368 316; 368 317; 370 319; 371 319; 378 326; 379 326; 380 327; 381 327; 382 328; 383 328; 385 330; 386 330; 389 333; 389 334; 390 335; 390 338; 391 339; 391 341; 400 341; 401 340; 402 340; 402 339; 405 336; 405 335; 406 334; 406 332; 407 331; 407 329; 408 328; 414 328; 415 327; 417 327; 418 326; 418 316; 417 315; 417 305; 416 305; 414 307; 407 307; 405 305; 404 305; 400 301; 400 291; 397 288; 394 288; 393 287; 391 287; 389 285
25; 831 307; 827 311; 827 313; 826 314; 826 320; 825 321; 818 321; 817 322; 817 323; 815 325; 815 326; 814 327; 814 328; 813 329; 813 338; 814 338; 815 339; 816 339; 819 342; 819 343; 826 350; 826 351; 827 352; 827 353; 828 354; 828 355; 835 362; 845 362; 846 361; 847 361; 851 357; 851 355; 852 354; 852 350; 854 348; 856 348; 857 347; 858 347; 860 345; 860 337; 859 336; 858 336; 857 335; 855 335; 853 333; 852 333; 846 327; 846 325; 845 324; 845 317; 846 316; 847 316; 847 308; 840 308; 839 307
26; 600 327; 599 328; 598 328; 598 329; 596 331; 596 332; 594 334; 592 334; 591 335; 588 335; 587 336; 586 336; 586 352; 597 352; 598 353; 599 353; 602 356; 602 362; 601 363; 600 363; 599 364; 598 364; 597 365; 597 373; 598 373; 599 374; 613 374; 614 373; 615 373; 616 372; 616 363; 612 359; 612 357; 611 356; 611 328; 610 327
27; 922 328; 916 334; 916 335; 915 336; 915 337; 913 339; 913 348; 914 349; 914 350; 915 351; 915 352; 916 353; 916 354; 917 355; 917 362; 918 363; 918 370; 919 371; 919 372; 920 373; 920 376; 921 377; 921 379; 922 380; 930 380; 931 379; 933 379; 934 378; 941 378; 942 379; 942 381; 950 381; 950 373; 952 371; 952 362; 951 361; 951 360; 950 359; 950 358; 949 357; 949 355; 947 353; 947 337; 946 336; 946 332; 945 331; 945 330; 943 328
28; 505 328; 505 329; 504 330; 504 331; 501 334; 500 334; 499 335; 498 335; 497 336; 496 336; 494 338; 493 338; 492 339; 490 339; 489 340; 486 340; 485 341; 484 341; 480 345; 480 346; 474 352; 474 353; 473 354; 473 362; 474 362; 476 364; 477 364; 478 365; 482 365; 483 366; 483 367; 484 368; 484 371; 485 371; 486 372; 487 372; 488 373; 498 373; 499 372; 500 372; 502 370; 503 370; 504 369; 506 369; 507 368; 508 368; 510 366; 511 366; 515 362; 516 362; 519 359; 520 359; 521 358; 522 358; 523 357; 526 357; 527 356; 529 356; 531 354; 531 346; 529 344; 528 344; 527 343; 526 343; 525 342; 523 342; 522 341; 521 341; 519 339; 519 337; 518 336; 518 333; 517 332; 517 331; 515 329; 515 328
29; 174 373; 171 376; 171 383; 170 384; 170 393; 167 396; 166 396; 165 397; 164 397; 163 398; 162 398; 159 401; 158 401; 158 402; 156 404; 156 413; 158 415; 158 416; 159 417; 159 419; 160 420; 160 422; 161 423; 169 423; 170 422; 171 422; 171 421; 173 419; 179 419; 181 421; 181 422; 182 423; 182 424; 190 424; 191 423; 192 423; 193 422; 193 419; 194 418; 194 414; 195 413; 195 411; 197 409; 197 408; 200 405; 200 402; 201 401; 201 396; 202 395; 202 394; 206 390; 206 382; 203 379; 202 379; 197 374; 186 374; 185 373
30; 99 376; 87 379; 86 387; 83 392; 82 418; 90 418; 96 407; 104 407; 109 410; 117 410; 117 404; 121 398
31; 121 398; 134 388; 134 381; 137 378; 137 369; 133 365; 126 364; 120 358; 111 358; 104 371; 99 376
32; 672 375; 672 380; 671 381; 671 383; 670 384; 670 385; 668 387; 668 388; 667 389; 667 390; 665 392; 664 392; 660 396; 660 397; 659 398; 659 399; 657 401; 656 401; 655 402; 654 402; 653 403; 652 403; 652 412; 656 416; 656 422; 657 423; 657 424; 659 426; 670 426; 672 428; 672 429; 677 429; 678 428; 683 428; 683 421; 685 419; 685 418; 687 416; 687 415; 689 413; 689 412; 691 410; 691 409; 694 406; 694 405; 701 398; 701 390; 700 389; 700 383; 699 382; 699 380; 698 379; 698 378; 686 378; 683 375
33; 927 402; 927 403; 926 404; 926 406; 925 407; 925 408; 924 409; 924 417; 932 417; 933 418; 933 424; 932 425; 930 425; 930 435; 929 436; 930 437; 938 437; 939 436; 940 436; 942 434; 943 434; 945 432; 946 432; 949 429; 950 429; 950 418; 951 417; 951 409; 941 409; 940 408; 939 408; 936 405; 936 404; 935 403; 935 402
34; 49 408; 47 410; 46 410; 43 413; 42 413; 41 414; 24 414; 23 415; 22 415; 20 417; 19 417; 18 418; 18 419; 17 420; 17 427; 16 428; 16 437; 17 438; 18 438; 19 439; 22 439; 23 440; 25 440; 30 445; 40 445; 42 443; 43 443; 44 442; 45 442; 46 441; 60 441; 61 440; 61 434; 62 433; 71 433; 72 432; 74 432; 74 431; 75 430; 75 429; 73 429; 72 428; 72 421; 71 420; 65 420; 64 419; 64 413; 63 412; 63 411; 61 409; 60 409; 59 408
35; 477 411; 476 412; 475 412; 474 413; 473 413; 473 425; 474 426; 474 432; 473 433; 472 433; 470 435; 470 437; 469 438; 469 447; 472 447; 473 448; 475 448; 476 449; 477 449; 478 450; 480 450; 481 451; 482 451; 483 452; 484 452; 486 454; 488 454; 489 455; 491 455; 492 456; 494 456; 498 460; 498 461; 499 462; 500 462; 501 463; 509 463; 510 462; 511 462; 513 460; 513 451; 512 450; 512 437; 513 436; 513 428; 504 428; 503 427; 502 427; 501 426; 497 426; 495 424; 495 421; 494 420; 494 419; 493 418; 492 418; 491 417; 491 416; 487 412; 486 412; 485 411
36; 900 423; 898 425; 897 425; 896 426; 896 434; 899 437; 904 437; 905 438; 905 452; 919 452; 920 451; 921 451; 928 444; 928 438; 929 437; 928 436; 923 436; 922 435; 922 432; 909 432; 908 431; 908 423
37; 82 419; 82 420; 81 421; 81 424; 80 425; 80 428; 79 429; 76 429; 76 430; 75 431; 75 432; 78 432; 79 433; 79 438; 81 440; 82 440; 83 441; 84 441; 85 442; 85 443; 86 444; 86 445; 87 446; 87 447; 89 449; 90 449; 94 453; 103 453; 106 450; 106 444; 107 443; 107 435; 99 435; 98 434; 97 434; 96 433; 96 431; 95 430; 95 428; 94 427; 94 426; 93 425; 93 424; 91 424; 90 423; 90 419
38; 678 429; 677 430; 672 430; 672 436; 671 437; 670 437; 669 438; 662 438; 661 439; 656 439; 656 447; 657 447; 658 448; 670 448; 671 447; 688 447; 689 448; 689 461; 690 462; 703 462; 704 463; 704 471; 705 472; 706 472; 707 473; 718 473; 719 472; 729 472; 729 461; 731 459; 731 449; 730 448; 729 448; 728 447; 724 447; 723 446; 722 446; 721 445; 719 445; 718 444; 717 444; 716 443; 714 443; 707 436; 707 435; 706 434; 706 433; 705 432; 685 432; 683 430; 683 429
39; 380 445; 378 447; 378 456; 373 461; 373 462; 369 466; 368 466; 367 467; 365 467; 364 468; 363 468; 363 476; 364 476; 365 477; 367 477; 369 479; 369 480; 372 483; 372 484; 375 487; 375 488; 377 490; 377 491; 378 492; 378 493; 379 494; 379 495; 380 496; 380 497; 395 497; 396 496; 411 496; 409 494; 409 480; 405 476; 405 475; 403 473; 403 472; 401 470; 401 469; 400 468; 400 458; 399 457; 399 455; 397 453; 397 452; 396 452; 394 450; 393 450; 389 446; 389 445
40; 927 458; 925 460; 924 460; 922 462; 921 462; 919 464; 918 464; 916 466; 915 466; 914 467; 913 467; 912 468; 910 468; 909 469; 908 469; 907 470; 906 470; 904 472; 903 472; 902 473; 901 473; 900 474; 899 474; 898 475; 897 475; 897 484; 898 485; 899 485; 902 488; 902 489; 903 490; 903 498; 904 499; 914 499; 915 500; 916 500; 917 501; 917 502; 925 502; 925 498; 927 496; 927 495; 929 493; 930 493; 930 490; 931 489; 939 489; 942 486; 942 485; 943 484; 943 483; 944 482; 946 482; 947 481; 950 481; 952 479; 952 471; 951 470; 951 469; 950 468; 950 467; 948 465; 947 465; 946 464; 939 464; 936 461; 936 459; 935 458
41; 711 531; 714 543; 720 550; 735 551; 735 534; 746 534; 756 531; 755 521; 730 522; 728 520
42; 728 520; 728 514; 741 500; 740 484; 742 482; 742 474; 708 474; 708 480; 705 483; 705 493; 700 500; 684 499; 684 508; 698 509; 711 531
43; 982 501; 979 504; 979 505; 978 506; 978 507; 977 508; 977 510; 976 511; 976 519; 983 519; 985 521; 985 522; 993 522; 994 521; 998 521; 998 511; 997 510; 997 509; 996 508; 996 506; 995 505; 995 502; 994 501
44; 396 497; 395 498; 381 498; 382 499; 382 524; 383 524; 385 526; 390 526; 391 527; 391 541; 401 551; 402 551; 403 552; 418 552; 418 541; 419 540; 419 539; 421 537; 424 537; 424 529; 420 525; 420 524; 419 523; 419 522; 418 521; 418 518; 417 517; 417 515; 416 514; 416 513; 413 510; 413 509; 412 508; 412 507; 411 506; 411 497
45; 917 503; 917 507; 916 508; 916 517; 917 518; 917 519; 918 520; 918 521; 919 522; 919 524; 920 525; 920 526; 921 527; 929 527; 930 526; 934 526; 934 525; 935 524; 935 506; 930 506; 929 505; 926 505; 925 504; 925 503
46; 526 520; 525 521; 524 521; 523 522; 521 522; 520 523; 515 523; 514 524; 513 524; 513 532; 515 534; 516 534; 517 535; 519 535; 520 536; 527 536; 528 537; 528 546; 529 547; 529 548; 530 549; 530 558; 535 563; 536 563; 537 564; 546 564; 547 563; 556 563; 556 562; 557 561; 557 559; 560 556; 563 556; 563 546; 562 545; 562 544; 561 543; 561 536; 558 533; 550 533; 549 532; 549 523; 548 522; 548 520
47; 751 532; 750 533; 748 533; 746 535; 746 542; 745 543; 742 543; 741 544; 737 544; 737 547; 736 548; 736 551; 738 551; 739 552; 739 553; 740 554; 741 554; 743 556; 752 556; 753 557; 761 557; 762 556; 762 548; 761 547; 760 547; 758 545; 758 533; 757 532
48; 945 536; 944 537; 944 543; 942 545; 938 545; 938 553; 939 554; 939 555; 940 555; 943 558; 944 558; 945 559; 945 563; 953 563; 953 561; 954 560; 966 560; 967 561; 969 561; 969 552; 968 551; 968 550; 967 549; 956 549; 955 548; 955 538; 953 536
49; 483 539; 481 541; 481 542; 479 544; 479 545; 470 554; 469 554; 467 556; 466 556; 461 561; 461 572; 462 573; 462 574; 463 575; 463 576; 476 576; 479 579; 488 579; 488 568; 490 566; 498 566; 499 565; 499 564; 500 563; 500 562; 502 560; 502 559; 503 558; 503 557; 507 553; 507 545; 505 543; 504 543; 503 542; 501 542; 500 541; 494 541; 492 539
50; 158 539; 156 541; 155 541; 155 542; 154 543; 143 543; 142 542; 141 542; 140 541; 130 541; 130 553; 129 554; 119 554; 119 573; 120 573; 123 576; 123 577; 124 578; 125 578; 126 579; 131 579; 132 580; 136 580; 136 574; 139 571; 150 571; 152 573; 152 576; 160 576; 162 574; 162 559; 163 558; 164 558; 167 555; 167 554; 169 552; 169 543; 167 541; 167 540; 166 539
51; 404 553; 404 559; 403 560; 402 560; 402 562; 401 563; 385 563; 385 568; 384 569; 384 570; 383 571; 383 580; 384 581; 384 582; 385 583; 385 584; 389 588; 389 589; 391 591; 391 592; 400 592; 400 589; 401 588; 410 588; 417 581; 418 581; 419 580; 420 580; 421 579; 422 579; 425 576; 437 576; 437 568; 436 567; 436 564; 435 563; 435 562; 433 560; 427 560; 425 558; 425 555; 424 554; 424 553
52; 861 579; 860 580; 859 580; 858 581; 857 581; 856 582; 855 582; 854 583; 851 583; 850 584; 850 594; 851 595; 851 596; 853 598; 855 598; 856 599; 864 599; 865 600; 865 603; 866 604; 866 608; 874 608; 875 607; 876 607; 878 605; 879 605; 879 593; 871 593; 870 592; 870 579
53; 935 585; 932 588; 931 588; 931 589; 930 590; 930 592; 929 593; 929 601; 928 602; 924 602; 924 610; 932 610; 932 608; 933 607; 937 607; 939 605; 940 605; 941 604; 942 604; 943 603; 946 603; 947 602; 948 602; 949 601; 950 601; 951 600; 951 592; 950 592; 949 591; 948 591; 944 587; 944 586; 943 585
54; 132 581; 132 587; 131 588; 131 596; 129 598; 128 598; 127 599; 125 599; 125 608; 126 609; 126 610; 130 614; 131 614; 133 616; 134 616; 135 617; 135 618; 144 627; 144 629; 145 630; 145 632; 153 632; 155 630; 155 629; 156 628; 157 628; 158 627; 167 627; 168 626; 169 626; 169 625; 174 620; 174 612; 173 612; 172 611; 170 611; 169 610; 168 610; 163 605; 163 604; 161 602; 161 601; 160 600; 160 599; 159 598; 159 597; 157 595; 157 594; 151 588; 151 583; 143 583; 141 581
55; 1015 580; 1014 581; 1012 581; 1011 582; 1009 582; 1008 583; 1006 583; 1006 603; 1005 604; 994 604; 994 612; 1008 612; 1008 600; 1009 599; 1016 599; 1017 598; 1023 598; 1023 580
56; 10 599; 9 600; 6 600; 3 603; 0 603; 0 621; 5 621; 6 622; 6 628; 5 629; 0 629; 0 648; 5 648; 6 647; 7 647; 8 646; 10 646; 11 645; 16 645; 16 644; 19 641; 19 640; 20 639; 20 638; 21 637; 21 636; 22 635; 22 630; 23 629; 23 628; 25 626; 31 626; 33 628; 33 629; 41 629; 41 622; 42 621; 42 619; 43 618; 43 610; 33 610; 32 609; 32 605; 25 605; 21 601; 21 599
57; 976 596; 975 597; 972 597; 970 599; 970 609; 967 612; 966 612; 965 613; 964 613; 961 616; 961 617; 959 619; 959 620; 957 622; 956 622; 955 623; 951 623; 951 631; 952 632; 952 633; 953 634; 953 635; 954 636; 954 643; 952 645; 951 645; 951 650; 952 651; 952 655; 957 655; 960 658; 960 659; 963 662; 971 662; 972 661; 979 661; 979 660; 978 659; 978 652; 979 651; 980 651; 981 650; 983 650; 984 649; 985 649; 986 648; 987 648; 989 646; 989 638; 987 636; 987 635; 986 634; 986 633; 984 631; 984 630; 983 629; 983 628; 980 625; 980 624; 978 622; 978 615; 984 609; 984 596
58; 913 627; 913 628; 912 629; 912 630; 911 631; 911 642; 909 644; 908 644; 906 646; 906 654; 910 658; 911 658; 913 660; 914 660; 915 661; 917 661; 918 662; 919 662; 920 663; 920 664; 921 665; 921 668; 922 669; 922 671; 923 672; 923 673; 928 678; 936 678; 937 677; 938 677; 944 671; 944 670; 945 669; 945 667; 946 666; 946 660; 947 659; 947 658; 949 656; 950 656; 951 655; 951 651; 950 650; 950 646; 944 646; 938 640; 937 640; 935 638; 934 638; 933 637; 931 637; 930 636; 929 636; 928 635; 927 635; 926 634; 925 634; 923 632; 923 629; 922 628; 922 627
59; 392 655; 384 668; 379 672; 379 680; 395 687; 399 692; 421 694; 426 689; 430 679; 436 674; 434 657
60; 434 657; 443 648; 443 640; 436 637; 432 633; 425 633; 413 628; 404 628; 394 633; 391 637; 392 655
61; 20 651; 20 652; 19 653; 19 655; 18 656; 18 658; 11 665; 10 665; 4 671; 0 671; 0 698; 5 698; 7 700; 7 701; 11 705; 17 705; 18 706; 18 708; 20 708; 20 705; 21 704; 21 703; 25 699; 25 687; 26 686; 34 686; 39 681; 40 681; 41 680; 42 680; 43 679; 44 679; 44 671; 43 670; 39 670; 38 669; 37 669; 32 664; 32 654; 29 651
62; 972 662; 971 663; 964 663; 965 664; 965 670; 963 672; 963 673; 952 684; 952 685; 948 689; 948 698; 953 703; 953 705; 954 706; 954 712; 974 712; 974 711; 975 710; 975 708; 976 707; 976 705; 978 703; 978 702; 980 700; 980 699; 981 698; 981 697; 982 696; 982 695; 984 693; 984 692; 987 689; 987 688; 989 686; 989 677; 987 677; 984 674; 984 673; 983 672; 983 670; 982 669; 982 665; 981 664; 981 663; 980 662
63; 892 680; 888 684; 888 685; 882 691; 880 691; 879 692; 875 692; 874 693; 873 693; 872 694; 871 694; 867 698; 866 698; 865 699; 864 699; 863 700; 863 708; 867 712; 868 712; 869 713; 870 713; 871 714; 873 714; 874 715; 875 715; 881 721; 881 723; 882 724; 882 727; 883 728; 891 728; 891 725; 892 724; 892 721; 896 717; 897 717; 906 708; 907 708; 910 705; 912 705; 913 704; 919 704; 920 703; 920 695; 918 693; 917 693; 915 691; 914 691; 912 689; 911 689; 909 687; 908 687; 905 684; 905 683; 903 681; 902 681; 901 680
64; 258 683; 255 686; 255 687; 253 689; 253 690; 250 693; 249 693; 248 694; 245 694; 243 696; 243 698; 239 702; 237 702; 235 704; 234 704; 234 713; 235 714; 236 714; 237 715; 244 715; 245 716; 246 716; 248 718; 249 718; 252 721; 252 722; 253 723; 253 727; 254 728; 254 733; 255 734; 255 736; 257 738; 258 738; 260 740; 269 740; 270 739; 271 739; 272 738; 273 738; 280 731; 280 730; 281 729; 281 727; 282 726; 282 725; 285 722; 286 722; 288 720; 289 720; 291 718; 292 718; 293 717; 293 709; 292 709; 291 708; 288 708; 287 707; 284 707; 283 706; 282 706; 278 702; 278 701; 276 699; 276 698; 269 691; 269 686; 268 685; 268 683
65; 516 707; 515 711; 500 712; 500 720; 508 724; 508 734; 513 739; 527 739; 529 742; 542 742; 545 740; 545 728
66; 545 728; 550 718; 552 708; 556 704; 556 696; 550 694; 547 688; 532 688; 530 686; 521 686; 521 700; 516 707
67; 18 709; 18 712; 17 713; 17 714; 15 716; 14 716; 11 719; 11 720; 7 724; 6 724; 3 727; 0 727; 0 754; 3 754; 6 757; 14 757; 15 756; 18 756; 19 755; 20 755; 22 753; 22 752; 23 751; 23 750; 25 748; 33 748; 36 745; 39 745; 40 744; 43 744; 46 741; 46 735; 48 733; 48 725; 46 723; 45 723; 44 722; 42 722; 41 721; 40 721; 39 720; 38 720; 37 719; 36 719; 34 717; 33 717; 31 715; 30 715; 28 713; 28 712; 21 712; 20 711; 20 709
68; 46 742; 43 745; 40 745; 39 746; 36 746; 33 749; 33 755; 30 758; 30 771; 29 772; 29 773; 28 774; 28 783; 29 784; 33 784; 34 785; 34 786; 36 788; 36 789; 37 789; 39 791; 40 791; 42 793; 42 794; 45 797; 53 797; 55 795; 63 795; 64 794; 65 794; 65 786; 61 782; 61 781; 60 780; 60 770; 61 769; 61 767; 62 766; 62 765; 67 760; 67 744; 65 742
69; 711 758; 709 763; 695 775; 691 782; 691 812; 713 809; 715 801; 731 790; 739 778
70; 739 778; 746 776; 754 770; 770 770; 773 764; 773 754; 768 747; 768 738; 766 735; 757 735; 752 740; 734 745; 711 758
71; 218 761; 217 762; 217 764; 216 765; 216 769; 214 771; 206 771; 202 775; 201 775; 199 777; 199 785; 201 787; 201 788; 203 790; 204 790; 205 791; 205 793; 207 795; 207 797; 208 798; 208 799; 215 806; 215 819; 216 820; 226 820; 228 818; 229 818; 234 813; 235 813; 236 812; 237 812; 238 811; 239 811; 240 810; 240 809; 243 806; 243 805; 247 801; 248 801; 250 799; 251 799; 252 798; 253 798; 253 790; 241 790; 239 788; 239 787; 238 786; 238 785; 237 784; 237 783; 236 782; 236 770; 235 769; 235 768; 234 767; 234 766; 233 765; 233 764; 232 763; 231 763; 230 762; 229 762; 228 761
72; 565 789; 565 796; 553 808; 554 817; 565 817; 571 810; 589 811; 601 797; 615 789; 615 781; 609 774; 608 761; 605 759; 595 759; 584 771; 583 775; 580 775; 568 784
73; 824 764; 821 767; 821 768; 818 771; 818 786; 816 788; 814 788; 811 791; 811 800; 814 800; 815 801; 817 801; 818 802; 819 802; 820 803; 821 803; 822 804; 823 804; 827 808; 827 809; 835 817; 836 817; 837 818; 847 818; 848 817; 849 817; 850 816; 851 816; 853 814; 853 802; 854 801; 854 800; 856 798; 856 797; 858 795; 858 794; 860 792; 860 784; 848 784; 847 783; 846 783; 845 782; 844 782; 842 780; 841 780; 840 779; 839 779; 836 776; 834 776; 833 775; 833 765; 832 764
74; 669 793; 645 801; 641 806; 641 811; 632 819; 631 831; 633 833; 641 833; 644 836; 661 835; 662 837; 663 831; 667 829
75; 667 829; 676 828; 680 825; 687 823; 688 815; 690 813; 690 784; 687 786; 674 786; 669 793
76; 926 832; 919 839; 919 840; 918 841; 917 841; 913 845; 912 845; 911 846; 906 846; 905 847; 901 847; 900 848; 898 848; 897 849; 895 849; 894 850; 893 850; 892 851; 891 851; 890 852; 890 862; 892 864; 894 864; 895 865; 899 865; 907 873; 907 874; 908 875; 908 877; 909 878; 909 879; 919 879; 920 878; 920 877; 921 876; 921 875; 922 874; 923 874; 926 871; 927 871; 928 870; 929 870; 931 868; 933 868; 934 867; 935 867; 937 865; 938 865; 939 864; 940 864; 941 863; 942 863; 943 862; 945 862; 946 861; 947 861; 950 858; 950 850; 948 848; 947 848; 945 846; 944 846; 942 844; 941 844; 940 843; 940 842; 939 842; 937 840; 937 839; 936 838; 936 837; 935 836; 935 833; 934 832
77; 26 842; 25 843; 24 843; 22 845; 22 846; 19 849; 19 850; 14 855; 11 855; 10 856; 8 856; 7 857; 6 857; 5 858; 4 858; 3 859; 0 859; 0 870; 3 870; 4 871; 4 874; 5 875; 5 892; 6 893; 6 895; 8 897; 17 897; 18 896; 19 896; 22 893; 23 893; 24 892; 32 892; 33 891; 35 891; 36 890; 40 890; 41 889; 41 885; 42 884; 42 856; 37 856; 36 855; 36 843; 35 842
78; 65 846; 63 848; 62 848; 61 849; 60 849; 59 850; 58 850; 56 852; 55 852; 54 853; 52 853; 51 854; 48 854; 47 855; 44 855; 43 856; 43 884; 48 884; 49 885; 49 886; 51 888; 51 890; 52 891; 52 894; 53 895; 53 900; 64 900; 65 901; 74 901; 78 897; 80 897; 81 896; 83 896; 85 894; 86 894; 86 893; 87 892; 87 884; 86 883; 86 879; 85 878; 85 875; 84 874; 84 872; 83 871; 83 868; 82 867; 82 866; 80 864; 80 863; 79 862; 79 861; 78 860; 77 860; 75 858; 75 857; 74 856; 74 847; 73 846
79; 521 868; 519 870; 519 886; 520 887; 529 887; 531 885; 532 885; 533 884; 537 884; 538 883; 540 883; 541 882; 545 882; 545 873; 533 873; 530 870; 530 869; 529 868
80; 403 854; 399 858; 398 858; 396 860; 395 860; 393 862; 392 862; 389 865; 388 865; 387 866; 387 867; 385 869; 384 869; 383 870; 373 870; 372 871; 371 871; 370 872; 369 872; 369 881; 371 883; 371 884; 372 885; 372 893; 404 893; 407 890; 407 889; 413 883; 414 883; 416 881; 417 881; 418 880; 422 880; 423 879; 424 879; 425 878; 426 878; 429 875; 430 875; 430 867; 429 867; 427 865; 426 865; 424 863; 422 863; 421 862; 419 862; 417 860; 417 859; 416 858; 416 857; 413 854
81; 866 870; 865 871; 857 871; 851 877; 849 877; 848 878; 845 878; 844 879; 843 879; 842 880; 842 889; 843 889; 846 892; 846 893; 847 894; 847 896; 849 898; 849 899; 851 901; 851 902; 852 903; 852 904; 853 905; 853 906; 854 907; 854 908; 855 909; 855 910; 856 911; 856 912; 857 913; 857 914; 858 915; 858 920; 859 921; 868 921; 868 920; 870 918; 870 917; 871 916; 871 915; 873 913; 886 913; 890 909; 890 901; 889 900; 888 900; 885 897; 885 896; 884 895; 884 894; 883 893; 883 892; 880 889; 880 888; 879 887; 879 886; 878 885; 878 883; 877 882; 877 879; 876 878; 876 876; 875 875; 875 872; 874 871; 874 870
82; 943 880; 941 882; 940 882; 939 883; 938 883; 937 884; 936 884; 935 885; 927 885; 926 886; 924 886; 921 889; 920 889; 914 895; 914 907; 915 908; 915 909; 917 909; 918 910; 921 910; 922 911; 923 911; 925 913; 925 914; 926 915; 926 917; 935 917; 936 916; 937 916; 940 913; 941 913; 943 911; 944 911; 945 910; 946 910; 947 909; 949 909; 950 908; 952 908; 953 907; 969 907; 970 906; 970 905; 971 904; 971 893; 969 891; 969 890; 968 889; 967 889; 966 888; 952 888; 951 887; 951 880
83; 793 931; 795 945; 805 945; 807 950; 816 950; 822 944; 823 940; 828 935; 835 931; 835 922; 829 921; 821 913
84; 821 913; 817 904; 809 897; 806 892; 796 892; 790 894; 785 900; 784 910; 780 915; 780 924; 785 925; 793 931
85; 424 944; 425 952; 442 955; 453 943; 452 934; 432 933
86; 432 933; 432 919; 412 905; 401 905; 378 941; 392 954; 407 954; 414 946; 424 944
87; 365 897; 354 897; 353 906; 345 920; 333 927; 333 935; 340 942; 340 948; 366 948; 369 942
88; 369 942; 378 941; 401 905; 400 898; 404 894; 370 894; 365 897
89; 976 922; 974 924; 965 924; 965 932; 966 933; 966 939; 965 940; 949 940; 948 941; 947 941; 946 942; 946 950; 947 950; 948 951; 950 951; 951 952; 952 952; 954 954; 962 954; 963 953; 964 953; 965 952; 966 952; 967 951; 968 951; 969 950; 969 949; 970 948; 970 942; 971 941; 977 941; 979 943; 979 945; 981 947; 981 948; 982 949; 983 949; 986 952; 994 952; 994 944; 991 941; 991 940; 990 939; 990 938; 989 937; 989 931; 988 930; 988 928; 987 927; 987 925; 986 924; 986 923; 985 922
90; 340 949; 340 954; 339 955; 335 955; 334 956; 332 956; 331 957; 330 957; 327 960; 327 969; 331 969; 332 970; 334 970; 337 973; 337 976; 338 977; 338 979; 339 980; 340 980; 342 982; 343 982; 346 985; 346 986; 350 990; 350 991; 352 993; 352 994; 354 996; 364 996; 365 995; 366 995; 369 992; 369 991; 370 990; 370 989; 371 988; 371 987; 372 986; 372 985; 373 984; 374 984; 375 983; 376 983; 378 981; 379 981; 379 980; 380 979; 380 970; 372 962; 372 961; 368 957; 368 956; 366 954; 366 949
91; 147 945; 147 946; 145 948; 145 949; 143 951; 143 952; 141 954; 140 954; 138 956; 137 956; 134 959; 134 960; 133 961; 133 962; 132 963; 132 964; 131 965; 131 966; 130 967; 130 968; 126 972; 125 972; 124 973; 122 973; 120 975; 119 975; 119 984; 121 986; 122 986; 124 988; 126 988; 127 989; 130 989; 131 990; 132 990; 133 991; 134 991; 139 996; 148 996; 150 994; 150 993; 159 984; 160 984; 163 981; 163 980; 165 978; 165 977; 167 975; 168 975; 171 972; 172 972; 175 969; 175 961; 169 955; 169 945
92; 907 934; 905 936; 905 944; 895 954; 895 955; 883 967; 883 988; 884 989; 885 989; 886 990; 895 990; 898 993; 898 994; 900 996; 908 996; 910 994; 910 991; 911 990; 911 987; 914 984; 914 983; 916 981; 916 980; 920 976; 920 975; 921 974; 921 972; 925 968; 926 968; 927 967; 928 967; 929 966; 930 966; 931 965; 932 965; 933 964; 933 955; 931 953; 929 953; 928 952; 926 952; 925 951; 923 951; 921 949; 921 948; 920 947; 920 945; 919 944; 919 943; 916 940; 916 934
