0; 723 18; 721 20; 710 20; 710 28; 709 29; 708 29; 706 31; 706 41; 707 42; 707 43; 708 44; 708 45; 712 49; 712 50; 716 54; 716 55; 717 56; 717 57; 718 58; 718 61; 720 63; 720 64; 723 67; 723 68; 724 69; 732 69; 733 68; 734 68; 739 63; 740 63; 741 62; 744 62; 745 61; 746 61; 749 58; 750 58; 750 50; 749 50; 748 49; 748 48; 745 45; 745 42; 744 41; 744 39; 743 38; 743 37; 742 36; 742 35; 740 33; 740 32; 737 29; 737 28; 735 26; 735 25; 734 24; 734 22; 732 20; 732 19; 731 18
1; 376 43; 376 47; 375 48; 375 50; 374 51; 374 52; 373 53; 373 54; 372 55; 372 58; 371 59; 371 61; 370 62; 370 63; 368 65; 368 66; 366 68; 366 69; 365 70; 365 71; 364 72; 364 73; 363 74; 363 82; 364 82; 365 83; 366 83; 368 85; 369 85; 370 86; 370 87; 371 88; 383 88; 384 89; 394 89; 394 88; 395 87; 395 85; 396 84; 396 83; 397 82; 397 78; 398 77; 398 71; 399 70; 399 67; 400 66; 400 65; 401 64; 401 63; 402 62; 402 61; 403 60; 403 59; 405 57; 405 49; 403 49; 402 48; 394 48; 391 45; 390 45; 389 44; 388 44; 387 43
2; 536 53; 536 64; 535 65; 535 66; 534 67; 534 68; 533 69; 533 70; 532 71; 532 78; 531 79; 531 84; 530 85; 530 86; 529 87; 529 88; 528 89; 528 97; 529 98; 533 98; 534 99; 545 99; 546 100; 547 100; 548 101; 556 101; 557 100; 557 92; 558 91; 558 90; 559 89; 559 87; 560 86; 560 85; 561 84; 561 83; 562 82; 562 80; 563 79; 563 76; 564 75; 564 74; 565 73; 565 61; 563 59; 563 58; 560 55; 548 55; 547 54; 546 54; 545 53
3; 817 49; 817 52; 816 53; 816 62; 826 62; 827 63; 827 70; 825 72; 819 72; 818 71; 818 70; 809 70; 809 71; 806 74; 806 75; 805 76; 805 77; 804 78; 804 79; 803 80; 803 88; 807 92; 809 92; 810 93; 815 93; 816 94; 818 94; 820 96; 820 97; 829 97; 829 96; 830 95; 830 94; 832 92; 832 91; 833 90; 833 89; 834 88; 834 87; 835 86; 835 84; 836 83; 836 82; 846 72; 846 71; 848 69; 848 59; 847 59; 846 58; 844 58; 843 57; 842 57; 841 56; 827 56; 826 55; 826 52; 825 51; 825 49
4; 956 89; 954 91; 953 91; 949 95; 948 95; 948 96; 946 98; 946 99; 943 102; 942 102; 940 104; 939 104; 937 106; 936 106; 934 108; 933 108; 931 110; 930 110; 930 118; 936 124; 936 125; 939 128; 939 130; 940 131; 940 132; 942 134; 942 135; 950 135; 951 134; 952 134; 956 130; 957 130; 962 125; 963 125; 964 124; 966 124; 967 123; 969 123; 971 121; 971 120; 976 115; 977 115; 977 106; 976 105; 975 105; 972 102; 972 101; 968 97; 968 96; 967 95; 967 93; 966 92; 966 91; 964 89
5; 30 81; 29 82; 29 84; 28 85; 28 89; 27 90; 27 93; 25 95; 25 97; 24 98; 24 99; 23 100; 23 102; 22 103; 22 104; 21 105; 21 107; 20 108; 20 122; 21 122; 26 127; 50 127; 50 117; 51 116; 51 112; 52 111; 52 110; 53 109; 53 108; 54 107; 54 106; 55 105; 55 103; 56 102; 56 98; 57 97; 57 85; 52 85; 51 84; 49 84; 48 83; 44 83; 43 82; 41 82; 40 81
6; 237 105; 236 106; 228 106; 227 107; 213 107; 212 108; 212 119; 213 120; 213 122; 214 123; 214 124; 215 125; 215 126; 216 127; 216 135; 255 135; 256 134; 257 134; 258 133; 258 132; 259 131; 259 123; 258 122; 258 121; 257 120; 257 117; 256 116; 256 105
7; 846 134; 845 135; 839 135; 838 136; 836 136; 836 154; 837 155; 837 156; 838 157; 838 165; 836 167; 836 176; 838 178; 839 178; 840 179; 854 179; 854 167; 855 166; 855 147; 856 146; 856 137; 855 136; 855 135; 854 134
8; 398 123; 397 124; 396 124; 395 125; 394 125; 386 133; 386 134; 384 136; 383 136; 382 137; 381 137; 380 138; 379 138; 376 141; 376 142; 375 143; 375 155; 378 155; 380 157; 381 157; 382 158; 383 158; 384 159; 385 159; 386 160; 387 160; 389 162; 389 168; 391 170; 394 170; 395 171; 397 171; 399 173; 409 173; 409 172; 410 171; 410 170; 411 169; 411 164; 412 163; 420 163; 423 160; 424 160; 424 152; 423 151; 423 150; 419 146; 419 145; 418 144; 418 143; 417 142; 417 141; 416 140; 416 139; 415 138; 415 137; 414 136; 414 135; 413 134; 413 133; 410 130; 410 129; 408 127; 408 126; 407 125; 407 124; 406 123
9; 601 126; 601 136; 602 137; 603 137; 608 142; 609 142; 610 143; 611 143; 613 145; 614 145; 620 151; 620 152; 621 152; 626 157; 634 157; 639 152; 639 144; 637 144; 636 143; 634 143; 633 142; 632 142; 625 135; 624 135; 623 134; 622 134; 621 133; 619 133; 618 132; 617 132; 616 131; 615 131; 610 126
10; 894 142; 894 154; 892 156; 891 156; 890 157; 890 160; 889 161; 889 169; 891 169; 892 170; 895 170; 896 171; 898 171; 900 173; 901 173; 902 174; 904 174; 905 175; 906 175; 907 176; 909 176; 911 178; 912 178; 914 180; 916 180; 917 181; 928 181; 929 180; 929 178; 930 177; 930 176; 931 175; 932 175; 933 174; 935 174; 935 155; 933 153; 931 153; 930 152; 928 152; 927 151; 924 151; 923 150; 918 150; 917 149; 914 149; 913 148; 911 148; 910 147; 909 147; 907 145; 906 145; 903 142
11; 135 157; 134 158; 134 162; 133 163; 133 167; 132 168; 132 171; 131 172; 131 174; 130 175; 130 181; 129 182; 129 184; 126 187; 126 188; 125 189; 125 197; 126 198; 131 198; 132 199; 133 199; 135 201; 144 201; 145 202; 146 202; 147 203; 156 203; 156 194; 157 193; 157 191; 158 190; 158 185; 159 184; 159 180; 160 179; 160 177; 161 176; 161 175; 162 174; 162 171; 166 167; 166 159; 157 159; 156 158; 144 158; 143 157
12; 362 160; 360 162; 360 163; 359 164; 359 166; 358 167; 358 170; 356 172; 355 172; 352 175; 352 184; 354 186; 355 186; 362 193; 363 193; 365 195; 366 195; 370 199; 370 200; 374 204; 375 204; 376 205; 376 206; 385 206; 386 205; 386 204; 388 202; 389 202; 390 201; 391 201; 393 199; 393 198; 394 197; 397 197; 397 192; 398 191; 398 190; 399 189; 399 174; 397 172; 395 172; 394 171; 391 171; 389 169; 382 169; 381 168; 380 168; 379 167; 378 167; 377 166; 376 166; 374 164; 373 164; 371 162; 371 160
13; 76 168; 75 169; 75 171; 74 172; 74 173; 73 174; 73 180; 72 181; 58 181; 57 182; 56 182; 54 184; 54 185; 52 187; 52 188; 48 192; 48 201; 52 205; 52 206; 54 208; 54 209; 62 209; 63 208; 63 207; 67 203; 74 203; 74 190; 75 189; 81 189; 82 190; 90 190; 90 178; 89 177; 89 176; 87 174; 87 173; 86 172; 86 171; 85 170; 85 169; 84 168
14; 1000 198; 999 199; 996 199; 994 201; 993 201; 990 204; 989 204; 988 205; 985 205; 984 206; 975 206; 974 207; 969 207; 969 215; 972 218; 972 225; 971 226; 971 236; 972 237; 980 237; 982 235; 984 235; 985 234; 987 234; 988 233; 990 233; 991 232; 994 232; 995 231; 996 231; 997 230; 999 230; 1000 229; 1006 229; 1007 228; 1011 228; 1012 227; 1013 227; 1014 226; 1016 226; 1017 225; 1017 213; 1013 209; 1013 208; 1012 207; 1012 201; 1011 200; 1011 199; 1010 198
15; 19 210; 19 213; 18 214; 18 215; 17 216; 17 217; 13 221; 12 221; 10 223; 9 223; 8 224; 8 232; 9 233; 11 233; 12 234; 13 234; 15 236; 16 236; 17 237; 18 237; 20 239; 28 239; 28 235; 29 234; 35 234; 39 238; 39 239; 40 240; 40 247; 48 247; 50 245; 50 242; 51 241; 51 239; 57 233; 57 225; 56 224; 54 224; 53 223; 52 223; 51 222; 50 222; 49 221; 48 221; 47 220; 46 220; 45 219; 44 219; 43 218; 42 218; 40 216; 39 216; 38 215; 37 215; 35 213; 34 213; 33 212; 31 212; 29 210
16; 795 219; 795 220; 794 221; 794 222; 793 223; 793 227; 792 228; 792 234; 791 235; 791 244; 790 245; 790 246; 789 247; 789 248; 788 249; 788 250; 787 251; 787 252; 786 253; 786 261; 787 261; 788 262; 790 262; 791 263; 795 263; 796 264; 804 264; 805 265; 814 265; 814 264; 815 263; 815 259; 816 258; 816 257; 817 256; 817 254; 818 253; 818 251; 819 250; 819 248; 820 247; 820 245; 821 244; 821 241; 822 240; 822 237; 823 236; 823 234; 824 233; 824 224; 823 223; 819 223; 818 222; 816 222; 815 221; 814 221; 812 219
17; 293 216; 291 218; 291 219; 290 220; 290 223; 289 224; 289 225; 288 226; 288 227; 284 231; 284 232; 283 233; 283 235; 282 236; 282 237; 280 239; 280 240; 278 242; 278 244; 277 245; 277 246; 276 247; 276 257; 279 260; 282 260; 283 261; 284 261; 286 263; 286 265; 303 265; 303 264; 304 263; 304 262; 305 261; 305 259; 306 258; 306 257; 307 256; 307 255; 308 254; 308 252; 309 251; 309 249; 310 248; 310 247; 311 246; 311 245; 312 244; 312 243; 313 242; 313 240; 314 239; 314 238; 315 237; 315 236; 316 235; 316 234; 318 232; 318 224; 317 224; 316 223; 315 223; 314 222; 308 222; 307 221; 306 221; 304 219; 304 218; 302 216
18; 371 242; 371 243; 370 244; 369 244; 365 248; 365 250; 364 251; 364 252; 362 254; 361 254; 360 255; 359 255; 357 257; 357 258; 356 259; 356 267; 369 280; 369 281; 370 282; 370 283; 371 284; 371 286; 372 287; 372 288; 374 290; 374 291; 376 293; 384 293; 388 289; 389 289; 390 288; 392 288; 393 287; 398 287; 399 286; 400 286; 404 282; 404 272; 392 260; 391 260; 384 253; 384 252; 382 250; 382 249; 381 248; 381 247; 380 246; 380 244; 379 243; 379 242
19; 118 277; 118 289; 113 294; 113 303; 114 303; 115 304; 116 304; 117 305; 118 305; 119 306; 121 306; 122 307; 123 307; 128 312; 129 312; 137 320; 137 321; 139 323; 148 323; 150 321; 150 315; 151 314; 151 313; 154 310; 156 310; 157 309; 158 309; 158 302; 159 301; 159 300; 160 299; 160 291; 159 291; 158 290; 156 290; 155 289; 153 289; 152 288; 151 288; 150 287; 148 287; 146 285; 145 285; 144 284; 143 284; 142 283; 141 283; 140 282; 139 282; 138 281; 135 281; 134 280; 132 280; 130 278; 128 278; 127 277
20; 411 298; 410 299; 408 299; 407 300; 405 300; 404 301; 401 301; 400 302; 384 302; 383 303; 381 303; 380 304; 378 304; 377 305; 377 317; 378 318; 378 329; 379 330; 379 332; 380 333; 380 335; 381 336; 389 336; 390 335; 392 335; 393 334; 397 334; 398 333; 400 333; 401 332; 403 332; 404 331; 405 331; 406 330; 407 330; 408 329; 410 329; 411 328; 415 328; 416 327; 427 327; 427 316; 423 312; 423 309; 422 308; 422 305; 421 304; 421 302; 420 301; 420 299; 419 298
21; 167 318; 167 319; 165 321; 164 321; 163 322; 159 322; 159 332; 157 334; 156 334; 155 335; 154 335; 152 337; 150 337; 150 359; 155 359; 159 363; 168 363; 170 361; 170 358; 171 357; 171 355; 173 353; 173 352; 174 351; 174 350; 176 348; 176 346; 177 345; 177 344; 184 337; 184 336; 185 335; 185 323; 184 323; 183 322; 181 322; 180 321; 179 321; 178 320; 177 320; 175 318
22; 110 325; 108 327; 108 328; 106 330; 105 330; 104 331; 103 331; 102 332; 102 342; 101 343; 101 352; 103 354; 104 354; 105 355; 106 355; 107 356; 108 356; 109 357; 110 357; 111 358; 112 358; 113 359; 114 359; 118 363; 119 363; 120 364; 121 364; 122 365; 123 365; 124 366; 125 366; 127 368; 128 368; 129 369; 138 369; 138 368; 145 361; 146 361; 148 359; 149 359; 149 337; 137 337; 136 336; 136 332; 128 332; 127 331; 126 331; 124 329; 123 329; 119 325
23; 744 356; 744 357; 743 358; 743 366; 742 367; 742 370; 741 371; 741 373; 740 374; 740 375; 739 376; 739 377; 737 379; 737 381; 736 382; 736 398; 740 402; 748 402; 749 401; 757 401; 758 402; 767 402; 767 392; 768 391; 768 388; 769 387; 769 385; 770 384; 770 382; 771 381; 771 377; 772 376; 772 374; 773 373; 773 371; 774 370; 774 369; 775 368; 775 358; 769 358; 768 357; 755 357; 754 356
24; 530 368; 530 369; 529 370; 529 376; 528 377; 528 378; 527 379; 527 381; 526 382; 526 391; 525 392; 525 395; 524 396; 524 398; 523 399; 523 400; 522 401; 522 402; 521 403; 521 411; 525 411; 526 412; 530 412; 531 413; 534 413; 535 414; 536 414; 537 415; 550 415; 551 414; 551 412; 552 411; 552 406; 553 405; 553 400; 554 399; 554 398; 557 395; 557 394; 560 391; 560 390; 561 389; 561 388; 562 387; 562 385; 563 384; 563 375; 562 375; 561 374; 553 374; 552 373; 551 373; 548 370; 546 370; 545 369; 541 369; 540 368
25; 495 368; 495 369; 494 370; 494 371; 493 372; 493 374; 492 375; 492 377; 491 378; 491 380; 490 381; 490 385; 489 386; 489 389; 488 390; 488 391; 487 392; 487 393; 486 394; 486 395; 485 396; 485 409; 486 410; 486 411; 497 411; 499 413; 508 413; 509 412; 509 409; 510 408; 510 403; 511 402; 511 394; 510 394; 509 393; 506 393; 505 392; 502 392; 500 390; 500 383; 501 382; 501 381; 502 380; 502 378; 503 377; 503 368
26; 834 380; 832 382; 832 383; 829 386; 824 386; 824 387; 823 388; 823 390; 822 391; 822 392; 818 396; 818 404; 819 404; 824 409; 824 410; 841 427; 841 428; 842 429; 850 429; 854 425; 854 424; 855 423; 855 422; 856 421; 856 420; 858 418; 858 417; 862 413; 863 413; 863 404; 859 400; 858 400; 852 394; 852 393; 850 391; 850 390; 849 389; 849 388; 847 386; 847 385; 842 380
27; 63 437; 63 439; 64 440; 64 447; 76 447; 77 446; 79 446; 80 445; 86 445; 87 446; 103 446; 104 445; 105 445; 105 444; 106 443; 106 441; 107 440; 107 432; 105 430; 105 422; 106 421; 106 413; 105 412; 104 412; 103 411; 102 411; 101 410; 100 410
28; 100 410; 99 409; 99 408; 97 406; 97 405; 88 396; 79 396; 76 399; 63 399; 63 400; 62 401; 62 415; 60 417; 60 418; 57 421; 56 421; 56 430; 63 437
29; 766 411; 766 412; 765 413; 765 414; 763 416; 763 421; 762 422; 762 425; 758 429; 758 438; 759 438; 760 439; 761 439; 762 440; 763 440; 765 442; 766 442; 768 444; 769 444; 772 447; 773 447; 774 448; 775 448; 778 451; 778 452; 779 452; 780 453; 781 453; 782 454; 783 454; 784 455; 785 455; 786 456; 794 456; 798 452; 799 452; 800 451; 803 451; 803 445; 804 444; 804 440; 805 439; 805 430; 804 429; 802 429; 801 428; 800 428; 799 427; 798 427; 797 426; 796 426; 794 424; 793 424; 787 418; 786 418; 785 417; 782 417; 781 416; 779 416; 774 411
30; 36 450; 36 459; 35 460; 35 461; 34 462; 34 464; 33 465; 33 467; 32 468; 32 477; 33 478; 41 478; 42 479; 44 479; 45 480; 48 480; 49 481; 50 481; 51 482; 52 482; 53 483; 54 483; 58 487; 59 487; 60 488; 61 488; 62 489; 72 489; 72 488; 73 487; 73 485; 76 482; 77 482; 78 481; 79 481; 79 461; 78 461; 77 460; 71 460; 70 459; 65 459; 64 458; 63 458; 62 457; 61 457; 60 456; 59 456; 58 455; 56 455; 55 454; 53 454; 52 453; 50 453; 49 452; 48 452; 47 451; 46 451; 45 450
31; 594 453; 594 454; 582 466; 578 466; 577 467; 577 475; 582 480; 582 481; 583 482; 583 484; 584 485; 584 486; 586 488; 587 488; 592 493; 592 495; 593 496; 593 498; 594 499; 594 500; 596 502; 596 503; 597 504; 606 504; 606 503; 608 501; 619 501; 619 493; 623 489; 623 480; 622 479; 621 479; 614 472; 614 471; 605 462; 605 461; 604 460; 604 458; 603 457; 603 455; 602 454; 602 453
32; 853 482; 849 486; 848 486; 847 487; 846 487; 840 493; 839 493; 838 494; 837 494; 836 495; 835 495; 834 496; 833 496; 832 497; 831 497; 830 498; 828 498; 827 499; 823 499; 823 509; 825 511; 826 511; 831 516; 831 518; 833 520; 833 521; 837 525; 845 525; 851 519; 852 519; 857 514; 858 514; 859 513; 862 513; 863 512; 865 512; 866 511; 867 511; 868 510; 869 510; 870 509; 871 509; 873 507; 873 497; 874 496; 874 488; 873 487; 866 487; 864 485; 864 484; 862 482
33; 800 519; 800 520; 799 521; 799 522; 798 523; 798 524; 797 525; 797 526; 794 529; 793 529; 792 530; 792 531; 787 536; 787 537; 783 541; 783 542; 781 544; 781 552; 787 558; 788 558; 790 560; 791 560; 792 561; 793 561; 794 562; 795 562; 799 566; 807 566; 807 565; 809 563; 809 562; 811 560; 812 560; 813 559; 816 559; 816 544; 817 543; 817 542; 818 541; 818 540; 819 539; 819 538; 821 536; 821 535; 822 534; 822 526; 821 525; 820 525; 819 524; 815 524; 814 523; 813 523; 809 519
34; 566 542; 566 543; 565 544; 565 546; 564 547; 564 548; 563 549; 562 549; 561 550; 556 550; 556 559; 555 560; 555 570; 556 571; 557 571; 558 572; 560 572; 561 573; 562 573; 563 574; 564 574; 565 575; 566 575; 567 576; 568 576; 570 578; 571 578; 573 580; 574 580; 576 582; 577 582; 578 583; 579 583; 581 585; 582 585; 585 588; 586 588; 587 589; 595 589; 596 588; 596 585; 597 584; 597 581; 598 580; 598 577; 599 576; 599 575; 601 573; 601 572; 602 571; 602 570; 603 569; 603 567; 604 566; 604 558; 603 558; 602 557; 600 557; 599 556; 594 556; 593 555; 592 555; 590 553; 589 553; 586 550; 585 550; 581 546; 580 546; 578 544; 577 544; 576 543; 575 543; 574 542
35; 580 633; 575 638; 575 639; 573 641; 573 642; 572 643; 572 644; 571 645; 571 647; 568 650; 568 659; 569 660; 570 660; 574 664; 574 665; 578 669; 578 670; 584 676; 584 677; 586 679; 586 680; 589 683; 597 683; 598 682; 599 682; 600 681; 603 681; 604 680; 606 680; 610 676; 610 674; 611 673; 611 670; 614 667; 615 667; 615 659; 614 659; 613 658; 612 658; 607 653; 606 653; 603 650; 602 650; 599 647; 598 647; 596 645; 596 644; 592 640; 592 639; 588 635; 588 633
36; 133 655; 132 656; 131 656; 129 658; 128 658; 126 660; 125 660; 123 662; 122 662; 120 664; 118 664; 117 665; 111 665; 110 666; 109 666; 108 667; 107 667; 103 671; 103 679; 105 681; 105 689; 106 689; 107 690; 108 690; 110 692; 110 693; 111 694; 111 695; 112 696; 112 697; 121 697; 122 696; 126 696; 129 693; 130 693; 131 692; 131 691; 132 690; 133 690; 135 688; 136 688; 137 687; 138 687; 139 686; 140 686; 142 684; 145 684; 146 683; 153 683; 153 675; 152 674; 152 673; 151 672; 151 671; 149 669; 149 668; 148 667; 148 666; 146 664; 146 663; 143 660; 143 657; 142 656; 142 655
37; 324 794; 324 795; 323 796; 323 797; 322 798; 322 802; 321 803; 321 804; 320 805; 320 806; 319 807; 319 808; 318 809; 318 810; 317 811; 317 818; 316 819; 316 821; 315 822; 315 823; 313 825; 313 826; 312 827; 312 835; 313 835; 314 836; 315 836; 320 841; 324 841; 325 842; 327 842; 328 843; 339 843; 340 842; 340 841; 341 840; 341 831; 342 830; 342 828; 343 827; 343 826; 345 824; 345 823; 350 818; 351 818; 352 817; 352 816; 353 815; 353 814; 354 813; 354 805; 353 805; 351 803; 350 803; 347 800; 347 799; 346 799; 345 798; 343 798; 342 797; 340 797; 337 794
38; 283 799; 281 801; 280 801; 279 802; 277 802; 276 803; 275 803; 274 804; 273 804; 270 807; 267 807; 266 808; 261 808; 261 816; 262 817; 262 818; 263 819; 263 820; 264 821; 264 822; 266 824; 266 826; 267 827; 267 828; 268 829; 268 831; 269 832; 269 839; 270 840; 270 843; 271 844; 271 845; 272 846; 272 847; 273 848; 273 849; 275 849; 276 850; 289 850; 289 848; 290 847; 290 846; 293 843; 294 843; 295 842; 299 842; 300 841; 300 831; 299 830; 299 829; 298 828; 298 826; 297 825; 297 823; 296 822; 296 820; 295 819; 295 816; 294 815; 294 813; 293 812; 293 809; 292 808; 292 799
39; 625 811; 625 812; 624 813; 624 814; 623 815; 623 816; 622 817; 622 835; 621 836; 621 837; 620 838; 620 839; 619 840; 619 853; 628 853; 628 846; 629 845; 629 843; 630 842; 630 839; 631 838; 631 834; 632 833; 632 832; 634 830; 634 821; 635 820; 635 811
40; 18 860; 17 861; 16 861; 15 862; 14 862; 13 863; 10 863; 10 873; 6 877; 5 877; 4 878; 0 878; 0 900; 4 900; 6 898; 7 898; 8 897; 10 897; 11 896; 13 896; 14 895; 15 895; 16 894; 17 894; 18 893; 19 893; 20 892; 21 892; 22 891; 24 891; 25 890; 36 890; 37 889; 38 889; 38 888; 39 887; 39 875; 38 874; 38 873; 37 872; 37 871; 36 870; 34 870; 33 869; 32 869; 29 866; 29 863; 28 862; 28 860
41; 752 883; 752 885; 751 886; 751 887; 750 888; 750 889; 746 893; 746 894; 745 895; 745 896; 744 897; 744 900; 742 902; 742 910; 744 912; 745 912; 747 914; 748 914; 750 916; 751 916; 753 918; 754 918; 760 924; 761 924; 765 928; 765 931; 775 931; 775 930; 776 929; 776 928; 779 925; 786 925; 786 915; 787 914; 787 913; 788 912; 788 904; 786 904; 785 903; 784 903; 781 900; 780 900; 777 897; 776 897; 774 895; 773 895; 772 894; 771 894; 770 893; 769 893; 762 886; 762 885; 760 883
42; 442 895; 437 900; 437 901; 436 902; 436 904; 435 905; 435 906; 432 909; 431 909; 429 911; 429 919; 431 921; 432 921; 433 922; 434 922; 438 926; 438 927; 441 930; 441 931; 445 935; 445 936; 448 939; 448 940; 450 942; 461 942; 462 941; 462 940; 463 939; 463 938; 464 937; 471 937; 471 930; 472 929; 472 922; 473 921; 473 920; 471 918; 471 917; 462 908; 462 907; 459 904; 458 904; 457 903; 456 903; 451 898; 451 897; 450 896; 450 895
43; 474 921; 473 922; 473 929; 472 930; 472 937; 471 938; 471 939; 472 940; 472 942; 473 943; 473 952; 476 952; 477 953; 479 953; 480 954; 484 954; 485 955; 487 955; 489 957; 490 957; 492 959; 495 959; 496 960; 498 960; 499 961; 500 961; 501 962; 502 962; 504 964; 505 964; 507 966; 515 966; 515 956; 516 955; 516 954; 518 952; 518 949; 519 948; 519 938; 518 938; 517 937; 516 937; 515 936; 514 936; 512 934; 511 934; 510 933; 509 933; 508 932; 507 932; 506 931; 504 931; 503 930; 500 930; 499 929; 498 929; 497 928; 496 928; 494 926; 493 926; 492 925; 491 925; 490 924; 488 924; 487 923; 476 923
44; 765 932; 765 934; 764 935; 761 935; 760 936; 760 938; 758 940; 758 941; 757 942; 757 943; 753 947; 753 948; 752 949; 752 950; 751 951; 751 953; 750 954; 750 955; 749 956; 749 957; 748 958; 748 959; 747 960; 747 961; 746 962; 746 963; 743 966; 743 974; 744 974; 745 975; 746 975; 747 976; 750 976; 751 977; 754 977; 755 978; 756 978; 757 979; 759 979; 761 981; 761 982; 762 983; 770 983; 771 982; 771 980; 772 979; 772 978; 777 973; 778 973; 778 972; 780 970; 780 966; 781 965; 783 965; 785 963; 785 962; 788 959; 788 958; 790 956; 790 946; 789 945; 786 945; 783 942; 783 940; 782 939; 782 938; 781 937; 776 937; 775 936; 775 932
45; 699 972; 698 973; 697 973; 697 974; 696 975; 695 975; 694 976; 693 976; 692 977; 691 977; 690 978; 689 978; 689 994; 690 995; 690 996; 691 997; 691 998; 692 999; 692 1002; 693 1003; 693 1007; 694 1008; 694 1011; 695 1012; 695 1023; 708 1023; 708 1020; 709 1019; 711 1019; 712 1018; 714 1018; 715 1017; 716 1017; 718 1015; 725 1015; 726 1014; 726 1006; 725 1005; 725 1004; 724 1003; 724 1002; 722 1000; 722 999; 721 998; 721 994; 720 993; 720 988; 719 987; 719 978; 718 977; 718 975; 717 974; 717 973; 716 972
46; 11 976; 10 977; 10 978; 5 983; 4 983; 3 984; 0 984; 0 1003; 3 1003; 4 1004; 5 1004; 6 1005; 8 1005; 9 1006; 11 1006; 13 1008; 14 1008; 16 1010; 20 1010; 21 1011; 24 1011; 25 1012; 26 1012; 27 1013; 28 1013; 29 1014; 30 1014; 31 1015; 33 1015; 35 1017; 44 1017; 44 1016; 45 1015; 45 1014; 46 1013; 46 1011; 47 1010; 47 1009; 48 1008; 48 1007; 49 1006; 49 1003; 50 1002; 50 1001; 52 999; 52 989; 43 989; 42 988; 41 988; 38 985; 37 985; 36 984; 35 984; 34 983; 33 983; 32 982; 31 982; 30 981; 29 981; 28 980; 27 980; 26 979; 24 979; 23 978; 22 978; 20 976
47; 522 991; 520 993; 507 993; 507 1001; 506 1002; 506 1011; 507 1012; 507 1023; 536 1023; 536 1016; 537 1015; 537 1011; 538 1010; 538 1008; 539 1007; 539 1005; 540 1004; 540 995; 537 992; 535 992; 534 991
