0; 678 39; 677 40; 676 40; 675 41; 674 41; 673 42; 671 42; 670 43; 660 43; 659 44; 646 44; 646 57; 647 58; 647 64; 645 66; 645 77; 653 77; 654 76; 686 76; 687 75; 688 75; 688 63; 690 61; 690 60; 692 58; 692 50; 690 48; 690 47; 689 46; 689 45; 688 44; 688 43; 687 42; 687 40; 686 39
1; 1002 103; 1001 104; 998 104; 997 105; 996 105; 995 106; 994 106; 993 107; 991 107; 990 108; 985 108; 984 109; 982 109; 981 110; 979 110; 978 111; 968 111; 968 122; 969 123; 969 124; 974 129; 974 130; 975 131; 975 141; 984 141; 985 140; 987 140; 988 139; 990 139; 991 138; 993 138; 994 137; 996 137; 997 136; 1004 136; 1005 135; 1010 135; 1011 134; 1013 134; 1014 133; 1016 133; 1017 132; 1023 132; 1023 118; 1014 118; 1013 117; 1012 117; 1011 116; 1011 104; 1010 103
2; 274 124; 271 127; 271 137; 270 138; 270 139; 269 140; 269 143; 268 144; 268 150; 267 151; 267 157; 266 158; 266 169; 270 169; 273 172; 273 173; 282 173; 283 174; 284 174; 285 175; 294 175; 295 174; 295 173; 296 172; 296 171; 297 170; 297 154; 298 153; 298 150; 299 149; 299 146; 300 145; 300 133; 299 133; 298 132; 294 132; 293 131; 291 131; 290 130; 288 130; 285 127; 285 126; 284 125; 283 125; 282 124
3; 168 144; 167 145; 165 145; 164 146; 163 146; 161 148; 161 149; 160 150; 160 153; 159 154; 159 163; 160 164; 160 167; 161 168; 161 187; 162 188; 175 188; 176 189; 177 189; 179 191; 182 191; 183 192; 187 192; 187 180; 188 179; 188 171; 189 170; 189 165; 190 164; 190 162; 191 161; 191 158; 192 157; 192 149; 184 149; 183 148; 182 148; 180 146; 179 146; 178 145; 177 145; 176 144
4; 392 149; 391 150; 391 151; 390 152; 378 152; 378 153; 377 154; 377 172; 378 173; 378 185; 377 186; 377 196; 378 197; 386 197; 388 195; 389 195; 390 194; 391 194; 392 193; 394 193; 395 192; 405 192; 405 171; 406 170; 406 169; 407 168; 407 156; 406 155; 406 153; 402 149
5; 36 167; 35 168; 29 168; 29 169; 27 171; 27 181; 30 184; 31 184; 32 185; 33 185; 35 187; 35 197; 44 197; 44 188; 45 187; 45 186; 47 184; 52 184; 52 168; 50 168; 49 167
6; 53 168; 53 184; 54 184; 55 185; 55 196; 72 196; 72 187; 71 186; 71 185; 70 184; 70 168
7; 847 164; 847 175; 846 176; 846 179; 845 180; 845 183; 844 184; 844 186; 841 189; 841 191; 840 192; 840 194; 839 195; 839 205; 851 205; 854 208; 854 209; 867 209; 868 208; 868 207; 869 206; 869 200; 870 199; 870 193; 871 192; 871 189; 872 188; 872 186; 873 185; 873 181; 874 180; 874 175; 875 174; 875 166; 862 166; 860 164
8; 232 165; 231 166; 229 166; 228 167; 227 167; 222 172; 222 173; 220 175; 217 175; 216 176; 213 176; 212 177; 211 177; 210 178; 209 178; 208 179; 207 179; 205 181; 205 193; 214 202; 214 205; 215 206; 215 207; 217 209; 218 209; 220 207; 221 207; 222 206; 223 206; 225 204; 226 204; 231 199; 232 199; 233 198; 234 198; 235 197; 237 197; 237 186; 238 185; 244 185; 244 171; 243 170; 243 168; 242 167; 242 166; 241 165
9; 972 174; 971 175; 971 176; 969 178; 969 179; 966 182; 966 183; 965 184; 965 185; 964 186; 964 187; 961 190; 961 191; 959 193; 959 195; 958 196; 958 197; 957 198; 956 198; 955 199; 948 199; 948 207; 951 210; 951 211; 953 213; 953 220; 977 220; 978 219; 979 219; 980 218; 980 217; 981 216; 981 215; 982 214; 982 213; 983 212; 983 211; 985 209; 985 208; 986 207; 986 205; 987 204; 987 203; 992 198; 992 197; 993 196; 993 195; 994 194; 994 193; 995 192; 995 183; 994 182; 993 182; 992 181; 991 181; 990 180; 989 180; 988 179; 985 179; 984 178; 982 178; 981 177; 981 176; 980 175; 980 174
10; 183 193; 183 198; 181 200; 180 200; 179 201; 177 201; 176 202; 175 202; 174 203; 172 203; 171 204; 169 204; 168 205; 166 205; 165 206; 163 206; 163 215; 165 217; 165 228; 166 228; 169 231; 169 233; 170 234; 170 236; 171 237; 189 237; 189 231; 192 228; 193 228; 194 227; 196 227; 197 226; 198 226; 199 225; 205 225; 206 226; 206 227; 207 226; 207 222; 208 221; 208 219; 212 215; 213 215; 215 213; 215 212; 217 210; 214 207; 214 206; 213 205; 213 202; 204 193; 196 193; 194 195; 188 195; 187 194; 187 193
11; 237 228; 208 229; 207 227; 206 232; 209 235; 210 263; 221 257; 240 259
12; 240 259; 253 254; 265 253; 270 251; 274 247; 275 237; 267 230; 265 222; 256 222; 237 228
13; 952 221; 952 222; 951 223; 951 224; 950 225; 950 226; 949 227; 949 228; 947 230; 947 231; 944 234; 943 234; 942 235; 941 235; 938 238; 938 239; 935 242; 935 243; 934 244; 934 245; 933 246; 933 254; 934 255; 934 256; 935 257; 936 257; 937 258; 940 258; 942 260; 943 260; 948 265; 957 265; 957 264; 961 260; 961 259; 963 257; 963 256; 966 253; 966 252; 968 250; 968 249; 969 248; 969 247; 970 246; 970 245; 971 244; 971 243; 974 240; 976 240; 977 239; 978 239; 979 238; 979 230; 978 229; 978 228; 977 227; 977 221
14; 204 233; 203 234; 202 234; 201 235; 200 235; 199 236; 198 236; 196 238; 181 238; 181 244; 180 245; 179 245; 178 246; 178 247; 177 248; 177 256; 180 259; 182 259; 183 260; 184 260; 185 261; 185 262; 186 263; 186 265; 187 266; 187 267; 188 268; 188 269; 189 270; 189 271; 197 271; 199 269; 200 269; 201 268; 202 268; 203 267; 205 267; 207 265; 208 265; 209 264; 209 248; 208 247; 208 235; 206 233
15; 459 266; 457 268; 456 268; 455 269; 452 269; 448 273; 448 275; 445 278; 444 278; 442 280; 441 280; 441 288; 446 293; 446 294; 447 295; 447 296; 448 297; 448 299; 449 300; 449 302; 451 304; 451 306; 452 307; 452 308; 455 311; 456 311; 457 312; 460 312; 461 313; 464 313; 465 314; 474 314; 475 313; 481 313; 481 290; 477 286; 477 285; 473 281; 473 280; 471 278; 471 277; 469 275; 469 274; 468 273; 468 270; 467 269; 467 266
16; 987 299; 986 300; 986 311; 987 312; 987 314; 988 315; 988 334; 996 334; 997 333; 1018 333; 1019 332; 1023 332; 1023 302; 1012 302; 1011 303; 1004 303; 1002 301; 1001 301; 1000 300; 996 300; 995 299
17; 134 348; 128 354; 128 355; 127 356; 127 357; 126 358; 126 359; 125 360; 125 362; 123 364; 123 365; 122 366; 122 367; 121 368; 121 370; 120 371; 120 372; 115 377; 115 378; 114 379; 114 380; 113 381; 113 391; 115 393; 116 393; 117 394; 121 394; 122 395; 127 395; 128 396; 129 396; 130 397; 130 398; 131 399; 140 399; 141 398; 141 397; 142 396; 142 395; 144 393; 144 392; 145 391; 145 390; 146 389; 146 388; 147 387; 147 385; 148 384; 148 383; 149 382; 149 381; 151 379; 151 378; 152 377; 152 375; 153 374; 153 373; 154 372; 154 371; 157 368; 157 360; 155 358; 154 358; 152 356; 151 356; 150 355; 147 355; 146 354; 145 354; 143 352; 143 350; 142 349; 142 348
18; 440 415; 437 418; 425 418; 424 419; 422 419; 421 420; 420 420; 419 421; 414 421; 413 422; 410 422; 409 423; 408 423; 408 433; 409 434; 409 452; 412 455; 421 455; 422 454; 425 454; 426 453; 427 453; 428 452; 430 452; 431 451; 433 451; 434 450; 439 450; 440 449; 444 449; 445 448; 449 448; 450 447; 451 447; 452 446; 452 442; 453 441; 453 433; 450 430; 450 417; 449 416; 449 415
19; 320 461; 320 462; 319 463; 319 464; 316 467; 315 467; 313 469; 312 469; 310 471; 310 480; 311 481; 311 483; 312 484; 312 493; 311 494; 311 503; 312 504; 313 504; 314 505; 315 505; 316 506; 317 506; 318 507; 327 507; 329 505; 329 504; 331 502; 331 501; 332 500; 332 499; 333 498; 333 497; 334 496; 334 495; 336 493; 336 492; 340 488; 341 488; 342 487; 342 486; 343 485; 343 482; 344 481; 344 469; 343 468; 342 468; 341 467; 340 467; 339 466; 337 466; 336 465; 334 465; 333 464; 332 464; 330 462; 329 462; 328 461
20; 368 475; 366 477; 365 477; 363 479; 362 479; 361 480; 359 480; 357 482; 357 496; 361 500; 361 502; 362 503; 362 506; 363 507; 363 512; 364 513; 364 517; 365 518; 365 519; 366 520; 366 521; 367 522; 376 522; 377 523; 377 526; 390 526; 390 523; 391 522; 393 522; 394 521; 395 521; 396 520; 397 520; 397 511; 396 511; 395 510; 395 509; 393 507; 393 505; 392 504; 392 502; 391 501; 391 490; 390 489; 390 486; 389 485; 389 481; 388 480; 388 478; 387 477; 387 476; 386 475
21; 182 482; 181 483; 180 483; 179 484; 178 484; 177 485; 175 485; 174 486; 172 486; 171 487; 169 487; 168 488; 164 488; 163 489; 161 489; 160 490; 158 490; 157 491; 156 491; 155 492; 153 492; 151 494; 151 503; 155 507; 155 515; 154 516; 154 527; 162 527; 163 526; 163 525; 166 522; 167 522; 168 521; 169 521; 170 520; 172 520; 173 519; 174 519; 175 518; 179 518; 180 517; 184 517; 185 516; 187 516; 188 515; 190 515; 191 514; 193 514; 194 513; 195 513; 196 512; 196 504; 195 503; 195 502; 194 501; 194 499; 193 498; 193 485; 192 484; 192 483; 191 483; 190 482
22; 756 526; 755 527; 755 537; 756 538; 756 544; 755 545; 755 553; 756 554; 756 560; 784 560; 785 561; 799 561; 799 545; 797 543; 797 542; 796 541; 796 539; 795 538; 795 532; 794 531; 790 531; 789 530; 774 530; 773 529; 771 529; 769 527; 768 527; 767 526
23; 377 527; 377 529; 375 531; 374 531; 373 532; 363 532; 363 535; 362 536; 362 546; 361 547; 361 551; 360 552; 360 553; 359 554; 359 572; 360 573; 360 574; 361 575; 370 575; 371 574; 372 574; 373 573; 388 573; 389 572; 389 570; 390 569; 390 551; 391 550; 391 531; 390 530; 390 527
24; 808 534; 807 535; 807 537; 806 538; 806 544; 805 545; 800 545; 800 561; 801 562; 801 568; 799 570; 798 570; 797 571; 797 579; 807 579; 808 578; 811 578; 812 577; 822 577; 823 578; 832 578; 833 577; 833 559; 834 558; 834 556; 837 553; 837 552; 838 551; 838 550; 839 549; 839 539; 838 538; 838 537; 837 537; 835 535; 834 535; 833 534
25; 977 530; 976 531; 975 531; 974 532; 958 532; 958 536; 957 537; 957 540; 956 541; 956 552; 954 554; 954 555; 953 556; 953 560; 952 561; 952 573; 953 574; 953 575; 954 576; 963 576; 964 575; 965 575; 966 574; 982 574; 982 573; 983 572; 983 569; 984 568; 984 555; 985 554; 985 551; 986 550; 986 541; 987 540; 987 539; 988 538; 988 530
26; 630 715; 629 716; 629 717; 628 718; 628 720; 627 721; 627 723; 626 724; 626 726; 625 727; 625 729; 624 730; 624 732; 623 733; 623 734; 619 738; 619 739; 616 742; 616 744; 615 745; 615 754; 617 756; 619 756; 620 757; 623 757; 624 758; 629 758; 630 759; 632 759; 633 760; 634 760; 636 762; 646 762; 647 761; 647 760; 648 759; 648 758; 649 757; 649 753; 650 752; 650 749; 651 748; 651 744; 652 743; 652 741; 653 740; 653 738; 654 737; 654 735; 655 734; 655 733; 656 732; 656 731; 658 729; 658 728; 659 727; 659 719; 657 717; 656 717; 655 716; 652 716; 651 715
27; 412 730; 411 731; 410 731; 408 733; 407 733; 406 734; 405 734; 404 735; 398 735; 397 736; 395 736; 395 749; 396 750; 396 760; 397 761; 397 764; 398 765; 398 766; 399 767; 399 783; 413 783; 413 781; 415 779; 418 779; 419 778; 420 778; 421 777; 422 777; 426 773; 427 773; 428 772; 429 772; 430 771; 430 762; 429 761; 429 759; 428 758; 428 756; 427 755; 427 753; 426 752; 426 751; 425 750; 425 741; 424 740; 424 737; 423 736; 423 734; 422 733; 422 732; 421 731; 421 730
28; 399 784; 399 790; 397 792; 395 792; 393 794; 392 794; 388 798; 376 798; 373 801; 373 810; 377 814; 377 815; 378 816; 378 821; 379 822; 380 822; 381 823; 383 823; 385 825; 385 826; 386 827; 386 830; 389 833; 397 833; 403 827; 403 826; 405 824; 405 819; 406 818; 413 818; 414 819; 417 819; 418 818; 423 818; 423 798; 422 797; 421 797; 416 792; 416 791; 413 788; 413 784
29; 331 796; 330 797; 314 797; 313 798; 312 798; 311 799; 311 809; 315 813; 315 814; 316 815; 316 819; 317 820; 317 826; 318 827; 318 828; 319 829; 328 829; 329 828; 332 828; 333 827; 341 827; 342 828; 343 828; 344 829; 356 829; 357 828; 358 828; 359 827; 359 826; 360 825; 360 816; 359 815; 359 814; 358 813; 358 812; 357 811; 357 810; 356 809; 356 796
30; 418 819; 417 820; 417 828; 414 831; 414 839; 415 840; 425 840; 426 839; 438 839; 439 838; 439 829; 438 828; 438 825; 437 824; 437 819
31; 191 838; 190 839; 188 839; 187 840; 178 840; 177 841; 172 841; 171 842; 170 842; 169 843; 168 843; 168 857; 166 859; 165 859; 163 861; 163 870; 164 871; 165 871; 166 872; 181 872; 182 871; 193 871; 194 870; 203 870; 204 869; 211 869; 211 867; 212 866; 212 865; 213 864; 213 855; 209 851; 209 839; 208 838
32; 831 837; 829 839; 829 840; 828 841; 828 843; 827 844; 827 846; 826 847; 826 850; 825 851; 825 853; 824 854; 824 857; 823 858; 823 859; 818 864; 818 865; 817 866; 817 868; 816 869; 816 877; 818 879; 819 879; 821 881; 821 882; 822 883; 822 887; 824 889; 832 889; 833 888; 834 888; 835 887; 841 887; 842 886; 843 886; 845 884; 845 883; 846 882; 846 881; 847 880; 847 879; 848 878; 848 876; 849 875; 849 872; 850 871; 850 870; 851 869; 851 867; 852 866; 852 865; 853 864; 853 862; 854 861; 854 859; 855 858; 855 856; 859 852; 859 844; 858 843; 857 843; 856 842; 854 842; 853 841; 849 841; 848 840; 845 840; 842 837
33; 685 877; 684 878; 680 878; 679 879; 655 879; 654 880; 654 891; 653 892; 653 895; 649 899; 649 907; 652 910; 694 910; 695 909; 695 899; 696 898; 696 897; 698 895; 698 878; 696 878; 695 877
34; 147 887; 147 889; 146 890; 146 893; 145 894; 145 896; 144 897; 144 900; 143 901; 143 908; 141 910; 141 911; 139 913; 139 914; 138 915; 138 925; 142 929; 143 929; 145 931; 158 931; 159 932; 167 932; 168 931; 168 930; 169 929; 169 926; 170 925; 170 921; 171 920; 171 917; 172 916; 172 914; 173 913; 173 909; 174 908; 174 906; 175 905; 175 904; 176 903; 176 902; 177 901; 177 900; 178 899; 178 891; 177 891; 175 889; 174 889; 173 888; 157 888; 156 887
35; 825 932; 824 933; 824 934; 823 935; 823 943; 825 945; 825 968; 833 968; 834 967; 842 967; 843 968; 846 968; 847 969; 851 969; 852 970; 856 970; 857 971; 867 971; 867 970; 868 969; 868 966; 869 965; 869 955; 868 954; 868 940; 864 940; 863 939; 859 939; 858 938; 855 938; 854 937; 847 937; 846 936; 845 936; 844 935; 843 935; 842 934; 839 934; 838 933; 835 933; 834 932
36; 656 969; 655 970; 642 970; 641 971; 641 978; 640 979; 640 984; 639 985; 639 989; 638 990; 638 997; 637 998; 637 1002; 636 1003; 636 1005; 635 1006; 635 1014; 636 1015; 644 1015; 645 1014; 665 1014; 665 1001; 666 1000; 666 995; 667 994; 667 992; 670 989; 670 988; 671 987; 671 986; 672 985; 672 973; 670 971; 669 971; 668 970; 667 970; 666 969
37; 825 969; 825 970; 824 971; 817 971; 815 973; 814 973; 809 978; 808 978; 807 979; 806 979; 805 980; 804 980; 802 982; 801 982; 800 983; 797 983; 796 984; 795 984; 795 993; 796 994; 796 998; 797 999; 797 1011; 798 1012; 798 1013; 799 1014; 799 1015; 807 1015; 807 1014; 808 1013; 808 1012; 810 1010; 811 1010; 812 1009; 813 1009; 814 1008; 815 1008; 816 1007; 817 1007; 818 1006; 820 1006; 821 1005; 822 1005; 823 1004; 826 1004; 827 1003; 828 1003; 830 1001; 831 1001; 833 999; 834 999; 836 997; 837 997; 838 996; 838 988; 837 987; 837 984; 836 983; 836 982; 835 981; 835 979; 834 978; 834 977; 833 976; 833 969
38; 92 1000; 90 1002; 90 1003; 89 1004; 89 1023; 119 1023; 119 1014; 120 1013; 120 1004; 119 1003; 119 1002; 118 1001; 107 1001; 106 1000
39; 177 987; 176 988; 175 988; 174 989; 172 989; 171 990; 170 990; 168 992; 168 1007; 172 1011; 172 1023; 202 1023; 202 1014; 201 1013; 201 1007; 200 1006; 200 989; 187 989; 185 987
