0; 195 0; 195 13; 206 13; 208 15; 209 15; 211 17; 225 17; 226 18; 228 18; 229 19; 230 19; 231 20; 239 20; 239 7; 240 6; 242 6; 243 5; 243 0; 224 0; 224 4; 223 5; 217 5; 216 4; 210 4; 209 3; 209 0
1; 429 0; 429 4; 431 6; 431 17; 432 18; 432 19; 434 21; 436 21; 440 25; 449 25; 449 24; 450 23; 450 22; 453 19; 453 18; 454 17; 455 17; 457 15; 462 15; 463 14; 465 14; 466 13; 467 13; 468 12; 469 12; 471 10; 471 9; 472 8; 472 7; 473 6; 473 0
2; 662 4; 656 4; 655 5; 654 5; 649 10; 642 10; 641 11; 640 11; 640 28; 641 29; 641 31; 642 32; 642 33; 652 33; 653 34; 653 40; 656 43; 660 43; 661 44; 671 44; 673 42; 673 41; 674 40; 674 39; 675 38; 675 37
3; 675 37; 676 36; 683 36; 684 37; 692 37; 694 35; 694 34; 695 33; 695 20; 693 18; 692 18; 691 17; 690 17; 688 15; 688 0; 663 0; 663 3; 662 4
4; 625 75; 627 77; 627 82; 634 83; 653 80; 659 74; 660 65; 665 60; 665 52; 670 45; 656 44; 653 41; 634 41
5; 634 41; 628 37; 613 33; 608 28; 600 28; 600 40; 602 48; 606 54; 605 71; 613 71; 615 74; 625 75
6; 805 80; 805 86; 803 90; 809 99; 812 99; 815 97; 817 90; 822 86; 823 79
7; 806 36; 789 65; 789 73; 794 73; 797 78; 805 80; 823 79; 829 75; 829 66; 835 59; 835 51; 832 45; 822 44
8; 67 44; 53 59; 49 61; 49 73; 50 78; 53 81; 65 84; 70 89; 79 89; 82 77; 86 70
9; 86 70; 91 66; 93 57; 98 53; 98 41; 94 41; 91 39; 83 39; 79 35; 70 35; 67 41; 67 44
10; 666 60; 661 65; 661 70; 660 71; 660 74; 654 80; 654 90; 653 91; 653 102; 656 102; 657 103; 666 103; 667 102; 671 102; 672 101; 673 101; 674 100; 675 100; 676 99; 688 99; 689 98; 690 98; 691 97; 691 96; 693 94; 693 81; 696 78; 697 78; 697 77; 698 76; 698 67; 697 66; 697 65; 696 64; 696 63; 679 63; 678 62; 676 62; 675 61; 673 61; 672 60
11; 621 124; 627 141; 639 143; 642 140; 657 139; 659 137; 658 125; 650 114; 648 109; 648 104; 645 103
12; 645 103; 640 90; 640 84; 627 83; 626 85; 616 85; 616 93; 609 97; 608 99; 608 108; 615 119; 621 124
13; 341 112; 342 117; 349 123; 351 129; 355 133; 357 140; 365 140; 372 132; 372 128; 377 122; 378 116; 382 113; 382 104; 376 103; 368 94
14; 368 94; 369 87; 368 76; 366 74; 357 74; 348 80; 347 91; 339 92; 333 99; 333 107; 341 112
15; 967 74; 966 75; 957 75; 957 76; 956 77; 956 80; 955 81; 955 85; 954 86; 954 87; 953 88; 953 97; 951 99; 950 99; 949 100; 948 100; 946 102; 946 123; 947 124; 947 125; 948 126; 956 126; 957 125; 976 125; 976 124; 977 123; 977 120; 978 119; 978 115; 979 114; 979 98; 980 97; 980 89; 981 88; 981 86; 982 85; 982 76; 981 75; 979 75; 978 74
16; 783 119; 783 131; 790 148; 800 149; 805 143; 816 143; 820 138; 823 137; 823 129; 819 125; 815 116; 809 112
17; 809 112; 808 99; 803 91; 792 91; 791 87; 783 87; 783 99; 775 100; 770 104; 770 112; 774 114; 777 118; 783 119
18; 651 174; 665 179; 672 185; 682 185; 686 179; 686 171; 684 169; 684 163; 687 159; 692 156; 691 143; 673 144
19; 673 144; 661 138; 657 140; 642 141; 639 144; 640 151; 634 152; 634 160; 640 165; 640 174; 651 174
20; 941 162; 940 163; 933 163; 933 171; 938 171; 942 175; 942 178; 954 178; 954 167; 953 166; 953 165; 950 162
21; 772 176; 769 179; 769 192; 774 192; 775 193; 776 193; 778 195; 779 195; 780 196; 781 196; 782 197; 784 197; 785 198; 786 198; 788 200; 789 200; 789 195; 790 194; 790 189; 791 188; 790 187; 790 186; 789 185; 789 184; 785 180; 784 180; 781 177; 781 176
22; 53 190; 54 201; 57 209; 61 210; 64 214; 73 214; 79 210; 79 204; 90 197; 90 187; 84 182; 82 175; 71 171
23; 71 171; 71 166; 65 160; 65 147; 54 147; 53 135; 44 135; 44 144; 46 146; 44 180; 40 182; 40 190; 53 190
24; 974 151; 973 152; 973 155; 972 156; 972 166; 973 167; 973 173; 970 176; 970 177; 969 178; 969 179; 968 180; 968 191; 972 195; 973 195; 974 196; 975 196; 977 198; 978 198; 980 200; 980 201; 981 202; 981 203; 982 204; 982 205; 983 206; 983 207; 984 207; 990 213; 999 213; 999 212; 1000 211; 1000 209; 1001 208; 1001 206; 1004 203; 1004 202; 1005 201; 1005 195; 1006 194; 1007 194; 1007 192; 1008 191; 1008 181; 1006 179; 1006 178; 997 178; 997 183; 996 184; 989 184; 988 183; 988 177; 989 176; 994 176; 994 168; 985 159; 985 158; 984 157; 984 154; 983 153; 983 152; 982 151
25; 843 167; 843 171; 842 172; 842 182; 843 183; 843 190; 841 192; 832 192; 832 193; 827 198; 826 198; 825 199; 825 208; 836 208; 837 207; 843 207; 844 208; 844 214; 843 215; 843 216; 840 219; 840 228; 849 228; 849 227; 853 223; 853 222; 854 221; 854 220; 855 219; 855 218; 856 217; 856 215; 857 214; 857 213; 863 207; 863 206; 866 203; 871 203; 872 202; 870 202; 869 201; 869 187; 857 187; 856 186; 856 173; 855 172; 855 171; 853 169; 853 168; 852 167
26; 791 189; 791 194; 790 195; 790 201; 791 202; 791 203; 792 204; 792 212; 793 212; 794 213; 798 213; 799 214; 807 214; 807 204; 808 203; 808 195; 807 194; 806 194; 805 193; 800 193; 799 192; 797 192; 796 191; 795 191; 793 189
27; 878 200; 872 203; 875 204; 875 210; 877 211; 878 219; 883 223; 890 225; 894 231; 903 231; 905 227; 913 226; 914 203
28; 914 203; 916 199; 914 198; 914 193; 912 190; 905 189; 905 174; 899 169; 889 169; 888 178; 884 184; 883 190; 878 200
29; 928 201; 927 202; 916 202; 915 203; 915 214; 914 215; 914 226; 912 228; 912 234; 928 234; 929 235; 929 241; 928 242; 927 242; 927 250; 937 250; 941 246; 941 245; 942 244; 942 243; 943 242; 943 241; 944 240; 944 231; 943 230; 943 228; 942 227; 942 217; 941 216; 941 207
30; 941 207; 942 206; 953 206; 953 204; 956 201; 956 191; 955 190; 955 187; 954 186; 954 179; 942 179; 942 183; 941 184; 941 187; 939 189; 928 189; 928 201
31; 503 206; 502 207; 501 207; 501 222; 500 223; 500 224; 499 225; 499 226; 497 228; 497 236; 498 237; 498 238; 499 238; 500 239; 501 239; 502 240; 503 240; 506 243; 507 243; 508 244; 509 244; 510 245; 511 245; 512 246; 513 246; 515 248; 516 248; 518 250; 519 250; 520 251; 521 251; 522 252; 524 252; 526 254; 526 258; 535 258; 536 257; 536 256; 537 255; 537 239; 538 238; 538 229; 535 226; 535 225; 533 223; 531 223; 529 221; 528 221; 526 219; 525 219; 518 212; 517 212; 513 208; 513 207; 512 206
32; 573 233; 572 234; 572 235; 571 236; 571 244; 572 245; 575 245; 576 246; 576 260; 584 260; 587 257; 587 248; 583 248; 582 247; 582 233
33; 160 227; 142 226; 142 244; 145 248; 145 253; 149 256; 153 256; 155 259; 155 262; 159 265; 168 265; 171 257
34; 171 257; 195 256; 197 254; 197 244; 193 240; 190 239; 188 236; 188 223; 186 221; 178 221; 160 227
35; 820 235; 819 236; 819 237; 818 238; 805 238; 805 249; 806 249; 807 250; 807 262; 810 265; 816 265; 817 266; 817 270; 818 270; 819 271; 819 272; 820 273; 820 274; 821 275; 821 277; 822 278; 822 279; 823 280; 823 281; 824 282; 825 282; 826 283; 839 283; 840 284; 840 283; 841 282; 841 278; 842 277; 842 264; 843 263; 843 253; 842 253; 841 252; 838 252; 837 251; 836 251; 834 249; 834 237; 833 236; 829 236; 828 235
36; 914 248; 914 251; 913 252; 911 252; 911 257; 910 258; 910 267; 911 268; 911 269; 915 273; 923 273; 924 272; 924 265; 925 264; 925 251; 926 250; 926 248
37; 761 253; 759 255; 758 255; 756 257; 755 257; 752 260; 751 260; 750 261; 748 261; 747 262; 746 262; 745 263; 744 263; 742 265; 741 265; 738 268; 738 276; 739 277; 740 277; 741 278; 743 278; 744 279; 746 279; 747 280; 752 280; 753 281; 753 293; 755 295; 769 295; 769 290; 772 287; 772 286; 774 284; 775 284; 777 282; 778 282; 783 277; 784 277; 785 276; 786 276; 787 275; 788 275; 789 274; 789 265; 786 262; 785 262; 784 261; 779 261; 777 259; 777 258; 776 257; 776 256; 775 255; 775 254; 773 254; 772 253
38; 853 264; 853 270; 852 271; 843 271; 843 277; 842 278; 842 282; 841 283; 841 286; 842 287; 842 288; 844 290; 845 290; 847 292; 849 292; 852 295; 853 295; 854 296; 855 296; 856 297; 860 297; 861 298; 863 298; 864 299; 865 299; 866 300; 867 300; 868 301; 869 301; 870 302; 878 302; 879 301; 880 301; 881 300; 882 300; 883 299; 883 298; 884 297; 884 295; 886 293; 888 293; 889 292; 890 292; 893 289; 893 288; 896 285; 897 285; 898 284; 898 276; 895 273; 886 273; 885 272; 883 272; 882 271; 878 271; 877 270; 875 270; 874 269; 873 269; 872 268; 871 268; 870 267; 869 267; 868 266; 863 266; 862 265; 862 264
39; 483 265; 483 271; 480 274; 479 274; 478 275; 478 283; 481 286; 481 287; 482 288; 482 291; 483 292; 483 293; 489 299; 489 300; 490 301; 490 302; 491 303; 491 304; 492 305; 492 306; 493 307; 493 308; 494 309; 494 311; 495 312; 495 314; 505 314; 510 309; 520 309; 521 308; 522 308; 523 307; 524 307; 525 306; 525 297; 522 294; 522 293; 521 292; 521 291; 520 290; 520 289; 519 288; 519 287; 516 284; 516 283; 514 281; 514 279; 513 278; 513 277; 512 276; 512 275; 511 274; 511 273; 510 272; 510 271; 508 269; 508 268; 500 268; 499 267; 498 267; 497 266; 496 266; 495 265
40; 168 315; 167 316; 167 320; 166 321; 166 322; 165 323; 164 323; 161 326; 160 326; 159 327; 159 328; 158 329; 158 336; 159 337; 166 337; 167 338; 167 345; 169 347; 169 350; 170 351; 170 357; 171 357; 172 356; 174 356; 175 355; 176 355; 177 354; 178 354; 178 353; 179 352; 179 350; 181 348; 181 347; 182 346; 183 346; 184 345; 184 337; 182 335; 182 321; 181 320; 181 319; 179 317; 178 317; 176 315
41; 757 318; 755 320; 754 320; 742 332; 742 333; 741 334; 741 337; 739 339; 739 340; 736 343; 734 343; 733 344; 731 344; 731 352; 732 353; 732 354; 733 355; 733 356; 734 357; 746 357; 747 358; 747 361; 748 362; 748 363; 749 364; 758 364; 759 363; 760 363; 761 362; 761 361; 766 356; 767 356; 769 354; 770 354; 772 352; 773 352; 779 346; 779 345; 784 340; 784 329; 776 329; 775 328; 774 328; 770 324; 769 324; 766 321; 766 320; 765 319; 765 318
42; 543 312; 540 315; 540 326; 541 327; 541 333; 540 334; 539 334; 534 339; 533 339; 533 347; 542 347; 543 348; 544 348; 545 349; 546 349; 547 350; 548 350; 552 354; 552 360; 560 360; 561 361; 562 361; 563 362; 563 363; 566 366; 566 367; 575 367; 575 354; 576 353; 576 343; 577 342; 577 332; 576 331; 575 331; 574 330; 572 330; 571 329; 568 329; 567 328; 566 328; 564 326; 563 326; 560 323; 560 322; 559 321; 559 319; 558 318; 558 317; 554 313; 553 313; 552 312
43; 133 330; 133 339; 136 342; 142 342; 143 343; 143 354; 142 355; 142 356; 141 357; 141 365; 142 366; 150 366; 151 367; 151 368; 152 369; 152 370; 153 371; 161 371; 163 369; 164 369; 165 368; 166 368; 167 367; 167 365; 168 364; 168 360; 170 358; 169 357; 169 351; 168 350; 168 347; 166 345; 160 345; 159 344; 159 338; 158 337; 157 338; 145 338; 144 337; 144 333; 141 330
44; 845 334; 844 335; 843 335; 842 336; 842 342; 839 345; 836 345; 835 346; 834 346; 834 355; 835 355; 836 356; 837 356; 840 359; 840 361; 841 362; 841 363; 842 364; 842 371; 852 371; 853 372; 854 372; 855 373; 856 373; 859 376; 860 376; 862 378; 864 378; 865 379; 867 379; 869 381; 869 382; 870 383; 878 383; 880 381; 881 381; 882 380; 884 380; 884 372; 883 371; 883 369; 882 368; 882 359; 881 358; 881 356; 880 355; 880 348; 879 347; 876 347; 875 346; 873 346; 872 345; 871 345; 870 344; 869 344; 868 343; 867 343; 866 342; 865 342; 860 337; 859 337; 857 335; 856 335; 855 334
45; 41 357; 41 370; 40 371; 34 371; 32 373; 31 373; 29 375; 28 375; 27 376; 26 376; 25 377; 24 377; 22 379; 21 379; 20 380; 19 380; 18 381; 16 381; 15 382; 14 382; 14 392; 15 393; 15 394; 21 400; 30 400; 30 398; 32 396; 40 396; 40 384; 41 383; 41 381; 42 380; 42 373; 43 372; 49 372; 49 371; 50 370; 50 369; 51 368; 51 367; 52 366; 52 358; 51 358; 50 357
46; 393 380; 393 388; 394 388; 395 389; 395 400; 396 401; 406 401; 407 402; 407 409; 408 410; 418 410; 419 409; 419 406; 420 405; 425 405; 426 404; 426 396; 424 394; 412 394; 411 393; 411 392; 402 392; 401 391; 401 380
47; 679 380; 677 382; 676 382; 674 384; 673 384; 671 386; 670 386; 668 388; 667 388; 664 391; 662 391; 661 392; 658 392; 658 405; 657 406; 657 419; 660 419; 662 421; 663 421; 666 424; 666 425; 667 426; 676 426; 676 425; 677 424; 677 423; 681 419; 683 419; 684 418; 686 418; 687 417; 688 417; 689 416; 690 416; 697 409; 699 409; 700 408; 702 408; 704 406; 704 397; 698 391; 697 391; 695 389; 694 389; 691 386; 691 385; 690 384; 690 383; 687 380
48; 620 406; 616 414; 616 422; 624 422; 634 428; 648 429; 649 421; 651 419; 656 419; 657 392; 655 392
49; 655 392; 654 387; 647 382; 645 376; 632 371; 621 371; 619 389; 620 406
50; 551 396; 551 402; 550 403; 549 403; 547 405; 547 406; 546 407; 546 409; 545 410; 545 411; 544 412; 542 412; 541 413; 539 413; 539 421; 538 422; 538 423; 540 425; 540 426; 542 428; 543 428; 544 429; 547 429; 548 430; 550 430; 556 436; 568 436; 569 437; 577 437; 579 435; 579 434; 580 433; 580 428; 581 427; 588 427; 590 425; 590 424; 591 423; 591 422; 592 421; 592 412; 591 412; 590 411; 589 411; 588 410; 584 410; 583 409; 582 409; 581 408; 580 408; 579 407; 578 407; 577 406; 576 406; 575 405; 574 405; 573 404; 572 404; 571 403; 569 403; 568 402; 567 402; 565 400; 564 400; 562 398; 561 398; 559 396
51; 198 399; 197 400; 197 401; 196 402; 196 403; 195 404; 195 406; 194 407; 194 408; 193 409; 193 412; 192 413; 192 414; 191 415; 191 424; 192 425; 192 427; 194 429; 194 430; 195 431; 195 432; 196 433; 196 436; 197 436; 198 437; 199 437; 200 438; 201 438; 202 439; 203 439; 211 447; 211 451; 216 451; 217 452; 218 452; 219 453; 227 453; 229 451; 229 436; 231 434; 232 434; 233 433; 234 433; 235 432; 236 432; 236 423; 235 422; 234 422; 229 417; 229 416; 227 414; 221 414; 220 413; 219 413; 218 412; 217 412; 216 411; 215 411; 213 409; 212 409; 208 405; 208 402; 207 401; 207 400; 206 399
52; 45 427; 45 432; 44 433; 44 439; 45 440; 50 440; 52 442; 52 444; 62 444; 62 443; 63 442; 63 428; 46 428
53; 83 420; 82 421; 82 432; 84 434; 84 435; 85 436; 85 437; 86 438; 86 445; 85 446; 83 446; 83 454; 85 456; 88 456; 89 457; 89 464; 103 464; 103 460; 102 459; 102 456; 101 456; 100 455; 100 443; 101 442; 103 442; 104 441; 109 441; 109 433; 107 433; 99 425; 98 425; 96 423; 95 423; 93 421; 92 421; 91 420
54; 867 430; 865 432; 864 432; 864 433; 862 435; 862 436; 861 437; 860 437; 859 438; 859 447; 860 448; 860 449; 861 450; 861 451; 862 452; 862 454; 863 455; 863 457; 873 457; 874 456; 872 456; 871 455; 871 446; 872 445; 873 445; 874 444; 882 444; 882 434; 879 431; 878 431; 877 430
55; 943 438; 942 439; 935 439; 935 447; 937 449; 938 449; 939 450; 941 450; 942 451; 946 451; 947 452; 947 466; 955 466; 955 457; 952 457; 951 456; 951 449; 952 448; 952 438
56; 25 424; 25 428; 23 430; 20 430; 19 431; 19 438; 18 439; 18 440; 14 444; 14 454; 13 455; 7 455; 6 454; 6 453; 4 451; 0 451; 0 467; 11 467; 12 466; 12 457; 13 456; 20 456; 21 457; 36 457; 37 458; 49 458; 49 450; 39 450; 38 449; 38 447; 35 444; 35 438; 36 437; 42 437; 43 438; 43 433; 44 432; 44 427; 42 427; 41 426; 39 426; 38 425; 36 425; 35 424
57; 446 436; 446 446; 442 450; 442 456; 441 457; 435 457; 433 459; 433 461; 432 462; 432 463; 430 465; 424 465; 424 473; 425 474; 427 474; 429 476; 429 485; 437 485; 437 478; 438 477; 438 476; 440 474; 440 473; 443 470; 443 459; 444 458; 452 458; 453 459; 453 465; 452 466; 452 472; 451 473; 451 474; 450 475; 450 477; 449 478; 449 479; 447 481; 447 482; 446 483; 446 492; 448 494; 449 494; 450 495; 459 495; 459 487; 460 486; 460 485; 462 483; 462 482; 463 481; 463 479; 465 477; 465 475; 466 474; 466 472; 467 471; 467 454; 466 454; 465 453; 462 453; 461 452; 461 442; 456 437; 455 437; 454 436
58; 535 424; 534 425; 533 425; 532 426; 532 443; 531 444; 531 445; 530 446; 530 447; 529 448; 529 449; 528 450; 527 450; 526 451; 525 451; 524 452; 524 461; 526 461; 527 462; 528 462; 530 464; 531 464; 532 465; 533 465; 534 466; 539 466; 540 467; 542 467; 543 468; 544 468; 545 469; 546 469; 547 470; 548 470; 551 473; 552 473; 553 474; 562 474; 562 466; 564 464; 565 464; 566 463; 568 463; 569 462; 570 462; 574 458; 574 448; 573 447; 573 446; 572 446; 571 445; 557 445; 556 444; 556 437; 550 431; 548 431; 547 430; 544 430; 543 429; 542 429; 539 426; 539 425; 538 424
59; 904 453; 904 455; 903 456; 875 456; 874 457; 876 457; 877 458; 877 466; 893 466; 894 467; 895 467; 896 468; 897 468; 899 470; 900 470; 902 472; 903 472; 904 473; 912 473; 915 470; 919 470; 919 462; 918 462; 917 461; 917 459; 916 458; 916 456; 915 456; 914 455; 914 453
60; 104 460; 104 464; 105 465; 105 468; 106 469; 106 474; 107 475; 107 478; 116 478; 116 477; 117 476; 117 474; 121 470; 121 462; 119 460
61; 231 500; 238 484; 238 474; 232 470; 230 464; 210 464; 209 454; 199 454; 198 465; 194 467; 194 475; 197 489; 199 491; 210 493; 210 495; 219 505
62; 926 481; 922 485; 922 493; 925 496; 927 496; 928 497; 928 507; 931 510; 931 511; 932 512; 932 513; 933 514; 946 514; 947 515; 947 523; 948 523; 952 527; 960 527; 961 526; 961 508; 962 507; 968 507; 968 498; 967 497; 967 491; 962 491; 961 490; 959 490; 958 489; 955 489; 954 488; 952 488; 951 487; 950 487; 948 485; 946 485; 945 484; 939 484; 938 483; 936 483; 935 482; 935 481
63; 281 477; 280 478; 279 478; 278 479; 277 479; 277 491; 276 492; 273 492; 273 495; 272 496; 272 497; 271 498; 271 500; 270 501; 270 509; 271 510; 272 510; 274 512; 274 516; 275 517; 275 518; 290 518; 291 519; 291 520; 297 526; 297 528; 298 529; 298 530; 306 530; 306 529; 307 528; 307 510; 308 509; 310 509; 311 508; 312 508; 312 499; 310 497; 309 497; 307 495; 306 495; 304 493; 303 493; 302 492; 301 492; 300 491; 299 491; 297 489; 297 488; 295 486; 295 485; 294 484; 294 483; 291 480; 291 479; 290 478; 290 477
64; 825 492; 825 493; 819 499; 819 500; 818 501; 817 501; 817 507; 818 508; 818 512; 829 512; 830 513; 836 513; 837 514; 837 516; 838 517; 838 518; 839 519; 839 520; 840 521; 840 522; 841 523; 849 523; 851 521; 852 521; 852 505; 853 504; 853 496; 845 496; 845 500; 844 501; 834 501; 833 500; 833 492
65; 816 503; 815 504; 800 504; 798 506; 798 508; 797 509; 797 521; 798 522; 798 524; 802 528; 810 528; 810 519; 811 518; 811 517; 812 516; 813 516; 814 515; 815 515; 816 514; 817 514; 817 508; 816 507
66; 246 502; 245 503; 242 503; 238 507; 234 507; 234 517; 236 517; 237 518; 237 524; 239 526; 241 526; 242 527; 243 527; 245 529; 246 529; 247 530; 251 530; 251 525; 255 521; 255 513; 257 511; 257 503; 256 502
67; 43 502; 43 516; 45 516; 46 517; 46 519; 47 520; 47 521; 48 522; 48 523; 49 524; 49 525; 50 526; 50 527; 51 528; 51 530; 60 530; 61 529; 63 529; 65 527; 65 517; 59 511; 59 510; 55 506; 55 504; 53 502
68; 564 505; 564 525; 563 526; 560 526; 560 538; 559 539; 554 539; 553 540; 551 540; 550 541; 550 549; 551 549; 553 551; 554 551; 555 552; 556 552; 557 553; 565 553; 566 552; 567 552; 568 551; 568 543; 567 542; 564 542; 563 541; 563 535; 564 534; 588 534; 588 533; 591 530; 592 530; 593 529; 595 529; 596 528; 597 528; 598 527; 599 527; 599 518; 598 517; 598 516; 595 513; 594 513; 593 512; 592 512; 591 511; 590 511; 589 510; 586 510; 585 509; 585 508; 582 508; 581 507; 579 507; 578 506; 575 506; 574 505
69; 217 518; 217 519; 215 521; 212 521; 211 522; 210 522; 209 523; 208 523; 207 524; 207 530; 205 532; 204 532; 203 533; 198 533; 197 534; 196 534; 195 535; 195 536; 194 537; 194 539; 192 541; 192 546; 193 547; 193 552; 205 552; 207 550; 207 549; 212 544; 213 544; 214 543; 216 543; 217 542; 218 542; 220 540; 229 540; 230 541; 230 542; 246 542; 246 530; 245 530; 243 528; 242 528; 241 527; 239 527; 237 525; 230 525; 229 524; 229 518
70; 179 541; 177 543; 177 544; 176 545; 176 546; 175 547; 175 548; 174 549; 174 561; 173 562; 166 562; 164 564; 164 572; 165 573; 165 574; 174 574; 175 573; 175 570; 176 569; 189 569; 189 567; 190 566; 190 556; 191 555; 191 553; 192 552; 192 547; 191 546; 191 541
71; 858 526; 858 534; 865 541; 867 541; 868 542; 868 543; 873 543; 874 544; 874 552; 873 553; 862 553; 861 554; 860 554; 860 566; 862 566; 863 567; 873 567; 874 568; 874 571; 875 572; 875 573; 876 574; 876 575; 877 576; 885 576; 885 574; 886 573; 886 559; 889 556; 889 545; 888 544; 888 543; 886 541; 885 541; 884 540; 877 540; 876 539; 876 535; 874 535; 873 534; 873 533; 871 531; 871 530; 868 527; 867 527; 866 526
72; 918 537; 918 546; 916 548; 910 548; 910 555; 908 557; 908 567; 909 568; 909 570; 910 570; 911 571; 912 571; 915 574; 915 580; 914 581; 914 586; 925 586; 925 583; 926 582; 932 582; 933 583; 933 584; 934 585; 934 587; 943 587; 944 586; 944 585; 946 583; 946 568; 947 567; 947 566; 948 565; 948 557; 944 553; 932 553; 931 552; 931 540; 930 540; 928 538; 927 538; 926 537
73; 338 543; 336 545; 335 545; 334 546; 334 554; 333 555; 318 555; 317 556; 316 556; 313 559; 313 560; 312 561; 312 563; 311 564; 311 565; 310 566; 310 575; 311 575; 315 579; 316 579; 317 580; 318 580; 319 581; 323 581; 324 582; 324 589; 326 591; 328 591; 329 592; 338 592; 341 589; 341 588; 350 579; 350 578; 351 577; 351 576; 357 570; 357 569; 358 568; 362 568; 363 567; 365 567; 365 558; 363 556; 363 555; 361 553; 351 553; 350 552; 350 547; 346 543
74; 914 587; 914 593; 913 594; 907 594; 906 595; 902 595; 900 597; 900 606; 901 607; 901 608; 904 611; 918 611; 919 612; 919 623; 920 624; 920 630; 928 630; 930 632; 930 634; 933 637; 945 637; 945 629; 943 627; 942 627; 940 625; 940 622; 938 620; 938 617; 937 616; 937 606; 936 605; 936 604; 934 602; 934 601; 933 600; 933 596; 932 595; 932 592; 926 592; 925 591; 925 587
75; 406 604; 406 615; 405 616; 405 618; 404 619; 403 619; 402 620; 401 620; 400 621; 400 632; 401 633; 401 635; 403 637; 403 638; 404 639; 404 640; 405 641; 405 642; 416 642; 421 647; 422 647; 426 651; 426 652; 427 653; 427 654; 428 655; 436 655; 437 654; 437 653; 438 652; 438 637; 439 636; 441 636; 442 635; 442 620; 440 618; 439 618; 438 617; 436 617; 435 616; 434 616; 433 615; 432 615; 426 609; 426 608; 425 608; 423 606; 421 606; 420 605; 419 605; 418 604
76; 60 614; 60 618; 59 619; 59 620; 56 623; 55 623; 51 627; 48 627; 47 628; 46 628; 45 629; 45 635; 44 636; 37 636; 36 637; 34 637; 33 638; 33 647; 34 648; 35 648; 36 649; 37 649; 38 650; 46 650; 46 638; 47 637; 54 637; 55 638; 55 651; 56 652; 56 656; 65 656; 66 655; 67 655; 69 653; 70 653; 71 652; 72 652; 73 651; 79 651; 83 647; 83 643; 84 642; 84 631; 83 630; 81 630; 79 628; 79 626; 76 623; 75 623; 74 622; 74 621; 71 618; 70 618; 69 617; 69 616; 68 615; 68 614
77; 248 625; 245 628; 238 628; 237 629; 237 637; 236 638; 236 639; 235 640; 235 648; 240 648; 243 651; 243 657; 242 658; 223 658; 223 666; 224 667; 224 668; 225 669; 225 670; 227 672; 227 673; 228 674; 240 674; 241 675; 241 679; 249 679; 250 678; 250 676; 251 675; 251 674; 252 673; 252 672; 254 670; 254 668; 255 667; 255 664; 256 663; 256 661; 257 660; 257 658; 258 657; 258 655; 260 653; 261 653; 264 650; 269 650; 269 646; 270 645; 270 641; 269 641; 268 640; 268 634; 265 631; 263 631; 262 630; 258 630; 257 629; 257 628; 256 627; 256 625
78; 338 622; 335 625; 335 627; 334 628; 334 630; 333 631; 333 638; 332 639; 332 640; 330 642; 330 652; 331 653; 332 653; 333 654; 336 654; 337 655; 338 655; 339 656; 340 656; 342 658; 344 658; 345 659; 345 660; 346 661; 350 661; 351 662; 351 664; 353 664; 355 666; 355 669; 357 669; 358 670; 366 670; 366 667; 367 666; 367 652; 369 650; 369 642; 367 640; 354 640; 353 639; 353 625; 351 623; 349 623; 348 622
79; 85 631; 85 642; 84 643; 84 647; 80 651; 80 658; 78 660; 78 661; 91 661; 92 662; 102 662; 104 664; 116 664; 116 659; 117 658; 118 658; 118 650; 117 649; 111 649; 105 643; 105 638; 104 637; 104 636; 103 635; 91 635; 90 634; 89 634; 87 632; 86 632
80; 553 637; 553 644; 551 646; 550 646; 547 649; 547 652; 544 655; 543 655; 542 656; 541 656; 540 657; 540 659; 539 660; 539 669; 540 670; 550 670; 551 671; 558 671; 559 672; 559 674; 561 676; 562 676; 563 677; 564 677; 565 678; 566 678; 567 679; 568 679; 571 682; 579 682; 580 681; 581 681; 581 672; 580 672; 579 671; 578 671; 577 670; 577 669; 574 669; 572 667; 571 667; 570 666; 570 660; 571 659; 578 659; 581 662; 581 663; 590 663; 591 662; 591 661; 593 659; 593 651; 592 650; 582 650; 581 649; 580 649; 578 647; 577 647; 574 644; 573 644; 572 643; 570 643; 569 642; 568 642; 567 641; 566 641; 565 640; 564 640; 561 637
81; 78 662; 77 663; 76 663; 74 665; 74 674; 73 675; 73 676; 72 677; 72 678; 86 678; 87 679; 103 679; 103 664; 102 663; 92 663; 91 662
82; 310 691; 316 696; 323 698; 331 703; 340 703; 343 699; 347 697; 347 687; 350 683; 350 673; 337 668; 330 667; 324 662; 315 662; 308 671
83; 308 671; 302 671; 300 659; 289 660; 291 661; 291 674; 295 678; 296 689; 298 692; 310 691
84; 271 641; 271 645; 270 646; 270 650; 271 651; 271 658; 270 659; 270 664; 269 665; 269 666; 268 667; 268 668; 266 670; 266 671; 265 672; 265 673; 264 674; 264 676; 263 677; 263 687; 265 689; 266 689; 268 691; 268 692; 269 693; 269 694; 270 695; 270 697; 277 697; 278 698; 278 701; 296 701; 296 697; 297 696; 297 695; 298 694; 298 693; 297 692; 297 691; 295 689; 295 684; 294 683; 294 678; 291 675; 284 675; 283 674; 282 674; 281 673; 281 663; 284 660; 288 660; 289 659; 287 659; 286 658; 286 645; 282 641
85; 924 660; 924 661; 923 662; 923 663; 922 664; 922 671; 921 672; 912 672; 912 695; 913 696; 913 697; 914 697; 915 698; 922 698; 923 699; 923 706; 931 706; 934 703; 935 703; 936 702; 937 702; 937 701; 938 700; 945 700; 945 696; 946 695; 946 692; 947 691; 947 689; 948 688; 948 683; 949 682; 949 670; 947 670; 946 669; 944 669; 944 671; 943 672; 941 672; 940 673; 933 673; 932 672; 932 660
86; 667 681; 667 682; 665 684; 664 684; 663 685; 657 685; 656 686; 650 686; 649 687; 640 687; 639 688; 637 688; 634 691; 634 694; 631 697; 631 709; 640 718; 640 719; 642 721; 644 719; 673 719; 673 714; 675 712; 677 712; 678 711; 679 711; 680 710; 680 698; 683 695; 683 687; 682 686; 681 686; 680 685; 678 685; 675 682; 675 681
87; 77 718; 77 725; 81 729; 82 729; 91 738; 93 738; 94 737; 105 737; 108 734; 109 734; 113 730; 114 730; 115 729; 120 729; 125 724; 125 720; 124 720; 121 717; 120 717; 117 714; 115 714; 111 710; 110 710; 109 709; 108 709; 104 705
88; 104 705; 104 695; 99 690; 99 683; 102 680; 87 680; 86 679; 72 679; 72 693; 71 694; 62 694; 62 695; 61 696; 61 704; 63 704; 66 707; 66 717; 76 717; 77 718
89; 362 712; 362 729; 359 732; 358 732; 358 740; 366 740; 370 744; 370 745; 371 746; 379 746; 380 745; 380 744; 381 743; 381 736; 382 735; 393 735; 394 734; 395 734; 396 733; 396 724; 395 723; 395 722; 394 721; 394 720; 393 719; 393 716; 392 715; 392 714; 391 713
90; 391 713; 391 702; 392 701; 392 693; 378 693; 376 691; 376 690; 374 688; 364 688; 363 689; 361 689; 360 690; 359 690; 359 698; 360 699; 360 700; 361 701; 361 711; 362 712
91; 278 702; 278 704; 276 706; 276 708; 275 709; 275 713; 274 714; 270 714; 270 722; 275 722; 276 723; 276 732; 277 733; 277 736; 279 736; 280 737; 292 737; 293 738; 293 739; 298 739; 299 740; 299 741; 300 741; 301 742; 302 742; 305 745; 305 747; 307 749; 317 749; 317 731; 316 730; 316 729; 314 729; 313 728; 313 721; 314 720; 314 712; 307 712; 306 711; 303 711; 302 710; 300 710; 299 709; 298 709; 296 707; 296 702
92; 613 706; 612 707; 611 707; 609 709; 608 709; 607 710; 605 710; 603 712; 602 712; 600 714; 599 714; 598 715; 596 715; 595 716; 594 716; 594 727; 595 728; 595 730; 596 731; 604 731; 605 730; 612 730; 613 731; 613 732; 614 733; 614 737; 615 738; 615 739; 616 740; 618 740; 619 741; 619 747; 620 748; 636 748; 638 746; 639 746; 640 745; 640 735; 639 735; 638 734; 637 734; 636 733; 636 727; 638 725; 639 725; 640 724; 640 723; 641 722; 641 721; 639 719; 639 718; 630 709; 623 709; 622 708; 622 706
93; 125 725; 120 730; 115 730; 114 731; 113 731; 109 735; 108 735; 106 737; 106 746; 109 749; 110 749; 116 755; 116 756; 117 756; 119 758; 119 759; 120 760; 129 760; 130 759; 130 758; 131 757; 131 756; 133 754; 135 754; 135 747; 136 746; 136 745; 137 744; 138 744; 140 742; 141 742; 142 741; 143 741; 144 740; 145 740; 145 732; 144 731; 142 731; 139 728; 138 728; 136 726; 134 726; 133 725
94; 63 725; 62 726; 60 726; 58 728; 57 728; 57 730; 56 731; 44 731; 43 730; 35 730; 34 731; 34 740; 35 741; 35 742; 36 743; 36 745; 37 746; 37 750; 38 751; 43 751; 44 752; 44 765; 45 765; 46 766; 57 766; 57 765; 58 764; 59 764; 64 759; 65 759; 74 750; 74 746; 75 745; 85 745; 86 744; 88 744; 90 742; 90 741; 91 740; 91 739; 82 730; 81 730; 76 725
95; 535 729; 533 731; 532 731; 531 732; 525 732; 524 733; 524 736; 523 737; 522 737; 521 738; 519 738; 516 741; 516 742; 515 743; 515 744; 512 747; 511 747; 509 749; 508 749; 506 751; 506 753; 505 754; 505 756; 504 757; 504 769; 506 771; 506 772; 507 772; 508 773; 518 773; 519 772; 528 772; 529 771; 529 770; 530 769; 530 766; 531 765; 531 762; 532 761; 532 760; 537 755; 538 755; 540 753; 540 752; 541 751; 541 750; 542 749; 542 748; 543 747; 543 746; 544 745; 544 741; 546 739; 546 731; 544 729
96; 229 741; 228 742; 227 742; 224 745; 223 745; 217 751; 217 752; 210 759; 209 759; 208 760; 207 760; 207 768; 208 768; 209 769; 210 769; 213 772; 213 780; 215 782; 223 782; 228 777; 237 777; 244 770; 244 765; 245 764; 254 764; 255 763; 256 763; 257 762; 257 760; 262 755; 263 755; 263 747; 262 746; 261 746; 260 745; 250 745; 247 748; 241 748; 239 746; 239 741
97; 818 786; 822 790; 829 790; 832 793; 832 794; 842 794; 843 793; 843 792; 845 790; 845 789; 847 787; 847 786; 849 784; 849 773; 848 772; 848 763; 850 761; 850 753; 842 753; 840 755; 833 755
98; 833 755; 832 754; 831 754; 830 753; 829 753; 828 752; 826 752; 825 751; 823 751; 822 750; 820 750; 816 746; 816 745; 814 743; 805 743; 805 750; 804 751; 804 753; 803 754; 803 770; 804 771; 804 772; 806 774; 806 781; 805 782; 808 785; 813 785; 814 786; 818 786
99; 154 777; 153 778; 153 786; 155 786; 156 787; 156 793; 155 794; 140 794; 136 798; 136 799; 132 803; 132 812; 134 814; 134 815; 144 815; 145 814; 152 814; 154 816; 154 818; 156 820; 158 820; 159 821; 167 821; 167 820; 168 819; 168 814; 169 813; 169 812; 171 810; 171 809; 177 803; 177 802; 178 801; 178 800; 179 799; 179 798; 180 797; 180 796; 181 795; 181 794; 182 793; 183 793; 184 792; 184 783; 183 783; 182 782; 169 782; 164 777
100; 804 783; 803 784; 785 784; 784 785; 784 799; 783 800; 778 800; 777 801; 776 801; 774 803; 773 803; 769 807; 769 815; 770 816; 779 816; 780 815; 786 815; 787 816; 787 824; 789 826; 793 826; 795 824; 796 824; 797 823; 801 823; 802 822; 808 822; 810 820; 811 820; 810 819; 810 813; 811 812; 812 812; 812 810; 813 809; 813 806; 814 805; 814 803; 819 798; 820 798; 822 796; 822 791; 818 787; 814 787; 813 786; 808 786; 805 783
101; 527 823; 528 824; 528 825; 529 826; 529 832; 532 835; 542 835; 544 833; 544 824; 545 823; 554 823; 556 821; 556 796; 555 795; 553 795; 552 794; 548 794; 547 793; 546 793; 545 792; 544 792; 543 791; 540 791
102; 540 791; 539 790; 536 790; 535 789; 534 789; 533 788; 532 788; 531 787; 530 787; 529 786; 520 786; 516 790; 516 800; 515 801; 506 801; 505 802; 505 803; 504 804; 504 818; 505 819; 505 820; 513 820; 514 819; 521 819; 523 821; 524 821; 526 823; 527 823
103; 938 790; 936 792; 935 792; 932 795; 926 795; 925 794; 916 794; 916 802; 917 803; 917 821; 916 822; 914 822; 913 823; 913 824; 912 825; 912 830; 911 831; 911 841; 912 842; 912 843; 913 843; 914 844; 923 844; 925 842; 926 842; 927 841; 938 841; 939 840; 940 840; 941 839; 947 839; 948 840; 949 839; 949 830; 946 827; 946 825; 945 824; 945 803; 946 802; 946 801; 947 800; 947 791; 946 790
104; 813 846; 814 857; 816 859; 826 860; 826 870; 834 870; 836 868; 835 852; 848 840; 855 839; 855 831; 853 826; 844 823; 840 816; 836 813; 827 813; 824 816; 823 822
105; 823 822; 810 821; 808 823; 795 825; 793 827; 794 839; 796 842; 802 846; 813 846
106; 658 844; 653 849; 652 849; 651 850; 651 851; 650 852; 650 856; 648 858; 644 858; 643 859; 641 859; 640 860; 639 860; 638 861; 638 862; 637 863; 637 872; 638 873; 642 873; 644 875; 644 878; 645 879; 645 880; 646 880; 647 881; 647 885; 655 885; 655 881; 656 880; 657 880; 657 870; 659 868; 665 868; 666 869; 666 870; 670 870; 670 860; 669 859; 669 858; 668 857; 668 847; 666 845; 666 844
107; 949 840; 948 841; 948 847; 947 848; 947 852; 945 854; 944 854; 944 855; 943 856; 937 856; 936 857; 935 857; 932 860; 932 869; 934 871; 934 872; 936 874; 936 875; 937 876; 945 876; 945 873; 947 871; 954 871; 955 872; 955 877; 956 878; 956 879; 957 880; 961 880; 962 881; 963 881; 964 882; 964 883; 972 883; 973 882; 974 882; 975 881; 975 873; 968 873; 966 871; 966 869; 965 869; 964 868; 964 846; 960 842; 959 842; 958 841; 950 841
108; 80 850; 80 851; 79 852; 79 858; 75 862; 74 862; 72 864; 70 864; 68 866; 68 869; 67 870; 59 870; 59 878; 67 878; 67 877; 68 876; 80 876; 82 878; 82 885; 84 885; 85 886; 85 889; 93 889; 95 887; 96 887; 98 885; 104 885; 104 874; 103 873; 103 871; 102 870; 102 867; 101 866; 101 864; 100 863; 99 863; 97 861; 97 859; 96 858; 96 856; 95 855; 95 854; 94 853; 93 853; 92 852; 91 852; 90 851; 90 850
109; 208 832; 206 834; 206 836; 205 837; 205 840; 204 841; 204 842; 203 843; 203 844; 202 845; 202 846; 200 848; 200 849; 198 851; 198 852; 196 854; 196 855; 194 857; 194 858; 189 863; 189 872; 191 874; 191 875; 192 876; 192 882; 197 882; 198 883; 199 883; 201 885; 201 887; 202 888; 202 889; 203 890; 211 890; 217 884; 217 883; 218 882; 218 881; 219 880; 219 879; 222 876; 222 875; 223 874; 223 873; 225 871; 225 870; 227 868; 227 867; 228 866; 228 865; 230 863; 230 854; 229 853; 229 852; 228 851; 227 851; 225 849; 224 849; 222 847; 222 841; 221 840; 221 838; 220 837; 220 836; 218 834; 218 833; 217 832
110; 152 856; 150 858; 150 859; 149 860; 149 875; 151 877; 151 879; 152 880; 152 882; 154 884; 154 885; 155 884; 171 884; 172 883; 173 883; 173 882; 175 880; 175 872; 174 871; 174 859; 163 859; 160 856
111; 133 871; 133 873; 132 874; 125 874; 124 875; 124 876; 123 877; 123 887; 124 888; 124 889; 127 892; 135 892; 135 891; 137 889; 144 889; 145 890; 153 890; 153 884; 151 882; 151 880; 150 879; 150 877; 148 875; 142 875; 141 874; 141 871
112; 336 883; 336 899; 338 901; 338 902; 339 902; 340 903; 346 903; 347 904; 347 911; 348 911; 349 912; 352 912; 353 913; 354 913; 354 908; 355 907; 355 905; 358 902; 358 891; 359 890; 361 890; 360 889; 348 889; 346 887; 346 886; 344 884; 344 883
113; 365 881; 365 888; 364 889; 361 889; 362 890; 365 890; 366 891; 366 892; 369 895; 369 896; 370 897; 370 903; 369 904; 363 904; 362 903; 358 903; 356 905; 356 907; 355 908; 355 918; 367 918; 368 919; 368 925; 376 925; 382 919; 382 918; 383 917; 383 916; 384 915; 384 914; 386 912; 386 903; 387 902; 395 902; 396 903; 404 903; 404 895; 402 893; 401 893; 400 892; 399 892; 397 890; 396 890; 395 889; 388 889; 387 888; 387 887; 386 886; 385 886; 384 885; 382 885; 381 884; 379 884; 377 882; 377 881
114; 798 876; 797 877; 796 877; 794 879; 793 879; 792 880; 791 880; 791 882; 790 883; 787 883; 786 884; 783 884; 782 885; 781 885; 778 888; 776 888; 775 889; 772 889; 771 890; 771 899; 774 902; 776 902; 777 903; 780 903; 781 904; 781 909; 782 910; 782 912; 791 912; 792 911; 793 911; 794 910; 796 910; 797 909; 799 909; 800 908; 801 908; 802 907; 809 907; 809 901; 810 900; 822 900; 823 899; 825 899; 826 898; 826 890; 822 886; 808 886; 807 885; 807 876
115; 666 871; 666 888; 665 889; 659 889; 658 888; 656 888; 655 887; 655 886; 647 886; 647 890; 646 891; 646 894; 643 897; 643 906; 644 907; 645 907; 646 908; 654 908; 654 907; 656 905; 656 904; 658 902; 658 898; 659 897; 674 897; 675 896; 675 892; 676 891; 676 879; 675 878; 675 876; 674 875; 674 872; 671 872; 670 871
116; 692 868; 692 876; 693 877; 693 884; 692 885; 690 885; 690 893; 689 894; 689 896; 688 897; 688 899; 687 900; 687 913; 690 916; 691 916; 692 917; 699 917; 706 924; 716 924; 717 923; 718 923; 720 921; 720 901; 719 900; 719 899; 713 899; 712 898; 712 892; 713 891; 719 891; 719 890; 720 889; 720 880; 719 879; 709 879; 708 878; 708 871; 707 870; 706 870; 705 869; 704 869; 703 868
117; 949 889; 949 893; 948 894; 948 895; 947 896; 947 897; 945 899; 945 900; 944 901; 944 903; 943 904; 933 904; 932 905; 932 916; 934 918; 934 931; 935 932; 935 933; 937 935; 938 935; 939 936; 940 936; 941 937; 942 937; 943 938; 944 938; 945 939; 947 939; 948 940; 949 940; 950 941; 950 942; 953 945; 954 945; 955 946; 972 946; 974 944; 975 944; 975 935; 973 933; 973 932; 972 931; 972 925; 973 924; 973 916; 963 916; 962 915; 961 915; 960 914; 960 913; 959 912; 959 909; 957 909; 956 908; 956 902; 960 898; 960 889
118; 15 923; 12 926; 12 927; 11 928; 11 929; 7 933; 7 934; 5 936; 4 936; 3 937; 0 937; 0 976; 16 976; 16 969; 20 965; 27 965; 28 966; 28 973; 31 973; 32 974; 32 975; 36 975; 36 963; 35 962; 35 956; 38 953; 38 943; 35 940; 35 938; 34 937; 34 929; 27 929; 25 927; 25 926; 24 925; 24 924; 23 923
119; 111 935; 110 936; 110 937; 108 939; 108 949; 109 950; 109 964; 118 973; 119 973; 120 974; 121 974; 123 976; 123 983; 122 984; 126 984; 127 985; 143 985; 143 972; 146 969; 146 968; 147 967; 147 965; 149 963; 149 955; 147 953; 146 953; 142 949; 141 949; 140 948; 139 948; 138 947; 136 947; 135 946; 134 946; 133 945; 132 945; 131 944; 130 944; 129 943; 128 943; 127 942; 126 942; 125 941; 124 941; 121 938; 121 937; 119 935
120; 516 979; 518 981; 519 981; 530 992; 531 992; 532 993; 542 993; 542 980; 543 979; 552 979; 556 975; 556 967; 555 967; 554 966; 548 966; 537 955
121; 537 955; 537 954; 532 949; 532 939; 523 939; 522 940; 522 941; 521 942; 518 942; 515 945; 515 949; 513 951; 508 951; 507 952; 506 952; 505 953; 505 959; 502 962; 501 962; 500 963; 499 963; 499 972; 503 972; 504 973; 505 973; 508 976; 509 976; 510 977; 511 977; 512 978; 514 978; 515 979; 516 979
122; 921 956; 920 957; 920 965; 921 965; 923 967; 923 968; 926 971; 927 971; 929 973; 938 973; 939 972; 940 972; 940 964; 938 962; 937 962; 935 960; 934 960; 932 958; 931 958; 929 956
123; 601 932; 599 934; 599 943; 594 948; 593 948; 588 953; 587 953; 586 954; 585 954; 583 956; 582 956; 581 957; 581 967; 579 969; 578 969; 576 971; 576 979; 577 980; 577 981; 579 983; 586 983; 588 985; 588 986; 590 988; 598 988; 598 987; 604 981; 605 981; 606 980; 606 979; 608 977; 608 976; 617 967; 618 967; 620 965; 621 965; 622 964; 622 955; 621 954; 621 951; 620 950; 620 948; 619 947; 619 943; 618 942; 618 941; 617 940; 617 939; 616 938; 616 937; 613 934; 612 934; 611 933; 610 933; 609 932
124; 880 965; 877 968; 870 968; 869 969; 868 969; 868 980; 867 981; 863 981; 862 982; 861 982; 861 984; 860 985; 859 985; 859 990; 858 991; 850 991; 849 990; 841 990; 841 999; 842 1000; 842 1008; 850 1008; 852 1006; 852 1005; 855 1002; 863 1002; 864 1001; 876 1001; 878 1003; 886 1003; 886 1002; 887 1001; 887 987; 886 986; 886 980; 887 979; 887 978; 888 977; 888 965
125; 915 980; 915 988; 918 991; 919 991; 922 994; 924 994; 925 995; 925 997; 926 997; 928 999; 929 999; 931 1001; 932 1001; 934 1003; 935 1003; 938 1006; 938 1013; 939 1014; 939 1015; 940 1016; 948 1016; 949 1015; 949 1013; 950 1012; 950 1011; 952 1009; 952 1008; 953 1007; 953 989; 952 988; 943 988; 942 989; 931 989; 930 988; 930 984; 929 983; 928 983; 926 981; 924 981; 923 980
126; 39 1007; 40 1023; 79 1023; 79 1019; 61 1013; 54 1007; 43 1006
127; 43 1006; 43 1000; 48 995; 56 993; 56 985; 52 979; 32 976; 32 986; 24 987; 20 981; 20 976; 4 977; 4 992; 12 998; 12 1003; 17 1011; 27 1011; 33 1007; 39 1007
128; 121 985; 121 986; 118 989; 116 989; 115 990; 113 990; 112 991; 110 991; 109 992; 108 992; 107 993; 102 993; 101 994; 97 994; 96 995; 94 995; 93 996; 91 996; 90 997; 89 997; 88 998; 88 1003; 86 1005; 85 1005; 85 1014; 94 1014; 95 1015; 95 1023; 125 1023; 125 1020; 126 1019; 127 1019; 128 1018; 129 1018; 130 1017; 132 1017; 133 1016; 133 1004; 132 1003; 132 1002; 131 1001; 131 986; 127 986; 126 985
