0; 199 16; 199 29; 211 41; 212 41; 214 43; 215 43; 217 45; 218 45; 221 48; 221 50; 222 51; 222 52; 223 53; 232 53; 233 52; 233 51; 234 50; 234 42; 235 41; 235 40; 237 38; 238 38; 240 36; 240 28; 238 26; 237 26; 236 25; 235 25; 232 22; 231 22; 229 20
1; 229 20; 229 11; 230 10; 230 9; 231 8; 231 0; 182 0; 182 5; 185 5; 187 7; 187 8; 188 9; 188 15; 198 15; 199 16
2; 692 0; 692 4; 695 7; 696 7; 697 8; 698 8; 699 9; 714 9; 715 10; 715 13; 717 15; 717 16; 718 17; 718 18; 719 19; 719 21; 722 24; 725 24; 726 25; 726 33; 736 33; 737 32; 738 32; 739 31; 742 31; 742 30; 743 29; 747 29; 747 28; 748 27; 765 27; 765 16; 763 14; 761 14; 760 13; 755 13; 754 12; 746 12; 746 17; 744 19; 743 19; 743 20; 742 21; 733 21; 732 20; 732 11; 733 10; 733 9; 734 8; 734 7; 737 4; 759 4; 759 0; 718 0; 718 3; 717 4; 716 4; 715 5; 709 5; 708 4; 708 0
3; 798 0; 798 3; 796 5; 796 9; 794 11; 793 11; 792 12; 792 13; 790 15; 790 23; 791 24; 792 24; 793 25; 810 25; 811 24; 829 24; 829 16; 826 13; 818 13; 817 12; 817 0
4; 314 13; 313 14; 313 22; 314 22; 315 23; 316 23; 318 25; 319 25; 321 27; 321 33; 320 34; 313 34; 312 33; 309 33; 307 31; 307 30; 306 29; 306 28; 297 28; 297 29; 295 31; 295 39; 297 41; 298 41; 299 42; 305 42; 306 43; 308 43; 309 44; 310 44; 311 45; 312 45; 313 46; 314 46; 315 47; 317 47; 318 48; 319 48; 320 49; 326 49; 327 50; 328 50; 329 51; 338 51; 339 50; 339 49; 340 48; 340 47; 342 45; 342 44; 343 43; 343 42; 345 40; 345 39; 351 33; 351 32; 352 31; 352 26; 353 25; 353 17; 350 14; 341 14; 341 15; 338 18; 331 18; 329 16; 328 16; 327 15; 326 15; 325 14; 324 14; 323 13
5; 680 61; 679 62; 676 62; 674 64; 674 66; 673 67; 673 70; 672 71; 672 79; 685 79; 685 77; 688 74; 689 74; 690 73; 690 71; 691 70
6; 703 30; 698 25; 698 24; 697 23; 697 22; 694 19; 683 19; 681 21; 681 22; 680 23; 680 31; 673 38; 672 38; 668 42; 668 50; 674 50; 678 54; 679 54; 680 55
7; 680 55; 680 61; 691 70; 706 70; 707 69; 707 54; 708 53; 710 53; 714 49; 714 39; 711 36; 710 36; 704 30; 703 30
8; 845 43; 845 44; 843 46; 827 46; 826 47; 825 47; 818 54; 816 54; 815 55; 813 55; 812 56; 810 56; 808 58; 807 58; 804 61; 803 61; 801 63; 801 73; 802 74; 816 74; 817 75; 817 88; 818 88; 821 91; 829 91; 829 86; 831 84; 832 84; 833 83; 833 76; 834 75; 843 75; 844 74; 845 74; 846 73; 847 73; 848 72; 850 72; 851 71; 853 71; 854 70; 854 61; 853 60; 853 59; 852 58; 852 52; 853 51; 853 43
9; 5 43; 5 45; 3 47; 0 47; 0 60; 4 60; 5 61; 7 61; 9 63; 9 69; 8 70; 0 70; 0 92; 3 92; 4 93; 4 94; 8 98; 17 98; 17 97; 18 96; 18 95; 19 94; 19 92; 21 90; 21 88; 24 85; 26 85; 27 84; 28 84; 29 83; 29 71; 30 70; 30 69; 32 67; 32 66; 33 65; 33 57; 32 56; 32 50; 31 49; 31 47; 30 46; 29 46; 27 44; 15 44; 14 43
10; 574 60; 556 60; 553 61; 551 64; 550 79; 556 80; 559 82; 561 90; 564 94; 564 98; 572 98; 595 83
11; 595 83; 604 82; 602 61; 598 57; 590 55; 587 49; 579 49; 579 54; 574 60
12; 118 63; 114 67; 113 67; 112 68; 112 71; 111 72; 101 72; 100 73; 99 73; 99 74; 96 77; 96 78; 95 79; 95 89; 96 90; 97 90; 98 91; 101 91; 102 92; 103 92; 106 95; 106 96; 107 97; 107 99; 108 100; 108 101; 117 101; 118 100; 119 100; 120 99; 127 99; 129 97; 129 96; 132 93; 133 93; 139 87; 146 87; 146 79; 145 78; 145 77; 144 76; 144 75; 142 73; 141 73; 140 72; 139 72; 136 69; 136 67; 135 66; 135 65; 134 64; 133 64; 132 63
13; 1014 74; 1013 75; 1012 75; 1012 78; 1011 79; 1005 79; 1004 80; 1003 80; 1001 82; 1001 83; 1000 84; 1000 94; 1001 94; 1002 95; 1011 95; 1012 96; 1012 100; 1014 102; 1015 102; 1016 103; 1023 103; 1023 92; 1015 92; 1014 91; 1014 84; 1015 83; 1023 83; 1023 74
14; 655 58; 654 59; 654 62; 653 63; 653 73; 654 74; 654 97; 655 98; 655 99; 656 100; 656 103; 657 104; 657 111; 673 111; 674 110; 675 110; 678 107; 679 107; 681 105; 682 105; 683 104; 684 104; 685 103; 685 91; 684 90; 684 80; 672 80; 671 81; 664 81; 662 79; 662 71; 663 70; 663 69; 665 67; 665 59; 664 58
15; 535 110; 547 97; 547 89; 544 85; 529 85
16; 529 85; 526 83; 518 83; 494 108; 494 116; 498 120; 506 122; 506 129; 514 133; 519 126; 529 126; 530 120; 535 110
17; 726 150; 726 164; 729 169; 740 170; 740 184; 755 184; 760 179; 760 164; 751 164; 750 157; 755 151; 761 151; 762 160; 770 160; 776 155; 776 147; 768 139; 760 136; 746 136
18; 735 121; 718 106; 704 107; 698 111; 697 120; 692 124; 692 133; 706 144; 713 144
19; 713 144; 720 149; 726 150; 746 136; 745 126; 735 121
20; 89 125; 88 125; 86 127; 86 128; 81 133; 81 148; 84 151; 84 152; 86 154; 86 155; 88 157; 90 157; 91 158; 92 158; 93 159; 93 161; 94 162; 94 163; 95 164; 95 165; 103 165; 109 159; 109 157; 110 156; 110 154; 114 150; 114 149
21; 114 149; 119 144; 119 143; 122 140; 122 130; 121 129; 121 128; 114 121; 114 113; 111 110; 102 110; 101 111; 101 112; 100 113; 100 114; 89 125
22; 605 136; 604 137; 604 147; 603 148; 602 148; 601 149; 594 149; 594 157; 595 158; 595 160; 596 161; 596 167; 604 167; 606 165; 617 165; 618 166; 620 166; 621 167; 636 167; 637 166; 637 164; 638 163; 638 159; 639 158; 639 156; 642 153; 645 153; 646 152; 647 152; 650 149; 650 141; 649 140; 636 140; 635 139; 634 139; 633 138; 631 138; 630 137; 628 137; 627 136
23; 671 131; 670 132; 670 164; 669 165; 668 165; 669 166; 673 166; 674 167; 674 172; 675 171; 682 171; 683 172; 684 172; 685 173; 687 173; 688 174; 689 174; 690 175; 691 175; 693 177; 693 180; 701 180; 703 178; 703 170; 702 169; 702 163; 703 162; 706 162; 706 145; 701 140; 700 140; 699 139; 697 139; 692 134; 684 134; 683 133; 682 133; 681 132; 680 132; 679 131
24; 953 154; 953 157; 952 158; 950 158; 949 159; 948 159; 947 160; 946 160; 944 162; 944 175; 943 176; 937 176; 936 175; 936 172; 924 172; 924 181; 927 184; 927 185; 928 186; 928 187; 929 188; 929 189; 940 189; 941 190; 942 190; 943 191; 953 191; 953 178; 954 177; 960 177; 961 178; 961 185; 969 185; 971 187; 980 187; 980 175; 981 174; 981 165; 973 165; 972 166; 970 166; 969 167; 963 167; 962 166; 962 154
25; 53 149; 50 152; 49 152; 48 153; 48 161; 53 161; 54 162; 54 168; 53 169; 52 169; 51 170; 49 170; 48 171; 45 171; 44 172; 36 172; 35 171; 35 163; 26 163; 25 164; 24 164; 22 166; 22 176; 38 176; 39 177; 39 187; 40 188; 55 188; 56 189; 56 190; 57 191; 57 193; 58 194; 59 194; 60 195; 61 195; 62 196; 63 196; 65 198; 65 199; 66 200; 66 201; 68 203; 71 203; 76 198; 76 191; 77 190; 78 190; 78 188; 77 187; 77 185; 73 185; 72 184; 72 178; 73 177; 78 177; 78 169; 74 165; 63 165; 62 164; 62 149
26; 655 165; 654 166; 654 167; 653 168; 653 171; 649 175; 649 177; 648 178; 648 189; 652 189; 653 190; 653 194; 657 194; 658 195; 662 195; 662 192; 663 191; 668 191; 669 190; 678 190; 678 182; 674 178; 674 173; 673 174; 667 174; 666 173; 666 167; 667 166; 668 166; 667 165
27; 963 195; 962 196; 961 196; 960 197; 958 197; 958 198; 954 202; 954 203; 953 204; 953 212; 954 213; 954 214; 955 215; 962 215; 963 216; 964 216; 965 217; 967 217; 968 218; 968 219; 972 223; 980 223; 985 218; 985 210; 984 210; 983 209; 978 209; 977 208; 977 201; 972 201; 971 200; 971 195
28; 80 178; 80 184; 79 185; 78 185; 78 187; 79 188; 79 190; 83 190; 84 191; 84 198; 83 199; 76 199; 71 204; 71 211; 72 212; 72 220; 73 221; 73 222; 74 223; 83 223; 84 222; 103 222; 104 221; 104 211; 101 208; 101 207; 100 206; 100 204; 99 203; 99 201; 98 200; 98 199; 94 199; 93 198; 93 183; 92 182; 92 181; 91 180; 91 179; 90 178
29; 761 179; 755 185; 755 201; 754 202; 747 202; 747 210; 748 211; 748 217; 749 218; 749 222; 756 222; 757 223; 757 230; 758 231; 758 235; 759 236; 759 237; 760 238; 769 238; 769 221; 770 220; 772 220; 772 219; 773 218; 773 217; 775 215; 775 207; 765 207; 764 206; 764 200; 765 199; 775 199; 776 200; 776 203; 784 203; 784 194; 783 194; 782 193; 782 189; 781 189; 779 187; 778 187; 776 185; 775 185; 773 183; 773 182; 772 181; 772 180; 771 179
30; 422 189; 420 191; 420 192; 419 193; 419 194; 417 196; 417 197; 416 198; 416 205; 415 206; 410 206; 410 214; 411 215; 411 217; 412 218; 412 220; 413 220; 414 221; 414 235; 415 236; 415 239; 416 240; 416 241; 419 244; 429 244; 431 242; 432 242; 434 240; 435 240; 436 239; 436 238; 437 237; 437 236; 438 235; 438 234; 441 231; 442 231; 443 230; 446 230; 449 227; 449 217; 446 217; 444 215; 444 214; 443 213; 443 212; 442 211; 442 210; 440 208; 440 207; 437 204; 437 203; 436 202; 436 201; 435 200; 435 194; 432 191; 432 190; 431 190; 430 189
31; 511 189; 511 190; 507 194; 507 201; 506 202; 494 202; 494 210; 508 210; 509 211; 509 222; 507 224; 499 224; 499 233; 500 234; 500 236; 501 237; 501 245; 510 245; 511 244; 511 241; 513 239; 525 239; 525 229; 526 228; 526 227; 527 226; 527 213; 525 213; 524 212; 524 207; 523 206; 523 204; 522 203; 522 195; 521 194; 521 192; 519 190; 519 189
32; 692 206; 691 199; 671 202; 670 200; 663 200; 662 196; 653 195; 650 201; 644 201; 644 210; 653 211; 653 222; 655 224; 665 225; 670 229; 670 237; 673 240; 673 244; 678 245; 679 242; 685 242
33; 685 242; 686 249; 692 254; 703 254; 703 248; 712 240; 716 240; 716 230; 719 225; 719 208; 729 201; 729 192; 709 195; 708 208; 692 206
34; 987 235; 987 243; 986 244; 986 245; 984 247; 982 247; 982 256; 983 257; 983 266; 987 266; 988 267; 989 267; 990 268; 998 268; 999 267; 1000 267; 1001 266; 1002 266; 1004 264; 1004 257; 1005 256; 1012 256; 1013 255; 1023 255; 1023 235; 1009 235; 1009 243; 1008 244; 1007 244; 1006 245; 1000 245; 998 243; 998 235
35; 948 240; 946 238; 937 238; 923 243; 922 252; 932 252; 936 255
36; 936 255; 936 263; 934 266; 935 276; 943 276; 948 274; 966 275; 974 272; 980 266; 982 266; 981 247; 978 247; 976 244; 971 242; 967 237; 958 237; 956 240; 948 240
37; 378 246; 377 247; 376 247; 375 248; 374 248; 374 253; 373 254; 360 254; 358 256; 358 257; 354 261; 354 262; 353 263; 353 272; 355 274; 357 274; 358 275; 361 275; 363 277; 363 279; 365 281; 365 283; 367 285; 367 286; 371 290; 377 290; 378 291; 378 293; 379 292; 379 287; 382 284; 382 276; 377 276; 376 275; 375 275; 374 274; 374 265; 371 265; 370 264; 370 258; 371 257; 377 257; 378 258; 387 258; 388 257; 389 257; 389 247; 388 246
38; 75 241; 75 242; 74 243; 74 253; 73 254; 72 254; 70 256; 70 269; 69 270; 62 270; 56 276; 56 284; 61 284; 63 286; 63 287; 64 288; 75 288; 76 289; 76 290; 77 291; 77 292; 79 294; 80 294; 82 296; 90 296; 90 279; 91 278; 91 264; 92 263; 92 251; 91 250; 89 250; 88 249; 87 249; 86 248; 86 247; 85 246; 85 243; 84 242; 84 241
39; 217 257; 217 273; 216 274; 210 274; 209 273; 209 264; 199 264; 198 265; 195 265; 194 266; 192 266; 190 268; 189 268; 186 271; 186 272; 185 273; 185 274; 184 275; 184 283; 188 287; 189 287; 194 292; 195 292; 199 296; 199 297; 200 298; 209 298; 215 292; 216 292; 218 290; 219 290; 223 286; 224 286; 228 282; 229 282; 230 281; 234 281; 235 280; 236 280; 236 272; 233 269; 232 269; 229 266; 226 266; 225 265; 225 257
40; 680 265; 680 277; 678 279; 674 279; 673 281; 675 283; 675 288; 680 293; 715 293; 719 298; 727 298; 727 286; 721 281; 710 279; 710 273; 713 272; 713 264; 699 264; 693 262
41; 693 262; 692 255; 686 250; 679 250; 678 246; 675 245; 672 247; 657 247; 654 250; 654 259; 657 262; 680 265
42; 639 268; 639 270; 636 273; 635 273; 632 276; 632 285; 633 286; 633 287; 636 290; 646 290; 646 289; 647 288; 647 287; 650 284; 652 284; 653 283; 654 283; 655 282; 672 282; 672 281; 673 280; 673 279; 672 279; 671 278; 671 272; 661 272; 660 273; 649 273; 648 272; 648 271; 647 270; 647 268
43; 898 330; 902 338; 912 339; 913 331; 915 329; 919 329; 919 321; 912 321; 909 319
44; 890 282; 890 273; 882 269; 874 269; 873 285; 874 288; 877 289
45; 877 289; 877 308; 881 310; 880 327; 884 330; 898 330; 909 319; 909 311; 914 307; 914 298; 910 294; 905 292; 897 283; 890 282
46; 437 290; 436 291; 435 291; 433 293; 422 293; 418 297; 417 297; 417 298; 416 299; 411 299; 411 320; 414 320; 415 321; 415 329; 414 330; 413 330; 412 331; 411 331; 411 339; 423 339; 425 337; 425 336; 426 335; 438 335; 439 334; 441 334; 444 331; 444 323; 443 322; 443 311; 445 309; 450 309; 450 292; 449 291; 448 291; 447 290
47; 377 340; 384 340; 387 343; 395 343; 399 341; 409 340; 410 331; 405 330; 405 324; 408 320; 410 320; 410 299; 393 300; 387 296; 380 296; 379 293; 378 304; 375 310; 372 325; 370 327
48; 471 330; 469 334; 469 341; 465 349; 465 357; 467 359; 476 359; 480 356; 495 356; 500 346; 501 335
49; 501 335; 504 324; 506 321; 506 312; 494 312; 490 307; 481 307; 476 313; 471 315; 471 330
50; 90 360; 91 361; 92 361; 93 362; 94 362; 95 363; 96 363; 97 364; 105 364; 106 363; 107 363; 113 357; 114 357; 115 356; 116 356; 117 355; 118 355; 119 354; 119 353; 122 350; 123 350; 124 349; 126 349; 127 348; 127 340; 125 338; 114 338; 113 337; 112 337; 105 330; 104 330
51; 104 330; 100 326; 99 326; 97 324; 96 324; 94 322; 84 322; 81 325; 77 325; 76 326; 75 326; 75 337; 74 338; 73 338; 71 340; 71 350; 77 356; 78 356; 82 360; 90 360
52; 272 365; 266 366; 259 377; 257 377; 257 386; 259 390; 271 390; 273 394; 278 398; 279 402; 287 402; 287 394; 292 387; 294 381
53; 294 381; 296 379; 306 378; 306 367; 299 355; 292 354; 287 350; 277 350; 272 358; 272 365
54; 74 376; 82 371; 82 361; 71 351; 55 350; 42 361
55; 42 361; 27 367; 26 377; 26 384; 32 384; 35 387; 36 392; 44 392; 49 395; 58 395; 74 376
56; 562 368; 562 369; 561 370; 561 381; 562 382; 562 392; 561 393; 561 394; 560 395; 560 403; 563 403; 564 404; 566 404; 567 405; 569 405; 570 406; 573 406; 574 407; 576 407; 577 408; 578 408; 579 409; 580 409; 581 410; 583 410; 584 411; 585 411; 586 412; 588 412; 591 415; 591 416; 592 417; 600 417; 600 407; 598 405; 598 399; 600 397; 601 397; 602 396; 602 395; 603 394; 603 386; 602 385; 602 383; 601 382; 601 380; 600 379; 600 378; 599 377; 588 377; 587 376; 586 376; 581 371; 580 371; 579 370; 578 370; 577 369; 576 369; 575 368
57; 400 391; 399 392; 398 392; 395 395; 394 395; 393 396; 390 396; 389 397; 388 397; 385 400; 385 401; 384 402; 384 403; 382 405; 382 420; 384 422; 384 423; 385 424; 385 426; 386 427; 386 434; 389 437; 389 440; 390 441; 390 445; 392 447; 397 447; 401 443; 401 442; 402 441; 406 441; 407 440; 408 440; 408 439; 410 437; 410 423; 411 422; 413 422; 413 412; 412 411; 412 409; 411 408; 411 406; 410 405; 410 392; 409 391
58; 655 402; 654 403; 653 403; 652 404; 651 404; 650 405; 649 405; 648 406; 648 407; 644 411; 643 411; 642 412; 642 422; 643 423; 654 423; 658 427; 659 427; 661 429; 662 429; 664 431; 665 431; 667 433; 668 433; 670 435; 671 435; 674 438; 682 438; 683 437; 684 437; 685 436; 686 436; 688 434; 689 434; 690 433; 690 432; 691 431; 691 430; 692 429; 692 428; 695 425; 697 425; 698 424; 699 424; 701 422; 702 422; 702 414; 700 412; 699 412; 698 411; 694 411; 693 410; 692 410; 688 406; 687 406; 685 404; 677 404; 676 405; 667 405; 664 402
59; 72 403; 71 404; 71 405; 69 407; 69 416; 73 420; 73 430; 74 431; 74 432; 76 434; 76 435; 77 436; 77 437; 79 439; 80 439; 81 440; 84 440; 85 441; 88 441; 89 442; 90 442; 92 444; 92 445; 93 446; 93 450; 94 451; 94 452; 103 452; 106 449; 113 449; 113 441; 112 440; 112 439; 111 438; 111 437; 110 436; 110 435; 109 434; 109 427; 110 426; 110 417; 109 416; 102 416; 101 415; 100 415; 99 414; 98 414; 97 413; 96 413; 91 408; 85 408; 84 407; 83 407; 81 405; 81 404; 80 403
60; 0 413; 0 441; 5 441; 6 440; 7 440; 9 438; 10 438; 11 437; 20 437; 21 436; 21 428; 20 427; 20 426; 19 425; 19 424; 18 424; 17 423; 15 423; 14 422; 8 422; 7 421; 7 419; 6 418; 6 415; 4 413
61; 946 403; 945 404; 945 406; 944 407; 944 409; 942 411; 942 420; 943 421; 943 430; 944 430; 945 431; 946 431; 947 432; 948 432; 950 434; 951 434; 952 435; 952 441; 951 442; 950 442; 950 451; 953 454; 953 455; 954 456; 955 456; 956 457; 966 457; 967 456; 967 441; 968 440; 978 440; 978 430; 977 429; 976 429; 973 426; 972 426; 963 417; 962 417; 961 416; 960 416; 959 415; 956 415; 955 414; 955 403
62; 372 434; 371 435; 370 435; 366 439; 366 451; 364 453; 363 453; 362 454; 361 454; 360 455; 359 455; 358 456; 358 457; 357 458; 357 467; 363 467; 364 468; 372 468; 372 465; 373 464; 379 464; 382 467; 382 468; 383 469; 383 470; 385 472; 385 478; 384 479; 380 479; 380 491; 389 491; 394 486; 394 483; 395 482; 396 482; 396 479; 397 478; 397 473; 398 472; 398 461; 391 454; 391 447; 389 445; 389 441; 388 440; 388 437; 385 434
63; 1015 447; 1014 448; 1012 448; 1011 449; 1005 449; 1004 450; 1002 450; 1001 451; 1000 451; 999 452; 999 463; 1010 463; 1011 464; 1011 475; 1013 477; 1014 477; 1015 478; 1023 478; 1023 447
64; 183 487; 178 491; 178 499; 186 500; 182 529; 191 529; 198 521; 197 505; 204 504; 207 501; 207 493; 203 490; 203 483
65; 196 444; 195 438; 187 432; 184 425; 176 425; 176 449; 173 451; 173 459; 185 468
66; 185 468; 183 487; 203 483; 209 478; 209 461; 214 456; 214 448; 208 448; 203 444; 196 444
67; 546 436; 546 454; 545 455; 545 463; 546 464; 546 465; 548 467; 548 468; 549 469; 549 476; 559 476; 561 478; 561 479; 562 480; 562 481; 566 485; 574 485; 574 465; 575 464; 575 445; 574 445; 573 444; 565 444; 564 443; 563 443; 562 442; 560 442; 554 436
68; 595 427; 594 428; 594 430; 593 431; 593 442; 592 443; 592 444; 591 445; 591 456; 596 461; 597 461; 599 463; 600 463; 603 466; 603 467; 604 468; 604 469; 605 470; 605 471; 607 473; 607 474; 608 475; 608 477; 609 478; 609 479; 618 479; 619 478; 619 476; 620 475; 620 474; 621 473; 621 471; 625 467; 625 459; 626 458; 631 458; 631 448; 628 445; 620 445; 620 456; 619 457; 612 457; 610 455; 610 454; 608 452; 608 451; 607 450; 607 432; 605 430; 605 429; 603 427
69; 875 460; 875 468; 877 470; 879 470; 880 471; 880 481; 879 482; 879 484; 878 485; 877 485; 877 493; 878 494; 886 494; 886 491; 888 489; 893 489; 893 487; 892 486; 892 479; 893 478; 893 477; 895 475; 897 475; 897 467; 895 467; 894 466; 892 466; 891 465; 890 465; 889 464; 886 464; 885 463; 885 462; 883 460
70; 726 463; 726 464; 725 465; 725 473; 726 474; 726 475; 727 476; 727 477; 728 478; 728 491; 733 491; 734 492; 735 492; 736 493; 746 493; 748 491; 748 482; 747 481; 747 467; 744 464; 743 464; 742 463
71; 783 472; 782 473; 782 482; 785 485; 785 489; 786 489; 787 490; 787 491; 793 491; 793 487; 795 485; 800 485; 800 481; 799 481; 798 480; 798 475; 797 474; 796 474; 794 472
72; 986 475; 986 487; 987 488; 987 489; 996 489; 996 487; 997 486; 1015 486; 1015 479; 1014 478; 1013 478; 1011 476; 1003 476; 1002 477; 996 477; 994 475
73; 429 483; 429 484; 428 485; 428 488; 425 491; 420 491; 419 492; 419 500; 420 501; 421 500; 430 500; 431 501; 431 503; 433 505; 433 516; 432 517; 423 517; 423 528; 432 528; 432 526; 433 525; 433 511; 434 510; 441 510; 441 509; 442 508; 442 507; 444 505; 444 504; 446 502; 447 502; 449 500; 450 500; 450 491; 449 490; 448 490; 447 489; 446 489; 445 488; 441 488; 438 485; 438 484; 437 483
74; 602 487; 600 489; 599 489; 598 490; 597 490; 596 491; 594 491; 592 493; 592 506; 588 510; 587 510; 586 511; 584 511; 583 512; 583 524; 584 525; 584 526; 592 526; 593 525; 594 525; 595 524; 595 523; 596 522; 596 521; 597 520; 597 518; 598 517; 598 516; 599 515; 599 502; 600 501; 607 501; 608 502; 608 506; 617 506; 617 504; 618 503; 625 503; 626 502; 636 502; 637 501; 637 492; 636 491; 635 491; 634 490; 631 490; 630 489; 629 489; 628 488; 611 488; 610 487
75; 901 486; 900 487; 894 487; 894 489; 895 489; 896 490; 896 496; 895 497; 894 497; 893 498; 892 498; 892 506; 894 508; 895 508; 896 509; 898 509; 899 510; 907 510; 909 508; 912 508; 912 506; 913 505; 913 503; 911 503; 910 502; 910 486
76; 937 482; 936 483; 936 495; 935 496; 923 496; 922 497; 920 497; 919 498; 919 499; 918 500; 918 502; 917 503; 914 503; 914 505; 913 506; 913 508; 915 508; 916 509; 916 512; 917 513; 917 514; 919 516; 919 517; 920 518; 920 521; 921 522; 921 523; 929 523; 929 522; 930 521; 930 513; 931 512; 931 511; 932 510; 933 510; 934 509; 934 503; 935 502; 949 502; 949 493; 950 492; 956 492; 957 493; 957 498; 966 498; 966 490; 965 489; 953 489; 952 488; 952 483; 951 482
77; 801 481; 801 485; 802 486; 802 493; 801 494; 794 494; 793 493; 793 492; 787 492; 787 504; 795 504; 796 505; 796 518; 797 519; 805 519; 808 516; 818 516; 819 515; 819 506; 817 504; 817 502; 816 501; 816 499; 815 498; 815 497; 812 497; 811 496; 811 481
78; 419 501; 418 502; 412 502; 411 503; 410 503; 409 504; 406 504; 405 505; 404 505; 404 519; 405 520; 405 522; 413 522; 414 521; 414 520; 415 519; 415 517; 416 516; 420 516; 420 502
79; 549 513; 546 516; 545 516; 544 517; 543 517; 543 525; 542 526; 540 526; 544 526; 545 527; 546 527; 548 529; 549 529; 552 532; 552 533; 553 533; 555 535; 555 536; 556 537; 556 540; 557 541; 557 542; 558 543; 558 544; 566 544; 567 543; 568 543; 572 539; 578 539; 583 534; 583 525; 582 524; 582 523; 565 523; 564 522; 560 522; 558 520; 558 513
80; 508 521; 508 523; 507 524; 507 525; 504 528; 504 536; 505 537; 505 538; 507 540; 517 540; 518 541; 518 549; 534 549; 535 548; 535 547; 536 546; 536 541; 537 540; 537 527; 538 526; 539 526; 528 526; 527 525; 524 525; 522 523; 522 521
81; 980 509; 980 519; 979 520; 979 526; 978 527; 965 527; 964 526; 964 525; 963 524; 963 523; 962 522; 952 522; 951 523; 951 524; 950 525; 949 525; 948 526; 948 535; 950 537; 951 537; 952 538; 953 538; 954 539; 956 539; 959 542; 959 543; 961 545; 961 546; 964 549; 964 550; 965 551; 965 554; 966 555; 966 556; 974 556; 974 553; 975 552; 975 550; 984 541; 984 538; 985 537; 988 537; 994 531; 996 531; 997 530; 999 530; 1000 529; 1001 529; 1001 521; 991 521; 990 520; 990 511; 988 509
82; 229 554; 227 556; 220 556; 216 561; 214 577; 235 577; 236 570
83; 236 570; 243 570; 245 573; 247 572; 247 569; 251 563; 263 563; 263 559; 266 554; 266 545; 264 539; 258 534; 258 528; 260 527; 259 517; 251 517; 248 528; 230 527; 231 545; 229 554
84; 584 534; 579 539; 579 547; 577 549; 577 551; 576 552; 576 555; 574 557; 574 565; 577 568; 586 568; 586 558; 587 557; 598 557; 599 558; 599 562; 600 563; 600 577; 601 577; 602 578; 602 579; 603 580; 613 580; 613 549; 612 548; 611 548; 610 547; 599 547; 598 546; 598 540; 597 539; 597 537; 596 536; 595 536; 593 534
85; 677 531; 677 537; 676 538; 675 538; 673 540; 666 540; 665 539; 657 539; 656 538; 655 538; 654 537; 652 537; 651 536; 649 536; 648 535; 639 535; 638 536; 638 538; 637 539; 637 544; 636 545; 636 546; 635 547; 635 548; 633 550; 633 551; 632 552; 632 553; 631 554; 631 569; 646 569; 647 568; 657 568; 658 569; 666 569; 666 561; 667 560; 675 560; 676 559; 678 559; 679 558; 680 558; 683 555; 683 540; 684 539; 685 539; 685 531
86; 129 552; 128 553; 128 554; 126 556; 126 557; 123 560; 123 561; 122 562; 122 563; 119 566; 117 566; 116 567; 112 567; 111 568; 110 568; 109 569; 108 569; 108 580; 109 581; 109 582; 110 583; 110 584; 113 587; 115 587; 116 588; 121 588; 123 590; 123 591; 124 592; 124 593; 125 593; 126 594; 134 594; 136 592; 137 592; 140 589; 141 589; 141 584; 142 583; 146 583; 146 582; 147 581; 147 580; 151 576; 152 576; 154 574; 154 573; 155 572; 158 572; 159 571; 160 571; 160 562; 159 562; 158 561; 148 561; 147 560; 147 555; 140 555; 139 554; 138 554; 137 553; 137 552
87; 850 553; 850 557; 849 558; 849 560; 848 561; 848 562; 847 563; 847 564; 837 574; 836 574; 835 575; 834 575; 833 576; 832 576; 831 577; 830 577; 829 578; 829 588; 830 589; 830 591; 831 592; 832 592; 833 593; 847 593; 848 594; 848 596; 857 596; 857 594; 858 593; 859 593; 860 592; 860 583; 854 583; 853 582; 853 576; 854 575; 855 575; 856 574; 858 574; 859 573; 866 573; 867 574; 877 574; 878 573; 881 573; 881 565; 878 565; 875 562; 875 561; 874 560; 860 560; 859 559; 859 556; 858 555; 858 553
88; 909 562; 908 563; 902 563; 902 571; 900 573; 897 573; 896 574; 896 575; 895 576; 886 576; 886 580; 885 581; 885 591; 881 595; 881 603; 890 603; 891 602; 892 602; 893 601; 894 601; 895 600; 895 596; 896 595; 909 595; 911 593; 911 576; 917 570; 917 562
89; 364 576; 364 588; 363 589; 363 604; 362 605; 359 605; 359 617; 360 618; 362 618; 365 621; 365 622; 366 623; 375 623; 375 614; 374 613; 374 604; 375 603; 381 603; 382 602; 382 598; 383 597; 391 597; 392 596; 393 596; 393 587; 392 586; 391 586; 390 585; 388 585; 387 584; 387 581; 386 580; 385 580; 384 579; 377 579; 375 577; 373 577; 372 576
90; 347 583; 345 585; 341 585; 340 586; 337 586; 337 596; 338 597; 338 598; 340 600; 353 600; 353 595; 354 594; 354 592; 355 591; 355 583
91; 192 581; 192 590; 193 591; 199 591; 200 592; 200 597; 201 598; 202 598; 204 600; 212 600; 212 591; 209 588; 204 588; 203 587; 203 583; 202 582; 201 582; 200 581
92; 264 596; 264 579; 262 577; 258 577; 257 576; 248 576; 247 575; 247 573; 246 573; 245 574; 244 574; 244 577; 243 578; 223 578; 223 592; 226 595; 226 601; 224 603; 215 603; 215 611; 216 612; 217 612; 218 613; 227 613; 228 612; 234 612; 235 613; 236 613; 238 615; 248 615; 250 613; 251 613; 253 611; 254 611; 255 610; 257 610; 258 609
93; 557 596; 557 604; 558 605; 559 605; 560 606; 561 606; 562 607; 562 608; 563 609; 563 610; 564 611; 564 613; 565 614; 565 619; 571 619; 572 620; 572 639; 573 640; 581 640; 581 638; 582 637; 597 637; 598 636; 600 636; 601 635; 601 624; 600 623; 600 621; 599 620; 599 619; 597 617; 593 617; 592 616; 592 604; 591 603; 591 602; 590 601; 590 599; 588 597; 580 597; 578 599; 572 599; 569 596
94; 622 583; 621 584; 618 584; 618 596; 617 597; 615 597; 613 599; 609 599; 607 601; 607 602; 606 603; 606 611; 609 614; 610 614; 613 617; 613 623; 612 624; 612 638; 613 639; 613 640; 622 640; 626 636; 627 636; 631 632; 631 631; 633 629; 641 629; 641 620; 642 619; 643 619; 643 611; 642 610; 641 610; 640 609; 639 609; 638 608; 637 608; 635 606; 635 605; 634 604; 634 600; 633 599; 633 597; 631 595; 631 594; 630 593; 630 583
95; 56 604; 54 606; 54 607; 52 609; 52 623; 50 625; 49 625; 48 626; 48 627; 47 628; 47 636; 48 637; 60 637; 60 632; 61 631; 68 631; 70 633; 71 633; 72 634; 72 641; 71 642; 67 642; 67 651; 68 652; 68 661; 76 661; 76 660; 77 659; 77 657; 78 656; 78 655; 79 654; 84 654; 85 653; 87 653; 87 652; 88 651; 88 642; 89 641; 89 640; 90 639; 90 638; 91 637; 91 636; 93 634; 93 623; 92 622; 92 621; 91 620; 85 620; 84 619; 83 619; 82 618; 81 618; 78 615; 77 615; 73 611; 72 611; 71 610; 70 610; 69 609; 68 609; 65 606; 65 605; 64 604
96; 798 591; 798 592; 797 593; 797 601; 796 602; 796 605; 795 606; 789 606; 788 605; 787 605; 786 604; 785 604; 783 602; 775 602; 775 603; 774 604; 774 612; 775 613; 775 616; 780 621; 781 621; 784 624; 784 626; 785 627; 785 634; 784 635; 783 635; 783 637; 788 637; 789 638; 789 641; 797 641; 797 637; 800 634; 801 634; 802 633; 803 633; 804 632; 805 632; 807 630; 809 630; 811 628; 812 628; 813 627; 814 627; 815 626; 816 626; 817 625; 823 625; 824 624; 825 624; 825 614; 823 612; 810 612; 809 611; 809 598; 808 597; 808 594; 807 593; 807 592; 806 591
97; 161 597; 160 598; 160 605; 159 606; 154 606; 150 610; 150 612; 149 613; 149 615; 147 617; 147 618; 151 622; 151 628; 152 629; 152 631; 155 634; 155 635; 157 637; 158 636; 168 636; 171 633; 172 633; 172 632; 174 630; 174 629; 180 623; 181 623; 182 622; 183 622; 184 621; 185 621; 186 620; 187 620; 188 619; 189 619; 191 617; 191 609; 186 604; 186 602; 170 602; 169 601; 169 597
98; 119 610; 119 611; 118 612; 118 614; 117 615; 111 615; 110 614; 101 614; 100 615; 98 615; 97 616; 95 616; 94 617; 93 617; 92 618; 92 620; 93 621; 93 622; 94 623; 94 626; 103 626; 104 627; 112 627; 112 626; 113 625; 119 625; 120 626; 123 626; 125 628; 125 634; 124 635; 115 635; 115 643; 117 645; 117 646; 119 648; 119 649; 121 651; 131 651; 132 650; 135 650; 136 649; 140 649; 144 645; 151 645; 152 644; 153 644; 155 642; 155 640; 156 639; 156 637; 154 635; 154 634; 151 631; 151 629; 150 628; 150 622; 147 619; 143 619; 142 620; 136 620; 131 615; 131 614; 130 613; 130 612; 128 610
99; 767 633; 767 634; 766 635; 753 635; 752 636; 752 637; 751 638; 751 674; 749 676; 767 676; 768 675; 782 675; 782 669; 783 668; 785 668; 785 666; 782 666; 781 665; 781 662; 780 661; 780 638; 781 637; 782 637; 782 635; 778 635; 776 633
100; 912 615; 911 616; 909 616; 908 617; 899 617; 899 626; 900 627; 910 627; 911 628; 911 634; 910 635; 903 635; 903 644; 902 645; 895 645; 894 646; 894 647; 893 648; 893 662; 894 663; 895 663; 896 664; 897 664; 898 665; 900 665; 901 666; 903 666; 904 667; 914 667; 914 663; 915 662; 915 661; 917 659; 918 659; 918 654; 922 650; 922 640; 921 639; 921 629; 922 628; 922 618; 921 617; 921 616; 920 615
101; 503 638; 503 651; 502 652; 496 652; 495 651; 495 641; 483 641; 482 642; 481 642; 479 644; 478 644; 475 647; 475 655; 477 657; 477 658; 479 660; 479 669; 480 670; 481 670; 482 671; 492 671; 493 670; 499 670; 500 671; 509 671; 510 670; 512 670; 513 669; 524 669; 526 667; 526 655; 523 652; 517 652; 516 651; 516 643; 515 642; 515 641; 513 639; 512 639; 511 638
102; 795 673; 819 685; 823 689; 832 689; 832 675; 839 672; 840 661; 834 658; 829 658
103; 829 658; 827 650; 820 650; 817 647; 808 647; 807 644; 798 644; 797 642; 789 642; 789 665; 786 666; 786 668; 789 668; 795 673
104; 565 660; 564 661; 554 661; 553 662; 551 662; 550 663; 550 664; 549 665; 549 668; 548 669; 548 671; 547 672; 547 675; 546 676; 546 682; 545 683; 545 689; 544 690; 544 692; 543 693; 543 694; 542 695; 541 695; 541 697; 552 697; 553 698; 558 698; 562 702; 568 702; 570 700; 571 700; 573 698; 574 698; 574 697; 577 694; 577 683; 578 682; 578 681; 579 680; 579 679; 580 678; 580 668; 579 667; 579 666; 578 665; 578 664; 574 660
105; 766 713; 766 721; 767 722; 768 722; 771 725; 771 726; 772 727; 773 727; 774 728; 779 728; 780 729; 789 729; 790 728; 790 719; 788 717; 786 717; 785 716; 785 710
106; 785 710; 786 709; 788 709; 788 707; 789 706; 789 701; 790 700; 790 698; 791 697; 791 689; 790 688; 785 688; 784 687; 780 687; 779 686; 770 686; 769 685; 766 685; 765 684; 765 677; 748 677; 748 679; 747 680; 747 694; 750 697; 750 703; 749 704; 749 705; 750 706; 752 706; 757 711; 764 711; 766 713
107; 719 721; 720 724; 723 725; 727 731; 735 731; 737 729; 739 717; 757 717; 757 712; 752 707; 748 705; 741 706; 740 700; 737 696; 723 690
108; 723 690; 718 684; 714 682; 704 682; 702 684; 702 694; 697 697; 698 715; 706 715; 715 721; 719 721
109; 543 734; 543 735; 544 736; 544 737; 545 738; 545 748; 546 749; 546 750; 555 750; 558 753; 558 754; 559 755; 559 756; 560 757; 570 757; 571 756; 575 756; 577 754; 577 752; 575 750; 575 749; 573 747; 573 746; 572 745; 572 739; 573 738; 573 734; 574 733; 574 723; 573 722
110; 573 722; 573 715; 572 714; 572 713; 570 711; 566 711; 565 710; 563 710; 562 709; 562 703; 558 699; 553 699; 552 698; 541 698; 541 704; 542 705; 542 717; 541 718; 541 729; 542 730; 542 733; 543 734
111; 385 717; 384 718; 384 727; 385 728; 385 739; 384 740; 384 742; 383 743; 383 751; 384 752; 385 752; 388 755; 388 756; 401 756; 402 757; 402 761; 403 762; 403 763; 404 764; 404 765; 405 765; 406 766; 415 766; 415 749; 414 748; 414 728; 411 725; 407 725; 406 724; 402 724; 401 723; 401 722; 399 720; 398 720; 397 719; 396 719; 395 718; 394 718; 393 717
112; 835 727; 832 727; 820 732; 820 742; 822 745; 822 752; 820 754; 820 762; 851 761; 851 755
113; 851 755; 863 748; 863 736; 862 735; 862 727; 864 724; 864 716; 863 715; 853 714; 851 715; 847 721; 835 727
114; 62 737; 62 740; 61 741; 61 757; 60 758; 58 758; 58 770; 59 771; 59 772; 60 772; 62 774; 63 774; 70 781; 70 782; 71 783; 71 784; 75 788; 76 788; 79 791; 79 792; 88 792; 91 789; 91 788; 92 787; 92 783; 93 782; 93 781; 94 780; 97 780; 97 770; 96 769; 96 759; 92 759; 91 758; 90 758; 89 757; 89 756; 87 754; 87 753; 82 748; 81 748; 80 747; 79 747; 78 746; 77 746; 74 743; 74 742; 73 741; 73 740; 70 737
115; 107 752; 105 754; 104 754; 102 756; 101 756; 101 757; 99 759; 97 759; 97 769; 98 770; 98 780; 101 780; 104 783; 105 783; 106 784; 114 784; 114 780; 115 779; 121 779; 123 781; 123 786; 124 787; 128 787; 129 788; 132 788; 133 789; 134 789; 135 790; 144 790; 145 789; 145 781; 144 780; 144 766; 143 766; 142 765; 142 764; 140 762; 140 761; 139 760; 139 758; 126 758; 123 755; 122 755; 120 753; 119 753; 118 752
116; 578 754; 575 757; 571 757; 570 758; 561 758; 561 759; 564 762; 564 768; 563 769; 562 769; 562 770; 560 772; 560 781; 561 782; 564 782; 565 783; 572 783; 573 784; 575 784; 576 785; 578 785; 579 786; 581 786; 582 787; 587 787; 588 788; 588 789; 589 790; 589 791; 598 791; 598 782; 597 781; 596 781; 595 780; 595 774; 598 771; 598 763; 594 759; 590 759; 589 758; 585 758; 584 757; 583 757; 582 756; 581 756; 580 755; 579 755
117; 864 758; 860 762; 846 762; 845 763; 845 774; 846 775; 846 788; 845 789; 843 789; 843 797; 851 797; 851 785; 852 784; 862 784; 863 785; 865 785; 866 786; 866 787; 874 787; 875 786; 879 786; 880 785; 882 785; 883 784; 884 784; 884 783; 885 782; 885 760; 884 759; 884 758
118; 525 761; 524 762; 523 762; 520 765; 520 768; 519 769; 519 770; 517 772; 509 772; 508 771; 507 771; 507 794; 515 794; 516 793; 517 793; 520 790; 520 789; 523 786; 523 785; 525 783; 525 782; 527 780; 527 779; 530 776; 530 775; 531 774; 532 774; 533 773; 534 773; 534 761
119; 480 761; 480 766; 478 768; 478 775; 477 776; 476 776; 474 778; 473 778; 472 779; 471 779; 471 780; 469 782; 469 783; 468 784; 468 789; 467 790; 460 790; 458 792; 458 793; 457 794; 457 802; 456 803; 451 803; 451 813; 460 813; 461 812; 468 812; 468 810; 470 808; 470 797; 471 796; 486 796; 487 795; 492 795; 492 787; 493 786; 506 786; 506 770; 505 770; 504 769; 502 769; 501 768; 490 768; 489 767; 489 761
120; 16 767; 16 768; 15 769; 15 770; 13 772; 12 772; 11 773; 10 773; 4 779; 4 780; 3 781; 0 781; 0 790; 9 790; 10 791; 10 797; 9 798; 8 798; 6 800; 0 800; 0 814; 4 814; 7 811; 23 811; 23 800; 24 799; 33 799; 34 798; 35 798; 38 795; 39 795; 40 794; 40 786; 37 783; 31 783; 29 781; 29 777; 28 776; 28 775; 27 774; 27 773; 26 772; 26 771; 25 770; 25 769; 24 768; 24 767
121; 624 795; 623 796; 622 796; 620 798; 619 798; 618 799; 616 799; 614 801; 611 801; 610 802; 609 802; 608 803; 607 803; 602 808; 601 808; 600 809; 598 809; 596 811; 596 820; 598 822; 610 822; 610 819; 612 817; 613 817; 614 816; 621 816; 622 815; 637 815; 638 816; 640 816; 641 817; 641 823; 651 823; 651 815; 649 813; 647 813; 646 812; 646 808; 645 807; 645 805; 643 803; 642 803; 641 802; 639 802; 638 801; 637 801; 636 800; 636 799; 633 796; 633 795
122; 263 786; 263 796; 264 797; 264 799; 265 800; 269 800; 270 801; 270 812; 289 812; 290 813; 290 822; 291 822; 292 823; 293 823; 294 824; 295 824; 296 825; 306 825; 307 824; 308 824; 309 823; 309 813; 308 812; 308 809; 307 808; 307 801; 290 801; 288 799; 274 799; 273 798; 273 790; 271 788; 271 786
123; 853 805; 849 809; 849 817; 850 818; 850 824; 849 825; 846 825; 846 833; 847 833; 849 835; 857 835; 857 830; 858 829; 866 829; 868 827; 868 812; 867 812; 862 807; 862 806; 861 805
124; 338 818; 336 820; 336 822; 335 823; 335 825; 334 826; 331 826; 331 835; 334 838; 344 838; 345 837; 345 835; 346 834; 346 818
125; 393 818; 393 827; 402 827; 403 828; 403 833; 412 833; 413 834; 413 837; 414 838; 414 840; 422 840; 423 839; 423 829; 422 829; 421 828; 414 828; 413 827; 413 825; 402 825; 401 824; 401 818
126; 33 828; 33 832; 32 833; 19 833; 18 834; 17 834; 16 835; 16 843; 17 844; 18 844; 19 845; 20 845; 21 846; 22 846; 23 847; 31 847; 31 840; 32 839; 45 839; 45 831; 43 829; 42 829; 41 828
127; 309 824; 308 825; 307 825; 306 826; 303 826; 303 832; 301 834; 300 834; 297 837; 295 837; 295 841; 294 842; 294 853; 295 854; 296 854; 297 855; 297 856; 298 857; 298 862; 299 863; 299 865; 300 866; 300 878; 301 879; 308 879; 310 881; 318 881; 318 869; 320 867; 321 867; 323 865; 323 864; 324 863; 324 852; 323 851; 323 850; 321 850; 320 849; 320 834; 319 833; 319 831; 318 830; 318 828; 317 827; 317 826; 316 825; 315 825; 314 824
128; 109 836; 109 838; 108 839; 108 843; 106 845; 90 845; 89 844; 89 838; 81 838; 80 839; 80 847; 91 847; 92 848; 92 854; 93 854; 95 856; 96 856; 97 857; 97 858; 102 863; 103 863; 106 866; 107 866; 108 867; 116 867; 118 865; 118 864; 120 862; 120 861; 122 859; 123 859; 126 856; 126 855; 127 854; 128 854; 129 853; 130 853; 132 851; 132 843; 131 842; 130 842; 126 838; 125 838; 124 837; 121 837; 120 836
129; 366 836; 365 837; 362 837; 361 838; 359 838; 358 839; 358 856; 357 857; 357 866; 358 867; 358 868; 359 869; 361 869; 362 870; 368 870; 369 871; 381 871; 382 872; 386 872; 387 873; 389 873; 391 875; 399 875; 399 872; 400 871; 400 859; 399 858; 399 857; 397 855; 397 852; 396 851; 396 849; 395 848; 391 848; 390 847; 390 845; 389 844; 378 844; 377 843; 377 837; 376 836
130; 964 834; 963 835; 962 835; 961 836; 960 836; 957 839; 957 849; 960 852; 960 865; 962 865; 963 866; 973 866; 975 864; 976 864; 977 863; 978 863; 979 862; 980 862; 981 861; 982 861; 982 853; 978 853; 976 851; 976 843; 975 843; 974 842; 974 841; 973 840; 973 834
131; 765 851; 765 860; 764 861; 754 861; 753 862; 744 862; 743 863; 742 863; 740 865; 739 865; 739 866; 738 867; 738 868; 737 869; 737 879; 745 879; 745 878; 746 877; 754 877; 755 878; 756 878; 757 879; 758 879; 759 880; 760 880; 761 881; 762 881; 763 882; 764 882; 765 883; 766 883; 767 884; 775 884; 778 881; 779 881; 781 879; 781 878; 782 877; 782 876; 783 875; 790 875; 799 866; 799 859; 793 859; 792 858; 785 858; 784 857; 782 857; 781 856; 776 856; 775 855; 775 852; 774 851
132; 800 851; 800 859; 806 859; 807 860; 807 866; 806 867; 799 867; 790 876; 790 877; 791 878; 791 879; 792 880; 792 882; 795 885; 796 885; 801 890; 801 891; 803 893; 803 894; 804 895; 804 896; 806 898; 806 899; 808 901; 808 902; 809 903; 823 903; 824 902; 825 902; 825 901; 826 900; 826 899; 827 898; 828 898; 829 897; 834 897; 835 896; 836 896; 838 894; 839 894; 839 885; 831 877; 831 876; 823 876; 822 875; 822 865; 818 861; 818 860; 816 858; 809 858; 808 857; 808 851
133; 679 894; 679 896; 678 897; 678 898; 676 900; 675 900; 674 901; 674 902; 670 906; 669 906; 668 907; 667 907; 667 916; 668 916; 670 918; 670 919; 671 920; 679 920; 679 919; 680 918; 680 916; 681 915; 681 914; 682 913; 685 913; 685 906; 687 904; 689 904; 689 896; 687 894
134; 880 905; 879 906; 868 906; 868 911; 867 912; 867 913; 864 916; 864 924; 872 924; 875 927; 888 927; 890 925; 890 924; 891 923; 891 921; 893 919; 893 908; 891 906; 890 906; 889 905
135; 846 917; 845 918; 844 918; 843 919; 842 919; 841 920; 837 920; 837 929; 840 932; 848 932; 849 931; 850 931; 851 930; 853 930; 854 929; 855 929; 855 917
136; 1002 901; 1001 902; 1001 916; 1000 917; 1000 918; 998 920; 998 921; 997 922; 997 932; 999 934; 999 935; 1000 936; 1001 936; 1002 937; 1003 937; 1004 938; 1005 938; 1006 939; 1012 939; 1013 940; 1013 943; 1014 943; 1015 944; 1016 944; 1017 945; 1023 945; 1023 935; 1020 935; 1019 934; 1019 928; 1020 927; 1023 927; 1023 907; 1018 907; 1012 901
137; 900 919; 894 919; 889 927; 889 933; 894 934; 896 936; 896 943; 906 943; 910 950; 919 950; 924 948; 926 943; 930 939
138; 930 939; 942 931; 942 923; 936 918; 936 903; 921 907; 900 919
139; 936 903; 933 899; 933 884; 925 884; 924 892; 922 893; 921 907
140; 707 933; 706 934; 705 934; 704 935; 704 936; 701 939; 691 939; 690 940; 684 940; 684 961; 683 962; 683 975; 684 976; 684 978; 685 979; 685 980; 686 981; 694 981; 695 980; 695 979; 696 978; 696 970; 697 969; 711 969; 713 967; 713 966; 714 965; 714 963; 715 962; 715 960; 716 959; 716 958; 717 957; 717 946; 721 942; 721 934; 718 934; 717 933
141; 352 936; 352 944; 350 946; 348 946; 347 947; 342 947; 341 948; 340 948; 338 950; 337 950; 335 952; 334 952; 333 953; 332 953; 331 954; 327 954; 326 955; 322 955; 321 956; 320 956; 320 964; 323 967; 324 967; 327 970; 328 970; 329 971; 334 971; 336 973; 336 975; 339 978; 348 978; 348 970; 349 969; 355 969; 356 970; 356 975; 368 975; 371 972; 371 971; 373 969; 373 968; 374 967; 374 966; 375 965; 375 956; 374 955; 374 954; 372 954; 369 951; 369 950; 368 949; 368 948; 363 943; 363 939; 362 938; 362 937; 361 937; 360 936
142; 32 962; 32 963; 31 964; 31 965; 30 966; 30 967; 29 968; 29 990; 31 992; 32 992; 35 995; 36 995; 37 996; 40 993; 40 991; 46 985; 46 977; 47 976; 55 976; 55 967; 43 967; 42 966; 42 963; 41 963; 40 962
143; 111 970; 110 971; 109 971; 108 972; 107 972; 106 973; 104 973; 103 974; 89 974; 88 973; 80 973; 80 983; 81 984; 81 985; 82 986; 90 986; 91 987; 91 994; 99 994; 99 993; 100 992; 111 992; 112 991; 116 991; 117 990; 121 990; 122 989; 122 976; 120 974; 120 970
144; 285 964; 285 966; 284 967; 284 968; 282 970; 282 971; 280 973; 280 974; 279 975; 279 982; 278 983; 278 984; 277 985; 277 986; 276 987; 276 988; 275 989; 275 990; 273 992; 273 1001; 278 1001; 279 1002; 279 1012; 280 1013; 281 1013; 282 1014; 283 1014; 284 1015; 285 1015; 289 1019; 297 1019; 297 1000; 298 999; 302 999; 302 998; 308 992; 308 991; 309 990; 309 988; 310 987; 310 979; 300 979; 299 978; 299 972; 296 969; 296 968; 295 967; 295 966; 294 965; 294 964
145; 950 979; 949 980; 948 980; 943 985; 943 993; 944 993; 945 994; 948 994; 949 995; 952 995; 953 996; 963 996; 963 995; 965 993; 965 992; 966 991; 966 981; 962 981; 961 980; 960 980; 959 979
146; 165 980; 164 981; 164 995; 163 996; 158 996; 158 999; 160 1001; 160 1002; 161 1003; 161 1005; 166 1005; 167 1004; 169 1004; 169 999; 170 998; 180 998; 182 996; 182 987; 181 986; 181 985; 180 984; 180 983; 179 982; 178 982; 177 981; 175 981; 174 980
147; 137 984; 135 986; 135 987; 133 989; 132 989; 131 990; 122 990; 121 991; 117 991; 116 992; 112 992; 111 993; 111 1004; 125 1004; 126 1003; 135 1003; 136 1004; 136 1008; 137 1009; 137 1010; 146 1010; 147 1011; 147 1013; 155 1013; 155 1009; 156 1008; 160 1008; 160 1003; 159 1002; 159 1001; 158 1000; 149 1000; 148 999; 148 989; 146 987; 146 986; 145 985; 145 984
148; 58 980; 58 986; 57 987; 51 987; 50 986; 49 986; 48 985; 47 985; 41 991; 41 993; 38 996; 38 997; 39 998; 39 1004; 38 1005; 25 1005; 24 1004; 24 1000; 23 999; 22 999; 19 996; 11 996; 11 1002; 9 1004; 0 1004; 0 1023; 44 1023; 44 1019; 45 1018; 45 1012; 46 1011; 57 1011; 59 1009; 59 998; 57 996; 57 990; 58 989; 66 989; 66 980
149; 416 993; 414 995; 413 995; 412 996; 412 997; 411 998; 411 999; 410 1000; 410 1001; 409 1002; 409 1003; 406 1006; 405 1006; 402 1009; 402 1011; 401 1012; 401 1023; 437 1023; 437 1019; 435 1017; 430 1017; 429 1016; 429 1004; 428 1003; 428 1002; 426 1000; 426 996; 425 995; 425 993
