0; 55 10; 49 16; 48 16; 46 18; 45 18; 42 21; 41 21; 41 30; 42 31; 42 32; 44 34; 44 35; 45 36; 45 37; 46 38; 46 39; 47 40; 47 41; 55 41; 57 39; 58 39; 60 37; 61 37; 64 34; 65 34; 69 30; 70 30; 71 29; 72 29; 73 28; 73 20; 72 19; 72 18; 71 17; 71 16; 70 15; 70 14; 68 12; 65 12; 63 10
1; 630 12; 629 13; 628 13; 625 16; 618 16; 617 17; 617 28; 619 30; 619 31; 624 36; 636 36; 637 37; 638 37; 639 38; 647 38; 647 37; 648 36; 648 35; 649 34; 649 32; 651 30; 651 18; 650 17; 650 15; 647 12
2; 861 11; 860 12; 856 12; 855 13; 844 13; 843 14; 842 14; 841 15; 841 23; 840 24; 840 32; 842 32; 844 34; 844 35; 845 36; 847 36; 848 37; 860 37; 861 36; 863 36; 864 35; 874 35; 874 23; 873 22; 873 14; 870 11
3; 0 38; 0 59; 4 59; 5 60; 6 60; 8 62; 9 62; 10 63; 14 63; 15 64; 25 64; 26 63; 28 63; 28 62; 29 61; 29 44; 28 43; 27 43; 26 42; 22 42; 21 41; 19 41; 18 40; 17 40; 16 39; 13 39; 12 38
4; 870 48; 869 49; 869 50; 865 54; 863 54; 862 55; 861 55; 861 64; 862 65; 863 65; 865 67; 865 68; 867 70; 867 72; 870 75; 879 75; 880 74; 881 74; 882 73; 883 73; 885 71; 886 71; 887 70; 887 62; 880 62; 879 61; 879 49; 878 48
5; 602 53; 601 54; 598 54; 598 55; 597 56; 597 59; 596 60; 596 62; 595 63; 595 71; 596 72; 602 72; 605 75; 605 76; 606 77; 607 77; 608 78; 610 78; 611 79; 612 79; 613 80; 617 80; 618 81; 627 81; 628 80; 628 78; 629 77; 629 63; 625 59; 623 59; 622 58; 619 58; 618 57; 617 57; 616 56; 615 56; 613 54; 612 54; 611 53
6; 779 59; 776 62; 775 62; 773 64; 772 64; 769 67; 769 68; 768 69; 768 70; 767 71; 767 72; 766 73; 766 74; 765 75; 764 75; 764 83; 765 84; 766 84; 768 86; 768 87; 769 88; 770 88; 771 89; 772 89; 773 90; 782 90; 783 89; 783 88; 793 78; 793 77; 794 76; 794 68; 793 68; 789 64; 789 63; 788 62; 788 60; 787 59
7; 144 60; 143 61; 143 63; 142 64; 142 65; 141 66; 141 82; 142 83; 145 83; 146 84; 148 84; 149 85; 151 85; 152 86; 154 86; 155 87; 157 87; 158 88; 168 88; 169 87; 169 86; 170 85; 170 83; 171 82; 171 80; 172 79; 172 69; 171 68; 170 68; 168 66; 166 66; 165 65; 163 65; 162 64; 160 64; 159 63; 158 63; 157 62; 156 62; 155 61; 153 61; 152 60
8; 419 64; 419 67; 418 68; 406 68; 405 69; 404 69; 403 70; 402 70; 400 72; 399 72; 398 73; 397 73; 396 74; 396 82; 398 84; 398 85; 399 86; 399 87; 400 88; 400 89; 401 90; 401 91; 402 92; 412 92; 413 91; 414 91; 415 90; 416 90; 417 89; 418 89; 419 88; 420 88; 421 87; 422 87; 424 85; 425 85; 426 84; 427 84; 430 81; 430 71; 429 70; 429 68; 428 67; 428 66; 427 65; 427 64
9; 320 74; 317 77; 317 78; 315 80; 315 81; 314 82; 314 83; 313 84; 313 93; 314 94; 316 94; 317 95; 319 95; 320 96; 322 96; 323 97; 324 97; 325 98; 326 98; 327 99; 329 99; 330 100; 343 100; 346 97; 346 81; 345 80; 344 80; 343 79; 342 79; 341 78; 339 78; 338 77; 335 77; 334 76; 333 76; 332 75; 330 75; 329 74
10; 525 82; 518 89; 517 89; 517 97; 520 100; 520 101; 527 108; 527 109; 528 110; 528 111; 530 113; 530 114; 544 114; 544 113; 545 112; 545 111; 549 107; 549 99; 545 95; 545 94; 540 89; 540 88; 536 84; 535 84; 533 82
11; 805 97; 805 99; 804 100; 804 101; 802 103; 802 112; 803 113; 804 113; 807 116; 807 117; 808 118; 808 119; 812 123; 813 123; 814 124; 815 124; 816 125; 817 125; 819 127; 827 127; 832 122; 833 122; 834 121; 834 111; 820 97
12; 911 103; 910 104; 909 104; 907 106; 906 106; 904 108; 903 108; 901 110; 900 110; 900 118; 901 119; 901 120; 903 122; 903 123; 905 125; 905 127; 907 129; 907 131; 908 132; 908 133; 909 134; 909 135; 910 136; 910 137; 911 138; 921 138; 922 137; 926 137; 928 135; 928 134; 929 133; 929 122; 928 121; 928 120; 927 119; 927 117; 925 115; 925 114; 921 110; 921 109; 920 108; 920 105; 919 104; 919 103
13; 98 109; 94 111; 90 116; 90 126; 92 133; 96 136; 109 138; 120 138; 122 135; 123 118; 117 115
14; 117 115; 117 108; 121 100; 126 96; 127 82; 108 80; 103 86; 101 91; 97 94; 98 109
15; 634 121; 630 125; 629 125; 624 130; 623 130; 622 131; 622 132; 620 134; 620 143; 621 144; 622 144; 624 146; 624 148; 625 149; 625 150; 626 150; 627 151; 637 151; 638 150; 639 150; 644 145; 645 145; 651 139; 651 138; 652 137; 652 128; 648 124; 647 124; 644 121
16; 141 126; 135 132; 135 133; 134 134; 134 142; 135 143; 136 143; 139 146; 139 152; 143 152; 144 151; 149 151; 150 150; 151 150; 157 144; 157 136; 154 133; 154 132; 152 130; 152 129; 149 126
17; 882 136; 881 137; 880 137; 875 142; 874 142; 874 151; 876 153; 876 154; 879 157; 879 158; 884 163; 884 164; 887 167; 887 168; 888 169; 896 169; 899 166; 900 166; 901 165; 903 165; 904 164; 905 164; 906 163; 906 155; 905 154; 905 152; 903 150; 903 149; 900 146; 900 145; 894 139; 894 138; 892 136
18; 988 142; 987 143; 987 144; 986 145; 986 146; 985 147; 985 149; 984 150; 984 152; 983 153; 983 161; 984 162; 985 162; 986 163; 987 163; 988 164; 989 164; 990 165; 991 165; 992 166; 994 166; 995 167; 996 167; 997 168; 998 168; 999 169; 1015 169; 1015 160; 1016 159; 1016 151; 1015 150; 1014 150; 1012 148; 1011 148; 1010 147; 1009 147; 1008 146; 1007 146; 1006 145; 1005 145; 1004 144; 1002 144; 1001 143; 999 143; 998 142
19; 828 148; 827 149; 827 150; 820 157; 820 158; 817 161; 817 162; 816 163; 816 165; 815 166; 815 167; 813 169; 813 170; 814 171; 814 172; 815 173; 815 175; 816 176; 816 181; 831 181; 832 180; 833 180; 834 179; 834 178; 838 174; 838 173; 842 169; 842 168; 843 167; 843 157; 842 156; 842 152; 841 151; 841 150; 840 150; 839 149; 838 149; 837 148
20; 128 153; 128 154; 124 158; 123 158; 121 160; 121 168; 122 169; 122 170; 124 172; 124 173; 127 176; 127 177; 129 179; 129 180; 134 185; 134 186; 142 186; 147 181; 148 181; 150 179; 151 179; 151 169; 148 166; 148 165; 146 163; 146 162; 143 159; 143 153
21; 797 171; 795 173; 794 173; 793 174; 792 174; 788 178; 788 189; 787 190; 786 190; 786 191; 787 192; 787 193; 791 193; 795 197; 795 198; 796 199; 796 200; 797 201; 797 203; 799 205; 799 206; 807 206; 808 205; 817 205; 817 194; 816 193; 816 190; 815 189; 815 176; 814 175; 814 173; 813 172; 813 171
22; 918 173; 917 174; 916 174; 915 175; 914 175; 913 176; 912 176; 906 182; 905 182; 904 183; 903 183; 902 184; 902 199; 903 199; 907 203; 915 203; 917 201; 918 201; 919 200; 920 200; 921 199; 922 199; 923 198; 924 198; 927 195; 928 195; 930 193; 932 193; 933 192; 934 192; 934 183; 932 181; 932 180; 931 179; 931 178; 930 177; 930 176; 927 173
23; 689 177; 688 178; 687 178; 685 180; 676 180; 675 181; 675 190; 676 191; 676 197; 679 200; 681 200; 682 201; 693 201; 694 200; 704 200; 705 199; 706 199; 706 198; 707 197; 707 195; 708 194; 708 192; 709 191; 709 179; 708 178; 708 177
24; 763 177; 762 178; 760 178; 756 182; 755 182; 754 183; 754 191; 755 192; 755 193; 756 194; 756 195; 758 197; 758 198; 760 200; 760 201; 761 202; 761 203; 762 204; 762 205; 764 207; 764 208; 766 210; 774 210; 775 209; 776 209; 777 208; 778 208; 779 207; 780 207; 783 204; 783 203; 784 202; 784 194; 785 193; 786 193; 786 192; 785 191; 785 190; 781 190; 780 189; 780 187; 777 184; 777 183; 771 177
25; 976 189; 975 190; 975 193; 974 194; 974 198; 973 199; 973 200; 972 201; 972 209; 974 211; 975 211; 976 212; 977 212; 978 213; 980 213; 981 214; 982 214; 983 215; 984 215; 985 216; 986 216; 987 217; 989 217; 991 219; 992 219; 993 220; 1003 220; 1003 215; 1004 214; 1004 213; 1005 212; 1005 200; 1004 200; 1003 199; 999 199; 998 198; 998 197; 996 195; 995 195; 994 194; 993 194; 992 193; 991 193; 990 192; 989 192; 988 191; 986 191; 984 189
26; 96 196; 88 204; 88 205; 85 208; 85 209; 84 210; 84 211; 83 212; 83 220; 84 220; 87 223; 88 223; 91 226; 100 226; 104 222; 105 222; 108 219; 108 218; 113 213; 113 204; 112 203; 112 199; 108 199; 107 198; 106 198; 104 196
27; 598 211; 598 212; 597 213; 597 215; 596 216; 596 218; 595 219; 595 231; 596 231; 597 232; 599 232; 600 233; 602 233; 604 235; 605 235; 606 236; 607 236; 608 237; 610 237; 611 238; 619 238; 623 234; 624 234; 626 232; 626 231; 627 230; 627 229; 628 228; 628 219; 627 218; 626 218; 625 217; 623 217; 622 216; 621 216; 620 215; 618 215; 616 213; 614 213; 613 212; 610 212; 609 211
28; 479 218; 478 219; 478 220; 477 221; 477 224; 472 229; 472 237; 473 238; 474 238; 475 239; 478 239; 479 240; 480 240; 481 241; 482 241; 483 242; 485 242; 486 243; 489 243; 490 244; 501 244; 502 243; 502 237; 503 236; 503 235; 504 234; 504 225; 502 223; 501 223; 500 222; 498 222; 497 221; 496 221; 495 220; 492 220; 491 219; 490 219; 489 218
29; 993 221; 993 228; 991 230; 991 239; 992 240; 992 244; 993 245; 1005 245; 1006 246; 1015 246; 1016 245; 1023 245; 1023 222; 1004 222; 1003 221
30; 746 231; 746 232; 745 233; 745 235; 744 236; 744 242; 743 243; 743 251; 745 253; 747 253; 748 254; 752 254; 753 255; 755 255; 756 256; 758 256; 759 257; 771 257; 776 252; 776 238; 775 237; 774 237; 773 236; 771 236; 770 235; 769 235; 768 234; 767 234; 766 233; 759 233; 758 232; 756 232; 755 231
31; 673 242; 670 245; 670 246; 669 247; 669 248; 668 249; 668 250; 667 251; 667 252; 665 254; 665 255; 664 256; 664 265; 665 266; 665 268; 666 269; 667 269; 668 270; 670 270; 671 271; 672 271; 673 272; 682 272; 683 271; 683 270; 684 269; 684 268; 688 264; 688 262; 689 261; 689 260; 691 258; 691 256; 693 254; 693 246; 690 243; 683 243; 682 242
32; 144 257; 143 258; 143 259; 142 260; 142 274; 143 275; 143 276; 145 278; 146 278; 148 280; 158 280; 159 281; 172 281; 173 280; 173 278; 174 277; 174 273; 175 272; 175 260; 174 260; 173 259; 168 259; 167 258; 165 258; 164 257
33; 553 256; 552 257; 551 257; 550 258; 548 258; 545 261; 545 269; 546 270; 546 271; 548 273; 548 275; 549 276; 549 277; 550 278; 550 279; 551 280; 551 282; 552 283; 552 284; 553 285; 553 286; 555 288; 566 288; 567 287; 568 287; 569 286; 571 286; 572 285; 573 285; 573 273; 572 272; 572 270; 571 269; 571 268; 569 266; 569 265; 568 264; 568 263; 567 262; 567 261; 566 260; 566 259; 565 258; 565 257; 564 256
34; 308 259; 294 259; 293 262; 284 270; 281 276; 281 285; 287 287; 290 290; 300 290; 316 271
35; 316 271; 321 270; 331 260; 331 252; 322 246; 322 234; 314 229; 306 229; 306 237; 310 240; 310 257; 308 259
36; 754 270; 753 271; 746 271; 745 272; 739 272; 737 274; 737 289; 738 289; 743 294; 758 294; 759 293; 768 293; 770 291; 770 278; 769 277; 769 272; 767 270
37; 510 268; 510 271; 507 274; 506 274; 505 275; 504 275; 502 277; 502 278; 495 285; 495 295; 496 296; 498 296; 500 298; 501 298; 502 299; 502 300; 504 302; 512 302; 516 298; 516 297; 521 292; 521 291; 525 287; 525 279; 523 277; 523 276; 522 275; 522 271; 520 269; 519 269; 518 268
38; 876 274; 876 275; 875 276; 874 276; 869 281; 869 291; 871 293; 871 294; 876 299; 876 300; 878 302; 878 303; 880 305; 891 305; 892 304; 893 304; 898 299; 898 290; 897 290; 894 287; 894 286; 893 285; 893 284; 892 283; 892 282; 884 274
39; 177 293; 177 296; 176 297; 176 298; 173 301; 172 301; 171 302; 171 312; 173 314; 178 314; 179 315; 180 315; 181 316; 182 316; 183 317; 185 317; 186 318; 189 318; 190 319; 203 319; 204 318; 204 316; 205 315; 205 307; 206 306; 206 298; 205 298; 204 297; 203 297; 202 296; 199 296; 198 295; 195 295; 194 294; 189 294; 188 293
40; 629 305; 629 306; 628 307; 628 308; 627 309; 619 309; 619 310; 618 311; 618 312; 609 321; 609 330; 612 333; 612 334; 613 335; 613 336; 615 338; 625 338; 626 337; 627 337; 636 328; 637 328; 639 326; 640 326; 641 325; 642 325; 643 324; 643 315; 642 314; 642 313; 641 312; 641 311; 640 310; 640 309; 638 307; 638 306; 637 305
41; 907 315; 905 317; 904 317; 903 318; 902 318; 901 319; 900 319; 899 320; 897 320; 896 321; 895 321; 894 322; 893 322; 891 324; 890 324; 889 325; 889 334; 890 335; 890 336; 891 337; 891 338; 892 339; 892 340; 893 341; 893 342; 894 343; 903 343; 904 342; 906 342; 907 341; 912 341; 913 340; 914 340; 915 339; 916 339; 917 338; 918 338; 920 336; 920 326; 919 325; 919 324; 917 322; 917 321; 916 320; 916 317; 915 316; 915 315
42; 949 330; 948 331; 947 331; 944 334; 940 334; 940 336; 939 337; 939 345; 940 346; 941 346; 942 347; 945 347; 948 350; 948 351; 949 352; 950 352; 952 354; 953 354; 954 355; 955 355; 956 356; 958 356; 959 357; 969 357; 970 356; 970 352; 971 351; 971 348; 972 347; 973 347; 973 339; 971 337; 970 337; 968 335; 967 335; 966 334; 965 334; 964 333; 963 333; 962 332; 961 332; 959 330
43; 653 339; 652 340; 651 340; 650 341; 650 342; 648 344; 648 345; 647 346; 647 357; 648 358; 648 360; 650 362; 658 362; 659 363; 665 363; 666 364; 676 364; 677 363; 678 363; 679 362; 679 350; 678 349; 678 345; 677 344; 677 343; 675 341; 673 341; 672 340; 663 340; 662 339
44; 117 345; 116 346; 115 346; 114 347; 113 347; 111 349; 110 349; 107 352; 107 360; 109 362; 109 363; 111 365; 111 366; 113 368; 113 369; 116 372; 116 373; 118 375; 128 375; 130 373; 131 373; 134 370; 135 370; 135 361; 134 360; 134 359; 133 358; 133 357; 131 355; 131 354; 129 352; 129 351; 128 350; 128 349; 127 348; 127 347; 126 346; 126 345
45; 736 344; 734 346; 734 348; 733 349; 733 350; 732 351; 732 354; 731 355; 731 364; 732 365; 733 365; 734 366; 737 366; 738 367; 741 367; 742 368; 743 368; 744 369; 745 369; 746 370; 747 370; 748 371; 756 371; 757 370; 758 370; 760 368; 760 363; 761 362; 761 351; 760 350; 759 350; 758 349; 757 349; 756 348; 755 348; 754 347; 752 347; 751 346; 748 346; 747 345; 745 345; 744 344
46; 74 347; 70 351; 69 351; 67 353; 67 355; 66 356; 66 365; 68 367; 70 367; 71 368; 74 368; 75 369; 79 369; 80 370; 83 370; 84 371; 96 371; 98 369; 98 363; 99 362; 99 352; 98 352; 97 351; 95 351; 94 350; 93 350; 92 349; 91 349; 90 348; 86 348; 85 347
47; 926 360; 923 363; 922 363; 921 364; 920 364; 920 367; 919 368; 919 377; 921 379; 922 379; 924 381; 925 381; 926 382; 927 382; 934 389; 943 389; 944 388; 945 388; 947 386; 947 384; 948 383; 949 383; 950 382; 950 374; 949 373; 949 372; 948 372; 941 365; 940 365; 938 363; 937 363; 934 360
48; 890 363; 888 365; 888 367; 887 368; 887 369; 884 372; 884 381; 889 386; 890 386; 891 387; 892 387; 893 388; 893 389; 894 390; 894 391; 896 393; 904 393; 905 392; 910 392; 911 391; 911 389; 912 388; 912 379; 910 379; 908 377; 908 375; 907 374; 907 373; 906 372; 906 371; 898 363
49; 610 367; 609 368; 609 369; 608 370; 608 372; 607 373; 607 385; 608 386; 610 386; 611 387; 612 387; 614 389; 615 389; 616 390; 618 390; 619 391; 626 391; 627 392; 635 392; 639 388; 639 384; 640 383; 640 373; 639 372; 638 372; 637 371; 635 371; 634 370; 633 370; 632 369; 627 369; 626 368; 624 368; 623 367
50; 229 384; 229 388; 230 388; 232 390; 233 390; 234 391; 235 391; 236 392; 237 392; 238 393; 243 393; 244 394; 246 394; 247 395; 259 395; 260 394; 260 391; 262 389; 264 389; 264 375; 262 373; 255 373; 254 372; 251 372; 250 371; 240 371; 239 370; 227 370
51; 227 370; 226 369; 226 365; 214 365; 214 368; 212 370; 212 385; 220 385; 222 383; 228 383; 229 384
52; 307 371; 305 373; 305 385; 306 386; 306 393; 307 394; 307 398; 308 399; 309 399; 310 400; 312 400; 313 401; 324 401; 325 400; 326 400; 327 399; 328 399; 328 382; 327 381; 327 377; 326 376; 326 374; 325 373; 325 372; 324 371
53; 416 375; 415 376; 415 377; 414 378; 414 380; 413 381; 413 382; 411 384; 411 394; 412 395; 412 401; 421 401; 422 402; 440 402; 441 401; 441 400; 442 399; 442 398; 443 397; 443 385; 441 383; 441 382; 440 381; 438 381; 437 380; 435 380; 434 379; 433 379; 432 378; 430 378; 429 377; 428 377; 427 376; 425 376; 424 375
54; 13 402; 7 404; 3 410; 0 410; 0 437; 4 438; 14 437; 16 431; 24 420; 25 406
55; 25 406; 41 406; 46 403; 47 388; 44 384; 36 383; 17 383; 16 384; 13 402
56; 971 392; 969 394; 968 394; 963 399; 962 399; 957 404; 956 404; 956 419; 957 420; 957 421; 958 422; 972 422; 982 412; 983 412; 987 408; 987 399; 986 398; 986 397; 984 395; 984 394; 982 392
57; 412 402; 407 407; 407 408; 406 409; 406 418; 410 422; 411 422; 421 432; 429 432; 432 429; 432 428; 436 424; 436 415; 434 413; 434 412; 431 409; 431 403; 422 403; 421 402
58; 863 404; 860 407; 860 408; 857 411; 855 411; 854 412; 854 421; 855 422; 855 423; 857 425; 857 426; 858 427; 858 428; 859 429; 859 430; 860 431; 860 432; 861 433; 861 434; 865 438; 867 438; 868 439; 868 440; 873 440; 874 439; 879 439; 879 434; 880 433; 880 424; 879 423; 879 422; 878 421; 878 419; 877 418; 877 416; 876 415; 876 413; 875 412; 875 411; 874 410; 874 409; 873 408; 873 407; 872 406; 872 404
59; 54 409; 50 413; 50 421; 57 421; 58 422; 58 431; 61 434; 62 434; 63 435; 64 435; 65 436; 66 436; 67 437; 77 437; 77 434; 79 432; 79 431; 81 429; 81 419; 80 419; 79 418; 78 418; 76 416; 75 416; 72 413; 68 413; 67 412; 66 412; 64 410; 63 410; 62 409
60; 943 416; 942 417; 942 418; 940 420; 939 420; 938 421; 936 421; 935 422; 934 422; 934 431; 935 431; 936 432; 936 433; 938 435; 938 436; 939 437; 939 439; 940 440; 940 441; 941 442; 949 442; 949 436; 952 433; 957 433; 957 422; 956 421; 956 420; 955 419; 955 416
61; 483 418; 480 421; 480 422; 478 424; 478 425; 477 426; 477 427; 476 428; 476 429; 475 430; 475 431; 474 432; 474 433; 473 434; 473 435; 472 436; 472 445; 478 451; 489 451; 490 450; 490 449; 492 447; 492 445; 493 444; 493 443; 495 441; 495 440; 496 439; 496 438; 498 436; 498 435; 499 434; 499 426; 497 424; 497 423; 493 419; 492 419; 491 418
62; 606 426; 606 427; 604 429; 604 430; 603 431; 603 432; 601 434; 601 444; 602 444; 603 445; 604 445; 606 447; 607 447; 610 450; 612 450; 613 451; 614 451; 615 452; 617 452; 618 453; 627 453; 629 451; 629 450; 631 448; 631 447; 632 446; 632 436; 631 435; 630 435; 628 433; 626 433; 624 431; 623 431; 622 430; 621 430; 620 429; 619 429; 617 427; 616 427; 615 426
63; 797 430; 796 431; 787 431; 786 432; 785 432; 784 433; 783 433; 783 442; 784 443; 784 447; 785 448; 785 452; 796 452; 797 453; 797 455; 805 455; 806 454; 814 454; 814 447; 815 446; 815 444; 816 443; 816 434; 815 433; 815 430
64; 547 426; 547 428; 544 431; 542 431; 541 432; 540 432; 538 434; 538 456; 539 457; 539 458; 542 461; 558 461; 559 460; 559 448; 560 447; 560 439; 559 438; 559 436; 558 435; 558 434; 556 432; 556 426
65; 917 459; 918 460; 918 469; 920 471; 923 471; 924 472; 933 472; 933 471; 934 470; 934 465; 935 464; 935 461; 936 460; 936 451; 927 451; 926 450
66; 926 450; 926 444; 928 442; 928 432; 927 432; 920 425; 912 425; 912 427; 911 428; 911 429; 910 430; 909 430; 906 433; 906 434; 904 436; 904 437; 903 438; 903 439; 900 442; 900 453; 903 453; 905 455; 906 455; 910 459; 917 459
67; 874 440; 873 441; 868 441; 868 445; 866 447; 866 456; 867 456; 868 457; 868 458; 869 459; 869 462; 870 463; 870 464; 871 465; 871 466; 876 471; 876 472; 877 473; 878 473; 879 474; 889 474; 890 473; 890 472; 891 471; 891 470; 892 469; 893 469; 895 467; 895 456; 893 456; 891 454; 891 453; 888 450; 888 449; 881 442; 880 442; 879 441; 879 440
68; 180 448; 179 449; 178 449; 177 450; 176 450; 175 451; 174 451; 173 452; 172 452; 171 453; 171 454; 170 455; 170 463; 172 465; 172 466; 173 467; 173 468; 174 469; 174 471; 175 472; 175 475; 176 476; 176 477; 178 479; 180 479; 181 480; 193 480; 196 477; 197 477; 198 476; 198 468; 197 467; 197 465; 196 464; 196 461; 195 460; 195 458; 192 455; 192 454; 191 453; 191 452; 190 451; 190 450; 189 449; 189 448
69; 806 455; 805 456; 797 456; 797 459; 796 460; 796 468; 798 470; 798 471; 800 473; 800 474; 801 475; 801 476; 802 477; 802 478; 811 478; 812 477; 813 477; 816 474; 817 474; 818 473; 825 473; 826 472; 827 472; 828 471; 829 471; 830 470; 832 470; 833 469; 833 460; 822 460; 820 458; 815 458; 814 457; 814 455
70; 452 457; 451 458; 450 458; 449 459; 448 459; 447 460; 446 460; 446 461; 445 462; 445 473; 446 474; 446 476; 447 477; 447 479; 448 480; 448 482; 450 484; 450 486; 452 488; 452 489; 455 492; 466 492; 467 491; 468 491; 470 489; 471 489; 473 487; 473 479; 472 478; 472 476; 471 475; 471 473; 470 472; 470 471; 469 470; 469 469; 468 468; 468 466; 460 458; 460 457
71; 677 470; 676 471; 673 471; 672 472; 665 472; 664 473; 663 473; 662 474; 661 474; 661 491; 663 491; 665 493; 665 494; 666 495; 678 495; 679 494; 687 494; 688 493; 690 493; 691 492; 692 492; 694 490; 694 479; 693 478; 693 474; 692 473; 692 472; 691 471; 691 470
72; 903 482; 901 484; 900 484; 898 486; 897 486; 893 490; 892 490; 891 491; 890 491; 886 495; 886 503; 890 507; 890 508; 893 511; 893 512; 894 513; 902 513; 907 508; 908 508; 911 505; 912 505; 913 504; 914 504; 915 503; 916 503; 919 500; 919 489; 917 489; 912 484; 912 483; 911 482
73; 289 492; 288 493; 288 498; 287 499; 285 499; 284 500; 283 500; 282 501; 281 501; 280 502; 280 503; 279 504; 279 505; 278 506; 278 507; 277 508; 277 509; 275 511; 275 521; 276 521; 277 522; 281 522; 282 523; 283 523; 284 524; 285 524; 286 525; 294 525; 295 524; 295 523; 297 521; 297 520; 298 519; 298 518; 299 517; 299 516; 305 510; 305 509; 306 508; 306 499; 300 493; 299 493; 298 492
74; 337 494; 336 495; 335 495; 334 496; 333 496; 331 498; 329 498; 328 499; 328 507; 329 507; 331 509; 331 510; 332 511; 332 516; 333 517; 333 518; 337 522; 337 523; 339 525; 339 526; 340 527; 340 529; 349 529; 351 527; 352 527; 353 526; 354 526; 355 525; 357 525; 357 512; 356 511; 356 510; 355 509; 355 508; 354 507; 354 506; 353 505; 353 503; 352 502; 352 500; 350 498; 350 497; 347 494
75; 29 504; 28 505; 27 505; 26 506; 25 506; 23 508; 22 508; 19 511; 19 512; 18 513; 17 513; 15 515; 14 515; 14 524; 16 526; 16 527; 17 528; 17 529; 21 533; 29 533; 33 529; 34 529; 39 524; 40 524; 43 521; 44 521; 44 512; 43 511; 42 511; 38 507; 38 505; 37 504
76; 668 506; 667 507; 666 507; 665 508; 664 508; 663 509; 662 509; 660 511; 659 511; 658 512; 657 512; 656 513; 654 513; 652 515; 652 525; 653 526; 653 527; 654 528; 654 529; 655 530; 655 531; 657 533; 657 534; 665 534; 667 532; 669 532; 670 531; 673 531; 674 530; 675 530; 676 529; 677 529; 681 525; 682 525; 682 524; 683 523; 684 523; 685 522; 685 513; 684 512; 684 509; 683 508; 679 508; 678 507; 677 507; 676 506
77; 72 506; 67 511; 65 511; 65 525; 66 526; 67 526; 68 527; 71 527; 72 528; 74 528; 75 529; 76 529; 77 530; 79 530; 80 531; 83 531; 84 532; 95 532; 96 531; 96 522; 97 521; 97 512; 96 511; 95 511; 94 510; 92 510; 91 509; 89 509; 88 508; 86 508; 85 507; 82 507; 81 506
78; 521 517; 518 520; 517 520; 512 525; 512 533; 521 542; 521 543; 522 544; 523 544; 525 546; 525 547; 526 548; 535 548; 539 544; 540 544; 541 543; 542 543; 543 542; 544 542; 545 541; 545 533; 540 528; 540 527; 536 523; 535 523; 530 518; 530 517
79; 159 519; 157 521; 156 521; 154 523; 153 523; 151 525; 150 525; 150 535; 152 537; 152 538; 154 540; 154 541; 156 543; 156 544; 157 545; 157 546; 158 547; 158 548; 159 549; 159 550; 160 551; 161 551; 162 552; 174 552; 176 550; 176 549; 180 545; 180 536; 178 534; 178 533; 177 532; 177 531; 174 528; 174 527; 171 524; 171 523; 167 519
80; 748 544; 747 545; 736 545; 735 546; 732 546; 731 547; 727 547; 726 548; 725 548; 724 549; 724 557; 725 558; 725 562; 726 563; 726 564; 727 565; 727 566; 729 568; 730 568; 731 569; 732 569; 733 570; 742 570; 743 569; 750 569; 751 568; 754 568; 756 566; 757 566; 757 565; 760 562; 760 552; 759 551; 759 547; 756 544
81; 685 548; 684 549; 681 549; 680 550; 679 550; 678 551; 677 551; 676 552; 676 553; 675 554; 675 562; 676 563; 676 564; 677 565; 677 566; 678 567; 678 568; 679 569; 679 571; 680 572; 680 573; 681 574; 681 576; 682 577; 682 578; 683 579; 683 580; 684 581; 694 581; 695 580; 701 580; 702 579; 703 579; 704 578; 704 568; 703 567; 703 565; 701 563; 701 561; 700 560; 700 558; 699 557; 699 556; 698 555; 698 553; 697 552; 697 550; 695 548
82; 244 548; 244 549; 242 551; 242 552; 240 554; 239 554; 234 559; 234 560; 232 562; 232 563; 229 566; 229 575; 230 576; 230 582; 247 582; 251 578; 251 577; 255 573; 255 572; 258 569; 258 568; 261 565; 261 556; 260 555; 260 554; 258 552; 257 552; 253 548
83; 181 561; 181 562; 180 563; 180 566; 179 567; 179 569; 178 570; 178 571; 177 572; 177 582; 178 582; 179 583; 181 583; 182 584; 183 584; 184 585; 187 585; 188 586; 191 586; 192 587; 199 587; 200 588; 209 588; 209 584; 210 583; 210 580; 211 579; 211 571; 210 570; 210 568; 207 565; 206 565; 205 564; 203 564; 202 563; 201 563; 200 562; 192 562; 191 561
84; 222 583; 220 585; 220 586; 218 588; 218 589; 216 591; 215 591; 215 601; 218 604; 219 604; 222 607; 222 608; 223 608; 229 614; 230 614; 232 616; 240 616; 240 615; 243 612; 244 612; 246 610; 246 607; 247 606; 247 597; 245 595; 244 595; 238 589; 238 583
85; 965 582; 962 585; 961 585; 959 587; 958 587; 956 589; 955 589; 952 592; 951 592; 947 596; 947 604; 948 605; 948 606; 950 606; 951 607; 953 607; 956 610; 956 614; 964 614; 968 610; 969 610; 972 607; 973 607; 975 605; 976 605; 980 601; 980 600; 981 599; 981 586; 979 586; 977 584; 976 584; 974 582
86; 105 591; 102 594; 95 594; 95 595; 94 596; 94 605; 95 606; 95 607; 96 608; 96 609; 98 611; 98 612; 99 613; 99 614; 100 615; 100 616; 101 617; 101 619; 102 620; 102 621; 103 621; 105 623; 106 623; 107 624; 115 624; 119 620; 120 620; 123 617; 123 609; 122 608; 122 607; 121 606; 121 605; 120 604; 120 602; 119 601; 119 600; 118 599; 118 598; 117 597; 117 596; 115 594; 115 593; 113 591
87; 477 602; 477 604; 476 605; 476 606; 474 608; 474 617; 475 617; 476 618; 476 619; 478 621; 478 622; 484 628; 485 628; 488 631; 489 631; 491 633; 499 633; 500 632; 502 632; 503 631; 503 629; 504 628; 504 627; 507 624; 507 615; 505 613; 504 613; 501 610; 500 610; 496 606; 496 605; 495 604; 494 604; 492 602
88; 628 622; 627 623; 612 623; 611 624; 608 624; 605 627; 605 643; 608 646; 609 646; 610 647; 622 647; 623 646; 626 646; 630 642; 641 642; 641 629; 640 628; 640 626; 638 624; 638 623; 637 623; 636 622
89; 668 622; 667 623; 666 623; 665 624; 663 624; 662 625; 661 625; 658 628; 658 636; 659 637; 659 638; 660 639; 660 640; 661 641; 661 642; 662 643; 662 645; 663 646; 663 648; 664 649; 664 650; 665 651; 665 652; 666 653; 666 654; 667 654; 669 656; 671 656; 672 657; 680 657; 681 656; 683 656; 684 655; 685 655; 686 654; 686 645; 684 643; 684 632; 683 631; 683 630; 682 629; 682 628; 681 627; 681 626; 678 623; 678 622
90; 568 637; 563 642; 563 644; 562 645; 562 657; 563 657; 564 658; 569 658; 570 659; 571 659; 572 660; 573 660; 574 661; 576 661; 577 662; 579 662; 580 663; 589 663; 590 662; 591 662; 592 661; 592 659; 593 658; 593 656; 594 655; 594 643; 592 641; 591 641; 590 640; 588 640; 587 639; 584 639; 583 638; 581 638; 580 637
91; 110 645; 105 650; 105 651; 104 652; 104 653; 102 655; 102 656; 100 658; 100 659; 98 661; 98 670; 99 671; 100 671; 102 673; 103 673; 107 677; 115 677; 115 676; 117 674; 118 674; 121 671; 121 670; 123 668; 123 667; 125 665; 125 664; 128 661; 128 652; 127 651; 126 651; 123 648; 123 647; 122 646; 122 645
92; 478 645; 478 646; 477 647; 477 648; 475 650; 474 650; 470 654; 470 655; 468 657; 468 658; 467 659; 467 660; 466 661; 466 662; 465 663; 465 671; 466 671; 467 672; 468 672; 473 677; 482 677; 485 674; 485 673; 487 671; 487 670; 494 663; 494 662; 495 661; 495 651; 494 650; 494 648; 493 648; 492 647; 490 647; 488 645
93; 984 655; 983 656; 982 656; 979 659; 978 659; 977 660; 977 671; 978 672; 978 673; 988 683; 988 684; 989 685; 999 685; 1002 682; 1003 682; 1005 680; 1006 680; 1006 671; 1005 670; 1005 669; 1004 668; 1004 667; 1002 665; 1002 664; 997 659; 996 659; 994 657; 994 656; 993 655
94; 207 656; 205 658; 205 666; 208 669; 208 675; 209 676; 209 677; 210 678; 210 679; 212 681; 212 682; 214 684; 214 685; 217 688; 226 688; 228 686; 231 686; 233 684; 233 683; 234 682; 234 674; 233 673; 233 671; 232 670; 232 669; 229 666; 229 665; 227 663; 227 662; 226 661; 226 660; 224 658; 223 658; 222 657; 217 657; 216 656
95; 844 669; 825 669; 823 673; 823 681; 825 683; 825 699; 827 701; 835 703; 845 703; 848 692; 851 689
96; 851 689; 857 689; 871 684; 871 672; 869 668; 868 657; 866 654; 857 654; 847 657; 845 659; 845 668; 844 669
97; 165 666; 164 667; 164 668; 163 669; 163 670; 162 671; 162 672; 161 673; 161 674; 159 676; 159 684; 161 686; 162 686; 164 688; 165 688; 166 689; 167 689; 168 690; 170 690; 171 691; 172 691; 173 692; 174 692; 175 693; 177 693; 178 694; 179 694; 180 695; 188 695; 190 693; 190 691; 191 690; 191 689; 192 688; 192 677; 191 676; 191 675; 189 673; 187 673; 186 672; 183 672; 182 671; 181 671; 179 669; 178 669; 177 668; 176 668; 175 667; 174 667; 173 666
98; 326 674; 325 675; 325 676; 324 677; 324 678; 321 681; 320 681; 319 682; 319 683; 317 685; 317 686; 316 687; 316 696; 317 697; 317 700; 318 700; 319 701; 321 701; 322 702; 323 702; 324 703; 325 703; 326 704; 334 704; 335 703; 335 702; 339 698; 339 697; 341 695; 341 694; 343 692; 343 691; 344 690; 344 689; 345 688; 345 679; 343 677; 340 677; 339 676; 338 676; 337 675; 336 675; 335 674
99; 479 686; 478 687; 478 688; 476 690; 475 690; 470 695; 470 696; 468 698; 468 700; 467 701; 467 702; 466 703; 466 713; 472 713; 474 715; 474 718; 482 718; 485 715; 485 714; 486 713; 486 712; 493 705; 494 705; 495 704; 495 703; 496 702; 496 693; 493 690; 492 690; 488 686
100; 14 686; 11 689; 10 689; 8 691; 7 691; 7 699; 9 701; 9 702; 10 703; 10 705; 11 706; 11 707; 13 709; 13 710; 19 716; 19 718; 27 718; 29 716; 30 716; 33 713; 34 713; 36 711; 36 701; 34 699; 34 698; 28 692; 28 691; 27 690; 27 689; 26 688; 26 687; 25 686
101; 247 689; 247 690; 245 692; 245 693; 243 695; 243 696; 242 697; 242 703; 241 704; 241 705; 240 706; 240 721; 239 722; 238 722; 238 730; 252 730; 252 716; 255 713; 256 713; 257 712; 259 712; 261 710; 262 710; 263 709; 263 708; 265 706; 265 696; 264 696; 261 693; 260 693; 257 690; 256 690; 255 689
102; 420 696; 418 698; 414 698; 414 699; 413 700; 413 704; 412 705; 412 714; 413 715; 413 716; 414 717; 414 718; 417 721; 417 723; 421 727; 439 727; 439 726; 440 725; 440 716; 439 715; 439 714; 438 713; 438 711; 437 710; 437 708; 435 706; 435 705; 433 703; 433 702; 430 699; 430 698; 428 696
103; 74 713; 67 713; 64 711; 56 711; 54 715; 48 719; 48 729; 50 731; 57 733; 65 738; 77 739; 78 736; 82 732
104; 82 732; 94 732; 96 731; 99 726; 99 717; 96 710; 91 706; 82 706; 74 713
105; 329 726; 329 727; 328 728; 328 730; 327 731; 327 733; 326 734; 326 735; 325 736; 325 744; 326 745; 326 746; 327 746; 329 748; 331 748; 332 749; 334 749; 335 750; 338 750; 339 751; 340 751; 341 752; 344 752; 345 753; 355 753; 355 752; 356 751; 356 747; 357 746; 357 743; 358 742; 358 732; 357 732; 356 731; 355 731; 354 730; 352 730; 351 729; 350 729; 349 728; 348 728; 347 727; 339 727; 338 726
106; 265 727; 263 729; 262 729; 260 731; 255 731; 255 737; 252 740; 252 741; 251 742; 251 751; 252 751; 259 758; 267 758; 267 757; 269 755; 270 755; 273 752; 274 752; 278 748; 279 748; 279 747; 284 742; 284 734; 279 729; 277 729; 276 728; 274 728; 273 727
107; 602 730; 601 731; 597 731; 596 732; 592 732; 591 733; 588 733; 587 734; 585 734; 584 735; 584 736; 583 737; 583 747; 584 748; 584 752; 585 753; 585 754; 587 756; 599 756; 600 755; 603 755; 604 754; 608 754; 609 753; 612 753; 613 752; 614 752; 616 750; 616 738; 615 737; 615 733; 614 732; 614 731; 613 730
108; 1007 748; 1004 751; 1003 751; 1000 754; 999 754; 996 757; 995 757; 992 760; 992 775; 993 776; 994 776; 995 777; 996 777; 998 779; 1007 779; 1009 777; 1010 777; 1012 775; 1013 775; 1014 774; 1015 774; 1015 773; 1017 771; 1018 771; 1019 770; 1023 770; 1023 753; 1020 753; 1017 750; 1017 749; 1016 749; 1015 748
109; 914 774; 911 777; 911 789; 912 790; 912 796; 913 797; 913 798; 914 799; 937 799; 938 798; 939 798; 940 797; 942 797; 943 796; 944 796; 944 780; 943 779; 943 778; 939 774
110; 92 799; 86 805; 86 813; 94 813; 101 820; 101 827; 102 828; 109 828; 110 829; 118 829; 119 828; 120 828; 122 826; 122 825; 124 823; 124 808; 123 807; 122 807; 121 806; 119 806; 118 805; 114 805; 113 804; 106 804; 102 800; 102 799
111; 385 799; 384 800; 383 800; 381 802; 380 802; 377 805; 377 815; 378 816; 378 817; 380 819; 380 820; 382 822; 382 823; 385 826; 385 827; 386 828; 386 829; 387 830; 387 831; 388 832; 389 832; 390 833; 401 833; 405 829; 406 829; 408 827; 408 819; 407 818; 407 816; 406 815; 406 814; 405 813; 405 812; 402 809; 402 808; 399 805; 398 805; 397 804; 397 803; 396 802; 396 801; 395 800; 395 799
112; 305 812; 304 813; 302 813; 301 814; 299 814; 298 815; 296 815; 295 816; 294 816; 293 817; 293 827; 294 828; 294 829; 295 830; 295 831; 296 832; 296 833; 297 834; 297 835; 298 836; 298 837; 303 842; 303 844; 304 845; 304 846; 305 847; 313 847; 314 846; 317 846; 318 845; 319 845; 321 843; 321 842; 322 841; 322 829; 321 828; 321 827; 319 825; 319 824; 318 823; 318 822; 317 821; 317 820; 316 819; 316 817; 315 816; 315 815; 313 813; 313 812
113; 77 822; 76 823; 76 824; 75 825; 75 826; 73 828; 73 829; 71 831; 71 840; 81 850; 82 850; 84 852; 85 852; 87 854; 97 854; 99 852; 99 851; 102 848; 103 848; 104 847; 104 838; 103 837; 103 836; 102 835; 102 829; 101 828; 93 828; 91 826; 90 826; 88 824; 87 824; 85 822
114; 642 828; 641 829; 636 829; 635 830; 628 830; 627 831; 624 831; 621 834; 621 835; 620 836; 620 851; 621 852; 621 853; 645 853; 646 852; 648 852; 649 851; 652 851; 653 850; 654 850; 655 849; 655 839; 654 838; 654 837; 653 836; 653 833; 652 832; 652 830; 650 828
115; 317 858; 316 859; 306 859; 305 860; 305 867; 304 868; 304 876; 305 877; 305 878; 307 880; 309 880; 310 881; 311 881; 312 882; 324 882; 325 883; 335 883; 337 881; 337 877; 338 876; 338 872; 339 871; 339 862; 338 861; 335 861; 334 860; 332 860; 331 859; 329 859; 328 858
116; 951 860; 950 861; 950 865; 949 866; 949 870; 948 871; 948 881; 949 882; 953 882; 954 883; 955 883; 956 884; 968 884; 969 885; 980 885; 981 884; 981 878; 982 877; 982 868; 980 866; 980 865; 979 864; 978 864; 977 863; 972 863; 971 862; 968 862; 967 861; 966 861; 965 860
117; 437 861; 436 862; 433 862; 432 863; 431 863; 431 864; 430 865; 430 884; 442 884; 443 885; 451 885; 452 884; 461 884; 463 882; 463 866; 462 865; 461 865; 457 861
118; 381 860; 381 861; 380 862; 380 863; 379 864; 379 865; 376 868; 376 869; 375 870; 375 871; 373 873; 373 874; 372 875; 372 876; 370 878; 370 886; 372 886; 373 887; 374 887; 379 892; 379 893; 387 893; 392 888; 392 887; 393 886; 393 885; 395 883; 395 882; 397 880; 397 879; 399 877; 399 868; 398 867; 397 867; 395 865; 395 864; 394 864; 392 862; 391 862; 389 860
119; 649 875; 648 876; 641 876; 639 878; 639 891; 641 893; 641 894; 642 895; 642 896; 643 897; 643 901; 646 901; 647 902; 650 902; 650 900; 651 899; 655 899; 656 898; 670 898; 671 897; 671 896; 672 895; 672 877; 671 877; 670 876; 664 876; 663 875
120; 517 886; 516 887; 515 887; 514 888; 511 888; 508 891; 508 900; 509 901; 509 903; 510 904; 510 906; 511 907; 511 909; 512 910; 512 912; 513 913; 513 914; 514 915; 514 916; 517 919; 519 919; 520 920; 531 920; 532 919; 534 919; 535 918; 535 907; 534 906; 534 903; 533 902; 533 901; 532 900; 532 897; 531 896; 531 894; 530 893; 530 891; 529 890; 529 888; 528 887; 528 886
121; 454 892; 454 893; 452 895; 452 900; 451 901; 437 901; 436 902; 436 903; 435 904; 435 907; 434 908; 434 909; 433 910; 433 920; 441 920; 441 918; 442 917; 442 915; 445 912; 447 912; 449 910; 449 906; 450 905; 457 905; 461 909; 471 909; 472 908; 472 907; 473 906; 473 897; 472 896; 471 896; 470 895; 468 895; 467 894; 466 894; 465 893; 464 893; 463 892
122; 825 889; 822 892; 822 907; 823 908; 823 909; 824 909; 826 911; 827 911; 828 912; 830 912; 831 913; 837 913; 838 914; 841 914; 842 915; 852 915; 854 913; 854 912; 855 911; 855 910; 856 909; 856 906; 857 905; 857 894; 856 893; 849 893; 848 892; 847 892; 846 891; 845 891; 844 890; 839 890; 838 889
123; 916 879; 916 886; 913 889; 912 889; 910 891; 909 891; 908 892; 907 892; 904 895; 902 895; 901 896; 901 910; 902 911; 902 912; 903 913; 904 913; 905 914; 915 914; 916 913; 917 913; 917 912; 920 909; 920 907; 921 906; 921 905; 922 904; 923 904; 924 903; 925 903; 925 902; 926 901; 926 896; 927 895; 927 894; 930 891; 931 891; 932 890; 932 881; 931 880; 926 880; 925 879
124; 320 903; 318 905; 318 906; 315 909; 311 909; 310 910; 310 918; 311 919; 311 921; 312 922; 312 923; 313 924; 313 926; 314 927; 314 929; 315 930; 315 931; 316 932; 316 933; 318 935; 319 935; 320 936; 335 936; 336 935; 339 935; 339 926; 337 926; 336 925; 336 918; 335 917; 335 916; 334 915; 334 913; 333 912; 333 911; 332 910; 332 909; 330 907; 330 905; 329 904; 329 903
125; 643 902; 643 905; 642 906; 640 906; 640 908; 636 912; 635 912; 633 914; 633 922; 634 923; 634 924; 635 925; 635 931; 637 933; 638 933; 639 934; 641 934; 643 936; 654 936; 656 934; 657 934; 658 933; 658 932; 662 928; 662 920; 660 918; 660 917; 657 914; 657 913; 650 906; 650 903; 647 903; 646 902
126; 104 914; 102 916; 102 934; 103 935; 104 935; 105 936; 108 936; 109 937; 131 937; 134 934; 134 916; 133 915; 131 915; 130 914
127; 347 922; 343 926; 340 926; 340 935; 343 935; 344 936; 344 943; 346 945; 368 945; 369 944; 375 944; 376 943; 377 943; 377 930; 376 929; 376 928; 375 927; 375 926; 374 925; 374 924; 372 922
128; 493 922; 493 923; 491 925; 475 925; 472 928; 472 929; 471 930; 471 933; 470 934; 470 944; 477 944; 478 945; 487 945; 488 944; 490 944; 490 943; 491 942; 502 942; 504 940; 505 940; 507 938; 507 930; 505 928; 505 927; 503 925; 503 924; 502 923; 502 922
129; 386 933; 386 934; 385 935; 385 954; 387 956; 405 956; 406 955; 407 955; 408 954; 416 954; 416 937; 415 936; 415 934; 414 933
130; 626 932; 625 933; 625 934; 623 936; 622 936; 621 937; 620 937; 619 938; 619 947; 620 948; 620 949; 621 950; 621 951; 622 952; 622 954; 623 955; 623 957; 624 958; 624 960; 625 961; 625 962; 626 963; 626 966; 634 966; 635 965; 637 965; 638 964; 639 964; 640 963; 641 963; 642 962; 643 962; 644 961; 645 961; 646 960; 646 952; 645 951; 645 948; 644 947; 644 945; 643 944; 643 937; 641 935; 639 935; 638 934; 637 934; 635 932
131; 912 936; 910 938; 910 942; 909 943; 909 952; 910 953; 910 954; 913 957; 915 957; 916 958; 925 958; 926 959; 936 959; 937 958; 938 958; 939 957; 941 957; 942 956; 942 938; 939 938; 938 937; 933 937; 932 936
132; 187 940; 186 941; 186 942; 185 943; 185 946; 184 947; 184 948; 183 949; 183 959; 184 959; 185 960; 186 960; 187 961; 188 961; 189 962; 190 962; 191 963; 192 963; 193 964; 196 964; 197 965; 198 965; 199 966; 200 966; 201 967; 209 967; 210 966; 210 964; 211 963; 211 962; 212 961; 212 960; 213 959; 213 958; 214 957; 214 948; 213 947; 210 947; 206 943; 205 943; 204 942; 203 942; 202 941; 200 941; 199 940
133; 795 943; 794 944; 793 944; 792 945; 790 945; 789 946; 788 946; 787 947; 787 955; 788 956; 788 959; 789 960; 789 962; 790 963; 790 965; 791 966; 791 968; 792 969; 792 973; 794 975; 794 976; 802 976; 803 975; 807 975; 808 974; 809 974; 810 973; 811 973; 813 971; 813 960; 812 959; 812 957; 811 956; 811 952; 810 951; 810 949; 809 948; 809 947; 805 943
134; 575 955; 574 956; 573 956; 566 963; 566 965; 565 966; 565 970; 566 971; 566 975; 573 975; 574 976; 574 977; 577 980; 577 981; 578 981; 580 983; 580 984; 581 985; 590 985; 590 983; 591 982; 591 981; 594 978; 596 978; 597 977; 597 969; 596 968; 596 967; 591 962; 591 961; 589 959; 589 958; 586 955
135; 99 955; 98 956; 97 956; 96 957; 95 957; 94 958; 93 958; 92 959; 91 959; 90 960; 90 968; 92 970; 92 971; 93 972; 93 974; 96 977; 96 978; 100 982; 100 983; 102 985; 102 986; 112 986; 113 985; 114 985; 115 984; 115 983; 117 981; 117 979; 118 978; 118 969; 117 968; 117 967; 115 965; 115 964; 114 963; 114 962; 111 959; 111 958; 109 956; 109 955
136; 538 960; 537 961; 537 962; 536 963; 536 964; 534 966; 534 977; 537 980; 538 980; 540 982; 541 982; 542 983; 543 983; 544 984; 545 984; 547 986; 548 986; 549 987; 559 987; 562 984; 562 983; 563 982; 563 981; 564 980; 564 978; 565 977; 565 971; 564 970; 564 966; 558 966; 557 965; 556 965; 555 964; 554 964; 551 961; 549 961; 548 960
137; 659 963; 658 964; 658 965; 651 972; 651 987; 652 988; 658 988; 660 990; 660 991; 664 995; 674 995; 675 994; 675 993; 676 992; 677 992; 678 991; 679 991; 681 989; 681 981; 678 978; 678 977; 677 976; 677 975; 674 972; 674 971; 667 964; 667 963
138; 504 968; 503 969; 502 969; 496 975; 496 984; 498 986; 498 987; 499 988; 499 989; 500 990; 500 991; 503 994; 503 995; 505 997; 505 998; 506 999; 506 1000; 515 1000; 517 998; 518 998; 520 996; 521 996; 523 994; 524 994; 524 986; 523 985; 523 984; 522 983; 522 982; 520 980; 520 979; 519 978; 519 977; 516 974; 516 973; 515 972; 515 971; 514 970; 514 969; 513 968
139; 957 973; 956 974; 952 974; 951 975; 945 975; 943 977; 943 988; 944 989; 944 995; 946 997; 957 997; 958 996; 966 996; 967 995; 971 995; 972 994; 973 994; 975 992; 975 983; 974 982; 974 979; 973 978; 973 975; 971 973
140; 422 1009; 420 1011; 420 1013; 419 1014; 419 1018; 418 1019; 412 1019; 411 1018; 411 1012; 397 1012; 396 1013; 381 1013; 380 1014; 376 1014; 376 1015; 372 1019; 372 1023; 449 1023; 449 1013; 447 1011; 446 1011; 445 1010; 441 1010; 440 1009; 435 1009; 434 1008
141; 434 1008; 434 1002; 436 1000; 436 984; 435 983; 435 982; 433 980; 406 980; 406 981; 405 982; 405 985; 404 986; 404 996; 405 997; 405 998; 409 1002; 421 1002; 422 1003; 422 1009
142; 635 1017; 636 1018; 636 1023; 662 1023; 662 1019; 659 1016; 659 1015; 658 1014; 657 1014; 654 1011; 654 1010; 647 1010; 646 1009
143; 646 1009; 646 1003; 647 1002; 647 997; 650 994; 650 993; 651 992; 651 988; 650 987; 650 984; 631 984; 631 993; 630 994; 628 994; 627 995; 626 995; 619 1002; 618 1002; 618 1015; 620 1017; 635 1017
144; 689 995; 689 996; 686 999; 685 999; 682 1002; 682 1003; 681 1004; 681 1005; 679 1007; 679 1008; 676 1011; 676 1023; 698 1023; 698 1019; 704 1013; 704 1012; 705 1011; 705 1002; 700 997; 699 997; 697 995
145; 810 996; 809 997; 808 997; 807 998; 806 998; 802 1002; 802 1010; 803 1011; 803 1012; 805 1014; 805 1015; 806 1016; 806 1017; 807 1018; 807 1023; 831 1023; 831 1016; 830 1015; 829 1015; 828 1014; 828 1013; 827 1012; 827 1007; 826 1006; 826 1005; 824 1003; 824 1002; 823 1001; 823 1000; 819 996
