0; 44 10; 43 10; 42 11; 40 11; 39 12; 39 13; 38 14; 38 34; 39 35; 39 37; 41 39; 43 39; 44 40; 54 40; 55 39; 56 39; 57 38; 57 28; 58 27; 58 25; 63 20
1; 63 20; 64 20; 65 19; 66 19; 67 18; 69 18; 70 17; 72 17; 73 16; 77 16; 78 15; 80 15; 81 14; 81 0; 51 0; 51 3; 44 10
2; 313 0; 313 14; 315 16; 315 17; 316 18; 316 20; 317 21; 317 23; 318 24; 318 25; 319 26; 319 27; 320 28; 320 29; 321 30; 321 31; 322 32; 330 32; 331 31; 331 30; 332 29; 332 19; 331 18; 331 17; 330 16; 330 9; 331 8; 332 8; 332 6; 326 6; 325 5; 325 4; 324 3; 324 0
3; 649 0; 649 3; 647 5; 647 6; 646 7; 646 15; 649 18; 649 19; 652 22; 660 22; 664 18; 665 18; 667 16; 668 16; 676 8; 676 0
4; 824 0; 824 3; 823 4; 823 6; 822 7; 822 8; 821 9; 821 17; 824 20; 825 20; 831 26; 832 26; 833 27; 835 27; 836 28; 844 28; 846 26; 846 25; 849 22; 850 22; 853 19; 853 10; 851 8; 851 7; 850 6; 850 5; 849 4; 849 0
5; 950 4; 949 5; 948 5; 947 6; 946 6; 945 7; 944 7; 943 8; 941 8; 940 9; 938 9; 937 10; 936 10; 934 12; 934 22; 935 23; 935 24; 936 25; 936 27; 938 29; 946 29; 947 28; 948 28; 949 27; 950 27; 952 25; 956 25; 957 24; 961 24; 963 22; 963 12; 962 11; 962 9; 961 8; 961 6; 960 5; 960 4
6; 411 15; 409 17; 409 27; 408 28; 408 41; 409 42; 409 43; 426 43; 426 42; 427 41; 427 16; 426 15
7; 334 0; 334 5; 333 6; 333 8; 344 8; 345 9; 345 33; 347 35; 349 35; 350 36; 361 36; 363 34; 368 34; 368 22; 367 22; 366 21; 366 18; 365 17; 365 13; 364 12; 364 9; 360 5; 347 5; 346 4; 346 0
8; 984 11; 981 14; 981 15; 979 17; 979 18; 978 19; 978 20; 975 23; 975 24; 973 26; 973 34; 977 38; 978 38; 979 39; 980 39; 981 40; 991 40; 992 39; 994 39; 995 38; 995 32; 998 29; 998 28; 999 27; 999 18; 997 16; 996 16; 995 15; 995 14; 992 11
9; 369 22; 369 34; 370 35; 370 42; 386 42; 387 43; 396 43; 397 42; 397 41; 399 39; 399 28; 398 27; 398 26; 396 24; 395 24; 394 23; 390 23; 389 22
10; 509 24; 505 28; 505 36; 506 37; 506 38; 507 39; 507 40; 510 43; 511 43; 512 44; 513 44; 514 45; 517 45; 518 46; 519 46; 520 47; 522 47; 523 48; 533 48; 533 45; 534 44; 534 39; 535 38; 535 30; 534 29; 532 29; 531 28; 527 28; 526 27; 524 27; 523 26; 521 26; 520 25; 518 25; 517 24
11; 701 23; 700 24; 699 24; 698 25; 696 25; 695 26; 694 26; 693 27; 691 27; 690 28; 687 28; 686 29; 685 29; 685 37; 686 38; 686 39; 687 40; 687 47; 688 48; 696 48; 697 47; 699 47; 700 46; 701 46; 702 45; 703 45; 705 43; 706 43; 707 42; 709 42; 710 41; 712 41; 713 40; 713 31; 712 30; 712 29; 711 28; 711 25; 709 23
12; 221 28; 221 29; 220 30; 220 32; 219 33; 219 43; 222 46; 225 46; 226 47; 234 47; 235 48; 236 48; 237 49; 245 49; 246 48; 246 44; 247 43; 247 31; 246 31; 245 30; 234 30; 233 29; 231 29; 230 28
13; 89 56; 107 74; 107 75; 116 75; 118 73; 119 73; 123 69; 123 61; 111 49; 110 49; 102 41
14; 102 41; 102 40; 99 37; 99 36; 96 33; 96 32; 94 30; 94 29; 90 25; 82 25; 77 30; 76 30; 75 31; 75 39; 80 44; 81 44; 82 45; 82 46; 84 48; 84 49; 85 50; 85 52; 86 53; 86 54; 88 56; 89 56
15; 562 38; 561 39; 549 39; 548 40; 547 40; 544 43; 544 51; 545 52; 545 53; 546 54; 546 55; 547 56; 547 57; 548 58; 548 59; 549 60; 558 60; 559 59; 561 59; 562 58; 564 58; 565 57; 567 57; 568 56; 574 56; 575 55; 575 47; 574 46; 574 44; 573 43; 573 38
16; 1005 37; 1004 38; 1003 38; 1002 39; 995 39; 994 40; 992 40; 991 41; 988 41; 988 51; 989 52; 989 54; 990 55; 990 56; 991 57; 991 58; 993 60; 993 61; 994 62; 1003 62; 1004 61; 1005 61; 1006 60; 1007 60; 1010 57; 1011 57; 1013 55; 1015 55; 1016 54; 1023 54; 1023 42; 1018 42; 1017 41; 1016 41; 1015 40; 1015 39; 1014 38; 1014 37
17; 769 37; 768 38; 765 38; 765 50; 766 51; 766 52; 767 53; 767 54; 768 55; 768 57; 769 58; 769 61; 770 62; 770 63; 773 66; 782 66; 783 65; 784 65; 786 63; 787 63; 788 62; 788 52; 787 51; 787 50; 785 48; 785 47; 784 46; 784 45; 783 44; 783 41; 782 40; 782 38; 781 37
18; 898 58; 883 62; 883 76; 911 74
19; 911 74; 915 77; 924 77; 943 72; 944 59; 939 52; 930 52; 928 50; 898 58
20; 928 50; 928 36; 923 31; 919 30; 899 35; 897 37; 898 58
21; 919 30; 919 24; 925 22; 922 0; 914 0; 913 4; 896 11; 895 21; 899 28; 899 35
22; 356 45; 354 47; 353 47; 352 48; 352 49; 351 50; 351 59; 353 61; 353 62; 355 64; 355 65; 356 66; 356 67; 358 69; 358 72; 359 73; 359 74; 360 75; 368 75; 369 74; 370 74; 372 72; 373 72; 374 71; 375 71; 376 70; 376 62; 375 61; 375 60; 374 59; 374 57; 373 56; 373 55; 368 50; 368 45
23; 165 49; 164 50; 163 50; 162 51; 161 51; 159 53; 157 53; 156 54; 155 54; 154 55; 153 55; 152 56; 151 56; 150 57; 150 66; 151 67; 151 68; 153 70; 153 71; 154 72; 154 73; 164 73; 165 72; 166 72; 167 71; 168 71; 169 70; 170 70; 172 68; 173 68; 175 66; 177 66; 180 63; 180 54; 179 53; 179 52; 177 50; 176 50; 175 49
24; 323 101; 318 108; 303 118; 303 127; 307 132; 315 132; 332 123; 332 116; 336 111
25; 336 111; 351 109; 357 106; 355 93; 352 90; 340 89; 323 91; 323 101
26; 339 68; 340 52; 333 46; 323 47; 309 66
27; 309 66; 309 85; 317 86; 323 91; 340 89; 340 83; 343 79; 343 70; 339 68
28; 726 63; 725 64; 718 64; 717 65; 715 65; 714 66; 714 82; 716 84; 718 84; 719 85; 732 85; 733 84; 735 84; 736 83; 739 83; 740 82; 742 82; 743 81; 744 81; 745 80; 745 71; 744 70; 744 69; 743 68; 743 65; 741 63
29; 563 70; 561 72; 561 73; 559 75; 559 76; 558 77; 558 78; 557 79; 557 80; 556 81; 556 82; 555 83; 555 85; 554 86; 554 88; 553 89; 553 97; 558 102; 559 102; 560 103; 569 103; 572 100; 572 99; 573 98; 573 96; 574 95; 574 94; 575 93; 575 91; 577 89; 577 88; 578 87; 578 86; 579 85; 579 84; 580 83; 580 75; 579 75; 577 73; 576 73; 574 71; 573 71; 572 70
30; 291 70; 290 71; 288 71; 287 72; 284 72; 283 73; 282 73; 282 84; 283 85; 283 87; 284 88; 284 89; 285 90; 285 91; 286 92; 286 93; 289 96; 289 97; 290 98; 290 99; 299 99; 300 98; 301 98; 302 97; 304 97; 305 96; 306 96; 307 95; 307 86; 308 85; 308 73; 302 73; 299 70
31; 240 70; 235 75; 235 83; 243 91; 244 91; 246 93; 246 95; 250 95; 251 96; 259 96; 260 95; 261 95; 263 93; 264 93; 265 92; 265 81; 261 77; 260 77; 258 75; 257 75; 256 74; 255 74; 254 73; 253 73; 251 71; 250 71; 249 70
32; 447 71; 446 72; 446 73; 444 75; 444 76; 443 77; 443 85; 445 87; 445 94; 449 98; 464 98; 470 92; 470 83; 469 83; 466 80; 465 80; 457 72; 456 72; 455 71
33; 669 69; 668 70; 668 74; 667 75; 667 77; 666 78; 666 80; 665 81; 665 82; 664 83; 664 84; 663 85; 663 95; 665 97; 666 97; 667 98; 668 98; 669 99; 670 99; 671 100; 679 100; 682 97; 682 96; 683 95; 683 91; 684 90; 684 88; 686 86; 686 72; 685 71; 681 71; 680 70; 679 70; 678 69
34; 778 89; 778 90; 777 91; 777 92; 776 93; 776 94; 775 95; 775 96; 774 97; 774 98; 773 99; 773 100; 772 101; 772 102; 771 103; 771 104; 770 105; 770 114; 774 118; 784 118; 785 117; 785 116; 788 113; 788 112; 790 110; 790 109; 795 104; 795 93; 794 92; 794 91; 793 90; 792 90; 791 89
35; 847 90; 846 91; 846 108; 849 111; 872 111; 873 110; 874 110; 877 107; 877 97; 876 96; 876 93; 875 92; 874 92; 873 91; 858 91; 857 90
36; 602 99; 601 100; 601 101; 600 102; 600 110; 599 111; 599 112; 598 113; 598 114; 596 116; 596 126; 597 126; 598 127; 599 127; 600 128; 610 128; 612 126; 612 125; 614 123; 614 122; 615 121; 615 120; 616 119; 616 118; 617 117; 617 115; 618 114; 618 113; 619 112; 619 104; 616 101; 615 101; 614 100; 611 100; 610 99
37; 233 100; 232 101; 231 101; 227 105; 227 113; 231 117; 231 118; 233 120; 233 121; 234 122; 234 123; 236 125; 236 126; 237 127; 246 127; 248 125; 249 125; 250 124; 251 124; 252 123; 252 114; 248 110; 248 109; 247 108; 247 107; 246 106; 246 105; 243 102; 243 100
38; 46 102; 44 104; 44 105; 41 108; 41 109; 39 111; 39 112; 37 114; 37 115; 35 117; 35 118; 34 119; 34 127; 37 130; 38 130; 39 131; 50 131; 50 130; 52 128; 52 127; 56 123; 56 122; 58 120; 58 119; 59 118; 59 117; 60 116; 60 107; 56 103; 55 103; 54 102
39; 85 103; 84 104; 83 104; 78 109; 77 109; 71 115; 71 123; 77 129; 85 129; 90 124; 91 124; 94 121; 95 121; 96 120; 96 119; 99 116; 99 108; 94 103
40; 419 102; 403 102; 402 103; 401 103; 400 104; 399 104; 398 105; 396 105; 395 106; 394 106; 393 107; 392 107; 390 109; 389 109; 389 119; 390 120; 390 121; 391 122; 391 123; 392 124; 392 125; 395 128; 401 128; 402 127; 408 127; 408 122; 409 121; 410 121; 411 120; 412 120; 414 118; 415 118; 418 115; 419 115; 421 113
41; 421 113; 435 113; 436 114; 447 114; 447 113; 448 112; 448 111; 449 110; 449 99; 444 94; 422 94; 421 95; 421 97; 420 98; 420 101; 419 102
42; 205 106; 204 107; 203 107; 202 108; 197 108; 196 109; 196 125; 195 126; 195 135; 197 137; 212 137; 214 135; 214 123; 215 122; 215 121; 216 120; 216 110; 215 109; 215 108; 213 106
43; 166 109; 165 110; 165 111; 164 112; 164 121; 165 122; 165 137; 166 138; 168 138; 169 139; 172 139; 173 140; 182 140; 184 138; 184 111; 183 110; 181 110; 180 109
44; 526 111; 525 112; 524 112; 520 116; 519 116; 517 118; 516 118; 513 121; 512 121; 512 131; 513 132; 513 133; 515 135; 515 136; 524 136; 525 135; 526 135; 527 134; 528 134; 529 133; 530 133; 533 130; 534 130; 536 128; 537 128; 538 127; 539 127; 539 119; 538 118; 538 117; 537 116; 537 115; 534 112; 534 111
45; 893 106; 890 109; 890 110; 888 112; 888 113; 885 116; 885 117; 884 118; 884 119; 882 121; 882 122; 881 123; 881 132; 882 132; 884 134; 885 134; 888 137; 896 137; 897 136; 897 135; 898 134; 898 133; 900 131; 900 130; 901 129; 901 128; 903 126; 903 125; 904 124; 904 123; 905 122; 905 111; 904 110; 904 108; 903 107; 903 106
46; 815 117; 814 118; 813 118; 812 119; 808 119; 807 120; 805 120; 804 121; 800 121; 799 122; 799 131; 800 132; 800 134; 801 135; 801 138; 802 139; 802 140; 803 141; 807 141; 808 142; 808 144; 812 144; 813 143; 817 143; 817 139; 818 138; 820 138; 822 136; 824 136; 825 135; 826 135; 827 134; 827 125; 826 124; 826 122; 825 121; 825 117
47; 100 129; 98 131; 98 142; 124 142; 125 141; 125 133; 124 132; 122 132; 121 131; 115 131; 114 130; 109 130; 108 129
48; 483 129; 482 130; 481 130; 479 132; 478 132; 477 133; 476 133; 474 135; 473 135; 471 137; 470 137; 467 140; 467 149; 468 150; 476 150; 478 148; 479 148; 481 146; 482 146; 483 145; 484 145; 485 144; 487 144; 488 143; 490 143; 491 142; 492 142; 495 139; 495 131; 493 129
49; 402 128; 401 129; 395 129; 395 136; 394 137; 394 145; 395 145; 396 146; 397 146; 398 147; 400 147; 401 148; 403 148; 404 149; 408 149; 409 150; 411 150; 412 151; 421 151; 422 150; 422 149; 423 148; 423 145; 424 144; 424 134; 423 133; 421 133; 420 132; 418 132; 417 131; 414 131; 413 130; 412 130; 411 129; 409 129; 408 128
50; 986 123; 986 124; 985 125; 985 127; 984 128; 984 130; 983 131; 983 134; 982 135; 982 138; 981 139; 981 149; 983 151; 984 151; 985 152; 988 152; 989 153; 1000 153; 1000 152; 1001 151; 1001 150; 1002 149; 1002 148; 1003 147; 1003 144; 1004 143; 1004 127; 1003 126; 1003 125; 1002 124; 1001 124; 1000 123
51; 661 122; 661 123; 660 124; 660 126; 659 127; 659 128; 657 130; 657 131; 656 132; 656 133; 655 134; 655 135; 654 136; 654 138; 653 139; 653 147; 654 148; 655 148; 656 149; 656 150; 657 151; 657 155; 658 156; 658 154; 659 153; 668 153; 669 154; 670 153; 670 152; 672 150; 672 149; 674 147; 674 146; 675 145; 675 143; 678 140; 676 138; 676 126; 674 124; 673 124; 672 123; 670 123; 669 122
52; 589 144; 588 145; 587 145; 585 147; 585 148; 583 150; 583 159; 589 165; 590 165; 599 174; 609 174; 610 175; 611 174; 611 168; 612 167; 612 159; 608 155; 607 155; 604 152; 604 151; 602 149; 602 148; 600 146; 599 146; 597 144
53; 813 144; 812 145; 808 145; 808 149; 803 154; 803 155; 802 156; 802 157; 801 158; 801 159; 800 160; 800 161; 798 163; 798 171; 808 171; 809 170; 809 169; 812 166; 813 166; 814 165; 815 165; 816 164; 817 164; 818 163; 819 163; 822 160; 822 159; 824 157; 824 147; 823 147; 822 146; 818 146; 817 145; 817 144
54; 678 141; 676 143; 676 145; 675 146; 675 147; 673 149; 673 150; 671 152; 671 153; 670 154; 670 156; 671 157; 671 158; 672 159; 672 160; 673 160; 674 161; 678 161; 679 162; 680 162; 681 163; 682 163; 686 167; 687 167; 688 168; 689 168; 690 169; 698 169; 700 167; 700 165; 701 164; 701 163; 702 162; 702 161; 703 160; 703 152; 702 152; 701 151; 700 151; 698 149; 697 149; 696 148; 694 148; 693 147; 692 147; 691 146; 689 146; 688 145; 687 145; 686 144; 685 144; 684 143; 683 143; 682 142; 680 142; 679 141
55; 320 153; 318 155; 318 157; 317 158; 317 168; 316 169; 316 170; 315 171; 315 172; 314 173; 314 181; 315 182; 318 182; 319 183; 322 183; 323 184; 332 184; 333 183; 333 181; 334 180; 334 176; 335 175; 335 174; 336 173; 336 171; 337 170; 337 169; 338 168; 338 156; 337 156; 334 153
56; 512 145; 508 149; 507 149; 506 150; 505 150; 505 158; 509 162; 509 163; 510 164; 510 165; 511 166; 511 167; 512 168; 512 169; 516 173; 526 173; 531 168; 531 159; 530 158; 530 157; 527 154; 527 153; 526 152; 526 151; 525 150; 525 149; 524 148; 524 147; 522 145
57; 874 154; 871 157; 870 157; 869 158; 868 158; 867 159; 865 159; 864 160; 863 160; 862 161; 861 161; 858 164; 858 173; 859 174; 859 175; 860 176; 860 177; 861 178; 861 179; 862 180; 871 180; 872 179; 874 179; 875 178; 876 178; 878 176; 879 176; 880 175; 881 175; 882 174; 884 174; 885 173; 887 173; 889 171; 889 161; 888 160; 888 159; 883 154
58; 613 160; 613 167; 612 168; 612 174; 611 175; 611 177; 613 179; 613 180; 618 185; 618 189; 622 189; 624 191; 632 191; 633 190; 634 190; 636 188; 637 188; 639 186; 639 179; 638 178; 638 171; 633 171; 632 170; 632 169; 629 166; 629 165; 626 162; 625 162; 624 161; 615 161; 614 160
59; 657 156; 657 157; 656 158; 646 158; 645 159; 643 159; 642 160; 641 160; 640 161; 640 170; 639 171; 639 178; 640 179; 640 186; 645 186; 647 188; 648 188; 649 189; 657 189; 658 188; 659 188; 663 184; 664 184; 665 183; 665 174; 664 173; 664 172; 663 171; 663 170; 661 168; 661 166; 660 165; 660 163; 659 162; 659 161; 658 160; 658 157
60; 218 165; 217 166; 216 166; 214 168; 213 168; 211 170; 208 170; 208 179; 209 180; 209 189; 212 189; 214 191; 214 192; 216 194; 216 195; 218 197; 228 197; 229 196; 231 196; 232 195; 233 195; 234 194; 235 194; 236 193; 236 183; 234 181; 234 180; 233 179; 233 176; 232 175; 232 173; 231 172; 231 170; 230 169; 230 168; 228 166; 227 166; 226 165
61; 189 162; 188 163; 187 163; 186 164; 185 164; 184 165; 182 165; 181 166; 181 175; 182 176; 182 178; 183 179; 183 180; 184 181; 184 182; 186 184; 186 185; 187 186; 187 190; 188 191; 188 193; 201 193; 202 192; 203 192; 206 189; 208 189; 208 180; 207 179; 207 170; 203 170; 201 168; 201 167; 200 166; 200 165; 199 164; 199 163; 198 162
62; 94 197; 94 201; 99 210; 100 214; 108 214; 117 210; 126 209; 126 193; 124 193; 119 186
63; 119 186; 119 180; 116 177; 114 169; 112 167; 104 167; 98 170; 91 171; 86 174; 86 185; 88 192; 94 197
64; 760 174; 754 180; 754 188; 757 191; 758 191; 760 193; 761 193; 765 197; 766 197; 768 199; 769 199; 770 200; 770 203; 780 203; 780 200; 781 199; 782 199; 783 198; 783 197; 784 196; 784 186; 783 185; 782 185; 775 178; 774 178; 770 174
65; 132 191; 132 192; 131 193; 127 193; 127 209; 129 209; 130 210; 133 210; 134 211; 138 211; 139 212; 141 212; 142 213; 158 213; 158 212; 159 211; 159 207; 160 206; 160 204; 161 203; 161 194; 158 194; 157 193; 145 193; 144 192; 142 192; 141 191
66; 362 192; 360 194; 360 195; 357 198; 357 207; 359 209; 359 210; 363 214; 363 215; 365 217; 365 218; 368 221; 368 222; 378 222; 383 217; 383 208; 381 206; 381 205; 378 202; 378 201; 372 195; 372 194; 370 192
67; 396 192; 394 194; 394 203; 393 204; 393 209; 392 210; 392 211; 391 212; 391 220; 392 221; 393 221; 394 222; 409 222; 411 220; 411 210; 412 209; 412 207; 413 206; 413 195; 412 195; 410 193; 408 193; 407 192
68; 882 198; 881 199; 879 199; 878 200; 876 200; 875 201; 871 201; 870 202; 867 202; 867 214; 868 215; 868 220; 869 221; 869 222; 877 222; 878 221; 880 221; 881 220; 885 220; 886 219; 888 219; 889 218; 890 218; 891 217; 892 217; 894 215; 895 215; 897 213; 897 205; 896 204; 896 203; 895 202; 895 200; 894 199; 894 198
69; 742 200; 741 201; 740 201; 738 203; 737 203; 736 204; 735 204; 734 205; 734 214; 735 215; 735 216; 736 217; 736 219; 737 220; 737 221; 740 224; 740 225; 741 226; 741 227; 742 228; 742 229; 743 230; 743 231; 751 231; 752 230; 754 230; 755 229; 756 229; 757 228; 760 228; 760 214; 758 214; 755 211; 755 210; 754 209; 754 207; 753 206; 753 203; 752 202; 752 201; 751 200
70; 770 204; 770 207; 769 208; 768 208; 766 210; 766 211; 765 212; 765 213; 764 214; 761 214; 761 228; 765 228; 766 229; 766 230; 767 231; 767 234; 768 235; 769 235; 770 236; 775 236; 776 237; 784 237; 786 235; 786 217; 785 216; 785 211; 784 210; 784 209; 782 207; 781 207; 780 206; 780 204
71; 329 209; 328 210; 326 210; 325 211; 324 211; 323 212; 322 212; 321 213; 321 224; 322 225; 322 227; 323 228; 323 229; 324 230; 324 231; 325 232; 325 234; 326 235; 326 238; 327 239; 336 239; 337 238; 340 238; 341 237; 342 237; 343 236; 344 236; 344 226; 343 225; 343 223; 342 222; 342 221; 341 220; 341 218; 340 217; 340 215; 339 214; 339 213; 338 212; 338 211; 337 210; 337 209
72; 709 212; 708 213; 706 213; 705 214; 703 214; 702 215; 697 215; 696 216; 695 216; 695 229; 697 231; 697 232; 700 235; 709 235; 710 234; 712 234; 713 233; 715 233; 716 232; 718 232; 719 231; 722 231; 723 230; 724 230; 725 229; 725 221; 724 220; 724 214; 723 213; 723 212
73; 563 230; 545 243; 545 251; 552 259; 560 259; 578 242
74; 578 242; 582 215; 576 208; 561 201; 552 201; 550 217; 556 222; 562 223; 563 230
75; 605 238; 623 238; 637 234; 637 223; 634 217; 613 217
76; 613 217; 613 211; 616 209; 615 193; 599 195; 589 204; 588 215
77; 588 215; 582 215; 578 242; 598 245; 605 238; 613 217
78; 662 214; 661 215; 661 216; 660 217; 660 218; 659 219; 659 221; 658 222; 658 223; 656 225; 656 226; 655 227; 655 228; 654 229; 654 241; 655 241; 656 242; 657 242; 658 243; 659 243; 660 244; 661 244; 662 245; 673 245; 673 244; 674 243; 674 239; 675 238; 675 236; 676 235; 676 233; 677 232; 677 230; 678 229; 678 219; 677 218; 677 217; 676 217; 674 215; 673 215; 672 214
79; 967 223; 966 224; 966 225; 965 226; 965 228; 964 229; 964 230; 962 232; 962 240; 963 241; 964 241; 965 242; 966 242; 967 243; 968 243; 969 244; 970 244; 975 249; 977 249; 978 250; 979 250; 980 251; 988 251; 988 250; 990 248; 990 247; 993 244; 993 235; 991 233; 990 233; 989 232; 988 232; 987 231; 986 231; 982 227; 981 227; 979 225; 978 225; 977 224; 976 224; 975 223
80; 127 231; 126 232; 125 232; 122 235; 121 235; 119 237; 119 245; 122 248; 122 249; 124 251; 124 252; 126 254; 126 255; 127 256; 127 257; 129 259; 129 260; 139 260; 140 259; 141 259; 143 257; 144 257; 146 255; 146 247; 145 246; 145 245; 142 242; 142 241; 141 240; 141 239; 139 237; 139 236; 137 234; 137 233; 135 231
81; 294 235; 287 242; 287 250; 288 250; 294 256; 295 256; 299 260; 300 260; 303 263; 311 263; 313 261; 313 260; 317 256; 317 248; 316 248; 307 239; 307 238; 306 238; 304 236; 303 236; 302 235
82; 435 237; 434 238; 431 238; 430 239; 429 239; 429 251; 430 252; 430 254; 431 255; 431 257; 432 258; 432 263; 434 265; 445 265; 446 264; 450 264; 451 263; 451 251; 450 250; 450 248; 449 247; 449 245; 448 244; 448 240; 447 239; 447 238; 446 237
83; 362 248; 361 249; 357 249; 356 250; 353 250; 351 252; 351 263; 352 264; 352 266; 353 267; 353 268; 354 269; 354 270; 355 271; 366 271; 367 270; 370 270; 371 269; 376 269; 377 268; 380 268; 382 266; 382 250; 380 248
84; 772 255; 771 256; 769 256; 768 257; 767 257; 766 258; 765 258; 764 259; 763 259; 762 260; 758 260; 757 261; 756 261; 755 262; 755 273; 756 274; 756 275; 757 276; 757 277; 758 278; 758 279; 759 280; 767 280; 768 279; 769 279; 770 278; 772 278; 773 277; 780 277; 781 276; 783 276; 784 275; 785 275; 787 273; 787 265; 786 264; 786 263; 785 262; 785 260; 784 259; 784 258; 783 257; 783 256; 782 255
85; 934 253; 933 254; 932 254; 930 256; 929 256; 929 268; 930 269; 930 278; 931 279; 931 280; 932 281; 932 282; 934 284; 946 284; 947 283; 949 283; 950 282; 952 282; 954 280; 954 271; 953 270; 953 267; 952 266; 952 261; 951 260; 951 258; 950 257; 950 256; 947 253
86; 616 261; 615 262; 611 262; 610 263; 605 263; 604 264; 602 264; 601 265; 600 265; 599 266; 599 275; 600 276; 600 279; 601 280; 601 281; 602 282; 602 284; 614 284; 615 283; 616 283; 617 282; 618 282; 619 281; 620 281; 621 280; 625 280; 626 279; 628 279; 630 277; 630 269; 629 268; 629 265; 628 264; 628 263; 626 261
87; 516 271; 515 272; 514 272; 513 273; 512 273; 510 275; 509 275; 508 276; 506 276; 506 286; 509 286; 510 287; 510 288; 512 290; 512 291; 514 293; 514 294; 515 295; 515 296; 516 297; 516 299; 517 300; 526 300; 527 299; 528 299; 529 298; 531 298; 532 297; 533 297; 534 296; 535 296; 535 288; 534 287; 534 286; 533 285; 533 284; 532 283; 532 282; 531 281; 531 279; 530 278; 530 276; 529 275; 529 274; 526 271
88; 484 266; 483 267; 482 267; 481 268; 480 268; 478 270; 478 278; 479 279; 479 280; 480 281; 480 282; 481 283; 481 289; 482 290; 482 292; 484 294; 484 295; 494 295; 495 294; 498 294; 499 293; 500 293; 501 292; 502 292; 502 287; 503 286; 505 286; 505 276; 501 276; 500 275; 500 274; 499 273; 499 272; 498 271; 498 269; 497 268; 497 267; 496 266
89; 665 276; 664 277; 663 277; 661 279; 660 279; 658 281; 657 281; 655 283; 654 283; 653 284; 652 284; 650 286; 649 286; 649 295; 650 296; 650 297; 651 298; 651 299; 655 303; 663 303; 667 299; 668 299; 670 297; 671 297; 672 296; 673 296; 675 294; 676 294; 679 291; 679 283; 673 277; 673 276
90; 708 280; 705 283; 705 296; 706 297; 706 298; 708 300; 709 300; 710 301; 734 301; 734 300; 735 299; 735 283; 733 281; 732 281; 731 280
91; 200 288; 199 289; 198 289; 195 292; 195 293; 189 299; 188 299; 186 301; 185 301; 184 302; 184 312; 189 312; 193 316; 193 317; 201 317; 203 315; 204 315; 215 304; 215 293; 214 292; 214 291; 212 289; 211 289; 210 288
92; 581 284; 579 286; 579 287; 576 290; 576 300; 578 302; 579 302; 587 310; 588 310; 589 311; 598 311; 605 304; 605 295; 604 295; 602 293; 601 293; 599 291; 599 289; 595 289; 592 286; 591 286; 589 284
93; 68 291; 67 292; 67 293; 66 294; 66 302; 67 303; 67 306; 68 307; 68 309; 70 311; 82 311; 83 312; 89 312; 89 308; 90 307; 92 307; 93 306; 95 306; 96 305; 97 305; 97 295; 96 294; 96 293; 94 291
94; 348 293; 346 295; 346 297; 345 298; 345 299; 344 300; 344 301; 342 303; 342 304; 341 305; 341 306; 339 308; 339 319; 340 319; 341 320; 343 320; 344 321; 347 321; 348 322; 357 322; 358 321; 358 320; 359 319; 359 318; 360 317; 360 316; 363 313; 363 312; 364 311; 364 310; 365 309; 365 297; 364 297; 363 296; 362 296; 361 295; 359 295; 358 294; 357 294; 356 293
95; 161 290; 159 292; 158 292; 156 294; 155 294; 154 295; 154 303; 156 305; 156 306; 157 307; 157 308; 158 309; 158 310; 159 311; 159 313; 160 314; 160 315; 161 316; 161 318; 162 319; 162 320; 163 321; 174 321; 176 319; 176 318; 178 316; 179 316; 183 312; 183 302; 177 302; 176 301; 176 300; 174 298; 174 297; 173 296; 173 295; 171 293; 171 292; 169 290
96; 624 304; 623 305; 622 305; 622 306; 621 307; 621 310; 620 311; 620 319; 619 320; 619 323; 618 324; 618 332; 619 332; 620 333; 622 333; 623 334; 625 334; 626 335; 627 335; 628 336; 636 336; 638 334; 638 333; 639 332; 639 328; 640 327; 640 321; 641 320; 641 318; 642 317; 642 307; 641 307; 640 306; 638 306; 637 305; 635 305; 634 304
97; 686 314; 685 315; 685 316; 684 317; 683 317; 675 325; 674 325; 673 326; 673 327; 672 328; 672 336; 675 339; 675 340; 677 342; 678 342; 679 343; 687 343; 694 336; 695 336; 696 335; 697 335; 702 330; 702 322; 698 318; 698 317; 695 314
98; 83 313; 83 318; 82 319; 81 319; 80 320; 79 320; 77 322; 76 322; 74 324; 73 324; 71 326; 71 334; 72 335; 72 336; 73 337; 73 338; 74 339; 74 340; 77 343; 77 346; 86 346; 86 343; 90 339; 91 339; 92 338; 93 338; 94 337; 95 337; 97 335; 98 335; 101 332; 102 332; 102 324; 100 322; 100 321; 98 319; 98 318; 97 317; 97 316; 96 315; 90 315; 89 314; 89 313
99; 565 313; 564 314; 561 314; 560 315; 558 315; 556 317; 556 332; 557 333; 557 343; 559 345; 567 345; 568 344; 577 344; 578 343; 578 326; 577 325; 577 321; 576 320; 576 317; 575 316; 575 315; 573 313
100; 492 344; 491 345; 486 345; 485 346; 484 346; 482 348; 482 358; 484 360; 484 361; 485 362; 485 363; 487 365; 500 365; 501 364; 509 364; 510 363; 512 363; 514 361; 514 347; 513 346; 513 345; 512 344
101; 867 342; 866 343; 866 344; 865 345; 865 361; 867 363; 870 363; 871 364; 874 364; 875 365; 877 365; 878 366; 882 366; 883 367; 892 367; 893 366; 893 365; 894 364; 894 360; 895 359; 895 349; 894 348; 893 348; 892 347; 891 347; 890 346; 887 346; 886 345; 884 345; 883 344; 881 344; 880 343; 877 343; 876 342
102; 77 347; 77 349; 76 350; 73 350; 72 351; 62 351; 61 352; 60 352; 58 354; 58 362; 59 363; 59 369; 61 371; 74 371; 75 370; 82 370; 83 369; 88 369; 89 368; 89 356; 88 355; 88 353; 87 352; 87 351; 86 350; 86 347
103; 546 352; 545 353; 544 353; 541 356; 540 356; 538 358; 537 358; 536 359; 535 359; 534 360; 533 360; 532 361; 531 361; 530 362; 530 370; 532 372; 532 373; 533 374; 533 375; 535 377; 547 377; 547 376; 548 375; 549 375; 552 372; 553 372; 554 371; 555 371; 556 370; 558 370; 559 369; 560 369; 560 368; 561 367; 561 359; 560 358; 560 357; 556 353; 556 352
104; 383 354; 382 355; 382 356; 381 357; 381 372; 395 372; 396 373; 408 373; 409 372; 409 371; 410 370; 410 369; 411 368; 411 359; 410 358; 410 357; 408 355; 392 355; 391 354
105; 325 350; 324 351; 323 351; 322 352; 321 352; 320 353; 319 353; 318 354; 318 363; 319 364; 319 365; 320 366; 320 367; 321 368; 321 371; 322 372; 322 373; 323 374; 323 375; 324 376; 324 377; 325 378; 325 379; 326 380; 326 385; 342 385; 342 383; 344 381; 344 370; 343 369; 343 368; 342 367; 342 366; 341 365; 341 364; 340 363; 340 362; 338 360; 338 359; 337 358; 337 357; 336 356; 336 355; 335 354; 335 353; 334 352; 334 351; 333 350
106; 248 355; 247 356; 247 357; 246 358; 246 364; 245 365; 245 376; 244 377; 243 377; 243 380; 244 381; 244 384; 263 384; 265 382; 265 369; 266 368; 266 358; 264 356; 263 356; 262 355
107; 785 378; 790 383; 790 385; 794 389; 796 389; 797 390; 805 390; 806 389; 807 389; 812 384; 812 383; 818 377; 818 376; 819 375; 819 366; 818 366; 816 364; 815 364; 812 361; 811 361; 809 359; 808 359; 807 358; 806 358
108; 806 358; 805 357; 804 357; 799 352; 799 351; 793 345; 785 345; 783 347; 783 348; 781 350; 781 351; 780 352; 780 353; 778 355; 778 356; 773 361; 773 369; 776 372; 777 372; 782 377; 783 377; 784 378; 785 378
109; 698 360; 697 361; 695 361; 694 362; 694 370; 695 371; 695 375; 696 376; 696 386; 697 387; 697 388; 698 388; 699 389; 709 389; 710 388; 711 388; 712 387; 714 387; 715 386; 716 386; 716 373; 715 372; 715 368; 714 367; 714 363; 713 362; 713 360
110; 225 368; 224 369; 221 369; 220 370; 219 370; 216 373; 216 383; 217 384; 217 387; 218 388; 218 390; 220 392; 220 393; 221 394; 221 395; 223 397; 235 397; 236 396; 237 396; 238 395; 239 395; 241 393; 241 385; 242 384; 243 384; 243 381; 242 380; 242 377; 238 377; 237 376; 237 375; 236 374; 236 373; 235 372; 235 371; 233 369; 233 368
111; 602 393; 602 397; 603 398; 603 404; 604 405; 619 405; 620 404; 626 404; 627 403; 628 403; 631 400; 631 399; 632 398; 632 389; 630 387
112; 630 387; 630 372; 629 371; 628 371; 627 370; 623 370; 622 369; 603 369; 601 371; 601 392; 602 393
113; 373 382; 372 383; 371 383; 370 384; 370 385; 369 386; 369 397; 371 399; 371 400; 372 401; 395 401; 396 400; 397 400; 399 398; 399 383; 398 382
114; 904 382; 900 386; 899 386; 898 387; 897 387; 896 388; 895 388; 895 396; 896 397; 896 398; 903 405; 903 406; 905 408; 905 409; 906 410; 906 411; 907 412; 907 413; 908 414; 917 414; 920 411; 920 410; 922 408; 922 398; 921 397; 921 396; 919 394; 919 393; 918 392; 918 391; 917 390; 917 389; 916 388; 916 387; 912 383; 912 382
115; 326 386; 325 387; 324 387; 323 388; 323 398; 324 399; 324 402; 325 403; 325 406; 327 408; 335 408; 336 407; 337 407; 338 406; 342 406; 343 405; 345 405; 346 404; 347 404; 347 396; 342 391; 342 386
116; 441 386; 439 388; 439 389; 436 392; 436 400; 445 409; 446 409; 449 412; 450 412; 451 413; 459 413; 463 409; 463 408; 465 406; 465 398; 464 397; 463 397; 460 394; 459 394; 455 390; 454 390; 451 387; 450 387; 449 386
117; 551 383; 551 384; 550 385; 550 386; 542 394; 542 395; 537 400; 537 408; 538 408; 539 409; 540 409; 541 410; 543 410; 544 411; 545 411; 546 412; 554 412; 556 410; 556 409; 560 405; 560 404; 562 402; 562 401; 566 397; 566 388; 565 388; 563 386; 562 386; 559 383
118; 845 392; 844 393; 843 393; 843 394; 842 395; 842 399; 841 400; 841 411; 842 412; 843 412; 844 413; 870 413; 870 412; 871 411; 871 404; 872 403; 872 395; 870 393; 867 393; 866 392
119; 100 394; 99 395; 98 395; 97 396; 96 396; 94 398; 90 398; 90 416; 95 416; 98 419; 98 420; 99 421; 99 422; 100 423; 100 426; 112 426; 112 423; 113 422; 114 422; 115 421; 116 421; 117 420; 119 420; 119 409; 117 409; 116 408; 116 407; 112 403; 112 402; 111 401; 111 397; 110 396; 110 395; 109 394
120; 77 398; 76 399; 75 399; 74 400; 72 400; 71 401; 70 401; 69 402; 68 402; 67 403; 66 403; 65 404; 63 404; 62 405; 61 405; 60 406; 59 406; 58 407; 58 419; 59 420; 59 421; 61 423; 62 423; 63 424; 72 424; 73 423; 74 423; 75 422; 76 422; 77 421; 78 421; 79 420; 80 420; 82 418; 84 418; 85 417; 87 417; 88 416; 89 416; 89 398
121; 128 402; 125 405; 125 406; 124 407; 124 408; 123 409; 120 409; 120 420; 123 420; 124 421; 124 426; 125 427; 125 428; 126 429; 126 430; 127 431; 128 431; 129 432; 142 432; 145 429; 145 423; 146 422; 146 405; 144 403; 137 403; 136 402
122; 203 415; 201 417; 201 429; 203 431; 203 433; 204 434; 204 443; 205 444; 205 445; 206 446; 216 446; 218 444; 218 432; 217 431; 217 418; 215 416; 214 416; 213 415
123; 781 411; 780 412; 779 412; 778 413; 776 413; 775 414; 774 414; 773 415; 771 415; 770 416; 767 416; 766 417; 765 417; 764 418; 764 427; 765 428; 765 430; 766 431; 766 433; 767 434; 767 435; 768 436; 776 436; 777 435; 778 435; 779 434; 780 434; 781 433; 782 433; 783 432; 785 432; 786 431; 787 431; 789 429; 790 429; 791 428; 793 428; 795 426; 795 415; 793 413; 792 413; 790 411
124; 399 417; 398 418; 398 419; 397 420; 397 427; 396 428; 396 433; 395 434; 395 441; 394 442; 392 442; 392 443; 393 444; 393 445; 414 445; 414 437; 415 436; 415 433; 416 432; 416 430; 417 429; 417 428; 418 427; 418 419; 417 419; 416 418; 411 418; 410 417
125; 514 419; 513 420; 509 420; 508 421; 506 421; 505 422; 503 422; 502 423; 501 423; 500 424; 499 424; 498 425; 498 433; 499 434; 499 435; 500 436; 500 437; 502 439; 502 440; 503 441; 513 441; 514 440; 516 440; 517 439; 522 439; 523 438; 525 438; 526 437; 527 437; 528 436; 528 425; 527 424; 527 422; 526 421; 526 420; 525 419
126; 619 422; 618 423; 617 423; 616 424; 615 424; 613 426; 613 435; 614 436; 614 437; 616 439; 616 440; 617 441; 617 442; 618 443; 618 444; 619 445; 619 447; 620 448; 620 449; 621 450; 621 451; 622 451; 623 452; 634 452; 635 451; 635 450; 636 449; 636 437; 635 436; 635 435; 634 434; 634 433; 633 432; 633 430; 632 429; 632 428; 631 427; 631 426; 630 425; 630 424; 628 422
127; 178 422; 175 425; 175 426; 173 428; 173 429; 171 431; 171 432; 169 434; 169 435; 167 437; 167 446; 168 447; 169 447; 173 451; 182 451; 183 450; 183 449; 186 446; 186 445; 188 443; 188 442; 189 441; 189 440; 191 438; 191 437; 193 435; 193 427; 190 424; 189 424; 187 422
128; 372 428; 371 429; 370 429; 367 432; 367 440; 368 441; 368 449; 369 450; 369 454; 370 455; 370 456; 371 457; 371 458; 385 458; 388 455; 388 454; 389 453; 389 446; 390 445; 392 445; 392 444; 391 443; 391 442; 388 442; 387 441; 387 432; 384 429; 383 429; 382 428
129; 904 441; 903 442; 902 442; 901 443; 899 443; 898 444; 894 444; 893 445; 890 445; 889 446; 888 446; 888 458; 889 459; 889 460; 890 461; 890 462; 892 464; 902 464; 903 463; 906 463; 907 462; 910 462; 911 461; 912 461; 913 460; 914 460; 915 459; 916 459; 917 458; 918 458; 918 457; 919 456; 919 446; 915 442; 915 441
130; 810 438; 809 439; 804 439; 803 440; 800 440; 799 441; 797 441; 796 442; 796 464; 797 465; 797 466; 798 467; 799 467; 800 468; 801 468; 802 469; 814 469; 815 468; 817 468; 818 467; 822 467; 823 466; 828 466; 828 450; 827 449; 827 447; 826 446; 826 444; 825 443; 825 442; 824 441; 824 440; 823 439; 822 439; 821 438
131; 314 452; 313 453; 310 453; 307 456; 307 457; 306 458; 306 465; 307 466; 307 473; 319 473; 320 474; 333 474; 335 472; 335 467; 336 466; 336 456; 335 455
132; 335 455; 335 442; 336 441; 336 437; 337 436; 337 425; 335 423; 334 423; 333 422; 330 422; 329 421; 320 421; 319 422; 319 423; 318 424; 318 430; 317 431; 317 432; 316 433; 316 434; 315 435; 315 436; 314 437; 314 452
133; 679 452; 678 453; 677 453; 677 454; 676 455; 676 457; 675 458; 675 468; 676 469; 676 470; 677 470; 678 471; 704 471; 705 470; 705 455; 704 454; 704 453; 703 453; 702 452
134; 92 456; 92 477; 93 478; 93 479; 110 479; 111 478; 114 478; 115 477; 118 477; 119 476; 120 476; 121 475; 121 465; 120 464; 120 461; 119 460; 119 459; 118 458; 118 457; 112 457; 111 456
135; 111 456; 111 450; 112 449; 113 449; 115 447; 116 447; 117 446; 118 446; 118 438; 115 435; 115 434; 114 433; 114 432; 112 430; 112 427; 100 427; 100 430; 96 434; 95 434; 93 436; 92 436; 91 437; 90 437; 88 439; 88 450; 89 451; 89 452; 91 454; 91 455; 92 456
136; 243 465; 238 468; 221 473; 221 488; 224 491; 233 491; 240 488; 247 488; 254 483
137; 252 446; 243 435; 235 435; 232 441; 232 449; 243 459
138; 254 483; 272 483; 275 480; 275 473; 278 472; 278 456; 266 452
139; 266 452; 261 452; 252 446; 243 459; 243 465; 254 483
140; 285 454; 283 456; 279 456; 279 472; 282 472; 283 473; 283 482; 284 483; 284 485; 294 485; 295 484; 302 484; 303 483; 304 483; 304 474; 305 473; 306 473; 306 466; 305 465; 305 458; 300 458; 299 457; 298 457; 297 456; 296 456; 294 454
141; 777 463; 776 464; 775 464; 774 465; 773 465; 771 467; 770 467; 769 468; 765 468; 764 469; 762 469; 761 470; 760 470; 760 478; 761 479; 761 484; 762 485; 762 486; 763 487; 772 487; 773 486; 776 486; 777 485; 778 485; 779 484; 781 484; 782 483; 786 483; 787 482; 789 482; 790 481; 790 472; 789 471; 789 466; 788 465; 788 464; 787 463
142; 837 468; 836 469; 833 469; 833 482; 834 483; 834 486; 835 487; 835 488; 836 489; 853 489; 854 488; 860 488; 861 487; 862 487; 863 486; 863 472; 860 469; 846 469; 845 468
143; 164 470; 162 472; 162 473; 161 474; 161 475; 160 476; 160 488; 161 488; 162 489; 163 489; 164 490; 167 490; 168 491; 171 491; 172 492; 174 492; 175 493; 188 493; 189 492; 189 491; 190 490; 190 474; 188 474; 187 473; 179 473; 178 472; 177 472; 176 471; 175 471; 174 470
144; 431 474; 430 475; 422 475; 421 476; 418 476; 417 477; 416 477; 415 478; 415 492; 416 493; 416 494; 418 496; 428 496; 429 495; 432 495; 433 494; 439 494; 440 493; 443 493; 444 492; 444 482; 443 481; 443 477; 442 476; 442 475; 441 474
145; 496 477; 490 483; 490 492; 491 493; 491 495; 492 496; 492 498; 493 499; 493 501; 494 502; 494 504; 495 505; 495 506; 496 507; 496 508; 505 508; 506 507; 507 507; 508 506; 509 506; 510 505; 511 505; 512 504; 513 504; 513 493; 512 492; 512 490; 511 489; 511 486; 510 485; 510 484; 509 483; 509 482; 508 481; 508 480; 506 478; 505 478; 504 477
146; 881 474; 879 476; 878 476; 877 477; 876 477; 875 478; 875 489; 876 490; 876 492; 877 493; 877 497; 878 498; 878 500; 879 501; 879 502; 881 504; 896 504; 900 500; 900 492; 898 490; 898 489; 895 486; 895 484; 894 483; 894 482; 893 481; 893 480; 892 479; 892 477; 889 474
147; 49 494; 49 495; 48 496; 48 500; 47 501; 47 513; 49 515; 52 515; 53 516; 56 516; 57 517; 58 517; 59 518; 62 518; 63 519; 65 519; 66 520; 75 520; 76 519; 76 517; 77 516; 77 515; 80 512; 80 503; 76 499; 71 499; 70 498; 67 498; 66 497; 64 497; 63 496; 61 496; 60 495; 59 495; 58 494
148; 371 494; 370 495; 369 495; 368 496; 367 496; 366 497; 364 497; 363 498; 363 517; 364 518; 364 524; 366 526; 380 526; 381 525; 382 525; 383 524; 383 507; 382 506; 382 499; 381 498; 381 496; 379 494
149; 541 499; 538 502; 538 503; 537 504; 537 515; 538 516; 539 516; 540 517; 541 517; 542 518; 543 518; 544 519; 544 525; 550 525; 551 526; 560 526; 561 525; 562 525; 564 523; 564 522; 565 521; 565 520; 567 518; 567 508; 566 507; 565 507; 564 506; 563 506; 561 504; 560 504; 558 502; 557 502; 556 501; 555 501; 554 500; 553 500; 552 499
150; 686 504; 685 505; 683 505; 682 506; 682 530; 683 531; 683 532; 685 534; 700 534; 701 533; 701 519; 702 518; 702 506; 700 504
151; 406 506; 405 507; 405 520; 406 521; 406 526; 407 527; 407 532; 408 533; 418 533; 419 532; 426 532; 427 531; 427 520; 426 519; 426 518; 422 514; 422 513; 420 511; 420 510; 416 506
152; 229 505; 228 506; 226 506; 224 508; 224 518; 225 519; 225 531; 226 532; 226 533; 227 534; 228 534; 229 535; 246 535; 246 519; 245 518; 245 510; 244 509; 244 508; 242 506; 241 506; 240 505
153; 269 538; 270 539; 275 539; 276 540; 278 540; 281 543; 281 544; 282 545; 282 546; 283 547; 300 547; 302 545; 302 539; 303 538; 303 530; 302 529; 302 521; 300 519; 262 519
154; 262 519; 261 518; 253 518; 252 519; 247 519; 247 535; 249 535; 250 536; 251 536; 252 537; 260 537; 261 538; 269 538
155; 188 524; 187 525; 185 525; 183 527; 183 551; 184 552; 184 553; 185 554; 186 554; 187 555; 200 555; 201 554; 201 553; 202 552; 202 542; 203 541; 203 538; 204 537; 204 527; 203 526; 201 526; 200 525; 199 525; 198 524
156; 319 524; 316 527; 315 527; 312 530; 312 538; 319 545; 319 546; 321 548; 321 549; 322 550; 322 551; 324 553; 333 553; 337 549; 337 540; 336 539; 336 538; 333 535; 333 534; 332 533; 332 532; 331 531; 331 530; 330 529; 330 527; 329 526; 329 525; 328 524
157; 543 526; 542 527; 539 527; 538 528; 532 528; 531 529; 530 529; 528 531; 527 531; 525 533; 525 542; 526 543; 526 544; 528 546; 528 547; 529 548; 537 548; 538 549; 538 550; 552 550; 552 545; 554 543; 555 543; 556 542; 556 541; 557 540; 557 527; 551 527; 550 526
158; 50 529; 50 530; 49 531; 49 545; 53 549; 55 549; 56 550; 63 550; 64 551; 75 551; 76 550; 76 548; 77 547; 77 546; 79 544; 79 536; 77 534; 76 534; 75 533; 73 533; 72 532; 69 532; 68 531; 64 531; 63 530; 60 530; 59 529
159; 637 532; 636 533; 635 533; 633 535; 632 535; 629 538; 628 538; 625 541; 625 551; 626 552; 626 553; 627 554; 627 556; 628 557; 628 558; 636 558; 640 554; 641 554; 642 553; 643 553; 644 552; 645 552; 646 551; 647 551; 651 547; 651 539; 648 536; 648 535; 647 534; 647 533; 646 532
160; 572 538; 572 539; 571 540; 571 549; 573 551; 574 551; 576 553; 585 553; 585 545; 584 544; 584 541; 582 539; 581 539; 580 538
161; 949 533; 947 535; 947 538; 946 539; 946 552; 947 553; 949 553; 950 554; 952 554; 953 555; 955 555; 956 556; 958 556; 959 557; 972 557; 973 556; 973 554; 974 553; 974 549; 975 548; 975 538; 974 538; 973 537; 964 537; 963 536; 961 536; 959 534; 958 534; 957 533
162; 497 536; 495 538; 494 538; 492 540; 490 540; 489 541; 488 541; 483 546; 483 555; 484 556; 484 557; 485 558; 485 559; 486 560; 486 561; 496 561; 497 560; 506 560; 508 558; 508 551; 509 550; 509 541; 508 540; 508 539; 507 538; 507 537; 506 536
163; 425 541; 423 543; 423 545; 422 546; 422 559; 423 560; 427 560; 428 561; 432 561; 433 562; 449 562; 451 560; 451 549; 450 548; 450 547; 448 545; 446 545; 445 544; 442 544; 441 543; 439 543; 438 542; 436 542; 435 541
164; 810 545; 809 546; 809 547; 807 549; 807 550; 806 551; 806 560; 808 562; 809 562; 810 563; 811 563; 812 564; 814 564; 815 565; 816 565; 817 566; 819 566; 820 567; 820 568; 832 568; 834 566; 834 565; 835 564; 835 562; 836 561; 839 561; 839 551; 836 551; 834 549; 832 549; 831 548; 829 548; 828 547; 824 547; 823 546; 821 546; 820 545
165; 849 542; 848 543; 846 543; 845 544; 845 545; 844 546; 844 550; 843 551; 840 551; 840 561; 842 561; 843 562; 843 570; 844 571; 852 571; 854 573; 854 574; 862 574; 862 569; 863 568; 863 553; 862 552; 862 546; 861 545; 861 544; 859 542
166; 534 563; 525 563; 516 559; 508 559; 504 561; 504 576; 516 578; 523 581; 531 581; 535 571
167; 535 571; 541 571; 548 580; 553 581; 560 576; 562 576; 565 572; 552 551; 538 551; 538 555; 534 563
168; 137 550; 136 551; 135 551; 134 552; 131 552; 130 553; 129 553; 128 554; 128 562; 130 564; 130 565; 132 567; 132 568; 133 569; 133 571; 134 572; 134 573; 135 574; 135 575; 136 576; 136 577; 137 578; 147 578; 148 577; 150 577; 151 576; 153 576; 154 575; 154 566; 153 565; 153 564; 152 563; 152 562; 150 560; 150 559; 149 558; 149 557; 148 556; 148 555; 147 554; 147 553; 145 551; 145 550
169; 104 558; 103 559; 100 559; 99 560; 98 560; 98 572; 99 573; 99 575; 100 576; 100 578; 101 579; 101 585; 102 586; 102 587; 103 588; 113 588; 114 587; 118 587; 119 586; 120 586; 120 567; 118 565; 118 563; 117 562; 117 561; 114 558
170; 301 559; 299 561; 299 562; 298 563; 298 575; 299 576; 302 576; 303 577; 306 577; 307 578; 309 578; 311 580; 312 580; 313 581; 326 581; 328 579; 328 566; 327 565; 327 564; 326 564; 325 563; 324 563; 323 562; 321 562; 320 561; 317 561; 316 560; 312 560; 311 559
171; 251 568; 251 585; 252 586; 252 589; 264 589; 265 588; 266 588; 267 587; 272 587; 273 586; 274 586; 275 585; 276 585; 277 584; 278 584; 281 581; 281 572; 280 571; 280 570; 278 568; 278 567; 274 563; 268 563; 265 560
172; 265 560; 265 555; 263 553; 263 551; 262 550; 262 548; 261 547; 260 547; 259 546; 255 546; 254 545; 237 545; 236 546; 235 546; 234 547; 234 561; 236 563; 237 563; 238 564; 246 564; 247 565; 248 565; 251 568
173; 565 574; 562 577; 560 577; 557 580; 556 580; 555 581; 555 588; 556 589; 556 591; 557 592; 557 593; 560 596; 570 596; 571 595; 573 595; 574 594; 576 594; 577 593; 578 593; 579 592; 583 592; 584 591; 585 591; 586 590; 586 582; 585 581; 585 577; 584 576; 584 575; 583 574
174; 808 574; 807 575; 802 575; 801 576; 796 576; 795 577; 792 577; 791 578; 790 578; 789 579; 789 580; 788 581; 788 592; 792 596; 800 596; 801 595; 802 595; 803 594; 808 594; 809 593; 820 593; 820 589; 819 588; 819 583; 818 582; 818 578; 817 577; 817 574
175; 854 575; 854 579; 852 581; 852 583; 851 584; 849 584; 849 590; 852 590; 853 591; 853 593; 854 594; 854 598; 855 599; 855 601; 856 602; 856 604; 859 607; 870 607; 871 606; 874 606; 874 595; 873 594; 873 592; 872 591; 872 581; 871 580; 871 579; 869 577; 863 577; 862 576; 862 575
176; 1006 576; 1005 577; 1003 577; 1002 578; 998 578; 997 579; 993 579; 991 581; 991 596; 994 599; 1007 599; 1008 598; 1010 598; 1011 597; 1023 597; 1023 576
177; 429 611; 430 612; 430 623; 434 627; 434 628; 442 628; 442 625; 443 624; 443 623; 445 621; 445 620; 448 617; 454 617; 454 613; 455 612; 455 603; 454 602; 454 601; 452 599; 443 599; 443 600; 442 601; 436 601
178; 436 601; 435 600; 435 582; 434 581; 434 580; 433 579; 420 579; 419 580; 418 580; 416 582; 416 583; 415 584; 415 606; 416 607; 417 607; 418 608; 420 608; 421 609; 423 609; 424 610; 426 610; 427 611; 429 611
179; 230 572; 229 573; 228 573; 227 574; 226 574; 223 577; 223 585; 225 587; 225 588; 228 591; 228 593; 229 594; 229 595; 230 596; 230 597; 234 601; 242 601; 243 600; 245 600; 246 599; 247 599; 248 598; 249 598; 250 597; 250 590; 251 589; 251 586; 250 585; 250 582; 244 582; 243 581; 243 579; 242 578; 242 573; 241 572
180; 829 582; 827 584; 827 588; 826 589; 821 589; 821 593; 822 594; 822 607; 823 608; 823 609; 824 610; 825 610; 826 611; 839 611; 841 609; 841 608; 842 607; 842 606; 843 605; 843 601; 844 600; 844 594; 845 593; 845 591; 846 590; 848 590; 848 584; 844 584; 843 583; 841 583; 840 582
181; 487 608; 487 616; 486 617; 486 629; 488 631; 491 631; 492 632; 496 632; 497 633; 500 633; 501 634; 514 634; 516 632; 516 631; 517 630; 517 629; 518 628; 518 620; 517 619; 517 617; 515 615; 514 615; 513 614; 510 614; 509 613
182; 509 613; 509 606; 510 605; 510 591; 509 590; 508 590; 507 589; 504 589; 503 588; 500 588; 499 587; 484 587; 483 588; 482 588; 480 590; 480 607; 486 607; 487 608
183; 69 587; 69 588; 67 590; 67 591; 66 592; 66 601; 79 614; 88 614; 89 613; 90 613; 91 612; 92 612; 93 611; 93 610; 95 608; 95 600; 91 596; 90 596; 85 591; 84 591; 82 589; 81 589; 80 588; 79 588; 78 587
184; 333 593; 332 594; 329 594; 328 595; 327 595; 327 605; 328 606; 328 609; 329 610; 329 619; 330 620; 344 620; 345 619; 348 619; 349 618; 350 618; 350 608; 349 607; 349 605; 348 604; 348 602; 347 601; 347 597; 346 596; 346 595; 344 593
185; 463 607; 462 608; 456 608; 456 612; 455 613; 455 634; 454 635; 453 635; 454 636; 463 636; 464 637; 473 637; 474 638; 474 639; 474 628; 475 627; 475 623; 476 622; 476 608; 473 608; 472 607
186; 126 608; 125 609; 124 609; 122 611; 122 626; 123 627; 123 632; 127 632; 128 633; 132 633; 132 632; 135 629; 148 629; 149 630; 151 630; 152 631; 152 623; 153 622; 153 615; 154 614; 154 612; 151 609; 143 609; 142 608
187; 641 604; 638 607; 638 608; 636 610; 636 619; 637 619; 639 621; 640 621; 646 627; 646 632; 650 632; 651 631; 659 631; 662 628; 662 627; 663 626; 663 625; 665 623; 665 615; 664 615; 662 613; 661 613; 654 606; 653 606; 651 604
188; 154 615; 154 622; 153 623; 153 631; 155 633; 156 633; 157 634; 159 634; 160 635; 163 635; 164 636; 168 636; 169 637; 172 637; 173 638; 181 638; 183 636; 187 636; 187 624; 186 623; 185 623; 184 622; 183 622; 182 621; 180 621; 179 620; 178 620; 176 618; 175 618; 174 617; 171 617; 170 616; 169 616; 168 615
189; 271 618; 267 618; 266 619; 256 619; 254 621; 254 639; 255 640; 255 644; 256 645; 256 646; 257 647; 266 647; 267 646; 273 646; 274 645; 275 645; 276 644; 276 642; 277 641; 277 639; 280 636
190; 280 636; 288 636; 289 635; 294 635; 295 634; 296 634; 297 633; 297 611; 296 610; 296 608; 294 606; 280 606; 279 607; 278 607; 277 608; 277 609; 276 610; 276 613; 275 614; 275 615; 273 617; 272 617; 271 618
191; 197 623; 196 624; 188 624; 188 636; 189 636; 190 637; 190 638; 194 642; 194 643; 196 645; 196 646; 198 648; 198 649; 200 651; 209 651; 211 649; 212 649; 213 648; 214 648; 215 647; 215 638; 214 637; 214 636; 213 635; 213 634; 212 633; 212 632; 209 629; 209 627; 208 626; 208 624; 207 623
192; 16 628; 14 630; 13 630; 11 632; 10 632; 8 634; 8 643; 9 643; 11 645; 12 645; 14 647; 15 647; 16 648; 17 648; 18 649; 19 649; 22 652; 22 653; 23 654; 32 654; 33 653; 33 645; 32 644; 32 643; 29 640; 29 639; 28 638; 28 636; 27 635; 27 633; 26 632; 26 631; 25 630; 25 629; 24 628
193; 334 632; 331 635; 331 636; 330 637; 330 638; 329 639; 329 643; 328 644; 328 645; 327 646; 327 648; 326 649; 326 650; 325 651; 325 654; 324 655; 324 659; 323 660; 323 661; 329 661; 330 662; 335 662; 336 663; 337 663; 338 662; 339 662; 341 660; 341 659; 342 658; 342 657; 343 656; 343 655; 346 652; 346 651; 347 650; 347 649; 348 648; 348 647; 350 645; 350 637; 346 633; 345 633; 344 632
194; 646 633; 645 634; 633 634; 632 635; 632 636; 631 637; 631 639; 630 640; 630 646; 629 647; 629 648; 628 649; 628 650; 627 651; 627 663; 641 663; 642 664; 643 664; 646 661; 646 656; 647 655; 647 652; 648 651; 648 649; 649 648; 649 647; 650 646; 650 633
195; 123 633; 123 634; 122 635; 121 635; 120 636; 112 636; 111 637; 109 637; 108 638; 107 638; 106 639; 105 639; 105 647; 102 650; 102 658; 114 658; 115 657; 118 657; 119 656; 121 656; 122 655; 125 655; 126 654; 131 654; 132 653; 133 653; 134 652; 134 643; 133 642; 133 641; 132 640; 132 634; 128 634; 127 633
196; 893 661; 902 676; 910 676; 914 673; 921 671; 928 667; 927 648; 926 649; 915 648
197; 915 648; 908 633; 906 631; 895 632; 881 642; 882 661; 883 660; 893 661
198; 941 638; 939 640; 938 640; 936 642; 935 642; 932 645; 931 645; 928 648; 928 657; 929 658; 929 667; 930 666; 937 666; 938 665; 940 665; 942 663; 943 663; 944 662; 945 662; 953 654; 954 654; 955 653; 956 653; 956 644; 952 640; 952 639; 951 638
199; 872 643; 871 644; 870 644; 868 646; 867 646; 865 648; 863 648; 862 649; 861 649; 854 656; 854 664; 856 666; 856 667; 859 670; 867 670; 868 669; 869 669; 871 667; 872 667; 874 665; 875 665; 878 662; 879 662; 880 661; 881 661; 881 652; 880 651; 880 643
200; 76 647; 75 648; 74 648; 74 658; 76 660; 76 661; 78 663; 78 664; 79 665; 79 668; 80 669; 80 670; 82 672; 92 672; 93 671; 95 671; 96 670; 97 670; 98 669; 99 669; 99 659; 100 658; 101 658; 101 650; 96 650; 95 649; 92 649; 91 648; 88 648; 87 647
201; 239 656; 238 657; 237 657; 235 659; 234 659; 233 660; 233 661; 231 663; 231 664; 228 667; 227 667; 225 669; 225 677; 229 681; 230 681; 231 682; 240 682; 244 678; 244 677; 249 672; 250 672; 252 670; 252 662; 248 658; 248 657; 247 656
202; 449 701; 449 720; 463 723; 467 718; 475 716; 475 701; 468 696; 455 696
203; 455 696; 455 685; 441 674; 427 678; 425 697; 449 701
204; 480 662; 503 659; 502 644; 499 641; 474 640; 474 655; 467 656
205; 450 650; 452 635; 444 633; 442 629; 434 629; 425 648; 425 657; 441 663
206; 465 683; 480 690; 488 690; 493 684; 493 675; 481 669; 480 662; 467 656
207; 467 656; 462 651; 450 650; 441 663; 441 674; 455 685; 465 683
208; 504 657; 504 659; 505 659; 506 660; 506 667; 505 668; 505 671; 504 672; 504 682; 505 683; 506 683; 507 684; 508 684; 509 685; 521 685; 521 684; 522 683; 522 681; 523 680; 523 678; 524 677; 524 676; 525 675; 525 673; 526 672; 526 660; 525 660; 524 659; 523 659; 522 658; 521 658; 520 657
209; 779 658; 778 659; 777 659; 776 660; 773 660; 772 661; 771 661; 771 674; 772 675; 772 678; 773 679; 773 681; 774 682; 774 683; 776 685; 776 688; 792 688; 792 686; 793 685; 793 675; 792 674; 792 670; 791 669; 791 666; 790 665; 790 664; 789 663; 789 661; 788 660; 788 659; 787 658
210; 322 662; 320 664; 319 664; 317 666; 316 666; 314 668; 314 676; 318 680; 319 680; 327 688; 335 688; 337 686; 337 685; 339 683; 340 683; 340 675; 335 670; 335 663; 330 663; 329 662
211; 400 664; 399 665; 398 665; 396 667; 396 676; 397 677; 397 680; 398 681; 398 684; 399 685; 399 692; 400 693; 411 693; 412 694; 412 696; 412 692; 413 691; 414 691; 415 690; 416 690; 416 679; 415 678; 415 671; 414 670; 414 666; 412 664
212; 624 664; 621 667; 621 668; 620 669; 620 671; 619 672; 619 673; 618 674; 618 684; 621 684; 622 685; 623 685; 624 686; 626 686; 627 687; 628 687; 629 688; 632 688; 633 689; 634 689; 635 690; 644 690; 648 686; 648 677; 647 676; 647 675; 646 675; 644 673; 643 673; 641 671; 641 664
213; 573 668; 572 669; 572 670; 571 671; 571 683; 572 683; 573 684; 574 684; 576 686; 577 686; 578 687; 579 687; 580 688; 581 688; 582 689; 584 689; 585 690; 595 690; 596 689; 596 688; 597 687; 597 686; 598 685; 598 684; 599 683; 599 673; 598 673; 597 672; 595 672; 594 671; 592 671; 591 670; 588 670; 587 669; 582 669; 581 668
214; 821 677; 821 678; 820 679; 820 680; 819 681; 819 682; 818 683; 818 685; 817 686; 817 687; 815 689; 815 690; 814 691; 813 691; 811 693; 811 701; 815 705; 816 705; 817 706; 829 706; 829 705; 831 703; 831 701; 832 700; 832 699; 833 698; 833 697; 834 696; 834 695; 837 692; 837 691; 838 690; 838 681; 836 681; 835 680; 834 680; 833 679; 832 679; 831 678; 830 678; 829 677
215; 703 680; 700 683; 700 684; 699 685; 699 696; 701 698; 703 698; 704 699; 709 699; 710 700; 712 700; 713 701; 716 701; 717 702; 725 702; 725 701; 726 700; 726 699; 727 698; 727 697; 728 696; 728 694; 729 693; 729 685; 728 685; 727 684; 721 684; 720 683; 717 683; 716 682; 714 682; 713 681; 712 681; 711 680
216; 171 683; 168 686; 167 686; 166 687; 165 687; 164 688; 162 688; 161 689; 159 689; 158 690; 157 690; 155 692; 154 692; 154 700; 158 704; 158 705; 160 707; 160 708; 170 708; 171 707; 172 707; 173 706; 174 706; 175 705; 177 705; 178 704; 179 704; 180 703; 181 703; 184 700; 185 700; 185 691; 182 688; 182 687; 180 685; 180 684; 179 683
217; 51 717; 55 737; 58 739; 67 738; 67 722; 69 719; 68 708; 55 706
218; 20 713; 25 720; 32 724; 40 724; 44 717; 51 717; 55 706; 46 695; 38 694
219; 38 694; 31 686; 24 682; 16 682; 11 689; 5 689; 5 693; 5 705; 20 713
220; 776 689; 776 692; 772 696; 771 696; 770 697; 769 697; 768 698; 767 698; 766 699; 765 699; 764 700; 764 709; 765 710; 765 711; 767 713; 768 713; 769 714; 779 714; 781 712; 782 712; 783 711; 784 711; 785 710; 786 710; 787 709; 790 709; 791 708; 792 708; 793 707; 794 707; 795 706; 795 697; 793 695; 793 694; 792 693; 792 689
221; 412 697; 412 700; 410 702; 410 703; 409 704; 409 706; 408 707; 408 715; 409 715; 411 717; 412 717; 414 719; 415 719; 421 725; 431 725; 434 722; 435 722; 436 721; 436 712; 435 711; 434 711; 427 704; 427 698; 425 698; 424 699; 413 699; 412 698
222; 316 703; 314 705; 313 705; 312 706; 311 706; 310 707; 309 707; 309 715; 311 717; 311 718; 312 719; 312 720; 313 721; 313 722; 315 724; 315 725; 316 726; 316 727; 318 729; 318 730; 320 732; 329 732; 330 731; 330 730; 333 727; 333 719; 331 717; 331 716; 328 713; 328 710; 327 709; 327 707; 326 706; 326 705; 324 703
223; 571 703; 570 704; 570 705; 569 706; 569 707; 568 708; 568 709; 566 711; 566 712; 565 713; 565 714; 561 718; 561 727; 564 730; 565 730; 566 731; 574 731; 579 726; 579 725; 586 718; 586 717; 587 716; 587 708; 586 708; 585 707; 584 707; 582 705; 581 705; 579 703
224; 107 706; 106 707; 104 707; 102 709; 102 723; 103 724; 103 732; 104 733; 104 735; 105 736; 120 736; 122 734; 122 708; 120 706
225; 916 709; 915 710; 915 716; 914 717; 914 725; 917 728; 918 728; 919 729; 927 729; 928 730; 943 730; 944 729; 944 728; 945 727; 945 714; 944 713; 944 712; 943 712; 942 711; 935 711; 934 710; 930 710; 929 709
226; 845 714; 845 715; 841 719; 840 719; 838 721; 838 729; 840 731; 840 732; 845 737; 845 738; 846 739; 846 740; 847 741; 847 742; 849 744; 857 744; 860 741; 861 741; 863 739; 864 739; 864 730; 862 728; 862 727; 860 725; 860 724; 858 722; 858 721; 857 720; 857 719; 855 717; 855 716; 853 714
227; 476 716; 474 718; 474 730; 475 731; 477 731; 479 733; 480 733; 486 739; 487 739; 488 740; 498 740; 500 738; 500 737; 501 736; 501 727; 498 724; 497 724; 495 722; 494 722; 491 719; 490 719; 487 716
228; 804 713; 800 717; 799 717; 799 725; 800 726; 800 734; 801 735; 801 736; 802 737; 802 738; 803 739; 803 741; 806 744; 814 744; 815 743; 818 743; 819 742; 821 742; 822 741; 823 741; 823 731; 822 730; 822 729; 820 727; 820 725; 819 724; 819 722; 818 721; 818 717; 817 716; 817 715; 816 714; 815 714; 814 713
229; 739 722; 738 723; 738 724; 737 725; 737 726; 736 727; 736 738; 737 738; 738 739; 740 739; 741 740; 742 740; 743 741; 744 741; 745 742; 746 742; 747 743; 750 743; 751 744; 753 744; 754 745; 762 745; 763 744; 763 738; 764 737; 764 729; 762 727; 761 727; 760 726; 757 726; 756 725; 753 725; 751 723; 750 723; 749 722
230; 367 721; 366 722; 364 722; 362 724; 362 734; 363 735; 363 737; 364 738; 364 740; 365 741; 365 743; 366 744; 366 746; 367 747; 367 748; 368 749; 369 749; 370 750; 386 750; 386 737; 384 735; 384 734; 383 733; 383 731; 381 729; 381 728; 378 725; 378 724; 376 722; 376 721
231; 702 723; 700 725; 699 725; 697 727; 696 727; 693 730; 693 731; 692 732; 692 733; 693 734; 693 744; 694 745; 694 756; 695 756; 698 753; 712 753; 713 752; 714 752; 716 750; 717 750; 718 749; 719 749; 720 748; 720 739; 719 738; 719 737; 717 735; 717 734; 714 731; 714 730; 713 729; 713 728; 712 727; 712 726; 711 725; 711 724; 710 723
232; 634 743; 634 750; 638 761; 647 761; 659 757; 664 757; 665 742; 663 741; 660 736; 655 735; 653 733
233; 653 733; 652 727; 650 725; 648 719; 636 719; 621 723; 621 731; 623 734; 624 741; 632 741; 634 743
234; 690 734; 689 735; 688 735; 687 736; 683 736; 682 737; 681 737; 680 738; 678 738; 677 739; 675 739; 674 740; 673 740; 672 741; 671 741; 670 742; 666 742; 666 749; 665 750; 665 757; 666 758; 667 758; 670 761; 680 761; 681 762; 681 763; 685 763; 685 759; 686 758; 688 758; 689 757; 692 757; 693 756; 693 745; 692 744; 692 734
235; 923 742; 922 743; 920 743; 919 744; 918 744; 916 746; 915 746; 915 756; 917 758; 917 760; 918 761; 918 763; 919 764; 919 767; 920 768; 920 769; 921 770; 921 771; 922 772; 922 773; 932 773; 933 772; 934 772; 935 771; 936 771; 937 770; 940 770; 942 768; 942 760; 941 759; 941 758; 940 757; 940 756; 939 755; 939 754; 938 753; 938 750; 937 749; 937 747; 936 746; 936 745; 935 744; 935 743; 934 742
236; 401 749; 400 750; 395 750; 394 751; 384 751; 384 765; 385 766; 385 768; 386 769; 386 770; 387 771; 400 771; 401 770; 406 770; 407 769; 411 769; 412 768; 413 768; 416 765; 416 753; 412 749
237; 85 757; 80 762; 80 763; 79 764; 79 774; 78 775; 78 785; 79 786; 80 786; 81 787; 87 787; 88 788; 96 788; 98 786; 98 784; 99 783; 99 781; 100 780; 100 778; 101 777; 101 771; 102 770; 102 760; 100 758; 99 758; 98 757
238; 867 756; 866 757; 864 757; 863 758; 858 758; 857 759; 855 759; 854 760; 854 769; 855 770; 855 773; 856 774; 856 781; 857 782; 857 785; 860 788; 871 788; 872 787; 875 787; 876 786; 877 786; 879 784; 879 774; 878 773; 878 771; 877 770; 877 759; 876 758; 876 757; 875 756
239; 681 764; 681 772; 680 773; 680 778; 679 779; 679 781; 678 782; 678 783; 677 784; 677 793; 678 794; 678 799; 684 799; 685 800; 691 800; 691 799; 692 798; 693 798; 696 795; 696 793; 697 792; 697 789; 698 788; 698 787; 699 786; 699 784; 700 783; 700 781; 701 780; 701 770; 700 769; 699 769; 698 768; 696 768; 695 767; 692 767; 691 766; 686 766; 685 765; 685 764
240; 494 770; 493 771; 492 771; 487 776; 487 777; 480 784; 480 798; 479 799; 494 799; 496 797; 503 797; 506 794; 506 788; 508 786; 509 786; 509 778; 504 773; 504 772; 502 770
241; 225 804; 226 805; 226 810; 233 817; 241 817; 244 814; 244 813; 248 809; 249 809; 253 805; 253 796; 252 795; 252 794; 246 788; 239 788; 238 787; 237 787
242; 237 787; 232 782; 232 781; 228 777; 228 776; 227 775; 219 775; 217 777; 216 777; 212 781; 211 781; 207 785; 206 785; 204 787; 203 787; 202 788; 202 796; 203 797; 203 799; 205 801; 206 801; 207 802; 208 802; 209 803; 210 803; 211 804; 225 804
243; 542 783; 535 790; 535 791; 531 795; 531 796; 528 799; 528 804; 529 805; 529 810; 534 810; 536 812; 544 812; 550 806; 550 805; 556 799; 556 791; 554 789; 554 788; 552 786; 552 785; 550 783
244; 899 781; 897 783; 897 784; 896 785; 896 786; 895 787; 895 788; 893 790; 893 791; 888 796; 888 809; 887 810; 888 811; 894 811; 895 812; 906 812; 907 813; 907 814; 908 813; 908 807; 909 806; 909 805; 912 802; 912 801; 917 796; 917 788; 916 787; 915 787; 914 786; 913 786; 909 782; 908 782; 907 781
245; 1004 787; 1003 788; 1003 789; 1002 790; 1002 791; 999 794; 999 795; 995 799; 995 800; 994 801; 994 810; 996 812; 996 813; 997 814; 997 815; 998 816; 999 816; 1000 817; 1009 817; 1011 815; 1012 815; 1014 813; 1014 812; 1015 811; 1015 810; 1016 809; 1016 808; 1019 805; 1023 805; 1023 790; 1019 790; 1018 789; 1016 789; 1015 788; 1014 788; 1013 787
246; 506 795; 503 798; 503 810; 502 811; 501 811; 501 815; 506 815; 507 816; 507 817; 508 818; 508 821; 509 822; 509 824; 521 824; 522 823; 525 823; 526 822; 526 811; 527 810; 528 810; 528 805; 527 804; 527 799; 522 799; 521 798; 521 797; 519 795
247; 678 800; 677 801; 676 801; 675 802; 674 802; 672 804; 671 804; 669 806; 668 806; 666 808; 665 808; 664 809; 664 817; 666 819; 666 820; 668 822; 668 823; 669 824; 677 824; 678 823; 679 823; 682 820; 683 820; 684 819; 685 819; 687 817; 688 817; 689 816; 690 816; 691 815; 691 801; 685 801; 684 800
248; 863 800; 863 801; 861 803; 861 804; 857 808; 857 816; 858 816; 860 818; 861 818; 865 822; 866 822; 868 824; 869 824; 871 826; 872 826; 873 827; 881 827; 882 828; 884 828; 884 823; 885 822; 885 812; 886 811; 887 811; 886 810; 881 810; 880 809; 880 808; 874 802; 873 802; 871 800
249; 478 800; 474 804; 474 805; 472 807; 472 808; 471 809; 471 818; 472 818; 476 822; 477 822; 480 825; 481 825; 482 826; 483 826; 484 827; 493 827; 499 821; 499 816; 500 815; 500 811; 496 811; 492 807; 492 800
250; 960 803; 959 804; 953 804; 952 805; 949 805; 948 806; 946 806; 944 808; 944 820; 945 821; 945 822; 948 825; 961 825; 962 824; 973 824; 974 823; 974 809; 973 808; 973 807; 972 806; 972 804; 971 803
251; 750 809; 749 810; 749 811; 748 812; 748 834; 749 835; 749 836; 750 836; 751 837; 765 837; 767 835; 767 822; 768 821; 768 809
252; 330 815; 329 816; 329 818; 328 819; 328 822; 327 823; 327 824; 325 826; 325 827; 323 829; 323 838; 324 839; 324 840; 325 841; 325 843; 327 845; 337 845; 338 844; 341 844; 341 836; 342 835; 342 834; 345 831; 347 831; 347 817; 342 817; 341 816; 340 816; 339 815
253; 353 815; 351 817; 348 817; 348 831; 352 831; 353 832; 356 832; 357 833; 361 833; 362 834; 364 834; 365 835; 367 835; 368 836; 377 836; 377 835; 379 833; 379 831; 380 830; 381 830; 381 819; 380 818; 379 818; 378 817; 372 817; 371 816; 365 816; 364 815
254; 547 820; 546 821; 536 821; 535 822; 534 822; 533 823; 533 831; 534 832; 534 833; 536 835; 536 838; 537 839; 548 839; 549 838; 552 838; 553 837; 561 837; 563 835; 563 824; 562 823; 562 822; 560 820
255; 596 815; 594 817; 582 817; 581 818; 581 827; 582 828; 582 830; 583 831; 583 835; 584 836; 584 837; 586 839; 587 839; 591 843; 592 843; 593 844; 594 844; 595 845; 596 845; 597 846; 598 846; 599 847; 607 847; 610 844; 610 843; 611 842; 611 834; 613 832; 613 831; 614 830; 614 822; 610 818; 609 818; 607 816; 606 816; 605 815
256; 908 814; 907 815; 907 832; 906 833; 905 833; 905 845; 917 845; 918 844; 925 844; 928 841; 928 826; 927 825; 927 819; 926 818; 926 817; 924 815; 909 815
257; 974 824; 973 825; 973 831; 967 837; 967 838; 966 839; 966 848; 967 848; 972 853; 983 853; 983 851; 987 847; 988 847; 992 843; 992 842; 993 841; 993 831; 988 826; 987 826; 985 824
258; 28 825; 27 826; 26 826; 24 828; 23 828; 22 829; 20 829; 13 836; 13 845; 16 848; 16 849; 18 851; 27 851; 30 848; 31 848; 35 844; 36 844; 39 841; 40 841; 41 840; 41 830; 36 825
259; 688 830; 686 832; 685 832; 683 834; 682 834; 679 837; 678 837; 675 840; 674 840; 674 852; 673 853; 674 853; 676 855; 678 855; 679 856; 682 856; 684 858; 686 856; 687 856; 689 854; 690 854; 693 851; 694 851; 699 846; 700 846; 701 845; 703 845; 703 834; 701 832; 700 832; 699 831; 698 831; 697 830
260; 882 829; 882 840; 881 841; 881 844; 880 845; 880 850; 879 851; 879 859; 880 860; 882 860; 883 861; 897 861; 900 858; 900 851; 901 850; 901 846; 902 845; 904 845; 904 833; 900 833; 899 832; 898 832; 897 831; 896 831; 895 830; 885 830; 884 829
261; 391 829; 390 830; 389 830; 388 831; 387 831; 387 841; 391 845; 391 846; 392 847; 392 848; 394 850; 394 851; 395 852; 395 853; 399 857; 408 857; 411 854; 412 854; 413 853; 413 843; 411 841; 411 840; 407 836; 407 835; 406 834; 406 833; 402 829
262; 213 841; 212 842; 211 842; 208 845; 207 845; 204 848; 203 848; 201 850; 200 850; 199 851; 199 860; 202 863; 202 864; 205 867; 213 867; 214 866; 215 866; 216 865; 217 865; 224 858; 225 858; 227 856; 227 848; 226 847; 226 846; 221 841
263; 715 838; 714 839; 714 840; 712 842; 712 843; 711 844; 711 846; 710 847; 708 847; 708 852; 707 853; 707 862; 710 865; 711 865; 712 866; 724 866; 725 865; 725 864; 727 862; 727 861; 728 860; 728 858; 729 857; 729 856; 730 855; 730 853; 731 852; 731 851; 732 850; 732 841; 731 840; 730 840; 729 839; 725 839; 724 838
264; 338 845; 337 846; 334 846; 334 861; 335 862; 336 862; 337 863; 347 863; 347 862; 349 860; 355 860; 356 861; 356 874; 357 875; 357 879; 357 877; 358 876; 374 876; 375 875; 376 875; 376 856; 375 855; 375 850; 374 849; 374 848; 372 846; 362 846; 360 848; 358 848; 356 850; 355 850; 354 851; 348 851; 346 849; 346 848; 345 847; 344 847; 342 845
265; 671 854; 670 855; 668 855; 667 856; 666 856; 665 857; 664 857; 663 858; 662 858; 661 859; 658 859; 657 860; 655 860; 654 861; 652 861; 652 879; 654 879; 655 880; 663 880; 664 879; 665 879; 666 878; 675 878; 681 872; 685 872; 682 869; 682 860; 683 859; 683 858; 682 857; 679 857; 678 856; 676 856; 674 854
266; 53 858; 52 859; 51 859; 51 860; 50 861; 50 864; 49 865; 49 873; 48 874; 48 877; 47 878; 47 879; 45 881; 45 887; 46 888; 46 893; 59 893; 61 891; 62 891; 63 890; 64 890; 66 888; 66 885; 67 884; 67 882; 68 881; 68 879; 69 878; 69 874; 70 873; 70 862; 67 859; 66 859; 65 858
267; 984 858; 984 860; 978 866; 978 874; 979 875; 980 875; 981 876; 982 876; 992 886; 993 886; 994 887; 1009 887; 1009 885; 1008 884; 1008 872; 995 859; 994 859; 993 858
268; 625 860; 624 861; 622 861; 619 864; 619 878; 621 880; 621 884; 629 884; 629 882; 630 881; 644 881; 645 880; 647 880; 648 879; 651 879; 651 861; 648 861; 647 860
269; 306 858; 303 861; 303 862; 301 864; 301 873; 303 875; 303 876; 307 880; 307 881; 308 882; 308 887; 309 888; 310 887; 322 887; 326 883; 327 883; 328 882; 328 873; 320 865; 320 864; 319 863; 319 862; 317 860; 316 860; 314 858
270; 84 867; 84 868; 83 869; 83 870; 82 871; 82 874; 81 875; 81 885; 82 885; 83 886; 85 886; 86 887; 87 887; 88 888; 90 888; 91 889; 92 889; 93 890; 96 890; 97 891; 108 891; 109 890; 109 874; 106 874; 105 873; 104 873; 103 872; 102 872; 101 871; 100 871; 99 870; 98 870; 97 869; 95 869; 94 868; 93 868; 92 867
271; 423 865; 421 867; 421 869; 420 870; 420 872; 419 873; 419 876; 418 877; 418 881; 417 882; 417 891; 418 892; 419 892; 420 893; 422 893; 423 894; 434 894; 435 893; 435 891; 436 890; 436 887; 438 885; 438 883; 439 882; 439 880; 440 879; 440 869; 437 866; 436 866; 435 865
272; 681 873; 675 879; 675 890; 678 893; 679 893; 680 894; 680 899; 684 899; 685 900; 686 900; 688 902; 697 902; 698 901; 699 901; 700 900; 701 900; 702 899; 703 899; 704 898; 704 890; 696 882; 695 882; 686 873
273; 947 878; 946 879; 941 879; 940 880; 939 880; 939 888; 940 889; 940 900; 941 901; 941 903; 942 904; 942 906; 945 909; 956 909; 961 904; 962 904; 962 900; 961 899; 961 894; 960 893; 960 888; 959 887; 959 880; 958 879; 958 878
274; 44 881; 43 882; 27 882; 26 883; 25 883; 25 892; 24 893; 24 904; 23 905; 23 906; 22 907; 22 908; 23 908; 24 909; 29 909; 30 910; 33 910; 35 912; 36 912; 37 913; 39 913; 40 912; 42 912; 44 910; 44 900; 45 899; 45 888; 44 887
275; 357 880; 357 882; 356 883; 343 883; 343 884; 342 885; 342 886; 341 887; 341 889; 340 890; 340 893; 339 894; 339 896; 338 897; 338 899; 337 900; 337 901; 336 902; 336 910; 337 911; 338 911; 339 912; 340 912; 341 913; 342 913; 343 914; 345 914; 346 915; 354 915; 354 914; 355 913; 355 911; 356 910; 356 908; 357 907; 357 905; 358 904; 358 902; 359 901; 359 899; 360 898; 360 896; 361 895; 361 887; 357 883
276; 556 884; 551 889; 551 899; 553 901; 554 901; 557 904; 557 905; 558 906; 559 906; 563 910; 572 910; 576 906; 576 905; 577 904; 577 896; 576 896; 575 895; 574 895; 570 891; 570 890; 566 886; 566 885; 565 884
277; 208 881; 207 882; 207 884; 206 885; 206 888; 205 889; 205 897; 206 898; 207 898; 208 899; 209 899; 210 900; 211 900; 212 901; 213 901; 214 902; 216 902; 217 903; 219 903; 220 904; 221 904; 222 905; 231 905; 232 904; 233 904; 235 902; 235 890; 234 889; 234 888; 233 888; 232 887; 231 887; 230 886; 229 886; 228 885; 226 885; 225 884; 223 884; 222 883; 220 883; 219 882; 217 882; 216 881
278; 621 885; 621 886; 619 888; 618 888; 617 889; 616 889; 615 890; 614 890; 614 901; 615 902; 615 905; 616 906; 616 907; 617 908; 617 909; 618 910; 618 914; 619 915; 619 916; 620 917; 629 917; 631 915; 632 915; 634 913; 636 913; 637 912; 637 901; 636 900; 636 899; 635 898; 635 897; 633 895; 633 894; 630 891; 630 889; 629 888; 629 885
279; 308 888; 307 889; 295 889; 294 890; 293 890; 292 891; 291 891; 290 892; 290 900; 291 901; 291 907; 292 908; 292 910; 293 911; 293 915; 294 916; 294 919; 304 919; 305 918; 307 918; 308 917; 310 917; 311 916; 312 916; 312 906; 311 905; 311 904; 310 903; 310 895; 309 894; 309 889
280; 650 895; 650 896; 649 897; 649 899; 648 900; 648 901; 647 902; 647 912; 648 912; 650 914; 652 914; 653 915; 656 915; 657 916; 658 916; 659 917; 660 917; 662 919; 673 919; 676 916; 676 915; 677 914; 677 901; 673 901; 672 900; 671 900; 670 899; 668 899; 667 898; 665 898; 664 897; 663 897; 662 896; 661 896; 660 895
281; 980 905; 961 905; 956 910; 956 919; 963 936; 967 938; 976 938; 984 931
282; 984 931; 1002 929; 1006 925; 1007 915; 1004 906; 1000 900; 983 901; 980 905
283; 1007 915; 1023 915; 1023 885; 1010 885; 1010 906; 1004 906
284; 20 954; 25 949; 24 942; 12 917; 6 917; 5 915; 0 915; 0 959; 3 959
285; 24 942; 32 930; 34 930; 34 924; 36 921; 37 914; 33 911; 24 910; 21 908; 12 917
286; 153 917; 145 925; 145 926; 143 928; 143 929; 142 930; 142 931; 141 932; 141 945; 142 946; 156 946; 156 945; 158 943; 158 942; 169 931; 169 923; 168 923; 162 917
287; 486 922; 485 923; 483 923; 479 927; 478 927; 476 929; 474 929; 473 930; 472 930; 472 938; 473 939; 473 940; 475 942; 475 944; 476 945; 476 946; 477 947; 486 947; 487 946; 488 946; 489 945; 491 945; 492 944; 493 944; 494 943; 495 943; 497 941; 498 941; 501 938; 501 929; 500 928; 500 927; 498 925; 498 923; 497 922
288; 759 929; 757 931; 757 932; 755 934; 755 936; 754 937; 754 939; 753 940; 753 943; 752 944; 752 945; 751 946; 751 957; 752 957; 753 958; 768 958; 769 957; 769 956; 771 954; 771 952; 772 951; 772 949; 773 948; 773 947; 774 946; 774 945; 775 944; 775 942; 776 941; 776 933; 774 931; 772 931; 771 930; 770 930; 769 929
289; 665 928; 665 929; 663 931; 663 932; 660 935; 659 935; 652 942; 652 952; 653 953; 654 953; 655 954; 657 954; 658 955; 659 955; 660 956; 668 956; 672 952; 672 951; 673 950; 673 949; 680 942; 680 934; 679 934; 673 928
290; 193 937; 191 939; 191 940; 190 941; 190 943; 189 944; 189 951; 188 952; 188 960; 196 960; 196 958; 197 957; 197 955; 198 954; 198 953; 200 951; 200 949; 201 948; 201 937
291; 39 932; 39 949; 38 950; 38 951; 37 952; 37 956; 38 957; 38 961; 50 961; 51 960; 59 960; 59 959; 60 958; 60 934; 58 932
292; 413 937; 408 942; 407 942; 407 951; 409 953; 409 954; 411 956; 411 957; 413 959; 413 960; 415 962; 415 964; 416 965; 416 966; 425 966; 427 964; 428 964; 431 961; 431 952; 430 951; 430 950; 429 949; 429 947; 428 946; 428 944; 424 940; 424 939; 422 937
293; 346 944; 345 945; 339 945; 338 946; 333 946; 332 947; 331 947; 331 957; 332 958; 332 963; 333 964; 333 965; 345 965; 346 964; 350 964; 351 963; 357 963; 358 962; 359 962; 361 960; 361 950; 360 949; 360 947; 357 944
294; 116 945; 115 946; 115 952; 114 953; 114 961; 115 962; 116 962; 117 963; 119 963; 120 964; 122 964; 123 965; 126 965; 127 966; 128 966; 129 967; 142 967; 142 966; 143 965; 143 961; 144 960; 144 958; 145 957; 145 947; 142 947; 141 946; 134 946; 133 945
295; 25 950; 21 954; 21 958; 20 959; 20 970; 21 971; 30 971; 34 967; 34 966; 35 965; 35 964; 37 962; 37 957; 36 956; 36 952; 30 952; 29 951; 28 951; 27 950
296; 739 958; 733 964; 733 965; 732 966; 732 967; 731 968; 731 969; 727 973; 725 973; 725 978; 726 979; 726 984; 730 984; 733 987; 744 987; 745 988; 745 989; 746 988; 746 983; 747 982; 747 981; 750 978; 750 977; 753 974; 753 973; 754 972; 754 959; 753 959; 752 958
297; 926 962; 924 964; 907 964; 903 970; 903 981; 916 986; 933 987; 936 981; 937 974
298; 937 974; 943 970; 947 965; 947 962; 949 959; 950 941; 948 939; 943 938; 933 938; 930 942; 930 948; 927 955; 926 962
299; 492 967; 489 970; 488 970; 485 973; 485 981; 491 987; 491 988; 493 990; 493 991; 495 993; 495 994; 497 996; 506 996; 512 990; 512 981; 506 975; 506 974; 504 972; 504 971; 503 970; 503 969; 501 967
300; 659 1003; 651 1004; 634 1011; 635 1023; 665 1023; 665 1011; 661 1006; 661 1000
301; 661 1000; 678 996; 678 986; 676 983; 675 975; 671 968; 662 968; 653 972; 653 980; 658 989; 659 1003
302; 298 970; 296 972; 296 973; 295 974; 295 988; 296 989; 297 989; 298 990; 306 990; 307 991; 323 991; 323 990; 324 989; 324 988; 325 987; 325 973; 323 971; 322 971; 321 970
303; 709 1000; 709 1007; 698 1019; 698 1023; 725 1023; 725 1020; 728 1017; 737 1012; 738 1000; 733 1000; 727 995; 720 994
304; 720 994; 720 987; 722 984; 725 984; 724 973; 719 972; 709 965; 701 965; 688 979; 688 988; 691 990; 696 990; 702 997; 709 1000
305; 74 979; 73 980; 72 980; 72 987; 71 988; 71 998; 72 999; 82 999; 83 1000; 98 1000; 99 999; 100 999; 103 996; 103 988; 102 987; 102 986; 101 985; 101 984; 100 983; 100 982; 98 980; 93 980; 92 979
306; 442 982; 440 984; 440 985; 437 988; 437 997; 438 998; 438 999; 439 1000; 440 1000; 441 1001; 442 1001; 443 1002; 446 1002; 447 1003; 455 1003; 456 1004; 466 1004; 468 1002; 468 1000; 469 999; 469 986; 468 985; 467 985; 466 984; 458 984; 457 983; 454 983; 453 982
307; 580 1007; 579 1008; 573 1008; 572 1007; 572 1004; 569 1001; 567 1001; 566 1000; 559 1000; 559 1003; 558 1004; 557 1003; 557 1000; 556 1000; 555 1001; 554 1001; 552 1003; 552 1004; 551 1005; 551 1014; 552 1015; 552 1023; 597 1023; 597 1015
308; 597 1015; 598 1014; 598 1012; 599 1011; 599 1010; 600 1009; 600 1008; 601 1007; 601 997; 600 997; 599 996; 598 996; 597 995; 585 995; 584 996; 584 997; 583 998; 583 1000; 582 1001; 582 1003; 581 1004; 581 1005; 580 1006; 580 1007
309; 746 989; 745 990; 745 995; 742 998; 741 998; 739 1000; 739 1010; 744 1010; 754 1020; 754 1023; 766 1023; 766 1020; 769 1017; 769 1016; 770 1015; 770 1005; 769 1004; 769 1003; 767 1001; 766 1001; 761 996; 761 995; 758 992; 757 992; 756 991; 747 991; 746 990
310; 809 1003; 808 1004; 805 1004; 804 1005; 803 1005; 801 1007; 801 1015; 802 1016; 802 1018; 803 1019; 803 1023; 825 1023; 825 1018; 824 1017; 824 1007; 823 1006; 823 1005; 821 1003
