0; 460 5; 460 6; 459 7; 459 11; 458 12; 458 18; 457 19; 457 21; 456 22; 456 27; 452 31; 452 32; 451 33; 451 36; 450 37; 450 40; 449 41; 449 49; 450 50; 450 52; 452 54; 460 54; 461 53; 468 53; 469 54; 477 54; 478 53; 478 52; 479 51; 479 50; 480 49; 480 46; 481 45; 481 42; 482 41; 482 38; 483 37; 483 35; 484 34; 484 32; 485 31; 485 30; 486 29; 486 25; 487 24; 487 23; 488 22; 488 21; 491 18; 491 10; 490 9; 489 9; 488 8; 487 8; 486 7; 481 7; 480 6; 470 6; 469 5
1; 58 65; 57 66; 52 66; 51 67; 47 67; 46 68; 44 68; 43 69; 38 69; 38 77; 44 77; 45 78; 62 78; 63 77; 64 77; 67 74; 67 66; 66 65
2; 754 116; 753 117; 745 117; 744 118; 738 118; 737 119; 735 119; 734 120; 733 120; 733 129; 734 130; 734 133; 735 134; 735 136; 736 137; 736 140; 737 141; 737 143; 738 144; 738 147; 739 148; 739 152; 740 153; 740 159; 741 160; 741 162; 752 162; 753 161; 755 161; 756 160; 757 160; 758 159; 761 159; 762 158; 771 158; 773 156; 773 147; 772 146; 772 145; 771 144; 771 143; 767 139; 767 128; 766 127; 766 126; 765 125; 765 124; 764 123; 764 117; 763 116
3; 204 176; 203 177; 202 177; 201 178; 199 178; 197 180; 196 180; 194 182; 193 182; 192 183; 190 183; 189 184; 185 184; 184 185; 182 185; 181 186; 179 186; 178 187; 177 187; 176 188; 175 188; 175 197; 177 199; 177 207; 176 208; 176 216; 178 218; 187 218; 189 216; 190 216; 192 214; 194 214; 195 213; 198 213; 199 212; 201 212; 202 211; 204 211; 205 210; 207 210; 208 209; 209 209; 210 208; 213 208; 214 207; 219 207; 219 197; 218 196; 218 194; 217 193; 217 185; 216 184; 216 178; 214 176
4; 854 186; 850 190; 850 193; 849 194; 849 197; 848 198; 848 208; 849 209; 849 216; 848 217; 848 232; 849 232; 850 233; 851 233; 852 234; 854 234; 855 235; 861 235; 866 240; 874 240; 876 238; 876 237; 877 236; 877 223; 878 222; 878 212; 879 211; 879 209; 880 208; 880 205; 881 204; 881 194; 880 193; 871 193; 864 186
5; 101 261; 100 262; 98 262; 97 263; 96 263; 96 272; 101 277; 101 278; 102 279; 102 281; 103 282; 103 283; 105 285; 105 292; 120 292; 120 279; 118 279; 117 278; 117 272; 118 271; 121 271; 121 262; 115 262; 114 261
6; 827 248; 825 250; 825 251; 824 252; 824 253; 823 254; 823 258; 819 262; 818 262; 817 263; 817 271; 818 272; 818 273; 820 275; 820 277; 821 278; 821 279; 822 280; 822 282; 823 283; 823 290; 822 291; 822 300; 838 300; 841 297; 841 296; 842 295; 842 294; 843 293; 843 292; 844 291; 845 291; 846 290; 846 289; 849 286; 854 286; 854 277; 851 274; 851 273; 848 270; 848 269; 847 268; 847 267; 846 266; 846 265; 844 263; 844 262; 839 257; 839 256; 838 255; 838 254; 837 253; 837 252; 836 251; 836 250; 835 249; 835 248
7; 397 256; 394 259; 394 260; 393 261; 393 262; 392 263; 392 264; 391 265; 391 266; 388 269; 387 269; 386 270; 385 270; 384 271; 383 271; 382 272; 382 280; 384 282; 384 283; 385 284; 385 285; 387 287; 387 288; 390 291; 390 292; 391 293; 391 294; 392 295; 392 299; 393 300; 393 301; 395 303; 395 304; 396 304; 400 308; 409 308; 412 305; 412 304; 416 300; 417 300; 421 296; 421 287; 419 285; 419 284; 418 283; 418 282; 417 281; 417 280; 416 279; 416 276; 415 275; 415 273; 414 272; 414 271; 410 267; 410 266; 408 264; 408 262; 407 261; 407 259; 406 258; 406 257; 405 256
8; 122 262; 122 271; 124 271; 125 272; 125 278; 124 279; 121 279; 121 292; 142 292; 143 291; 143 283; 142 282; 142 281; 141 280; 140 280; 139 279; 139 262
9; 948 281; 951 288; 951 299; 946 309; 946 318; 958 318; 963 327; 973 327; 975 323; 975 314; 979 306; 981 283; 973 274; 964 274; 958 271
10; 958 271; 951 259; 937 258; 936 262; 932 266; 932 274; 943 280; 948 281
11; 620 313; 619 314; 618 314; 617 315; 607 315; 607 316; 606 317; 606 324; 605 325; 605 327; 604 328; 604 331; 603 332; 603 338; 602 339; 602 341; 601 342; 601 343; 600 344; 600 345; 599 346; 599 357; 601 359; 601 364; 606 364; 607 365; 612 365; 612 364; 615 361; 616 361; 617 360; 626 360; 626 359; 627 358; 627 356; 628 355; 628 350; 629 349; 629 347; 630 346; 630 341; 631 340; 631 338; 632 337; 632 336; 633 335; 633 334; 634 333; 634 332; 635 331; 635 328; 636 327; 636 318; 633 315; 632 315; 630 313
12; 42 324; 41 325; 32 325; 28 329; 26 329; 25 330; 24 330; 23 331; 23 342; 24 343; 24 345; 29 350; 30 350; 31 351; 35 351; 36 352; 36 364; 37 365; 37 366; 38 367; 47 367; 49 365; 65 365; 66 364; 66 355; 62 351; 62 350; 58 350; 57 349; 57 339; 56 338; 56 336; 55 335; 55 334; 54 333; 54 332; 53 331; 53 329; 52 328; 52 327; 51 326; 51 325; 50 324
13; 220 330; 219 331; 215 331; 214 332; 211 332; 210 333; 205 333; 204 334; 201 334; 200 335; 199 335; 198 336; 186 336; 185 337; 185 338; 184 339; 184 342; 183 343; 183 346; 184 347; 184 351; 185 352; 185 358; 187 358; 188 357; 194 357; 195 358; 195 365; 205 365; 206 364; 207 364; 207 363; 208 362; 212 362; 213 361; 226 361; 227 360; 229 360; 230 359; 231 359; 235 355; 235 346; 232 343; 232 342; 230 340; 230 330
14; 148 344; 148 352; 146 354; 145 354; 145 355; 144 356; 144 362; 142 364; 142 373; 143 374; 144 374; 145 375; 182 375; 182 361; 184 359; 184 352; 183 351; 183 347; 182 346; 182 345; 181 346; 166 346; 165 345; 161 345; 160 344
15; 601 365; 598 368; 597 368; 596 369; 595 369; 594 370; 592 370; 591 371; 590 371; 589 372; 588 372; 587 373; 586 373; 585 374; 584 374; 582 376; 581 376; 580 377; 575 377; 575 399; 580 399; 582 401; 582 403; 583 404; 583 405; 592 405; 594 403; 595 403; 597 401; 598 401; 599 400; 600 400; 601 399; 602 399; 603 398; 604 398; 605 397; 611 397; 612 396; 614 396; 615 395; 616 395; 617 394; 618 394; 622 390; 622 389; 623 388; 623 377; 621 375; 620 375; 619 374; 615 374; 614 373; 613 373; 612 372; 612 366; 607 366; 606 365
16; 561 377; 560 378; 559 378; 558 379; 557 379; 556 380; 555 380; 554 381; 544 381; 544 394; 543 395; 543 409; 542 410; 542 420; 543 421; 543 422; 544 423; 544 424; 545 425; 554 425; 556 423; 557 423; 558 422; 571 422; 572 421; 572 402; 573 401; 573 400; 574 399; 574 377
17; 117 408; 117 415; 116 416; 116 426; 127 426; 128 427; 128 432; 129 432; 130 433; 131 433; 133 435; 133 437; 134 438; 134 440; 136 442; 137 442; 138 443; 149 443; 150 442; 151 442; 152 441; 153 441; 154 440; 155 440; 156 439; 177 439; 177 422; 176 421; 176 415; 167 415; 163 411; 163 410; 162 409; 152 409; 151 410; 148 410; 147 411; 137 411; 136 412; 135 412; 134 413; 134 420; 133 421; 127 421; 126 420; 126 409; 125 408
18; 186 422; 185 423; 178 423; 178 440; 179 440; 180 441; 180 448; 181 449; 181 450; 184 453; 199 453; 200 452; 211 452; 212 453; 223 453; 224 452; 224 451; 225 450; 225 448; 226 447; 226 423; 214 423; 213 422
19; 164 454; 162 456; 160 456; 159 457; 157 457; 156 458; 154 458; 153 459; 139 459; 137 461; 136 461; 135 462; 134 462; 132 464; 132 467; 131 468; 131 478; 132 479; 133 479; 134 480; 137 480; 139 482; 139 490; 153 490; 154 489; 162 489; 163 488; 165 488; 166 487; 167 487; 168 486; 169 486; 170 485; 171 485; 172 484; 181 484; 182 483; 182 473; 178 469; 178 468; 177 467; 177 466; 174 463; 174 457; 173 456; 173 455; 172 454
20; 754 467; 753 468; 752 468; 751 469; 750 469; 750 500; 752 502; 765 502; 768 499; 770 499; 771 498; 777 498; 778 497; 790 497; 790 487; 791 486; 791 485; 792 484; 792 482; 793 481; 793 467; 784 467; 783 468; 767 468; 766 467
21; 261 513; 249 525; 249 526; 237 538; 237 546; 238 547; 239 547; 240 548; 241 548; 242 549; 243 549; 246 552; 246 553; 247 554; 247 555; 248 556; 248 557; 249 558; 249 559; 250 560; 250 561; 258 561; 265 554; 265 553; 275 543; 277 543; 278 542; 279 542; 284 537; 284 536; 286 534; 286 526; 285 525; 285 524; 283 522; 282 522; 281 521; 277 521; 276 520; 275 520; 271 516; 271 515; 270 514; 270 513
22; 420 623; 419 624; 401 624; 400 625; 398 625; 397 626; 396 626; 395 627; 395 638; 396 639; 396 640; 397 641; 397 644; 398 645; 398 653; 399 654; 399 655; 400 656; 419 656; 420 655; 421 655; 422 654; 424 654; 425 653; 431 653; 432 652; 434 652; 435 651; 437 651; 438 650; 439 650; 440 649; 441 649; 443 647; 443 639; 442 638; 442 637; 440 635; 440 631; 439 630; 439 627; 438 626; 438 625; 436 625; 435 624; 432 624; 431 623
23; 728 646; 728 650; 727 651; 727 655; 726 656; 726 657; 725 658; 725 659; 724 660; 724 661; 723 662; 723 663; 722 664; 722 667; 721 668; 721 670; 720 671; 720 672; 719 673; 719 676; 718 677; 718 685; 719 686; 719 687; 720 688; 721 688; 722 689; 736 689; 738 691; 746 691; 746 689; 747 688; 747 685; 748 684; 748 681; 749 680; 755 680; 756 679; 756 676; 757 675; 757 662; 758 661; 758 660; 759 659; 759 651; 758 650; 757 650; 755 648; 754 648; 753 647; 739 647; 738 646
24; 82 668; 78 672; 78 673; 76 675; 76 676; 74 678; 73 678; 72 679; 70 679; 69 680; 68 680; 67 681; 67 689; 69 691; 69 692; 71 694; 71 695; 74 698; 74 699; 75 700; 75 702; 76 703; 76 704; 77 705; 77 706; 79 708; 79 709; 81 711; 81 714; 82 715; 82 719; 91 719; 91 718; 92 717; 92 716; 95 713; 99 713; 100 712; 101 712; 104 709; 104 708; 105 707; 105 697; 103 695; 103 694; 102 693; 102 692; 100 690; 100 689; 99 688; 99 687; 98 686; 98 685; 97 684; 97 681; 96 680; 96 678; 95 677; 95 676; 94 675; 94 674; 92 672; 92 671; 91 670; 91 669; 90 668
25; 758 671; 758 675; 757 676; 757 679; 756 680; 756 714; 758 716; 759 716; 764 721; 785 721; 785 701; 786 700; 786 698; 787 697; 787 676; 786 676; 785 675; 780 675; 779 674; 775 674; 774 673; 773 673; 772 672; 771 672; 770 671
26; 145 678; 144 679; 142 679; 141 680; 138 680; 137 681; 135 681; 134 682; 131 682; 130 683; 114 683; 113 684; 113 692; 114 693; 115 693; 118 696; 118 708; 119 709; 119 711; 131 711; 132 710; 146 710; 147 709; 158 709; 159 708; 160 708; 161 707; 161 706; 162 705; 162 693; 161 693; 155 687; 155 678
27; 48 711; 45 714; 45 715; 44 716; 44 718; 43 719; 43 720; 42 721; 42 722; 41 723; 40 723; 39 724; 37 724; 36 725; 35 725; 33 727; 32 727; 32 736; 33 736; 34 737; 41 737; 42 738; 43 738; 50 745; 50 746; 51 747; 52 747; 55 750; 56 750; 58 752; 59 752; 61 754; 69 754; 69 753; 71 751; 71 750; 72 749; 72 748; 73 747; 73 745; 74 744; 74 743; 75 742; 76 742; 80 738; 80 737; 81 736; 81 728; 80 728; 78 726; 78 724; 74 724; 73 723; 72 723; 71 722; 69 722; 68 721; 67 721; 63 717; 63 716; 59 712; 58 712; 57 711
28; 131 719; 130 720; 128 720; 127 721; 126 721; 125 722; 124 722; 122 724; 121 724; 119 726; 117 726; 116 727; 112 727; 111 728; 109 728; 108 729; 106 729; 105 730; 104 730; 103 731; 103 746; 104 747; 104 760; 112 760; 116 756; 118 756; 119 755; 125 755; 126 754; 127 754; 128 753; 130 753; 131 752; 132 752; 133 751; 135 751; 136 750; 140 750; 141 749; 144 749; 145 748; 146 748; 148 746; 148 732; 147 731; 147 730; 145 728; 145 727; 144 726; 144 725; 143 724; 143 721; 141 719
29; 997 724; 995 726; 994 726; 993 727; 991 727; 990 728; 988 728; 987 729; 986 729; 985 730; 982 730; 981 731; 980 731; 979 732; 979 742; 980 743; 980 746; 981 747; 981 749; 982 750; 982 752; 984 754; 986 754; 987 755; 988 755; 989 756; 990 756; 992 758; 992 759; 993 760; 993 761; 994 762; 994 764; 995 765; 995 767; 996 768; 996 769; 1004 769; 1006 767; 1007 767; 1008 766; 1010 766; 1011 765; 1023 765; 1023 743; 1018 743; 1017 742; 1016 742; 1015 741; 1015 740; 1013 738; 1013 737; 1012 736; 1012 735; 1010 733; 1010 732; 1008 730; 1008 729; 1007 728; 1007 726; 1006 725; 1006 724
30; 661 754; 660 755; 656 755; 655 756; 654 756; 653 757; 652 757; 650 759; 650 760; 649 761; 649 775; 650 775; 654 779; 654 788; 669 788; 670 787; 678 787; 679 786; 683 786; 684 785; 687 785; 688 784; 696 784; 698 782; 698 772; 696 770; 696 769; 695 768; 695 767; 694 766; 694 762; 693 761; 693 755; 692 754
31; 891 790; 890 791; 889 791; 889 792; 888 793; 888 802; 891 805; 891 812; 892 813; 892 822; 901 822; 902 821; 919 821; 920 822; 925 822; 926 823; 935 823; 939 819; 939 810; 936 807; 936 806; 935 805; 935 793; 934 792; 934 791; 933 791; 932 790; 918 790; 917 791; 908 791; 907 790
32; 719 850; 719 851; 718 852; 718 853; 717 854; 717 857; 716 858; 716 862; 715 863; 715 868; 714 869; 714 870; 713 871; 713 872; 712 873; 712 875; 711 876; 711 879; 710 880; 710 882; 709 883; 709 892; 712 892; 713 893; 728 893; 729 894; 730 894; 731 895; 739 895; 739 894; 740 893; 740 891; 741 890; 741 888; 742 887; 742 885; 743 884; 743 881; 744 880; 744 875; 745 874; 745 873; 747 871; 747 869; 748 868; 748 866; 749 865; 749 853; 747 853; 746 852; 742 852; 741 851; 740 851; 739 850
33; 631 870; 629 872; 629 880; 630 881; 630 882; 634 886; 634 902; 635 903; 636 903; 637 904; 656 904; 657 905; 671 905; 672 904; 673 904; 674 903; 675 903; 676 902; 676 901; 677 900; 677 899; 678 898; 678 888; 677 887; 677 879; 676 878; 676 877; 675 876; 674 876; 673 875; 660 875; 659 874; 655 874; 654 873; 648 873; 647 872; 645 872; 644 871; 643 871; 642 870
34; 894 886; 893 887; 891 887; 888 890; 888 891; 886 893; 881 893; 880 894; 880 908; 881 909; 881 911; 882 912; 882 914; 883 915; 883 918; 884 919; 884 937; 893 937; 894 936; 896 936; 897 935; 899 935; 900 934; 901 934; 902 933; 905 933; 906 932; 908 932; 910 930; 912 930; 913 929; 914 929; 915 928; 916 928; 916 919; 915 918; 915 916; 913 914; 913 913; 912 912; 912 911; 911 910; 911 897; 910 896; 910 895; 909 894; 909 891; 907 889; 907 888; 906 887; 905 887; 904 886
35; 988 896; 987 897; 979 897; 978 898; 974 898; 973 899; 960 899; 959 900; 959 901; 958 902; 958 911; 959 912; 959 913; 960 914; 960 927; 972 927; 973 926; 982 926; 983 927; 987 927; 988 928; 998 928; 999 927; 1000 927; 1003 924; 1003 923; 1004 922; 1004 921; 1007 918; 1007 910; 1005 908; 1004 908; 1003 907; 1002 907; 1001 906; 1000 906; 998 904; 998 896
36; 215 883; 213 885; 213 889; 212 890; 212 895; 211 896; 211 899; 210 900; 210 901; 202 909; 202 911; 201 912; 201 922; 202 922; 203 923; 204 923; 208 927; 208 928; 210 930; 211 930; 212 931; 214 931; 215 932; 228 932; 229 931; 229 930; 230 929; 230 928; 231 927; 231 924; 232 923; 232 921; 233 920; 233 919; 234 918; 234 917; 235 916; 235 915; 236 914; 236 913; 237 912; 237 910; 238 909; 238 908; 239 907; 239 903; 240 902; 240 900; 243 897; 244 897; 244 889; 243 888; 239 888; 238 887; 237 887; 236 886; 235 886; 234 885; 226 885; 225 884; 224 884; 223 883
37; 6 928; 3 931; 0 931; 0 958; 4 958; 16 970; 25 970; 25 969; 26 968; 26 966; 27 965; 28 965; 30 963; 31 963; 34 960; 35 960; 36 959; 37 959; 38 958; 39 958; 41 956; 41 948; 37 944; 37 943; 34 940; 31 940; 30 939; 27 939; 20 932; 19 932; 15 928
38; 1008 964; 1007 965; 1005 965; 1002 968; 1002 978; 1003 979; 1003 995; 1016 995; 1017 994; 1023 994; 1023 964
39; 306 1001; 305 1002; 285 1002; 285 1003; 284 1004; 283 1003; 283 1002; 282 1003; 280 1003; 279 1004; 278 1004; 278 1005; 276 1007; 276 1008; 275 1009; 275 1018; 277 1020; 277 1023; 325 1023; 325 1019; 323 1017; 323 1016; 322 1015; 322 1011; 321 1010; 321 1001
