0; 374 0; 374 7; 373 8; 373 12; 372 13; 372 15; 369 18; 369 20; 368 21; 368 24; 369 25; 369 31; 368 32; 368 34; 367 35; 367 38; 368 39; 372 39; 374 37; 375 37; 377 35; 378 35; 379 34; 386 34; 387 33; 388 33; 392 29; 393 29; 395 27; 397 27; 398 26; 399 26; 400 25; 401 25; 402 24; 403 24; 404 23; 406 23; 407 22; 413 22; 415 20; 416 20; 417 19; 417 16; 416 15; 415 15; 414 14; 411 14; 410 13; 408 13; 403 8; 403 7; 399 3; 396 3; 395 2; 394 2; 393 1; 393 0
1; 748 0; 748 2; 749 3; 749 5; 750 6; 750 8; 751 9; 751 14; 750 15; 750 17; 749 18; 749 19; 748 20; 748 25; 750 27; 753 27; 757 23; 758 23; 760 21; 761 21; 763 19; 764 19; 765 18; 766 18; 768 16; 770 16; 772 14; 773 14; 775 12; 776 12; 778 10; 779 10; 781 8; 782 8; 783 7; 784 7; 785 6; 794 6; 796 4; 796 2; 797 1; 797 0; 777 0; 777 1; 775 3; 774 3; 770 7; 769 7; 767 9; 766 9; 765 10; 764 10; 763 11; 761 11; 758 8; 758 7; 759 6; 759 3; 760 2; 760 0
2; 317 20; 314 23; 313 23; 311 25; 310 25; 309 26; 306 26; 305 25; 302 25; 301 26; 300 26; 297 29; 296 29; 295 30; 294 30; 293 31; 292 31; 291 32; 289 32; 288 33; 287 33; 285 35; 283 35; 282 36; 274 36; 272 38; 272 42; 273 43; 275 43; 276 44; 277 44; 278 45; 279 45; 281 47; 282 47; 288 53; 288 54; 289 55; 289 60; 290 60; 292 62; 294 62; 295 61; 299 61; 300 62; 301 62; 304 65; 304 66; 307 69; 312 69; 314 67; 314 62; 313 61; 313 59; 314 58; 314 55; 315 54; 315 52; 316 51; 316 49; 317 48; 317 36; 318 35; 318 32; 321 29; 321 28; 323 26; 323 24; 322 23; 322 21; 321 20
3; 649 28; 648 29; 647 29; 646 30; 643 30; 642 29; 636 29; 635 30; 633 30; 632 31; 631 31; 630 32; 629 32; 628 33; 626 33; 625 34; 621 34; 620 33; 616 33; 615 34; 614 34; 613 35; 613 39; 614 40; 615 40; 620 45; 621 45; 625 49; 625 50; 627 52; 627 53; 628 54; 628 55; 629 56; 629 57; 630 58; 630 59; 631 60; 631 61; 633 63; 634 63; 639 68; 639 69; 640 70; 640 73; 641 74; 641 75; 642 76; 646 76; 647 75; 650 75; 650 74; 649 73; 649 70; 651 68; 651 60; 652 59; 652 58; 655 55; 655 54; 656 53; 656 48; 657 47; 657 45; 658 44; 658 43; 659 42; 659 41; 663 37; 664 37; 665 36; 665 35; 666 34; 666 33; 667 32; 667 28; 656 28; 655 29; 652 29; 651 28
4; 348 28; 346 30; 346 32; 345 33; 345 34; 344 35; 344 37; 343 38; 343 41; 340 44; 340 45; 336 49; 335 49; 334 50; 334 59; 333 60; 333 61; 332 62; 332 63; 330 65; 330 66; 329 67; 329 68; 327 70; 327 71; 326 72; 326 75; 327 76; 331 76; 332 75; 333 75; 334 74; 335 74; 336 73; 346 73; 347 72; 350 72; 351 73; 359 73; 360 72; 361 72; 364 69; 369 69; 370 70; 376 70; 378 68; 378 66; 368 56; 368 55; 366 53; 366 52; 363 49; 363 48; 357 42; 357 37; 356 36; 356 35; 355 34; 354 34; 352 32; 352 30; 350 28
5; 536 40; 536 45; 534 47; 530 47; 529 48; 527 48; 526 49; 526 53; 529 56; 530 56; 534 60; 534 62; 535 63; 535 65; 537 67; 537 68; 538 69; 538 74; 543 74; 544 73; 545 73; 551 79; 551 80; 552 81; 552 82; 553 83; 553 86; 554 87; 554 88; 556 90; 559 90; 560 89; 560 88; 561 87; 561 86; 562 85; 562 82; 563 81; 563 79; 567 75; 567 74; 568 73; 568 72; 569 71; 569 70; 572 67; 574 67; 575 66; 576 66; 576 62; 575 61; 575 58; 574 57; 574 56; 575 55; 575 54; 577 52; 577 51; 582 46; 582 43; 576 43; 575 44; 573 44; 572 45; 567 45; 566 46; 560 46; 559 47; 553 47; 552 48; 548 48; 547 49; 540 49; 538 47; 538 46; 540 44; 540 41; 539 40
6; 255 44; 255 51; 256 52; 256 56; 254 58; 254 59; 253 60; 253 61; 252 62; 252 65; 253 66; 253 76; 252 77; 252 94; 253 95; 256 95; 257 94; 258 94; 265 87; 266 87; 267 86; 273 86; 274 85; 277 85; 278 84; 279 84; 287 76; 288 76; 290 74; 293 74; 294 73; 297 73; 298 72; 299 72; 300 71; 300 69; 298 67; 296 67; 295 66; 294 66; 292 64; 292 63; 290 61; 287 61; 285 59; 284 59; 281 56; 280 56; 279 55; 277 55; 276 54; 273 54; 272 53; 271 53; 267 49; 266 49; 265 48; 264 48; 262 46; 261 46; 259 44
7; 585 48; 584 49; 584 50; 583 51; 583 55; 584 56; 584 57; 583 58; 583 60; 582 61; 582 63; 581 64; 581 65; 580 66; 580 71; 576 75; 575 75; 575 81; 576 82; 576 83; 575 84; 575 87; 574 88; 574 89; 571 92; 571 93; 570 94; 570 96; 571 97; 578 97; 580 95; 581 95; 582 94; 584 94; 585 93; 588 93; 589 92; 591 92; 592 91; 594 91; 595 90; 596 90; 597 89; 598 89; 599 88; 601 88; 602 87; 604 87; 605 86; 606 86; 607 85; 609 85; 610 84; 613 84; 614 85; 617 85; 618 84; 620 84; 622 82; 622 79; 621 79; 616 74; 616 73; 614 71; 613 71; 610 68; 610 67; 609 66; 609 65; 608 64; 603 64; 602 63; 601 63; 596 58; 596 57; 594 55; 594 54; 593 54; 590 51; 590 50; 588 48
8; 647 76; 646 77; 642 77; 643 78; 643 80; 639 84; 638 84; 638 89; 639 90; 639 91; 638 92; 638 93; 635 96; 635 97; 634 98; 634 106; 633 107; 633 109; 632 110; 632 112; 631 113; 631 114; 630 115; 630 117; 629 118; 629 123; 633 123; 637 119; 638 119; 639 118; 640 118; 641 119; 643 119; 645 121; 651 121; 655 117; 657 117; 658 116; 659 116; 660 115; 661 115; 662 114; 663 114; 665 112; 678 112; 679 111; 681 111; 682 110; 682 107; 681 107; 680 106; 678 106; 672 100; 672 98; 671 97; 671 94; 670 93; 670 92; 668 90; 667 90; 666 89; 662 89; 659 86; 658 86; 651 79; 651 77; 650 76
9; 828 94; 825 97; 825 99; 826 100; 826 101; 827 102; 827 103; 828 104; 828 106; 829 107; 829 109; 830 110; 830 112; 831 113; 831 114; 832 115; 832 119; 833 120; 833 124; 834 125; 834 126; 835 127; 835 130; 836 131; 836 142; 837 143; 840 143; 841 142; 842 142; 842 141; 843 140; 843 139; 844 138; 844 137; 850 131; 851 131; 853 129; 855 129; 856 130; 860 130; 861 129; 861 127; 860 126; 860 125; 859 124; 859 123; 860 122; 860 120; 865 115; 866 115; 868 113; 868 112; 870 110; 872 110; 873 109; 874 109; 876 107; 876 105; 874 103; 861 103; 860 102; 859 102; 858 101; 857 101; 856 100; 851 100; 848 97; 847 97; 846 96; 843 96; 842 97; 838 97; 836 95; 835 95; 834 94
10; 97 103; 96 104; 95 104; 94 105; 92 105; 91 106; 90 106; 89 107; 88 107; 86 109; 84 109; 83 110; 82 110; 81 109; 77 109; 74 106; 69 106; 69 107; 68 108; 68 113; 65 116; 64 116; 63 117; 58 117; 57 118; 55 118; 54 119; 52 119; 51 120; 50 120; 49 121; 49 123; 50 124; 51 124; 52 125; 53 125; 54 126; 55 126; 56 127; 57 127; 61 131; 61 134; 65 138; 66 138; 67 139; 68 139; 69 140; 70 140; 71 141; 72 141; 80 149; 80 150; 81 151; 82 151; 84 153; 89 153; 89 152; 90 151; 90 146; 89 145; 89 143; 90 142; 90 141; 91 140; 91 139; 94 136; 94 135; 95 134; 95 123; 96 122; 96 117; 97 116; 97 115; 99 113; 99 112; 100 111; 100 108; 101 107; 101 104; 100 103
11; 244 105; 243 106; 242 106; 241 107; 239 107; 238 108; 237 108; 236 109; 233 109; 232 110; 227 110; 226 111; 219 111; 218 112; 217 112; 216 113; 214 113; 213 114; 208 114; 207 115; 206 115; 205 116; 198 116; 197 117; 196 117; 194 119; 194 121; 196 123; 197 123; 198 124; 200 124; 201 125; 202 125; 203 126; 203 127; 204 128; 204 130; 205 131; 205 133; 206 134; 208 134; 209 135; 210 135; 212 137; 213 137; 224 148; 224 150; 225 151; 225 153; 227 155; 230 155; 232 153; 232 146; 233 145; 233 142; 234 141; 234 140; 236 138; 236 137; 238 135; 238 134; 239 133; 239 132; 242 129; 242 125; 241 124; 241 123; 240 122; 240 119; 242 117; 242 116; 244 114; 244 113; 245 112; 245 111; 246 110; 246 109; 247 108; 247 106; 246 105
12; 910 115; 909 116; 908 116; 907 117; 906 117; 905 118; 904 118; 903 119; 902 119; 901 120; 899 120; 898 121; 894 121; 893 122; 891 122; 890 123; 889 123; 888 124; 887 124; 886 125; 885 125; 884 126; 883 126; 882 127; 881 127; 880 128; 878 128; 877 129; 872 129; 870 131; 869 131; 868 132; 867 132; 866 133; 861 133; 861 137; 864 140; 865 140; 866 141; 867 141; 868 142; 869 142; 870 143; 871 143; 872 144; 872 145; 873 146; 873 149; 874 150; 875 150; 876 151; 879 151; 882 154; 883 154; 885 156; 886 156; 891 161; 892 161; 895 164; 896 164; 898 166; 901 166; 902 165; 902 161; 903 160; 903 152; 904 151; 904 150; 905 149; 905 148; 906 147; 906 146; 908 144; 908 142; 909 141; 909 139; 908 138; 908 137; 907 136; 907 133; 908 132; 908 130; 909 129; 909 126; 910 125; 910 123; 913 120; 913 116; 912 115
13; 951 124; 949 126; 949 128; 948 129; 948 131; 947 132; 947 133; 946 134; 946 137; 945 138; 945 139; 944 140; 944 141; 939 146; 938 146; 937 147; 936 147; 936 149; 935 150; 935 155; 934 156; 934 157; 933 158; 933 159; 932 160; 932 161; 931 162; 931 163; 930 164; 930 165; 928 167; 928 168; 927 169; 927 171; 928 172; 928 173; 932 173; 933 172; 934 172; 935 171; 937 171; 938 170; 941 170; 942 169; 946 169; 947 170; 951 170; 952 169; 953 169; 954 168; 955 168; 956 167; 958 167; 959 166; 963 166; 964 165; 970 165; 971 164; 972 164; 973 165; 979 165; 980 164; 980 160; 979 159; 979 158; 978 157; 978 156; 976 154; 974 154; 971 151; 971 148; 967 144; 966 144; 957 135; 957 134; 956 133; 956 129; 955 128; 955 126; 954 125; 954 124
14; 1012 136; 1011 137; 1011 140; 1010 141; 1010 143; 1009 144; 1009 146; 1008 147; 1008 149; 1002 155; 1002 157; 1001 158; 1001 162; 1000 163; 1000 170; 999 171; 999 172; 998 173; 998 174; 997 175; 997 176; 995 178; 995 179; 994 180; 994 181; 993 182; 993 185; 997 185; 998 184; 999 184; 1001 182; 1003 182; 1004 181; 1009 181; 1010 180; 1016 180; 1017 179; 1023 179; 1023 171; 1018 171; 1017 172; 1011 172; 1009 170; 1009 167; 1010 166; 1010 163; 1011 162; 1011 160; 1012 159; 1012 157; 1015 154; 1017 154; 1021 158; 1023 158; 1023 145; 1022 145; 1020 143; 1020 142; 1017 139; 1017 138; 1016 137; 1016 136
15; 184 177; 183 178; 182 178; 181 179; 179 179; 178 180; 174 180; 173 181; 170 181; 169 180; 163 180; 158 185; 158 188; 160 188; 161 187; 162 188; 164 188; 165 189; 166 189; 167 190; 174 190; 175 191; 175 194; 174 195; 174 199; 175 200; 176 200; 177 201; 186 201; 188 203; 188 213; 189 214; 189 217; 190 218; 190 220; 191 221; 191 222; 192 223; 194 223; 194 222; 195 221; 195 215; 194 214; 194 212; 193 211; 193 210; 192 209; 192 206; 191 205; 191 204; 190 203; 190 198; 189 197; 189 195; 188 194; 188 193; 187 192; 187 188; 188 187; 188 186; 191 183; 191 178; 190 177
16; 85 213; 84 214; 84 216; 83 217; 83 220; 82 221; 82 223; 81 224; 81 225; 80 226; 80 228; 79 229; 79 230; 73 236; 73 249; 72 250; 72 251; 71 252; 71 253; 70 254; 70 256; 69 257; 69 262; 70 263; 73 263; 74 262; 75 262; 76 261; 77 261; 78 260; 79 260; 80 259; 84 259; 85 258; 91 258; 92 257; 94 257; 95 256; 97 256; 98 255; 100 255; 101 254; 105 254; 106 253; 110 253; 111 254; 115 254; 116 253; 117 253; 118 252; 119 252; 119 251; 120 250; 120 248; 118 246; 117 246; 115 244; 114 244; 112 242; 112 241; 111 240; 111 238; 110 237; 110 235; 109 235; 107 233; 106 233; 102 229; 102 228; 95 221; 95 220; 91 216; 91 215; 89 213
17; 305 229; 304 230; 303 230; 299 234; 298 234; 297 235; 292 235; 290 233; 288 233; 287 232; 285 232; 284 231; 279 231; 277 233; 277 238; 278 239; 278 241; 279 242; 279 243; 280 244; 280 245; 281 246; 281 247; 282 248; 282 251; 283 252; 283 254; 284 255; 284 256; 285 257; 285 258; 286 259; 286 261; 285 262; 285 264; 286 265; 286 266; 288 268; 288 269; 289 270; 289 273; 290 274; 290 275; 291 276; 291 277; 292 278; 292 279; 294 281; 296 281; 297 280; 298 280; 298 279; 299 278; 299 277; 300 276; 300 275; 301 274; 301 273; 302 272; 302 271; 304 269; 304 268; 313 259; 313 258; 318 253; 318 252; 321 249; 322 249; 329 242; 329 239; 328 238; 324 238; 323 237; 316 237; 315 238; 310 238; 309 237; 308 237; 306 235; 306 232; 307 231; 307 229
18; 869 233; 868 234; 868 240; 869 241; 869 242; 868 243; 868 246; 867 247; 867 248; 866 249; 866 251; 865 252; 865 253; 864 254; 864 255; 863 256; 863 258; 859 262; 859 270; 858 271; 858 273; 857 274; 857 275; 856 276; 856 277; 855 278; 855 283; 859 283; 862 280; 863 280; 864 279; 868 279; 869 278; 876 278; 877 277; 879 277; 880 276; 882 276; 883 275; 886 275; 887 274; 888 274; 889 273; 890 273; 891 272; 893 272; 894 271; 895 271; 896 270; 900 270; 901 269; 905 269; 906 268; 906 265; 905 264; 904 264; 903 263; 900 263; 899 262; 898 262; 896 260; 896 259; 894 257; 894 250; 893 249; 889 249; 888 248; 887 248; 886 247; 885 247; 881 243; 881 242; 880 241; 880 240; 878 238; 877 238; 873 234; 872 234; 871 233
19; 952 242; 951 243; 949 243; 948 244; 947 244; 946 245; 945 245; 942 248; 937 248; 936 249; 933 249; 932 250; 930 250; 929 249; 923 249; 919 253; 918 253; 917 254; 910 254; 909 253; 905 253; 904 254; 904 257; 905 258; 906 258; 907 259; 908 259; 917 268; 917 269; 921 273; 921 274; 932 285; 932 286; 934 288; 934 289; 935 290; 935 292; 938 295; 940 295; 942 293; 942 284; 944 282; 944 281; 945 280; 945 279; 946 278; 946 277; 948 275; 948 274; 950 272; 950 263; 951 262; 951 260; 953 258; 953 257; 954 256; 954 254; 955 253; 955 251; 957 249; 957 244; 956 243; 955 243; 954 242
20; 231 257; 230 258; 225 258; 224 259; 202 259; 201 260; 200 260; 200 264; 201 265; 201 266; 209 274; 209 275; 210 276; 210 277; 212 279; 212 288; 214 290; 216 290; 220 294; 220 295; 221 296; 221 298; 222 299; 222 300; 223 301; 223 302; 224 303; 225 303; 226 304; 228 304; 230 302; 230 301; 232 299; 232 298; 233 297; 233 296; 234 295; 234 293; 236 291; 236 290; 238 288; 238 287; 241 284; 242 284; 243 283; 244 283; 246 281; 246 275; 247 274; 247 270; 248 269; 248 268; 249 267; 249 266; 253 262; 253 261; 254 260; 254 258; 249 258; 248 259; 239 259; 237 257
21; 801 256; 800 257; 799 257; 798 258; 797 258; 796 259; 788 259; 787 260; 783 260; 782 261; 781 261; 780 260; 778 260; 777 259; 774 259; 773 260; 772 260; 770 262; 764 262; 763 263; 761 263; 760 264; 757 264; 756 265; 756 269; 760 273; 760 274; 762 276; 762 277; 764 279; 764 281; 768 285; 769 285; 770 286; 771 286; 774 289; 774 290; 775 291; 775 292; 777 294; 777 295; 779 297; 779 298; 781 300; 781 301; 785 305; 788 305; 790 303; 790 297; 791 296; 791 295; 792 294; 792 293; 793 292; 793 291; 794 290; 794 289; 795 288; 795 286; 797 284; 798 284; 799 283; 799 279; 800 278; 800 275; 801 274; 801 272; 802 271; 802 270; 803 269; 803 268; 804 267; 804 265; 805 264; 805 263; 806 262; 806 260; 807 259; 807 256
22; 677 262; 676 263; 676 268; 677 269; 677 276; 678 277; 678 287; 679 288; 679 289; 680 290; 680 301; 681 302; 681 303; 682 304; 682 306; 683 307; 683 311; 684 312; 688 312; 688 311; 691 308; 691 307; 694 304; 695 304; 696 303; 700 303; 701 302; 703 302; 706 299; 707 299; 708 298; 708 295; 709 294; 709 292; 711 290; 712 290; 713 289; 714 289; 715 288; 716 288; 720 284; 721 284; 722 283; 723 283; 725 281; 725 278; 724 277; 716 277; 715 276; 714 276; 713 275; 712 275; 711 274; 710 274; 708 272; 707 272; 705 270; 704 270; 701 267; 700 267; 699 266; 694 266; 693 267; 691 267; 690 268; 689 268; 688 267; 686 267; 684 265; 683 265; 680 262
23; 842 301; 841 302; 839 302; 838 303; 836 303; 835 304; 832 304; 831 305; 830 305; 829 304; 823 304; 822 305; 821 305; 820 306; 818 306; 817 307; 814 307; 813 308; 806 308; 805 309; 795 309; 794 310; 794 313; 795 314; 795 315; 799 319; 800 319; 804 323; 804 324; 805 325; 805 326; 806 327; 806 332; 807 333; 807 334; 809 334; 810 335; 812 335; 815 338; 815 339; 821 345; 821 346; 822 347; 822 348; 823 349; 827 349; 828 348; 828 347; 829 346; 829 344; 830 343; 830 340; 833 337; 833 336; 834 335; 834 331; 835 330; 835 329; 836 328; 836 326; 837 325; 837 324; 838 323; 838 321; 839 320; 839 318; 840 317; 840 316; 841 315; 841 313; 845 309; 845 308; 846 307; 846 301
24; 281 299; 278 302; 277 302; 276 303; 274 303; 273 304; 271 304; 270 305; 269 305; 268 306; 266 306; 265 307; 260 307; 259 308; 258 308; 257 309; 257 310; 252 315; 251 315; 250 316; 248 316; 247 317; 244 317; 243 318; 240 318; 239 319; 238 319; 237 320; 237 324; 238 325; 239 325; 240 326; 242 326; 243 327; 244 327; 248 331; 249 331; 251 333; 252 333; 253 334; 254 334; 259 339; 260 339; 261 340; 263 340; 264 341; 265 341; 266 342; 268 342; 270 344; 271 344; 275 348; 275 349; 276 349; 277 350; 280 350; 281 349; 281 338; 280 337; 280 336; 284 332; 284 326; 283 325; 283 320; 284 319; 284 317; 285 316; 285 312; 283 310; 283 309; 284 308; 284 307; 285 306; 285 305; 286 304; 286 299
25; 715 312; 714 313; 713 313; 708 318; 707 318; 706 319; 705 319; 704 320; 702 320; 701 321; 699 321; 693 327; 692 327; 690 329; 689 329; 688 330; 687 330; 685 332; 684 332; 683 333; 682 333; 681 334; 680 334; 679 335; 677 335; 676 336; 674 336; 672 338; 672 341; 673 341; 674 342; 676 342; 678 344; 679 344; 680 345; 681 345; 683 347; 684 347; 685 348; 686 348; 687 349; 688 349; 691 352; 691 353; 693 355; 694 355; 695 356; 698 356; 699 357; 700 357; 703 360; 705 360; 706 361; 713 361; 714 360; 719 360; 720 359; 719 358; 719 356; 718 355; 718 353; 717 352; 717 341; 718 340; 718 333; 717 332; 717 331; 718 330; 718 324; 717 323; 717 320; 718 319; 718 317; 719 316; 719 313; 718 312
26; 95 336; 93 338; 93 350; 92 351; 92 352; 91 353; 91 356; 90 357; 90 359; 89 360; 89 363; 86 366; 86 367; 85 368; 85 371; 86 372; 86 373; 87 374; 87 377; 86 378; 86 379; 85 380; 85 381; 83 383; 83 386; 84 387; 88 387; 89 386; 90 386; 92 384; 93 384; 94 383; 95 383; 96 382; 98 382; 99 381; 102 381; 103 380; 107 380; 108 379; 110 379; 111 378; 112 378; 114 376; 115 376; 116 375; 119 375; 120 374; 121 374; 122 373; 123 373; 124 372; 125 372; 126 371; 132 371; 134 369; 134 367; 131 364; 129 364; 128 363; 127 363; 121 357; 121 356; 120 355; 120 354; 121 353; 121 352; 122 351; 122 349; 121 348; 115 348; 114 347; 112 347; 110 345; 107 345; 105 343; 104 343; 97 336
27; 650 338; 649 339; 648 339; 648 340; 647 341; 647 345; 648 346; 648 348; 649 349; 648 350; 648 351; 644 355; 644 356; 643 357; 643 359; 642 360; 642 371; 641 372; 641 375; 640 376; 640 379; 639 380; 639 382; 638 383; 638 384; 636 386; 636 388; 637 389; 641 389; 642 388; 643 388; 645 386; 646 386; 647 385; 648 385; 649 384; 653 384; 654 383; 655 383; 656 384; 658 384; 659 385; 660 385; 661 386; 667 386; 668 385; 668 384; 669 383; 669 382; 670 381; 670 380; 672 378; 683 378; 684 377; 685 377; 686 376; 686 373; 685 372; 684 372; 682 370; 681 370; 679 368; 678 368; 676 366; 676 365; 674 363; 674 362; 659 347; 659 346; 658 345; 658 344; 656 342; 656 341; 655 340; 654 340; 653 339; 653 338
28; 720 360; 719 361; 714 361; 713 362; 707 362; 708 363; 708 364; 709 365; 709 369; 708 370; 708 371; 706 373; 706 376; 707 377; 707 384; 706 385; 706 389; 705 390; 705 392; 704 393; 704 395; 703 396; 703 400; 704 401; 706 401; 707 400; 708 400; 709 399; 710 399; 711 398; 712 398; 713 397; 714 397; 715 396; 721 396; 722 395; 723 395; 725 393; 726 393; 727 392; 735 392; 736 391; 737 391; 740 388; 741 388; 742 387; 750 387; 751 386; 751 382; 749 380; 748 380; 746 378; 745 378; 740 373; 739 373; 735 369; 734 369; 727 362; 725 362; 724 361; 722 361; 721 360
29; 463 364; 461 366; 461 367; 460 368; 460 370; 461 371; 461 373; 462 374; 462 377; 463 378; 463 379; 462 380; 462 385; 461 386; 461 391; 460 392; 460 394; 459 395; 459 403; 458 404; 458 406; 459 407; 458 408; 458 412; 457 413; 457 418; 460 418; 462 416; 462 415; 465 412; 466 412; 468 410; 470 410; 471 409; 486 409; 487 408; 487 403; 489 401; 490 401; 491 400; 492 400; 493 399; 495 399; 496 398; 497 398; 498 397; 499 397; 501 395; 502 395; 503 394; 506 394; 506 391; 505 390; 502 390; 501 389; 499 389; 498 388; 496 388; 490 382; 489 382; 488 381; 487 381; 485 379; 485 378; 484 377; 484 375; 483 374; 483 373; 474 373; 470 369; 470 368; 467 365; 466 365; 465 364
30; 308 365; 306 367; 305 367; 300 372; 300 373; 297 376; 296 376; 294 378; 293 378; 292 379; 291 379; 289 381; 288 381; 282 387; 281 387; 278 390; 277 390; 276 391; 275 391; 274 392; 272 392; 271 393; 269 393; 267 395; 267 398; 268 399; 271 399; 272 400; 275 400; 276 401; 277 401; 278 402; 279 402; 280 403; 280 404; 284 408; 294 408; 295 409; 296 409; 297 410; 298 410; 300 412; 301 412; 302 413; 304 413; 305 414; 306 414; 307 415; 308 415; 309 416; 314 416; 315 415; 315 412; 314 411; 314 410; 313 409; 313 408; 312 407; 312 403; 313 402; 313 401; 314 400; 314 396; 313 395; 314 394; 314 393; 317 390; 318 390; 319 389; 319 387; 314 387; 313 386; 313 385; 312 384; 312 382; 311 381; 311 378; 310 377; 310 375; 311 374; 311 373; 312 372; 312 371; 313 370; 313 366; 312 365
31; 955 375; 954 376; 954 377; 953 378; 953 382; 952 383; 952 384; 950 386; 949 386; 948 387; 947 387; 946 388; 945 388; 939 394; 939 395; 938 396; 938 398; 936 400; 936 401; 933 404; 933 405; 931 407; 930 407; 929 408; 928 408; 927 409; 926 409; 925 410; 925 414; 926 415; 934 415; 935 414; 939 414; 940 415; 942 415; 943 416; 945 416; 949 420; 949 422; 952 422; 954 420; 955 420; 956 419; 958 419; 959 418; 963 418; 964 419; 966 419; 967 420; 968 420; 969 421; 971 421; 972 422; 974 422; 975 421; 975 416; 972 413; 972 412; 971 411; 971 407; 970 406; 970 405; 969 404; 969 398; 968 397; 968 396; 967 395; 967 394; 966 393; 966 391; 965 390; 965 389; 963 387; 963 386; 962 385; 962 383; 961 382; 961 376; 960 375
32; 764 385; 760 389; 759 389; 757 391; 755 391; 754 392; 753 392; 752 393; 750 393; 749 394; 748 394; 746 396; 745 396; 744 397; 743 397; 742 398; 738 398; 736 400; 736 401; 734 403; 734 404; 732 406; 730 406; 729 407; 724 407; 723 408; 723 412; 724 413; 726 413; 727 414; 730 414; 731 415; 733 415; 734 416; 735 416; 736 417; 737 417; 739 419; 740 419; 741 420; 742 420; 744 422; 745 422; 746 423; 747 423; 748 424; 749 424; 751 426; 752 426; 753 427; 754 427; 755 428; 756 428; 762 434; 766 434; 768 432; 768 424; 767 423; 767 418; 768 417; 768 414; 769 413; 769 412; 770 411; 770 408; 769 407; 769 406; 768 405; 768 404; 769 403; 769 401; 768 400; 768 398; 767 397; 767 394; 768 393; 768 390; 769 389; 769 386; 768 385
33; 981 410; 979 412; 979 415; 983 419; 983 421; 984 422; 984 423; 985 424; 985 430; 988 433; 988 434; 989 435; 989 436; 990 437; 990 438; 992 440; 992 441; 994 443; 994 444; 995 445; 995 446; 996 447; 996 449; 997 450; 997 452; 998 453; 998 454; 1001 454; 1003 452; 1003 451; 1004 450; 1004 448; 1005 447; 1005 446; 1007 444; 1007 443; 1015 435; 1016 435; 1017 434; 1018 434; 1019 433; 1021 433; 1022 432; 1023 432; 1023 412; 1017 412; 1016 413; 1015 412; 999 412; 998 411; 991 411; 990 412; 988 412; 987 411; 985 411; 984 410
34; 128 409; 127 410; 126 410; 125 411; 124 411; 123 412; 120 412; 119 413; 115 413; 114 414; 112 414; 111 415; 108 415; 107 416; 102 416; 101 417; 100 417; 98 419; 97 419; 95 421; 85 421; 84 422; 83 422; 82 423; 82 426; 84 428; 86 428; 87 429; 88 429; 90 431; 91 431; 93 433; 93 434; 94 435; 94 436; 95 437; 95 438; 96 439; 96 440; 97 441; 97 446; 105 446; 117 458; 120 458; 122 456; 122 451; 121 450; 121 447; 122 446; 122 445; 123 444; 123 442; 124 441; 124 433; 125 432; 125 431; 127 429; 127 428; 128 427; 128 426; 129 425; 129 423; 128 422; 129 421; 129 419; 130 418; 130 417; 131 416; 131 415; 135 411; 135 409
35; 595 414; 594 415; 593 415; 592 416; 591 416; 590 417; 589 417; 588 418; 584 418; 583 419; 578 419; 577 420; 572 420; 571 421; 570 421; 568 423; 565 423; 564 424; 561 424; 560 425; 559 425; 558 426; 549 426; 548 427; 548 430; 556 438; 556 439; 557 440; 557 441; 558 442; 557 443; 557 454; 558 455; 558 465; 563 465; 564 464; 565 464; 566 463; 569 463; 570 462; 571 462; 571 461; 573 459; 575 459; 577 461; 577 462; 579 464; 583 464; 585 462; 585 453; 586 452; 586 450; 587 449; 587 448; 588 447; 588 445; 589 444; 589 443; 590 442; 590 437; 591 436; 591 434; 592 433; 592 430; 593 429; 593 427; 594 426; 594 424; 595 423; 595 422; 598 419; 598 418; 599 417; 599 415; 598 414
36; 954 429; 953 430; 952 430; 951 431; 949 431; 948 432; 935 432; 934 433; 931 433; 930 432; 925 432; 921 436; 920 436; 919 437; 917 437; 916 438; 915 438; 914 437; 912 437; 911 436; 907 436; 905 438; 905 440; 906 441; 906 442; 907 443; 908 443; 910 445; 911 445; 914 448; 914 449; 916 451; 916 452; 918 454; 918 455; 925 462; 925 463; 931 469; 931 470; 932 471; 932 472; 933 473; 933 478; 937 478; 938 477; 942 477; 941 476; 941 468; 943 466; 943 465; 944 464; 944 463; 946 461; 947 461; 948 460; 950 460; 951 459; 951 455; 950 454; 950 452; 949 451; 950 450; 950 447; 951 446; 951 444; 952 443; 952 442; 953 441; 953 439; 957 435; 958 435; 959 434; 959 430; 958 429
37; 532 428; 530 430; 530 431; 529 432; 529 439; 528 440; 528 441; 527 442; 527 443; 525 445; 525 446; 524 447; 524 449; 523 450; 523 454; 524 455; 524 461; 523 462; 523 465; 522 466; 522 471; 521 472; 521 476; 522 477; 526 477; 527 476; 528 476; 529 475; 530 475; 531 474; 532 474; 533 473; 534 473; 535 472; 539 472; 540 471; 543 471; 544 470; 546 470; 547 469; 553 469; 554 468; 555 468; 557 466; 557 455; 556 454; 556 444; 555 443; 554 443; 553 442; 552 442; 548 438; 547 438; 545 436; 543 436; 536 429; 535 429; 534 428
38; 700 447; 699 448; 698 448; 697 449; 689 449; 688 450; 687 450; 686 451; 682 451; 681 450; 677 450; 673 454; 672 454; 671 455; 669 455; 668 456; 664 456; 663 455; 659 455; 658 456; 657 456; 657 459; 662 464; 662 465; 664 467; 664 469; 665 470; 665 471; 666 472; 666 473; 668 475; 669 475; 674 480; 674 481; 680 487; 680 488; 684 492; 684 493; 685 494; 688 494; 689 493; 689 491; 690 490; 690 489; 691 488; 691 487; 692 486; 692 485; 696 481; 696 480; 698 478; 698 477; 699 476; 699 475; 700 474; 700 472; 701 471; 701 465; 702 464; 702 461; 703 460; 703 458; 704 457; 704 455; 705 454; 705 453; 707 451; 707 447
39; 264 465; 263 466; 260 466; 259 467; 258 467; 257 468; 255 468; 254 469; 248 469; 247 470; 239 470; 238 469; 235 469; 234 470; 233 470; 232 471; 231 471; 230 472; 226 472; 225 473; 213 473; 213 477; 223 487; 223 490; 224 491; 224 492; 225 493; 226 493; 227 494; 228 494; 229 495; 230 495; 235 500; 235 501; 237 503; 237 504; 238 505; 238 506; 239 507; 239 509; 241 511; 244 511; 245 510; 245 509; 246 508; 246 507; 247 506; 247 505; 248 504; 248 503; 250 501; 250 500; 252 498; 252 496; 253 495; 253 494; 258 489; 258 480; 259 479; 259 478; 262 475; 262 474; 267 469; 267 466; 266 465
40; 41 472; 40 473; 39 473; 37 475; 36 475; 35 476; 34 476; 33 477; 32 477; 31 478; 24 478; 23 479; 22 479; 21 480; 19 480; 18 481; 17 481; 16 482; 14 482; 13 483; 12 483; 11 484; 10 484; 9 485; 8 485; 7 486; 5 486; 4 485; 0 485; 0 494; 2 494; 8 500; 8 501; 13 506; 13 507; 16 510; 16 511; 20 515; 21 515; 29 523; 32 523; 32 515; 33 514; 33 511; 34 510; 34 500; 37 497; 38 497; 40 495; 40 489; 41 488; 42 488; 43 487; 45 487; 45 484; 42 484; 41 483; 39 483; 38 482; 38 480; 40 478; 41 478; 44 475; 44 473; 43 472
41; 811 480; 810 481; 808 481; 807 482; 803 482; 802 483; 795 483; 793 485; 786 485; 783 488; 782 488; 781 489; 779 489; 778 490; 775 490; 774 491; 767 491; 766 490; 764 490; 763 491; 763 494; 765 496; 766 496; 773 503; 773 504; 775 506; 775 507; 777 509; 777 510; 780 513; 781 513; 782 514; 783 514; 794 525; 794 526; 797 529; 799 529; 800 528; 800 527; 801 526; 801 523; 800 522; 800 519; 801 518; 801 517; 802 516; 802 515; 803 514; 803 513; 804 512; 804 511; 805 510; 805 509; 807 507; 807 504; 808 503; 808 502; 810 500; 810 494; 811 493; 811 492; 812 491; 812 490; 813 489; 813 488; 815 486; 815 485; 816 484; 816 481; 815 480
42; 607 476; 605 478; 604 478; 602 480; 601 480; 598 483; 597 483; 596 484; 595 484; 594 485; 593 485; 592 486; 591 486; 588 489; 587 489; 586 490; 585 490; 584 491; 582 491; 581 492; 580 492; 577 495; 576 495; 573 498; 571 498; 570 499; 568 499; 565 502; 565 504; 567 506; 569 506; 570 507; 573 507; 577 511; 577 512; 579 514; 585 514; 586 515; 587 515; 588 516; 589 516; 590 517; 591 517; 592 518; 593 518; 594 519; 595 519; 597 521; 598 521; 599 522; 600 522; 601 523; 602 523; 603 524; 604 524; 606 526; 610 526; 610 521; 609 520; 609 519; 608 518; 608 507; 612 503; 614 503; 614 500; 611 497; 611 494; 610 493; 610 491; 609 490; 609 487; 610 486; 610 483; 611 482; 611 476
43; 938 478; 937 479; 933 479; 933 480; 934 481; 934 485; 933 486; 933 487; 931 489; 931 490; 929 492; 929 493; 926 496; 926 497; 923 500; 923 501; 921 503; 921 504; 918 507; 918 508; 917 509; 917 510; 916 511; 916 512; 915 513; 915 514; 911 518; 911 519; 909 521; 909 524; 914 524; 916 522; 917 522; 918 521; 921 521; 923 523; 924 523; 925 524; 929 524; 930 523; 931 523; 932 522; 950 522; 951 523; 953 523; 954 524; 956 524; 957 523; 959 523; 960 522; 960 520; 959 519; 959 518; 956 515; 956 514; 954 512; 954 511; 952 509; 952 507; 951 506; 951 497; 949 495; 948 495; 944 491; 944 490; 943 489; 943 487; 942 486; 942 478
44; 452 482; 451 483; 451 484; 450 485; 450 489; 449 490; 449 502; 448 503; 448 509; 447 510; 447 518; 446 519; 446 521; 444 523; 444 524; 441 527; 441 528; 440 529; 440 530; 439 531; 439 532; 438 533; 438 534; 437 535; 439 535; 442 538; 444 538; 446 536; 446 535; 452 529; 453 529; 454 528; 457 528; 458 527; 465 527; 466 526; 467 526; 468 525; 469 525; 472 522; 473 522; 475 520; 476 520; 477 519; 482 519; 483 518; 485 518; 486 517; 487 517; 489 515; 489 513; 487 511; 486 511; 483 508; 482 508; 481 507; 481 506; 479 504; 479 503; 478 502; 478 501; 476 499; 475 499; 474 498; 473 498; 470 495; 468 495; 467 494; 464 494; 462 492; 461 492; 457 488; 457 485; 456 484; 456 483; 455 482
45; 983 483; 981 485; 981 491; 980 492; 980 495; 979 496; 979 499; 978 500; 978 502; 977 503; 977 505; 976 506; 976 508; 975 509; 975 512; 974 513; 974 517; 973 518; 973 521; 972 522; 972 523; 971 524; 971 525; 969 527; 969 529; 968 530; 968 534; 971 534; 972 533; 973 533; 975 531; 976 531; 978 529; 979 529; 980 528; 982 528; 983 529; 989 529; 990 528; 994 528; 996 526; 997 526; 1000 523; 1003 523; 1004 522; 1007 522; 1008 521; 1016 521; 1017 520; 1017 517; 1015 515; 1014 515; 1011 512; 1010 512; 1008 510; 1008 509; 1005 506; 1005 505; 1003 503; 1003 502; 1001 500; 1001 499; 999 497; 999 496; 997 494; 995 494; 994 493; 993 493; 992 492; 991 492; 989 490; 989 489; 988 488; 988 487; 987 486; 987 484; 986 483
46; 178 503; 177 504; 176 504; 175 505; 174 505; 173 506; 171 506; 170 507; 168 507; 167 508; 166 508; 165 509; 162 509; 161 510; 156 510; 155 511; 152 511; 151 510; 148 510; 145 513; 145 514; 143 516; 142 516; 141 517; 140 517; 139 516; 135 516; 134 517; 132 517; 131 518; 131 520; 134 523; 135 523; 137 525; 137 526; 140 529; 141 529; 147 535; 148 535; 154 541; 155 541; 156 542; 157 542; 158 543; 159 543; 163 547; 163 548; 164 549; 164 550; 165 551; 167 551; 168 550; 170 550; 170 541; 171 540; 171 539; 172 538; 172 537; 173 536; 173 535; 177 531; 177 527; 176 526; 176 525; 175 524; 175 519; 176 518; 176 516; 177 515; 177 514; 178 513; 178 512; 179 511; 179 509; 180 508; 180 503
47; 190 504; 189 505; 189 506; 188 507; 188 515; 189 516; 189 518; 190 519; 190 521; 189 522; 189 525; 188 526; 188 535; 189 536; 189 545; 188 546; 188 549; 187 550; 187 553; 188 554; 190 554; 191 553; 192 553; 198 547; 205 547; 206 546; 207 546; 207 545; 211 541; 212 541; 213 540; 216 540; 222 534; 223 534; 224 533; 230 533; 231 532; 232 532; 233 531; 233 528; 232 527; 231 527; 230 526; 229 526; 228 525; 226 525; 224 523; 223 523; 222 522; 220 522; 214 516; 212 516; 209 513; 209 512; 208 511; 207 511; 206 510; 202 510; 200 508; 199 508; 198 507; 197 507; 195 505; 194 505; 193 504
48; 760 508; 759 509; 759 511; 758 512; 758 520; 754 524; 754 525; 753 526; 753 536; 752 537; 752 542; 751 543; 751 546; 750 547; 750 548; 749 549; 749 550; 748 551; 748 552; 747 553; 747 557; 751 557; 752 556; 753 556; 755 554; 757 554; 758 553; 760 553; 761 552; 763 552; 764 551; 767 551; 768 552; 772 552; 773 553; 776 553; 778 551; 778 550; 780 548; 781 548; 784 545; 785 545; 787 543; 794 543; 795 542; 797 542; 797 538; 794 535; 793 535; 792 534; 790 534; 784 528; 783 528; 780 525; 780 522; 779 521; 779 520; 773 520; 771 518; 770 518; 769 517; 768 517; 766 515; 766 514; 764 512; 764 511; 763 510; 763 509; 762 508
49; 0 524; 0 572; 2 572; 7 567; 8 567; 10 565; 11 565; 13 563; 14 563; 17 560; 18 560; 19 559; 20 559; 21 560; 26 560; 26 559; 27 558; 27 555; 29 553; 29 552; 30 551; 31 551; 33 549; 34 549; 35 548; 38 548; 40 546; 41 546; 43 544; 43 542; 42 541; 38 541; 37 540; 35 540; 34 539; 33 539; 32 538; 31 538; 29 536; 28 536; 27 535; 26 535; 24 533; 22 533; 21 532; 19 532; 18 531; 17 531; 16 530; 15 530; 13 528; 12 528; 11 527; 8 527; 7 526; 5 526; 4 525; 3 525; 2 524
50; 504 532; 503 533; 492 533; 491 534; 488 534; 487 535; 485 535; 484 536; 480 536; 479 537; 475 537; 474 538; 467 538; 466 539; 465 539; 464 540; 460 540; 459 541; 459 544; 468 553; 468 555; 469 556; 469 559; 472 562; 473 562; 474 563; 475 563; 477 565; 478 565; 484 571; 484 572; 485 573; 485 575; 486 576; 486 577; 487 578; 491 578; 492 577; 492 576; 493 575; 493 568; 494 567; 494 566; 495 565; 495 564; 497 562; 497 561; 498 560; 498 559; 502 555; 502 554; 505 551; 505 543; 511 537; 511 532
51; 106 532; 105 533; 104 533; 103 534; 102 534; 101 535; 100 535; 99 536; 97 536; 96 537; 95 537; 94 538; 93 538; 92 539; 91 539; 90 540; 89 540; 88 541; 86 541; 84 543; 83 543; 81 545; 80 545; 79 546; 78 546; 77 547; 76 547; 75 548; 72 548; 71 549; 66 549; 65 550; 64 550; 63 551; 63 553; 64 554; 66 554; 67 555; 68 555; 69 556; 70 556; 71 557; 72 557; 78 563; 78 564; 79 565; 79 569; 80 570; 82 570; 83 569; 86 569; 87 570; 89 570; 99 580; 104 580; 104 579; 105 578; 105 569; 106 568; 106 566; 107 565; 107 564; 108 563; 108 562; 109 561; 109 554; 110 553; 110 551; 111 550; 111 547; 112 546; 112 545; 113 544; 114 544; 116 542; 117 542; 119 540; 119 538; 117 538; 114 541; 113 541; 112 542; 112 543; 111 544; 110 544; 109 545; 107 545; 105 543; 105 542; 107 540; 107 539; 108 538; 108 532
52; 436 536; 434 538; 432 538; 431 539; 426 539; 425 540; 424 540; 423 541; 422 541; 421 542; 419 542; 418 543; 417 543; 416 544; 415 544; 414 545; 413 545; 412 546; 410 546; 409 547; 407 547; 406 548; 405 548; 404 549; 400 549; 399 550; 395 550; 394 551; 394 553; 396 555; 397 555; 399 557; 400 557; 404 561; 404 562; 407 565; 408 565; 409 566; 410 566; 415 571; 416 571; 419 574; 420 574; 422 576; 423 576; 425 578; 425 579; 426 580; 426 581; 427 582; 427 583; 428 583; 429 584; 432 584; 434 582; 434 577; 433 576; 433 567; 434 566; 434 564; 435 563; 435 562; 438 559; 438 558; 441 555; 441 553; 440 552; 440 551; 439 550; 439 546; 440 545; 440 544; 441 543; 441 542; 442 541; 442 540; 443 539; 442 539; 439 536
53; 243 532; 242 533; 242 539; 243 540; 243 541; 244 542; 243 543; 243 545; 241 547; 241 548; 240 549; 240 552; 239 553; 239 556; 238 557; 238 560; 237 561; 237 563; 236 564; 236 573; 235 574; 235 577; 234 578; 234 583; 235 584; 237 584; 238 583; 239 583; 243 579; 244 579; 245 578; 248 578; 249 579; 252 579; 253 578; 254 578; 259 573; 260 573; 262 571; 263 571; 264 570; 265 570; 266 569; 267 569; 268 568; 278 568; 279 567; 280 567; 281 566; 281 563; 276 558; 275 558; 273 556; 272 556; 264 548; 264 547; 263 547; 262 546; 261 546; 259 544; 258 544; 256 542; 255 542; 250 537; 250 536; 246 532
54; 357 544; 355 546; 355 549; 354 550; 354 552; 353 553; 353 554; 352 555; 352 560; 351 561; 351 565; 350 566; 350 567; 349 568; 349 569; 348 570; 348 572; 347 573; 347 580; 346 581; 346 583; 345 584; 345 585; 344 586; 344 587; 342 589; 342 594; 347 594; 351 590; 352 590; 353 589; 355 589; 356 588; 359 588; 360 587; 361 587; 362 588; 364 588; 365 589; 371 589; 372 588; 375 588; 377 586; 377 585; 380 582; 382 582; 383 581; 386 581; 387 580; 388 580; 389 579; 390 579; 391 578; 392 578; 392 575; 390 575; 389 574; 388 574; 387 573; 386 573; 383 570; 383 569; 381 567; 381 566; 379 564; 379 562; 377 560; 376 560; 375 559; 373 559; 368 554; 367 554; 362 549; 362 548; 361 547; 361 546; 359 544
55; 168 551; 167 552; 165 552; 165 553; 166 554; 166 557; 167 558; 167 561; 168 562; 168 567; 167 568; 167 571; 166 572; 166 578; 167 579; 167 582; 166 583; 166 597; 165 598; 165 604; 168 604; 172 600; 173 600; 175 598; 176 598; 177 597; 183 597; 189 591; 191 591; 192 590; 193 590; 199 584; 200 584; 202 582; 204 582; 205 581; 207 581; 208 580; 208 577; 204 573; 203 573; 202 572; 199 572; 198 571; 197 571; 191 565; 191 564; 190 563; 190 562; 189 562; 188 561; 183 561; 182 560; 180 560; 179 559; 178 559; 175 556; 174 556; 172 554; 172 553; 171 552; 171 551
56; 33 562; 31 564; 31 567; 30 568; 30 569; 28 571; 28 574; 29 575; 30 575; 31 576; 33 576; 35 578; 34 579; 34 584; 37 587; 37 588; 39 590; 39 591; 40 592; 40 593; 41 594; 41 597; 42 598; 42 610; 43 611; 46 611; 49 608; 49 607; 51 605; 51 604; 57 598; 58 598; 60 596; 62 596; 63 595; 64 595; 65 594; 67 594; 68 593; 69 593; 72 590; 72 584; 76 580; 77 580; 78 579; 79 579; 80 578; 81 578; 81 572; 79 570; 77 572; 76 572; 75 573; 68 573; 67 572; 65 572; 64 571; 62 571; 61 570; 59 570; 58 569; 57 569; 56 568; 55 568; 54 567; 53 567; 52 566; 50 566; 49 565; 47 565; 46 566; 45 566; 44 565; 41 565; 39 563; 38 563; 37 562
57; 521 554; 521 566; 517 570; 517 571; 516 572; 516 580; 515 581; 515 583; 514 584; 514 587; 513 588; 513 590; 512 591; 512 592; 511 593; 511 594; 510 595; 510 596; 509 597; 509 598; 508 599; 508 600; 507 601; 507 605; 511 605; 513 603; 514 603; 515 602; 516 602; 518 600; 519 600; 520 599; 525 599; 526 598; 536 598; 537 597; 538 597; 539 596; 540 596; 542 594; 543 594; 544 593; 549 593; 550 592; 557 592; 558 591; 558 587; 555 584; 553 584; 552 583; 551 583; 550 582; 549 582; 544 577; 544 576; 539 571; 538 571; 535 568; 535 567; 528 560; 528 559; 527 558; 527 557; 524 554
58; 585 578; 584 579; 584 585; 585 586; 585 589; 584 590; 584 593; 583 594; 583 595; 579 599; 579 602; 580 603; 581 603; 583 605; 583 606; 584 607; 584 614; 583 615; 583 625; 582 626; 582 628; 583 629; 583 630; 586 630; 588 628; 588 627; 593 622; 594 622; 595 621; 596 621; 597 620; 599 620; 600 619; 602 619; 603 618; 604 618; 610 612; 611 612; 612 611; 613 611; 617 607; 618 607; 620 605; 623 605; 624 604; 630 604; 630 599; 628 597; 627 597; 626 596; 622 596; 621 595; 618 595; 617 594; 616 594; 615 593; 614 593; 613 592; 612 592; 609 589; 608 589; 606 587; 605 587; 604 586; 603 586; 601 584; 599 584; 598 583; 597 583; 596 582; 594 582; 593 581; 592 581; 591 580; 590 580; 588 578
59; 704 591; 703 592; 703 597; 702 598; 702 600; 700 602; 700 603; 699 604; 699 612; 698 613; 698 615; 697 616; 697 619; 696 620; 696 623; 695 624; 695 627; 694 628; 694 631; 693 632; 693 634; 691 636; 691 640; 692 641; 696 641; 697 640; 698 640; 700 638; 701 638; 702 637; 703 637; 704 636; 705 636; 706 635; 709 635; 710 636; 711 636; 712 637; 715 637; 720 632; 723 632; 724 631; 725 631; 727 629; 728 629; 729 628; 731 628; 732 627; 739 627; 741 625; 741 621; 740 620; 739 620; 738 619; 737 619; 736 618; 735 618; 724 607; 724 606; 723 605; 723 604; 722 603; 722 602; 720 600; 718 600; 717 599; 716 599; 715 598; 714 598; 710 594; 710 593; 708 591
60; 657 596; 655 598; 655 599; 654 600; 654 602; 653 603; 653 604; 651 606; 651 607; 649 609; 649 610; 648 611; 648 612; 647 613; 647 614; 646 615; 646 616; 642 620; 642 621; 641 622; 641 623; 640 624; 640 628; 639 629; 639 631; 638 632; 638 633; 634 637; 633 637; 632 638; 632 643; 633 644; 639 644; 640 643; 641 643; 642 642; 646 642; 648 644; 651 644; 652 643; 653 643; 655 641; 656 641; 657 640; 662 640; 663 639; 673 639; 674 640; 682 640; 683 639; 683 635; 682 634; 682 631; 681 630; 681 629; 680 628; 680 627; 679 626; 678 626; 675 623; 675 622; 674 621; 674 619; 673 618; 673 617; 667 611; 667 610; 665 608; 665 607; 663 605; 663 602; 662 601; 662 600; 661 599; 661 598; 659 596
61; 0 629; 0 642; 1 643; 1 644; 0 645; 0 655; 1 656; 4 656; 5 655; 6 655; 7 654; 9 654; 10 653; 14 653; 15 652; 18 652; 19 651; 20 651; 20 648; 16 644; 15 644; 12 641; 12 640; 11 639; 11 638; 10 637; 10 636; 8 634; 7 634; 3 630; 2 630; 1 629
62; 745 643; 743 645; 743 646; 742 647; 742 650; 741 651; 741 654; 740 655; 740 656; 739 657; 739 658; 737 660; 736 660; 734 662; 733 662; 732 663; 732 664; 731 665; 731 668; 732 669; 732 671; 733 672; 732 673; 732 676; 731 677; 731 679; 730 680; 730 682; 729 683; 729 684; 726 687; 726 688; 725 689; 725 691; 727 693; 729 693; 730 692; 731 692; 732 691; 733 691; 734 690; 736 690; 737 689; 738 689; 739 688; 743 688; 744 687; 754 687; 755 688; 760 688; 762 686; 763 686; 764 685; 776 685; 777 684; 777 681; 775 679; 774 679; 772 677; 771 677; 770 676; 770 675; 768 673; 768 670; 767 669; 767 667; 765 665; 765 664; 763 662; 762 662; 760 660; 760 656; 758 654; 756 654; 755 653; 754 653; 752 651; 752 650; 751 649; 751 648; 750 647; 750 645; 749 644; 748 644; 747 643
63; 255 658; 253 660; 253 661; 250 664; 250 665; 249 666; 249 668; 248 669; 248 670; 247 671; 247 672; 246 673; 246 674; 244 676; 244 677; 243 678; 243 680; 242 681; 242 683; 241 684; 241 685; 235 691; 235 693; 234 694; 234 695; 231 698; 230 698; 230 702; 245 702; 246 703; 257 703; 259 701; 261 701; 262 700; 263 700; 264 701; 267 701; 268 700; 274 700; 275 701; 276 701; 277 702; 282 702; 282 699; 281 698; 281 697; 278 694; 278 693; 275 690; 275 689; 273 687; 273 686; 272 685; 272 683; 271 682; 271 681; 270 680; 270 679; 269 678; 269 675; 268 674; 268 673; 265 670; 264 670; 261 667; 261 665; 260 664; 260 659; 259 658
64; 885 662; 884 663; 884 664; 880 668; 879 668; 878 669; 865 669; 864 670; 864 671; 863 672; 863 673; 860 676; 859 676; 857 678; 856 678; 855 679; 853 679; 852 680; 846 680; 845 681; 843 681; 840 684; 840 686; 841 687; 842 687; 843 688; 844 688; 845 689; 846 689; 848 691; 849 691; 860 702; 860 703; 861 704; 861 705; 863 707; 864 707; 865 708; 867 708; 868 709; 869 709; 873 713; 873 714; 874 715; 877 715; 878 714; 879 714; 879 713; 880 712; 880 711; 881 710; 881 706; 880 705; 880 701; 881 700; 881 698; 882 697; 882 695; 883 694; 883 687; 884 686; 884 682; 885 681; 885 680; 886 679; 886 677; 887 676; 887 675; 888 674; 888 673; 889 672; 889 670; 890 669; 890 665; 889 664; 889 663; 888 662
65; 676 661; 674 663; 674 664; 672 666; 672 667; 671 668; 671 669; 669 671; 669 672; 661 680; 660 680; 659 681; 658 681; 654 685; 654 687; 653 688; 653 689; 646 696; 645 696; 644 697; 643 697; 642 698; 640 698; 640 700; 639 701; 639 704; 646 704; 647 703; 648 703; 649 702; 656 702; 657 703; 659 703; 660 704; 662 704; 663 705; 672 705; 673 706; 679 706; 680 707; 682 707; 683 708; 687 708; 688 709; 690 709; 691 710; 693 710; 694 709; 694 705; 689 700; 689 696; 690 695; 690 694; 691 693; 691 691; 690 690; 690 689; 685 684; 685 683; 684 682; 684 681; 683 680; 683 678; 681 676; 681 674; 680 673; 680 670; 681 669; 681 665; 680 664; 680 663; 678 661
66; 605 666; 605 667; 604 668; 604 669; 603 670; 603 675; 602 676; 602 681; 601 682; 601 684; 600 685; 600 686; 598 688; 598 689; 597 690; 597 691; 596 692; 596 693; 595 694; 595 703; 593 705; 593 706; 590 709; 590 710; 588 712; 588 715; 593 715; 594 714; 596 714; 597 713; 600 713; 601 712; 602 712; 603 711; 604 711; 605 710; 611 710; 612 709; 614 709; 615 708; 616 708; 617 707; 618 707; 619 706; 621 706; 622 705; 624 705; 625 704; 627 704; 628 703; 638 703; 638 701; 639 700; 639 698; 638 697; 637 697; 636 696; 635 696; 630 691; 630 690; 628 688; 628 687; 627 686; 627 684; 626 683; 625 683; 624 682; 623 682; 622 681; 621 681; 613 673; 613 672; 612 671; 612 670; 611 669; 611 668; 610 667; 610 666
67; 160 682; 159 683; 159 685; 158 686; 158 695; 157 696; 157 698; 156 699; 156 704; 155 705; 155 710; 154 711; 154 717; 153 718; 153 719; 152 720; 152 721; 151 722; 151 732; 152 733; 156 733; 161 728; 163 728; 164 727; 165 727; 166 728; 172 728; 175 725; 175 724; 179 720; 180 720; 181 719; 182 719; 183 718; 184 718; 185 717; 186 717; 187 716; 193 716; 194 715; 195 715; 196 714; 198 714; 199 713; 200 713; 200 710; 199 709; 198 709; 197 708; 196 708; 195 707; 194 707; 193 706; 192 706; 190 704; 189 704; 183 698; 183 696; 182 695; 182 694; 181 694; 180 693; 177 693; 175 691; 174 691; 172 689; 170 689; 169 688; 168 688; 162 682
68; 0 692; 0 700; 2 700; 6 704; 6 707; 2 711; 0 711; 0 719; 2 719; 3 718; 4 718; 5 717; 7 717; 8 716; 17 716; 18 715; 19 715; 20 714; 22 714; 25 711; 25 708; 22 705; 18 705; 17 704; 16 704; 12 700; 12 696; 13 695; 13 693; 8 693; 7 694; 5 694; 4 693; 3 693; 2 692
69; 553 700; 552 701; 552 709; 551 710; 551 711; 548 714; 547 714; 546 715; 545 715; 545 725; 544 726; 544 731; 543 732; 543 735; 542 736; 542 737; 537 742; 537 744; 536 745; 536 750; 539 750; 540 749; 541 749; 543 747; 544 747; 545 746; 547 746; 548 745; 549 745; 550 744; 562 744; 563 745; 568 745; 568 744; 572 740; 573 740; 574 739; 576 739; 577 738; 578 738; 579 737; 583 737; 584 738; 588 738; 590 736; 590 734; 589 733; 589 732; 588 731; 587 731; 586 730; 585 730; 584 729; 583 729; 575 721; 575 720; 563 708; 563 707; 560 704; 559 704; 555 700
70; 497 716; 496 717; 496 718; 495 719; 495 727; 494 728; 494 729; 493 730; 493 731; 490 734; 490 735; 488 737; 488 741; 487 742; 487 745; 486 746; 486 750; 485 751; 485 753; 484 754; 484 755; 483 756; 483 757; 481 759; 481 761; 480 762; 480 765; 481 766; 486 766; 489 763; 491 763; 492 762; 495 762; 496 763; 500 763; 501 762; 502 762; 504 760; 505 760; 506 759; 507 759; 508 758; 511 758; 512 757; 514 757; 515 756; 517 756; 518 755; 521 755; 522 754; 525 754; 526 755; 529 755; 530 754; 532 754; 532 751; 531 750; 530 750; 524 744; 524 743; 523 742; 523 741; 522 740; 522 739; 521 738; 521 736; 520 735; 520 731; 519 730; 519 729; 518 728; 515 728; 514 729; 512 729; 511 728; 510 728; 504 722; 504 720; 503 719; 503 718; 502 717; 502 716
71; 1014 762; 1018 770; 1018 779; 1020 782; 1019 798; 1023 800; 1023 750; 1014 746; 1014 755; 1012 757
72; 1012 757; 1006 756; 996 746; 995 741; 988 739; 976 726; 972 726; 959 778; 963 779; 971 773; 1004 762; 1014 762
73; 847 730; 843 734; 842 734; 841 735; 840 735; 839 736; 836 736; 835 737; 833 737; 832 738; 830 738; 829 739; 828 739; 827 740; 825 740; 824 741; 823 741; 822 742; 821 742; 820 743; 819 743; 818 744; 817 744; 816 745; 815 745; 814 746; 811 746; 810 747; 807 747; 806 748; 803 748; 802 749; 801 749; 801 752; 803 754; 804 754; 806 756; 807 756; 810 759; 811 759; 815 763; 815 766; 813 768; 813 770; 816 770; 819 767; 820 767; 821 768; 822 768; 827 773; 827 774; 835 782; 839 782; 842 779; 842 771; 843 770; 843 759; 844 758; 844 754; 846 752; 846 751; 847 750; 847 744; 848 743; 848 742; 850 740; 850 737; 851 736; 851 730
74; 106 728; 105 729; 105 730; 104 731; 104 733; 103 734; 103 736; 102 737; 102 738; 100 740; 99 740; 97 742; 96 742; 95 743; 95 745; 94 746; 94 750; 93 751; 93 752; 89 756; 89 757; 86 760; 86 761; 85 762; 85 764; 84 765; 84 766; 82 768; 82 769; 80 771; 80 774; 81 775; 83 775; 84 774; 87 774; 88 773; 90 773; 91 774; 94 774; 95 773; 97 773; 98 774; 99 774; 101 776; 101 777; 104 780; 106 780; 111 775; 112 775; 113 774; 116 774; 117 773; 120 773; 121 772; 122 772; 123 773; 125 773; 126 774; 130 774; 131 773; 131 772; 132 771; 132 769; 131 768; 131 767; 127 763; 127 762; 124 759; 124 758; 122 756; 122 755; 121 754; 121 751; 120 750; 120 748; 117 745; 117 744; 114 741; 114 740; 113 739; 113 738; 112 737; 112 736; 111 735; 111 734; 110 733; 110 729; 109 728
75; 203 760; 202 761; 201 761; 200 762; 196 762; 195 763; 189 763; 188 764; 183 764; 182 765; 173 765; 172 766; 170 766; 169 767; 168 767; 167 766; 164 766; 163 767; 160 767; 159 768; 154 768; 154 772; 155 773; 155 774; 156 775; 157 775; 159 777; 160 777; 162 779; 162 780; 163 781; 163 782; 164 783; 164 788; 165 789; 165 791; 166 792; 167 792; 168 793; 172 793; 177 798; 177 799; 178 800; 178 801; 179 802; 179 803; 181 805; 181 806; 183 808; 187 808; 187 803; 188 802; 188 800; 189 799; 189 798; 190 797; 190 796; 191 795; 191 794; 192 793; 192 792; 193 791; 193 790; 194 789; 194 788; 196 786; 196 785; 198 783; 199 783; 201 781; 201 780; 203 778; 203 774; 202 773; 202 769; 205 766; 205 765; 207 763; 207 760
76; 286 776; 285 777; 285 778; 284 779; 284 780; 283 781; 283 782; 282 783; 282 784; 281 785; 281 787; 280 788; 280 789; 279 790; 279 791; 275 795; 273 795; 272 796; 271 796; 270 797; 270 805; 269 806; 269 807; 268 808; 268 810; 267 811; 267 812; 265 814; 265 815; 262 818; 262 819; 261 820; 261 822; 262 823; 262 824; 265 824; 266 823; 267 823; 268 822; 269 822; 270 821; 278 821; 279 820; 292 820; 293 819; 306 819; 307 820; 312 820; 312 816; 305 809; 305 808; 304 807; 304 803; 300 799; 300 798; 299 797; 299 795; 298 794; 298 791; 291 784; 291 782; 290 781; 290 779; 289 778; 289 777; 288 776
77; 994 783; 993 784; 992 784; 991 785; 991 786; 990 787; 990 788; 989 789; 989 790; 987 792; 987 793; 986 794; 986 795; 984 797; 984 798; 982 800; 982 801; 978 805; 977 805; 973 809; 973 812; 971 814; 971 815; 969 817; 968 817; 966 819; 965 819; 964 820; 964 824; 965 825; 970 825; 971 824; 977 824; 978 825; 982 825; 983 826; 991 826; 992 827; 997 827; 998 826; 1003 826; 1004 827; 1008 827; 1009 828; 1011 828; 1012 829; 1013 829; 1019 835; 1020 835; 1021 836; 1023 836; 1023 828; 1022 828; 1021 827; 1018 827; 1015 824; 1015 823; 1013 821; 1012 821; 1011 820; 1011 819; 1010 818; 1010 816; 1009 815; 1009 813; 1008 812; 1008 811; 1006 809; 1006 807; 1005 806; 1005 804; 1004 803; 1004 802; 1003 801; 1003 800; 1002 799; 1002 796; 1001 795; 1001 793; 1000 792; 1000 791; 999 790; 999 786; 996 783
78; 468 794; 467 795; 467 796; 466 797; 466 804; 467 805; 467 806; 468 807; 468 809; 467 810; 467 824; 466 825; 466 836; 465 837; 465 839; 464 840; 464 841; 463 842; 463 843; 462 844; 462 847; 463 848; 465 848; 466 847; 467 847; 473 841; 474 841; 475 840; 477 840; 478 839; 483 839; 484 838; 486 838; 488 836; 490 836; 491 835; 492 835; 493 834; 494 834; 498 830; 498 829; 501 826; 502 826; 503 825; 511 825; 513 823; 513 821; 512 821; 511 820; 508 820; 507 819; 506 819; 504 817; 502 817; 498 813; 497 813; 492 808; 492 807; 491 807; 490 806; 489 806; 488 805; 485 805; 484 804; 483 804; 482 803; 481 803; 479 801; 478 801; 471 794
79; 228 800; 226 802; 226 803; 224 805; 224 806; 223 807; 222 807; 221 808; 215 808; 214 809; 214 810; 213 811; 213 813; 207 819; 206 819; 202 823; 201 823; 200 824; 199 824; 198 825; 194 825; 193 826; 192 826; 191 827; 191 831; 192 832; 195 832; 196 833; 198 833; 199 834; 200 834; 202 836; 203 836; 204 837; 206 837; 207 838; 208 838; 209 839; 210 839; 212 841; 212 842; 213 843; 213 845; 226 845; 227 846; 229 846; 230 847; 231 847; 234 850; 235 850; 236 851; 239 851; 239 845; 238 844; 238 843; 237 842; 237 839; 236 838; 236 831; 237 830; 237 827; 236 826; 236 824; 235 823; 235 819; 234 818; 234 812; 233 811; 233 801; 232 800
80; 367 801; 365 803; 365 807; 363 809; 363 810; 361 812; 360 812; 355 817; 354 817; 353 818; 353 819; 352 820; 352 823; 348 827; 348 828; 347 829; 347 830; 346 831; 346 832; 336 842; 336 844; 337 845; 343 845; 344 844; 350 844; 351 845; 359 845; 360 846; 361 846; 362 847; 363 847; 365 849; 366 849; 367 850; 371 850; 372 849; 373 849; 374 848; 382 848; 383 849; 388 849; 389 848; 389 844; 388 843; 388 842; 385 839; 385 838; 384 837; 384 836; 383 835; 383 830; 382 829; 382 827; 381 826; 381 825; 378 822; 378 821; 376 819; 376 818; 374 816; 374 814; 373 813; 373 811; 372 810; 372 807; 371 806; 371 803; 369 801
81; 339 853; 338 854; 336 854; 335 855; 333 855; 332 856; 323 856; 322 857; 319 857; 318 856; 311 856; 310 857; 306 857; 305 858; 300 858; 299 857; 298 857; 297 856; 295 856; 293 858; 293 860; 300 867; 300 868; 302 870; 302 872; 303 873; 303 876; 305 878; 305 879; 308 882; 308 883; 309 884; 309 885; 311 887; 311 888; 315 892; 315 893; 316 894; 316 895; 319 898; 319 899; 320 899; 321 900; 323 900; 325 898; 325 896; 326 895; 326 892; 327 891; 327 890; 328 889; 328 888; 332 884; 335 884; 336 883; 337 883; 337 879; 335 877; 335 876; 336 875; 336 872; 337 871; 337 870; 338 869; 338 868; 339 867; 339 866; 341 864; 341 863; 343 861; 343 860; 345 858; 345 854; 344 853
82; 227 854; 226 855; 225 855; 224 856; 223 856; 222 857; 218 857; 217 856; 213 856; 212 857; 211 857; 209 859; 208 858; 203 858; 202 859; 201 859; 200 860; 198 860; 197 861; 192 861; 191 860; 189 860; 188 859; 184 859; 182 861; 182 863; 184 865; 185 865; 188 868; 188 871; 189 872; 189 874; 191 876; 191 877; 192 878; 192 879; 194 881; 194 882; 195 883; 195 886; 194 887; 196 887; 198 889; 201 889; 206 894; 206 895; 207 896; 207 897; 208 898; 208 899; 209 900; 209 901; 214 901; 214 900; 215 899; 215 895; 216 894; 216 891; 218 889; 218 888; 219 887; 219 886; 221 884; 221 883; 222 882; 222 881; 223 880; 223 878; 224 877; 224 876; 225 875; 225 874; 226 873; 226 872; 227 871; 227 869; 228 868; 228 866; 229 865; 229 863; 230 862; 230 861; 231 860; 231 859; 232 858; 232 854
83; 565 856; 564 857; 564 859; 565 860; 565 862; 563 864; 562 864; 561 865; 557 865; 556 866; 555 866; 554 867; 553 867; 552 868; 541 868; 540 869; 540 873; 541 874; 542 874; 548 880; 548 881; 549 882; 549 883; 550 884; 550 886; 551 887; 551 888; 552 889; 552 893; 554 895; 555 894; 558 894; 560 896; 561 896; 564 899; 565 899; 570 904; 570 906; 571 907; 571 908; 573 908; 574 907; 574 905; 575 904; 575 897; 576 896; 576 894; 577 893; 577 892; 578 891; 578 889; 579 888; 579 883; 580 882; 580 880; 582 878; 582 877; 583 876; 583 875; 584 874; 584 873; 590 867; 590 865; 591 864; 591 859; 588 859; 587 860; 586 860; 584 862; 582 862; 581 863; 577 863; 576 864; 569 864; 567 862; 567 860; 568 859; 568 856
84; 433 867; 432 868; 431 868; 429 870; 426 870; 425 871; 423 871; 422 872; 421 872; 420 873; 417 873; 416 874; 413 874; 412 875; 410 875; 409 876; 408 876; 407 877; 403 877; 402 878; 399 878; 398 879; 394 879; 393 880; 392 880; 391 881; 389 881; 388 882; 384 882; 384 885; 385 885; 386 886; 387 886; 388 887; 389 887; 394 892; 394 893; 396 895; 396 896; 397 897; 397 899; 396 900; 396 903; 403 903; 404 904; 405 904; 406 905; 407 905; 412 910; 412 911; 415 914; 415 915; 419 919; 421 919; 422 918; 422 909; 423 908; 423 904; 424 903; 424 900; 425 899; 425 897; 426 896; 426 895; 427 894; 427 893; 431 889; 431 884; 430 883; 430 880; 431 879; 431 878; 432 877; 432 876; 435 873; 435 872; 436 871; 436 868; 435 867
85; 159 866; 159 867; 158 868; 158 870; 157 871; 157 880; 154 883; 153 883; 151 885; 151 889; 152 890; 152 891; 153 892; 153 894; 154 895; 154 901; 153 902; 153 907; 152 908; 152 909; 151 910; 151 911; 150 912; 150 917; 151 918; 153 918; 154 917; 156 917; 156 915; 159 912; 161 912; 162 911; 164 911; 165 910; 167 910; 168 909; 171 909; 172 908; 174 908; 175 907; 176 907; 177 906; 179 906; 180 905; 181 905; 182 904; 183 904; 187 900; 188 900; 189 899; 190 899; 191 898; 192 898; 193 897; 195 897; 196 896; 198 896; 198 890; 196 888; 193 888; 192 889; 191 889; 190 888; 189 888; 182 881; 182 880; 181 879; 180 879; 179 878; 174 878; 171 875; 170 875; 166 871; 166 870; 162 866
86; 236 874; 234 876; 234 886; 233 887; 233 890; 232 891; 232 893; 231 894; 231 902; 230 903; 230 912; 229 913; 229 915; 227 917; 227 918; 226 919; 226 920; 225 921; 225 923; 226 924; 228 924; 230 922; 231 922; 232 921; 234 921; 235 920; 238 920; 239 919; 243 919; 244 918; 245 918; 246 917; 247 917; 248 916; 249 916; 250 915; 251 915; 252 914; 254 914; 255 913; 256 913; 258 911; 259 911; 260 910; 261 910; 262 909; 263 909; 264 908; 274 908; 275 907; 275 905; 271 901; 270 901; 268 899; 267 899; 265 897; 264 897; 261 894; 261 893; 260 892; 260 891; 259 890; 259 889; 258 888; 254 888; 253 887; 251 887; 250 886; 249 886; 247 884; 246 884; 243 881; 243 880; 241 878; 241 877; 238 874
87; 530 876; 529 877; 529 878; 528 879; 528 883; 527 884; 527 885; 526 886; 526 887; 525 888; 525 889; 524 890; 524 891; 523 892; 523 893; 522 894; 522 895; 520 897; 520 898; 519 899; 519 902; 518 903; 518 906; 517 907; 517 909; 516 910; 516 911; 515 912; 515 914; 512 917; 512 918; 510 920; 510 922; 511 923; 517 923; 518 922; 520 922; 521 921; 528 921; 529 920; 534 920; 535 919; 537 919; 538 918; 541 918; 542 917; 545 917; 546 916; 549 916; 550 915; 553 915; 554 914; 556 914; 557 915; 562 915; 563 914; 563 910; 562 910; 561 909; 560 909; 558 907; 557 907; 552 902; 552 901; 551 900; 552 899; 552 897; 553 896; 553 895; 551 893; 547 893; 545 891; 544 891; 542 889; 541 889; 537 885; 537 884; 536 883; 536 882; 535 881; 535 878; 534 877; 534 876
88; 847 888; 837 898; 836 898; 828 906; 828 907; 826 909; 831 914; 833 912; 834 912; 835 911; 837 911; 838 910; 840 910; 841 911; 841 915; 842 916; 842 917; 843 917; 844 918; 847 918; 847 914; 846 913; 846 909; 847 908; 847 905; 844 902; 844 899; 845 898; 845 896; 849 892; 849 888
89; 825 910; 817 918; 816 918; 813 921; 813 924; 814 925; 823 925; 826 928; 826 929; 829 932; 833 932; 834 931; 835 931; 836 932; 839 932; 840 933; 845 933; 846 934; 847 934; 848 935; 849 935; 850 936; 851 936; 852 937; 856 937; 856 934; 855 933; 855 932; 852 929; 852 928; 850 926; 850 920; 848 920; 848 924; 846 926; 843 926; 842 925; 841 925; 839 923; 839 922; 838 922; 837 921; 832 921; 829 918; 829 916; 830 915; 830 914; 826 910
90; 339 900; 334 905; 331 905; 331 914; 330 915; 330 917; 329 918; 329 921; 330 922; 330 925; 329 926; 329 928; 328 929; 328 930; 327 931; 327 932; 326 933; 326 941; 325 942; 325 944; 324 945; 324 946; 323 947; 323 952; 326 952; 329 949; 330 949; 332 947; 333 947; 334 946; 337 946; 338 947; 341 947; 342 946; 344 946; 345 945; 346 945; 347 944; 348 944; 350 942; 351 942; 352 941; 353 941; 354 940; 355 940; 356 939; 357 939; 358 938; 360 938; 361 937; 369 937; 370 938; 370 937; 372 935; 372 933; 371 933; 369 931; 368 931; 365 928; 364 928; 356 920; 356 918; 355 917; 355 914; 354 913; 350 913; 348 911; 347 911; 345 909; 345 908; 343 906; 343 904; 342 903; 342 901; 341 900
91; 134 906; 133 907; 132 907; 131 908; 130 908; 129 909; 128 909; 124 913; 123 913; 122 914; 121 914; 120 915; 118 915; 117 916; 116 916; 115 917; 111 917; 110 918; 109 918; 108 919; 107 919; 104 922; 103 922; 101 924; 100 924; 99 925; 98 925; 97 926; 95 926; 94 927; 91 927; 90 928; 90 931; 91 932; 92 932; 93 933; 97 933; 98 934; 99 934; 102 937; 102 938; 104 940; 105 940; 106 941; 108 941; 111 944; 112 944; 114 946; 116 946; 117 947; 119 947; 120 948; 121 948; 128 955; 132 955; 132 949; 131 948; 131 943; 132 942; 132 941; 133 940; 133 938; 134 937; 134 934; 135 933; 135 931; 136 930; 136 928; 134 926; 134 916; 135 915; 135 913; 137 911; 137 907; 136 906
92; 154 918; 153 919; 151 919; 151 920; 152 921; 152 922; 153 923; 153 924; 155 926; 156 926; 159 929; 159 930; 160 931; 160 932; 159 933; 159 934; 158 935; 158 939; 159 940; 160 940; 164 944; 164 945; 166 947; 166 948; 167 949; 167 950; 169 952; 169 953; 171 955; 171 956; 172 957; 172 958; 173 959; 173 961; 174 962; 174 966; 175 967; 177 967; 179 965; 179 963; 180 962; 180 959; 183 956; 183 955; 184 954; 184 953; 185 952; 185 951; 190 946; 190 945; 191 944; 191 943; 192 942; 192 941; 194 939; 194 938; 195 937; 195 936; 196 935; 196 934; 202 928; 203 928; 203 927; 204 926; 204 923; 193 923; 192 922; 191 922; 190 921; 179 921; 178 922; 173 922; 172 923; 171 923; 170 922; 167 922; 166 921; 160 921; 157 918
93; 954 917; 954 918; 953 919; 953 924; 954 925; 954 927; 955 928; 955 931; 954 932; 954 936; 953 937; 953 941; 952 942; 952 950; 951 951; 951 958; 950 959; 950 961; 949 962; 949 964; 948 965; 948 967; 949 968; 951 968; 952 967; 953 967; 957 963; 958 963; 959 962; 962 962; 963 963; 968 963; 969 962; 970 962; 970 961; 973 958; 973 957; 975 955; 976 955; 977 954; 978 954; 980 952; 982 952; 983 951; 984 951; 985 950; 991 950; 992 949; 994 949; 995 948; 995 945; 994 944; 993 944; 992 943; 991 943; 990 942; 988 942; 986 940; 985 940; 982 937; 982 936; 981 935; 981 934; 979 932; 979 930; 978 929; 978 926; 976 926; 974 928; 972 928; 971 927; 970 927; 969 926; 968 926; 967 925; 966 925; 964 923; 964 922; 962 920; 962 919; 961 918; 960 918; 959 917
94; 944 920; 943 921; 942 921; 939 924; 938 924; 937 925; 936 925; 935 926; 932 926; 931 927; 928 927; 927 928; 926 928; 925 929; 916 929; 915 930; 915 931; 914 932; 914 933; 911 936; 910 936; 909 937; 902 937; 901 938; 901 941; 902 942; 903 942; 904 943; 905 943; 906 944; 907 944; 912 949; 913 949; 916 952; 917 952; 920 955; 920 956; 921 957; 922 957; 927 962; 928 962; 932 966; 933 966; 934 967; 935 967; 937 969; 939 969; 941 967; 941 960; 940 959; 940 958; 941 957; 941 956; 942 955; 942 953; 943 952; 943 951; 944 950; 944 949; 945 948; 945 947; 946 946; 946 938; 945 937; 945 934; 946 933; 946 930; 947 929; 947 928; 948 927; 948 926; 949 925; 949 922; 947 920
95; 718 926; 717 927; 715 927; 714 928; 705 928; 704 929; 702 929; 701 928; 696 928; 695 929; 694 929; 693 930; 690 930; 689 931; 687 931; 686 930; 685 930; 684 929; 679 929; 678 930; 677 930; 676 931; 675 931; 674 932; 674 934; 677 937; 678 937; 680 939; 680 940; 681 941; 681 943; 682 944; 682 945; 683 946; 683 947; 684 948; 684 954; 688 954; 697 963; 697 964; 699 966; 699 967; 702 970; 702 971; 703 972; 706 972; 707 971; 707 970; 708 969; 708 962; 709 961; 709 960; 712 957; 712 956; 713 955; 713 951; 715 949; 716 949; 717 948; 718 948; 719 947; 720 947; 720 941; 719 940; 719 936; 721 934; 721 933; 722 932; 723 932; 726 929; 726 927; 725 926; 722 926; 721 927; 720 926
96; 420 933; 419 934; 416 934; 415 935; 402 935; 401 936; 399 936; 398 935; 392 935; 390 937; 386 937; 385 938; 383 938; 382 937; 379 937; 378 936; 377 936; 376 935; 374 935; 373 934; 373 935; 371 937; 371 939; 372 939; 375 942; 376 942; 378 944; 378 945; 383 950; 383 951; 385 953; 385 954; 387 956; 387 957; 388 958; 388 959; 389 960; 389 961; 390 962; 390 963; 393 966; 393 967; 394 968; 394 969; 395 970; 395 971; 396 972; 396 974; 397 975; 397 976; 398 977; 398 979; 400 981; 402 981; 404 979; 404 978; 405 977; 405 974; 406 973; 406 970; 407 969; 407 967; 408 966; 408 965; 410 963; 410 961; 412 959; 412 958; 414 956; 414 954; 415 953; 415 951; 416 950; 416 949; 417 948; 417 947; 418 946; 418 945; 419 944; 419 942; 421 940; 421 939; 424 936; 424 933
97; 553 929; 553 935; 554 936; 554 938; 555 939; 555 940; 556 941; 556 948; 555 949; 555 952; 554 953; 554 959; 557 962; 557 964; 558 965; 558 968; 559 969; 559 973; 558 974; 558 976; 559 977; 559 978; 560 979; 564 979; 566 977; 566 976; 567 975; 567 974; 568 973; 568 972; 569 971; 570 971; 572 969; 574 969; 575 968; 576 968; 577 967; 577 966; 584 959; 585 959; 587 957; 588 957; 591 954; 592 954; 596 950; 597 950; 598 949; 599 949; 600 948; 600 944; 598 944; 597 943; 590 943; 584 937; 582 937; 581 938; 578 938; 577 937; 576 937; 575 936; 573 936; 572 935; 570 935; 569 934; 566 934; 565 933; 564 933; 563 932; 561 932; 558 929
98; 299 947; 298 948; 296 948; 295 949; 291 949; 290 950; 285 950; 284 949; 282 949; 281 948; 279 948; 278 949; 276 949; 275 950; 267 950; 266 951; 265 951; 264 952; 263 952; 262 953; 261 953; 260 952; 253 952; 252 953; 252 956; 258 962; 258 963; 259 964; 259 965; 263 969; 263 970; 264 971; 264 972; 266 974; 266 976; 268 978; 268 979; 275 986; 275 987; 276 988; 276 989; 277 990; 277 992; 278 993; 281 993; 282 992; 282 990; 283 989; 283 986; 284 985; 284 984; 285 983; 285 982; 287 980; 287 979; 290 976; 290 975; 293 972; 294 972; 295 971; 297 971; 297 968; 296 967; 296 965; 295 964; 295 963; 296 962; 296 960; 297 959; 297 958; 299 956; 299 955; 303 951; 303 947
99; 468 943; 468 944; 467 945; 467 948; 466 949; 466 952; 465 953; 465 955; 464 956; 464 957; 463 958; 463 959; 462 960; 462 961; 461 962; 461 963; 460 964; 460 965; 459 966; 459 967; 458 968; 458 970; 457 971; 457 972; 456 973; 456 975; 455 976; 455 978; 454 979; 454 981; 453 982; 453 983; 452 984; 452 985; 450 987; 450 988; 449 989; 449 991; 451 993; 454 993; 455 992; 456 992; 457 991; 458 991; 459 990; 460 990; 461 989; 463 989; 464 990; 470 990; 471 989; 472 989; 473 988; 474 988; 475 987; 477 987; 478 986; 480 986; 481 985; 482 985; 483 984; 486 984; 487 983; 499 983; 499 979; 495 975; 495 974; 492 971; 492 970; 489 967; 489 962; 487 960; 486 960; 485 959; 484 959; 482 957; 481 957; 477 953; 477 952; 475 950; 475 949; 472 946; 472 944; 471 943
100; 900 956; 900 963; 901 964; 901 965; 900 966; 900 970; 899 971; 899 973; 898 974; 898 975; 895 978; 895 979; 894 980; 894 983; 895 984; 895 985; 896 986; 896 987; 897 988; 897 991; 896 992; 896 999; 895 1000; 895 1002; 894 1003; 894 1005; 895 1006; 899 1006; 901 1004; 903 1004; 904 1003; 905 1003; 910 998; 911 998; 912 997; 913 997; 915 995; 916 995; 917 994; 919 994; 920 993; 923 993; 924 992; 925 992; 928 989; 929 989; 931 987; 932 987; 933 986; 934 986; 935 985; 937 985; 938 984; 941 984; 942 983; 942 980; 941 979; 940 979; 939 978; 938 978; 937 977; 936 977; 935 976; 934 976; 930 972; 930 971; 929 970; 928 970; 927 969; 925 969; 924 968; 923 968; 922 967; 921 967; 919 965; 918 965; 917 964; 915 964; 914 963; 912 963; 910 961; 909 961; 904 956
101; 854 989; 853 990; 852 990; 851 991; 846 991; 845 990; 838 990; 835 993; 834 993; 833 994; 831 994; 830 995; 829 995; 828 996; 827 996; 827 999; 828 1000; 828 1003; 842 1003; 844 1005; 844 1012; 843 1013; 843 1015; 842 1016; 842 1018; 840 1020; 840 1021; 839 1022; 839 1023; 848 1023; 848 1021; 850 1019; 850 1018; 851 1017; 851 1013; 852 1012; 852 1009; 853 1008; 853 1003; 854 1002; 854 999; 858 995; 859 995; 860 994; 860 990; 859 989
102; 623 978; 622 979; 621 979; 619 981; 618 981; 617 982; 615 982; 614 983; 606 983; 605 984; 603 984; 602 985; 599 985; 598 986; 596 986; 595 987; 593 987; 592 988; 590 988; 589 989; 580 989; 579 990; 576 990; 575 991; 575 995; 576 996; 577 996; 578 997; 580 997; 583 1000; 583 1001; 584 1002; 584 1005; 587 1008; 588 1008; 596 1016; 597 1016; 600 1019; 600 1020; 601 1021; 601 1023; 610 1023; 610 1021; 611 1020; 611 1019; 612 1018; 612 1017; 613 1016; 613 1013; 614 1012; 614 1011; 618 1007; 621 1007; 621 1003; 620 1002; 620 994; 621 993; 621 992; 622 991; 622 989; 624 987; 624 986; 626 984; 626 983; 627 982; 627 979; 626 978
103; 58 980; 52 986; 52 987; 49 990; 49 991; 47 993; 46 993; 45 994; 42 994; 41 995; 40 995; 39 996; 39 998; 38 999; 38 1001; 36 1003; 36 1004; 31 1009; 30 1009; 29 1010; 28 1010; 22 1016; 22 1019; 28 1019; 29 1020; 31 1020; 34 1023; 68 1023; 68 1020; 67 1019; 67 1018; 68 1017; 68 1016; 69 1015; 69 1014; 70 1013; 70 1009; 69 1008; 68 1008; 65 1005; 65 1004; 64 1003; 64 1000; 63 999; 63 995; 62 994; 62 992; 61 991; 61 981; 60 980
104; 240 982; 239 983; 239 993; 240 994; 240 1013; 241 1014; 241 1023; 264 1023; 264 1021; 272 1013; 273 1013; 274 1012; 275 1012; 276 1011; 277 1011; 278 1010; 281 1010; 282 1009; 283 1009; 284 1008; 284 1006; 283 1005; 283 1004; 282 1004; 281 1003; 278 1003; 277 1002; 276 1002; 275 1001; 274 1001; 272 999; 271 999; 270 998; 269 998; 268 997; 267 997; 265 995; 264 995; 262 993; 260 993; 259 992; 257 992; 256 991; 254 991; 253 990; 252 990; 251 989; 249 989; 244 984; 244 982
105; 826 996; 825 997; 814 997; 813 998; 811 998; 810 999; 809 999; 809 1004; 811 1006; 812 1006; 818 1012; 818 1013; 819 1014; 819 1015; 820 1016; 820 1017; 822 1019; 822 1023; 836 1023; 836 1022; 833 1019; 833 1018; 827 1012; 827 1011; 826 1010; 826 1009; 825 1008; 825 1005; 827 1003; 827 1000; 826 999
106; 955 979; 954 980; 954 993; 953 994; 953 1008; 954 1009; 954 1020; 953 1021; 953 1023; 975 1023; 976 1022; 976 1020; 978 1018; 979 1018; 981 1016; 982 1016; 983 1015; 984 1015; 985 1014; 986 1014; 987 1013; 988 1013; 991 1010; 992 1010; 993 1009; 995 1009; 996 1008; 998 1008; 999 1007; 999 1004; 998 1003; 996 1003; 995 1002; 991 1002; 990 1001; 989 1001; 985 997; 984 997; 982 995; 981 995; 976 990; 976 989; 974 987; 967 987; 963 983; 962 983; 958 979
