0; 869 102; 869 115; 866 124; 868 126; 874 126; 882 122; 892 122; 911 117; 925 116; 926 113; 910 100; 901 88
1; 901 88; 879 68; 866 52; 862 51; 862 57; 867 71; 865 92; 869 102
2; 145 145; 144 146; 143 146; 137 152; 136 152; 134 154; 133 154; 131 156; 130 156; 129 157; 127 157; 126 158; 125 158; 124 159; 123 159; 122 160; 120 160; 119 161; 118 161; 117 162; 116 162; 114 164; 113 164; 111 166; 110 166; 109 167; 107 167; 106 168; 103 168; 102 169; 100 169; 97 172; 97 174; 99 176; 100 176; 101 177; 102 177; 103 178; 104 178; 105 179; 107 179; 108 180; 109 180; 110 181; 112 181; 114 183; 115 183; 116 184; 117 184; 119 186; 120 186; 123 189; 124 189; 130 195; 131 195; 132 196; 133 196; 134 197; 136 197; 137 198; 139 198; 140 199; 141 199; 142 200; 143 200; 144 201; 145 201; 147 203; 148 203; 154 209; 155 209; 156 210; 158 210; 160 208; 160 206; 159 205; 159 202; 158 201; 158 199; 157 198; 157 196; 156 195; 156 192; 155 191; 155 179; 154 178; 154 174; 153 173; 153 169; 152 168; 152 164; 151 163; 151 148; 150 147; 150 146; 149 145
3; 200 214; 199 215; 197 215; 196 216; 195 216; 194 217; 192 217; 191 218; 190 218; 189 219; 184 219; 183 220; 178 220; 177 221; 174 221; 173 222; 171 222; 170 223; 167 223; 166 224; 164 224; 163 225; 161 225; 160 226; 158 226; 157 227; 146 227; 145 228; 144 228; 144 231; 148 235; 150 235; 151 236; 152 236; 153 237; 154 237; 157 240; 158 240; 165 247; 165 248; 166 249; 166 250; 167 251; 167 252; 168 252; 169 253; 172 253; 173 254; 174 254; 176 256; 177 256; 179 258; 180 258; 185 263; 186 263; 193 270; 194 270; 195 271; 197 271; 198 270; 198 249; 199 248; 199 245; 200 244; 200 242; 201 241; 201 237; 202 236; 202 229; 201 228; 201 227; 202 226; 202 224; 203 223; 203 222; 204 221; 204 220; 205 219; 205 217; 204 216; 204 215; 203 215; 202 214
4; 412 294; 411 295; 411 296; 410 297; 410 300; 409 301; 409 302; 408 303; 408 304; 407 305; 407 306; 406 307; 406 308; 404 310; 404 311; 402 313; 402 315; 401 316; 401 319; 400 320; 400 321; 399 322; 399 323; 398 324; 398 326; 397 327; 397 328; 396 329; 396 330; 395 331; 395 332; 390 337; 390 338; 389 339; 389 343; 411 343; 412 344; 414 344; 415 345; 417 345; 418 346; 420 346; 421 345; 424 345; 425 344; 432 344; 433 343; 447 343; 448 344; 453 344; 454 343; 454 340; 453 339; 453 338; 452 337; 451 337; 449 335; 448 335; 442 329; 442 328; 433 319; 433 318; 429 314; 429 313; 423 307; 423 306; 421 304; 421 303; 420 302; 420 301; 419 300; 419 298; 418 297; 418 296; 416 294
5; 152 418; 152 427; 153 428; 153 431; 154 432; 154 434; 156 436; 156 437; 157 438; 157 439; 158 440; 158 441; 159 442; 159 443; 161 445; 161 446; 162 447; 162 449; 163 450; 163 451; 162 452; 162 453; 161 454; 147 454; 146 453; 143 453; 143 456; 142 457; 142 461; 144 461; 145 462; 155 462; 156 463; 167 463; 168 464; 171 464; 172 465; 174 465; 175 466; 177 466; 178 467; 183 467; 183 462; 179 458; 179 457; 175 453; 175 452; 174 451; 174 450; 173 449; 173 448; 172 447; 172 446; 171 445; 171 444; 169 442; 169 441; 168 440; 168 438; 166 436; 166 435; 165 434; 165 433; 163 431; 163 430; 160 427; 160 426; 158 424; 158 423; 157 422; 157 421; 154 418
6; 379 491; 378 492; 376 492; 375 493; 374 493; 373 494; 372 494; 371 495; 365 495; 364 496; 354 496; 353 497; 349 497; 348 498; 341 498; 340 499; 334 499; 333 498; 326 498; 325 499; 324 499; 324 503; 325 503; 328 506; 329 506; 348 525; 349 525; 352 528; 353 528; 359 534; 359 535; 361 537; 361 538; 366 543; 369 543; 370 542; 370 541; 371 540; 371 536; 372 535; 372 532; 373 531; 373 530; 374 529; 374 528; 375 527; 375 526; 376 525; 376 524; 377 523; 377 522; 380 519; 380 506; 381 505; 381 502; 382 501; 382 500; 383 499; 383 498; 384 497; 384 492; 383 492; 382 491
7; 933 509; 933 510; 932 511; 932 514; 931 515; 931 522; 930 523; 930 525; 929 526; 929 527; 928 528; 928 529; 927 530; 927 531; 926 532; 926 533; 925 534; 925 536; 924 537; 924 540; 923 541; 923 545; 922 546; 922 549; 921 550; 921 552; 918 555; 918 556; 917 557; 917 559; 918 560; 919 560; 920 561; 923 561; 924 560; 927 560; 928 559; 931 559; 932 558; 944 558; 945 557; 948 557; 949 556; 953 556; 954 555; 957 555; 958 554; 962 554; 963 553; 979 553; 979 550; 975 546; 974 546; 970 542; 969 542; 966 539; 966 538; 954 526; 953 526; 952 525; 951 525; 941 515; 941 514; 940 513; 940 512; 937 509
8; 676 544; 675 545; 673 545; 672 546; 669 546; 668 547; 655 547; 654 548; 649 548; 648 549; 640 549; 639 550; 619 550; 619 554; 622 557; 623 557; 629 563; 629 564; 634 569; 634 570; 638 574; 638 575; 641 578; 642 578; 644 580; 645 580; 656 591; 656 592; 659 595; 663 595; 664 594; 664 593; 665 592; 665 588; 666 587; 666 585; 667 584; 667 581; 668 580; 668 579; 669 578; 669 577; 670 576; 670 575; 671 574; 671 573; 672 572; 672 568; 673 567; 673 564; 674 563; 674 562; 675 561; 675 559; 676 558; 676 556; 677 555; 677 554; 678 553; 678 552; 681 549; 681 545; 680 545; 679 544
9; 260 560; 259 561; 259 562; 258 563; 258 569; 257 570; 257 571; 256 572; 256 573; 254 575; 254 576; 252 578; 252 579; 251 580; 251 581; 249 583; 249 584; 248 585; 248 586; 247 587; 247 588; 246 589; 246 591; 245 592; 245 594; 244 595; 244 596; 243 597; 243 598; 241 600; 241 601; 239 603; 239 607; 240 608; 245 608; 246 607; 249 607; 250 606; 252 606; 253 605; 258 605; 259 606; 263 606; 264 607; 269 607; 270 606; 283 606; 284 605; 287 605; 288 606; 295 606; 296 607; 298 607; 299 606; 300 606; 300 603; 297 600; 296 600; 293 597; 293 596; 290 593; 290 592; 288 590; 288 589; 286 587; 286 586; 284 584; 284 583; 269 568; 269 567; 266 564; 266 563; 264 561; 263 561; 262 560
10; 424 661; 424 662; 423 663; 423 669; 424 670; 424 671; 423 672; 423 676; 422 677; 422 680; 421 681; 421 684; 420 685; 420 693; 419 694; 419 696; 418 697; 418 698; 417 699; 417 700; 416 701; 416 702; 415 703; 415 704; 414 705; 414 708; 415 709; 415 710; 420 710; 421 709; 422 709; 423 708; 425 708; 426 707; 428 707; 429 706; 438 706; 439 705; 444 705; 445 704; 449 704; 450 703; 453 703; 454 702; 458 702; 459 701; 465 701; 466 700; 474 700; 475 699; 475 697; 473 695; 471 695; 470 694; 469 694; 454 679; 453 679; 452 678; 451 678; 450 677; 449 677; 448 676; 447 676; 445 674; 444 674; 443 673; 442 673; 441 672; 440 672; 438 670; 437 670; 433 666; 433 665; 429 661
11; 554 672; 552 674; 552 675; 551 676; 551 679; 550 680; 550 681; 549 682; 549 683; 548 684; 548 685; 547 686; 547 687; 543 691; 543 692; 542 693; 542 694; 541 695; 541 698; 540 699; 540 700; 539 701; 539 703; 538 704; 538 705; 536 707; 536 708; 535 709; 535 710; 534 711; 534 712; 532 714; 532 719; 533 719; 534 720; 537 720; 538 719; 540 719; 541 718; 550 718; 551 719; 567 719; 568 718; 574 718; 575 717; 588 717; 589 718; 593 718; 594 717; 595 717; 595 714; 592 711; 592 710; 584 702; 583 702; 579 698; 579 697; 575 693; 575 692; 570 687; 569 687; 565 683; 564 683; 563 682; 563 681; 561 679; 561 677; 559 675; 559 674; 558 673; 557 673; 556 672
12; 281 706; 280 707; 279 707; 278 708; 276 708; 275 709; 273 709; 272 710; 263 710; 262 711; 261 710; 257 710; 256 709; 253 709; 252 710; 250 710; 249 711; 248 711; 247 712; 245 712; 244 713; 241 713; 240 714; 229 714; 228 715; 227 715; 227 718; 229 720; 230 720; 231 721; 232 721; 234 723; 235 723; 237 725; 238 725; 244 731; 245 731; 248 734; 249 734; 253 738; 254 738; 258 742; 259 742; 261 744; 262 744; 271 753; 275 753; 275 752; 276 751; 276 745; 277 744; 277 741; 278 740; 278 739; 279 738; 279 736; 280 735; 280 732; 281 731; 281 729; 282 728; 282 726; 283 725; 283 721; 284 720; 284 716; 285 715; 285 714; 287 712; 287 707; 286 706
13; 826 735; 825 736; 825 746; 824 747; 824 750; 823 751; 823 752; 820 755; 820 756; 819 757; 819 767; 818 768; 818 773; 817 774; 817 776; 816 777; 816 779; 815 780; 815 788; 817 790; 820 790; 821 789; 822 789; 824 787; 825 787; 827 785; 836 785; 837 784; 845 784; 846 783; 850 783; 851 782; 853 782; 854 781; 856 781; 857 780; 862 780; 863 779; 874 779; 876 777; 876 774; 872 770; 871 770; 870 769; 869 769; 867 767; 866 767; 864 765; 864 764; 860 760; 860 759; 854 753; 853 753; 850 750; 849 750; 847 748; 846 748; 844 746; 843 746; 841 744; 840 744; 831 735
14; 544 802; 544 807; 546 809; 546 810; 547 811; 547 812; 548 813; 548 814; 549 815; 549 823; 550 824; 550 826; 551 827; 551 829; 552 830; 552 832; 553 833; 553 834; 554 835; 554 836; 555 837; 555 838; 556 839; 556 840; 557 841; 557 845; 558 846; 558 852; 559 853; 559 855; 560 855; 561 856; 564 856; 565 855; 566 855; 566 854; 572 848; 573 848; 574 847; 575 847; 577 845; 578 845; 580 843; 581 843; 584 840; 585 840; 587 838; 588 838; 589 837; 590 837; 595 832; 595 831; 597 829; 598 829; 600 827; 602 827; 604 825; 605 825; 605 824; 606 823; 606 820; 605 820; 604 819; 596 819; 595 818; 592 818; 591 817; 589 817; 588 816; 587 816; 586 815; 585 815; 584 814; 583 814; 579 810; 568 810; 567 809; 564 809; 563 808; 561 808; 560 807; 558 807; 557 806; 556 806; 555 805; 554 805; 553 804; 552 804; 551 803; 549 803; 548 802
15; 871 796; 869 798; 869 800; 868 801; 868 808; 867 809; 867 810; 865 812; 865 813; 864 814; 864 815; 862 817; 862 818; 861 819; 861 820; 860 821; 860 822; 859 823; 859 824; 858 825; 858 827; 857 828; 857 830; 856 831; 856 833; 855 834; 855 836; 854 837; 854 838; 849 843; 849 847; 850 847; 851 848; 858 848; 859 847; 862 847; 863 846; 880 846; 881 845; 887 845; 888 844; 896 844; 897 843; 901 843; 902 842; 903 843; 913 843; 913 839; 905 831; 904 831; 903 830; 903 829; 896 822; 896 821; 894 819; 894 818; 891 815; 890 815; 880 805; 880 804; 879 803; 879 802; 878 801; 878 800; 874 796
16; 418 932; 416 934; 415 934; 411 938; 407 938; 406 939; 402 939; 401 940; 395 940; 394 941; 390 941; 389 942; 388 942; 387 943; 386 943; 385 944; 384 944; 383 945; 382 945; 381 946; 378 946; 377 947; 372 947; 371 948; 368 948; 366 950; 366 952; 367 953; 369 953; 370 954; 373 954; 374 955; 375 955; 376 956; 377 956; 379 958; 380 958; 382 960; 383 960; 385 962; 386 962; 388 964; 389 964; 391 966; 392 966; 394 968; 395 968; 396 969; 397 969; 398 970; 399 970; 401 972; 402 972; 403 973; 404 973; 405 974; 406 974; 408 976; 409 976; 414 981; 414 982; 415 982; 416 983; 419 983; 420 982; 420 973; 419 972; 420 971; 420 967; 421 966; 421 961; 422 960; 422 955; 423 954; 423 944; 424 943; 424 936; 423 935; 423 933; 422 933; 421 932
17; 127 949; 126 950; 124 950; 123 951; 122 951; 121 952; 118 952; 117 953; 102 953; 101 954; 94 954; 93 955; 87 955; 86 956; 80 956; 79 955; 72 955; 71 956; 71 958; 73 960; 74 960; 77 963; 78 963; 88 973; 88 974; 89 974; 96 981; 97 981; 101 985; 102 985; 107 990; 107 991; 108 992; 108 993; 111 996; 114 996; 116 994; 116 991; 117 990; 117 987; 118 986; 118 984; 119 983; 119 982; 120 981; 120 980; 121 979; 121 978; 124 975; 124 971; 125 970; 125 965; 126 964; 126 962; 127 961; 127 960; 128 959; 128 958; 131 955; 131 954; 132 953; 132 950; 131 949
18; 64 986; 63 987; 62 987; 62 988; 61 989; 61 1000; 60 1001; 60 1003; 59 1004; 59 1006; 58 1007; 58 1010; 57 1011; 57 1016; 56 1017; 56 1021; 55 1022; 55 1023; 67 1023; 67 1016; 68 1015; 68 1010; 69 1009; 69 1008; 70 1007; 70 1006; 71 1005; 74 1005; 75 1006; 76 1006; 78 1008; 79 1008; 82 1011; 83 1011; 88 1016; 88 1018; 86 1020; 85 1020; 84 1021; 82 1021; 81 1022; 80 1022; 80 1023; 110 1023; 110 1021; 109 1021; 107 1019; 106 1019; 105 1018; 104 1018; 102 1016; 101 1016; 94 1009; 94 1008; 91 1005; 90 1005; 89 1004; 87 1004; 85 1002; 84 1002; 82 1000; 81 1000; 79 998; 78 998; 76 996; 75 996; 69 990; 69 989; 66 986
