0; 286 0; 286 2; 285 3; 285 4; 284 5; 265 5; 264 6; 250 6; 250 11; 251 12; 251 13; 252 14; 252 16; 253 17; 253 18; 255 20; 255 21; 256 22; 256 23; 258 25; 258 26; 261 29; 261 30; 263 32; 263 33; 264 34; 264 35; 265 36; 265 37; 267 39; 267 40; 270 43; 273 43; 274 42; 274 41; 275 40; 275 39; 276 38; 276 35; 278 33; 278 32; 281 29; 281 28; 282 27; 282 26; 283 25; 283 24; 284 23; 284 22; 285 21; 285 20; 286 19; 286 18; 287 17; 287 16; 288 15; 288 14; 289 13; 289 9; 290 8; 290 6; 291 5; 291 3; 290 2; 290 0
1; 453 0; 453 4; 454 5; 454 8; 455 9; 455 24; 456 25; 456 32; 457 33; 457 34; 462 34; 463 33; 464 33; 465 32; 466 32; 471 27; 472 27; 473 26; 474 26; 478 22; 479 22; 481 20; 482 20; 490 12; 490 8; 488 6; 486 6; 485 5; 484 5; 483 4; 482 4; 481 3; 480 3; 478 1; 478 0
2; 584 0; 584 3; 585 4; 585 15; 586 16; 586 17; 587 18; 587 20; 588 21; 588 26; 589 27; 589 29; 590 30; 590 31; 591 32; 596 32; 599 29; 599 28; 605 22; 606 22; 611 17; 612 17; 619 10; 619 9; 620 8; 620 2; 619 1; 619 0
3; 539 4; 535 8; 534 8; 533 9; 532 9; 531 10; 530 10; 528 12; 527 12; 524 15; 523 15; 520 18; 519 18; 514 23; 513 23; 510 26; 510 30; 511 31; 512 31; 513 32; 514 32; 515 33; 517 33; 518 34; 520 34; 522 36; 523 36; 524 37; 525 37; 526 38; 527 38; 528 39; 529 39; 530 40; 531 40; 532 41; 533 41; 534 42; 535 42; 537 44; 538 44; 539 45; 540 45; 541 46; 546 46; 547 45; 547 44; 548 43; 548 40; 547 39; 547 22; 545 20; 545 18; 544 17; 544 10; 543 9; 543 5; 542 4
4; 104 21; 102 23; 101 23; 100 24; 100 25; 91 34; 91 35; 87 39; 87 40; 79 48; 79 51; 80 52; 82 52; 83 53; 86 53; 87 54; 90 54; 91 55; 94 55; 95 56; 97 56; 98 57; 101 57; 102 58; 105 58; 106 59; 110 59; 111 60; 114 60; 115 61; 119 61; 119 55; 118 54; 118 52; 117 51; 117 49; 116 48; 116 46; 115 45; 115 38; 114 37; 114 36; 112 34; 112 33; 111 32; 111 29; 110 28; 110 26; 108 24; 108 23; 106 21
5; 147 34; 146 35; 145 35; 143 37; 143 38; 137 44; 136 44; 135 45; 133 45; 130 48; 130 49; 124 55; 123 55; 121 57; 120 56; 120 62; 121 62; 122 63; 124 63; 125 64; 126 64; 127 65; 128 65; 129 66; 131 66; 132 67; 133 67; 134 68; 135 68; 136 69; 138 69; 139 70; 141 70; 142 71; 144 71; 145 72; 148 72; 149 73; 151 73; 152 74; 153 74; 154 75; 157 75; 158 74; 158 67; 157 66; 157 62; 156 61; 156 54; 155 53; 155 47; 154 46; 154 43; 153 42; 153 40; 152 39; 152 37; 149 34
6; 221 36; 220 37; 219 37; 217 39; 216 39; 215 40; 214 40; 213 41; 212 41; 205 48; 204 48; 204 49; 195 58; 194 58; 193 59; 193 63; 195 65; 196 65; 197 66; 198 66; 199 67; 201 67; 202 68; 204 68; 205 69; 206 69; 207 70; 209 70; 210 71; 213 71; 214 72; 215 72; 216 73; 217 73; 218 74; 221 74; 222 75; 223 75; 224 76; 230 76; 232 74; 232 72; 231 71; 231 68; 230 67; 230 65; 229 64; 229 60; 228 59; 228 54; 227 53; 227 50; 226 49; 226 43; 225 42; 225 38; 223 36
7; 1005 42; 1004 43; 1002 43; 1001 44; 999 44; 998 45; 997 45; 996 46; 995 46; 994 47; 993 47; 992 48; 987 48; 986 49; 984 49; 980 53; 979 53; 977 55; 976 55; 975 56; 972 56; 970 58; 970 60; 971 61; 971 62; 974 65; 975 65; 978 68; 979 68; 983 72; 984 72; 987 75; 994 75; 995 74; 997 74; 999 76; 999 77; 1000 78; 1000 79; 1001 80; 1004 80; 1004 79; 1005 78; 1005 72; 1006 71; 1006 64; 1007 63; 1007 51; 1008 50; 1008 48; 1009 47; 1009 44; 1007 42
8; 316 71; 315 72; 315 73; 314 74; 314 76; 313 77; 313 92; 314 93; 314 104; 315 105; 315 110; 316 111; 316 112; 319 112; 320 111; 321 111; 322 110; 323 110; 324 109; 325 109; 327 107; 329 107; 330 106; 332 106; 333 105; 334 105; 338 101; 339 101; 341 99; 342 99; 343 98; 345 98; 346 97; 348 97; 350 95; 350 93; 348 91; 347 91; 346 90; 345 90; 341 86; 340 86; 339 85; 338 85; 335 82; 334 82; 332 80; 331 80; 329 78; 328 78; 327 77; 326 77; 324 75; 323 75; 319 71
9; 275 76; 273 78; 273 80; 272 81; 272 82; 268 86; 268 87; 267 88; 267 90; 266 91; 266 92; 264 94; 264 95; 256 103; 256 105; 258 107; 259 107; 260 108; 263 108; 264 109; 266 109; 267 110; 268 110; 269 111; 271 111; 272 112; 274 112; 275 113; 278 113; 279 114; 280 114; 281 115; 283 115; 284 116; 287 116; 288 117; 290 117; 291 118; 292 118; 293 117; 293 114; 292 113; 292 112; 291 111; 291 108; 290 107; 290 102; 289 101; 289 100; 288 99; 288 98; 287 98; 284 95; 284 94; 281 91; 281 89; 280 88; 280 86; 279 85; 279 82; 278 81; 278 77; 277 76
10; 934 80; 932 82; 932 84; 931 85; 931 91; 930 92; 930 103; 929 104; 929 107; 928 108; 928 112; 927 113; 927 119; 929 121; 933 121; 934 120; 935 120; 936 119; 939 119; 940 118; 945 118; 946 117; 947 117; 950 114; 951 114; 952 113; 953 113; 954 112; 955 112; 956 111; 957 111; 958 110; 959 110; 960 109; 962 109; 963 108; 964 108; 964 104; 963 104; 956 97; 955 97; 943 85; 942 85; 938 81; 937 81; 936 80
11; 148 86; 146 88; 146 93; 147 94; 147 97; 148 98; 148 102; 149 103; 149 107; 148 108; 148 110; 149 111; 149 113; 150 114; 150 115; 151 116; 151 118; 152 119; 152 121; 153 122; 153 124; 155 126; 157 126; 164 119; 165 119; 174 110; 175 110; 177 108; 178 108; 178 107; 183 102; 183 100; 180 97; 179 97; 178 96; 177 96; 176 95; 172 95; 171 94; 168 94; 167 93; 166 93; 164 91; 163 91; 162 90; 161 90; 160 89; 157 89; 156 88; 153 88; 152 87; 151 87; 150 86
12; 389 86; 388 87; 388 96; 389 97; 389 102; 390 103; 390 104; 389 105; 389 111; 390 112; 390 118; 391 119; 391 122; 392 123; 392 126; 394 128; 395 128; 398 125; 399 125; 403 121; 404 121; 406 119; 407 119; 410 116; 411 116; 415 112; 416 112; 419 109; 420 109; 422 107; 423 107; 425 105; 425 103; 424 102; 424 101; 423 101; 422 100; 421 100; 420 99; 419 99; 418 98; 417 98; 416 97; 415 97; 414 96; 413 96; 412 95; 411 95; 410 94; 408 94; 406 92; 405 92; 404 91; 403 91; 402 90; 401 90; 400 89; 398 89; 396 87; 394 87; 393 86
13; 911 94; 910 95; 909 95; 908 96; 907 96; 906 97; 905 97; 904 98; 903 98; 902 99; 900 99; 899 100; 898 100; 897 101; 896 101; 895 102; 894 102; 893 103; 891 103; 890 104; 890 116; 891 117; 891 127; 892 127; 894 125; 895 125; 896 124; 897 124; 898 125; 899 125; 901 127; 902 127; 905 130; 906 130; 907 131; 908 131; 910 133; 914 133; 914 132; 915 131; 915 130; 916 129; 916 119; 917 118; 917 115; 918 114; 918 101; 919 100; 919 95; 918 94
14; 510 102; 509 103; 505 103; 504 104; 502 104; 501 105; 499 105; 498 106; 491 106; 490 107; 489 107; 488 108; 483 108; 482 109; 478 109; 477 110; 477 113; 479 115; 479 116; 480 117; 480 118; 483 121; 484 121; 487 124; 487 125; 488 126; 488 127; 489 128; 489 130; 490 131; 492 131; 496 135; 496 137; 498 139; 499 139; 500 140; 505 140; 506 139; 506 138; 507 137; 507 133; 508 132; 508 129; 509 128; 509 127; 510 126; 510 123; 511 122; 511 121; 512 120; 512 118; 513 117; 513 115; 514 114; 514 110; 515 109; 515 102
15; 861 102; 860 103; 860 110; 859 111; 859 116; 858 117; 858 128; 857 129; 857 141; 862 141; 863 140; 865 140; 866 139; 868 139; 869 138; 870 138; 871 137; 872 137; 874 135; 875 135; 876 134; 877 134; 878 133; 879 133; 880 132; 882 132; 883 131; 885 131; 886 130; 887 130; 888 129; 889 129; 890 128; 890 117; 889 116; 889 104; 886 107; 885 107; 884 108; 882 108; 880 110; 876 110; 875 109; 873 109; 872 108; 871 108; 866 103; 865 103; 864 102
16; 240 102; 238 104; 238 106; 237 107; 237 111; 236 112; 236 115; 235 116; 235 123; 234 124; 234 130; 233 131; 233 142; 237 142; 238 141; 239 141; 240 140; 241 140; 242 139; 243 139; 244 138; 247 138; 248 137; 252 137; 253 136; 254 136; 255 135; 256 135; 257 134; 258 134; 259 133; 260 133; 261 132; 262 132; 263 131; 265 131; 266 130; 267 130; 268 129; 269 129; 269 125; 265 121; 265 120; 264 120; 262 118; 261 118; 258 115; 257 115; 254 112; 253 112; 251 110; 250 110; 242 102
17; 311 117; 310 118; 293 118; 293 122; 294 123; 294 125; 293 126; 293 128; 294 129; 296 129; 299 132; 300 132; 303 135; 303 136; 304 137; 304 138; 308 142; 308 144; 309 145; 309 146; 311 148; 311 149; 315 153; 317 153; 320 150; 320 149; 322 147; 322 145; 324 143; 324 142; 325 141; 325 140; 326 139; 326 138; 327 137; 327 136; 328 135; 328 134; 329 133; 329 132; 331 130; 331 129; 332 128; 332 127; 334 125; 334 124; 335 123; 335 119; 334 119; 333 118; 330 118; 329 117; 326 117; 325 118; 318 118; 317 117
18; 355 121; 353 123; 353 126; 354 127; 354 128; 355 129; 355 131; 356 132; 356 134; 357 135; 357 138; 358 139; 358 141; 359 142; 359 144; 360 145; 360 147; 361 148; 361 151; 362 152; 362 154; 363 155; 363 157; 364 158; 368 158; 375 151; 375 150; 377 148; 378 148; 379 147; 380 147; 383 144; 383 143; 385 141; 385 140; 389 136; 389 135; 393 131; 393 130; 394 129; 391 126; 390 126; 389 127; 386 127; 385 126; 381 126; 380 125; 375 125; 374 124; 372 124; 371 123; 367 123; 366 122; 360 122; 359 121
19; 468 124; 467 125; 467 126; 466 127; 466 146; 467 147; 467 163; 468 164; 469 164; 470 165; 472 165; 473 164; 474 164; 475 163; 476 163; 477 162; 478 162; 486 154; 487 154; 488 153; 489 153; 490 152; 491 152; 492 151; 494 151; 495 150; 496 150; 497 149; 498 149; 500 147; 501 147; 502 146; 502 145; 503 144; 503 143; 504 142; 504 141; 500 141; 499 140; 498 140; 496 138; 494 138; 493 137; 492 137; 489 134; 489 133; 488 132; 488 131; 483 131; 482 130; 481 130; 480 129; 479 129; 478 128; 477 128; 475 126; 474 126; 473 125; 472 125; 471 124
20; 813 126; 813 127; 812 128; 812 138; 813 139; 813 153; 814 154; 814 164; 815 165; 819 165; 820 164; 821 164; 824 161; 825 161; 826 160; 827 160; 829 158; 830 158; 831 157; 834 157; 835 156; 836 156; 841 151; 842 151; 844 149; 845 149; 846 148; 847 148; 848 147; 848 144; 845 141; 844 141; 841 138; 840 138; 839 137; 838 137; 837 136; 836 136; 835 135; 834 135; 833 134; 832 134; 831 133; 829 133; 828 132; 827 132; 826 131; 824 131; 823 130; 822 130; 818 126
21; 284 125; 283 126; 283 132; 282 133; 282 134; 269 147; 269 148; 268 149; 268 154; 271 154; 272 153; 273 154; 276 154; 279 157; 279 158; 280 159; 279 160; 289 160; 290 161; 300 161; 301 160; 306 160; 307 159; 307 156; 306 155; 306 154; 305 153; 305 151; 304 150; 304 147; 303 146; 303 144; 302 143; 302 140; 301 139; 301 137; 299 135; 299 133; 296 130; 294 130; 292 128; 291 129; 287 125
22; 985 141; 984 142; 983 142; 983 147; 984 148; 984 149; 985 150; 985 151; 986 152; 986 153; 987 154; 987 155; 988 156; 988 157; 989 158; 989 164; 993 168; 993 169; 994 170; 994 172; 995 173; 995 175; 996 176; 996 177; 998 179; 1000 179; 1007 172; 1007 171; 1010 168; 1010 167; 1014 163; 1014 162; 1016 160; 1016 159; 1017 158; 1018 158; 1019 157; 1020 157; 1021 158; 1023 158; 1023 145; 1015 145; 1014 144; 1009 144; 1008 143; 1002 143; 1001 142; 995 142; 994 141
23; 230 149; 229 150; 228 150; 227 151; 225 151; 224 152; 221 152; 220 153; 217 153; 216 154; 214 154; 213 155; 211 155; 210 156; 207 156; 205 158; 204 158; 203 159; 202 159; 201 160; 201 162; 202 163; 202 164; 212 174; 212 176; 220 184; 220 192; 225 187; 230 187; 232 185; 232 183; 233 182; 233 181; 235 179; 237 179; 237 167; 236 166; 236 162; 237 161; 237 156; 238 155; 238 150; 237 149
24; 151 148; 150 149; 150 156; 149 157; 149 178; 150 179; 150 186; 152 188; 155 188; 156 187; 157 187; 158 186; 159 186; 161 184; 162 184; 164 182; 165 182; 169 178; 171 178; 172 177; 173 177; 174 176; 175 176; 178 173; 179 173; 182 170; 183 170; 185 168; 185 166; 183 164; 182 164; 181 163; 180 163; 179 162; 178 162; 177 161; 176 161; 174 159; 173 159; 172 158; 171 158; 168 155; 166 155; 165 154; 162 154; 161 153; 160 153; 157 150; 156 150; 155 149; 154 149; 153 148
25; 251 143; 251 144; 250 145; 250 147; 249 148; 249 149; 248 150; 248 152; 247 153; 247 154; 246 155; 246 156; 245 157; 245 158; 244 159; 244 160; 243 161; 243 162; 242 163; 242 164; 239 167; 238 167; 238 180; 239 181; 247 181; 248 180; 253 180; 255 182; 264 182; 264 180; 266 178; 268 178; 269 177; 273 177; 274 176; 275 176; 276 175; 277 175; 277 171; 276 170; 275 170; 272 167; 272 166; 270 164; 270 163; 268 161; 268 159; 266 157; 266 156; 265 156; 261 152; 261 151; 256 146; 256 145; 254 143
26; 279 161; 279 168; 278 169; 278 175; 279 175; 280 176; 280 178; 281 179; 281 185; 282 186; 282 188; 283 189; 283 190; 284 191; 284 192; 285 193; 285 196; 286 197; 289 197; 290 196; 291 196; 294 193; 295 193; 297 191; 298 191; 300 189; 301 189; 302 188; 303 188; 304 187; 304 186; 308 182; 308 181; 309 180; 310 180; 312 178; 313 178; 317 174; 317 172; 316 171; 315 171; 314 170; 313 170; 312 169; 311 169; 309 167; 308 167; 307 166; 304 166; 303 165; 301 165; 299 163; 299 162; 290 162; 289 161
27; 189 167; 188 168; 188 171; 189 172; 189 177; 188 178; 188 195; 189 196; 189 201; 188 202; 188 203; 187 204; 187 206; 189 208; 189 209; 190 209; 193 206; 194 206; 196 204; 197 204; 198 203; 199 203; 200 202; 202 202; 203 201; 204 201; 205 200; 207 200; 208 199; 209 199; 212 196; 213 196; 214 195; 215 195; 216 194; 217 194; 219 192; 219 184; 211 176; 208 176; 207 175; 205 175; 204 174; 203 174; 201 172; 200 172; 197 169; 196 169; 195 168; 194 168; 193 167
28; 318 173; 318 174; 314 178; 314 180; 313 181; 313 182; 311 184; 311 185; 307 189; 307 192; 306 193; 306 195; 305 196; 305 197; 304 198; 304 199; 302 201; 302 202; 300 204; 300 205; 299 206; 299 209; 300 210; 313 210; 314 209; 316 209; 317 208; 318 208; 319 207; 320 207; 321 206; 322 206; 323 205; 324 205; 325 204; 328 204; 329 203; 330 204; 333 204; 336 201; 337 201; 337 196; 334 193; 333 193; 332 192; 331 192; 330 191; 330 190; 329 189; 329 188; 328 187; 328 185; 327 184; 327 183; 326 182; 326 181; 322 177; 322 176; 321 176; 320 175; 320 174; 319 174
29; 993 188; 993 189; 992 190; 992 192; 993 193; 993 194; 994 195; 994 197; 995 198; 995 201; 996 202; 996 204; 997 205; 997 210; 998 211; 998 218; 999 219; 999 224; 1000 225; 1000 226; 1002 228; 1005 228; 1007 226; 1008 226; 1017 217; 1023 217; 1023 195; 1020 195; 1019 196; 1018 195; 1016 195; 1014 193; 1013 193; 1012 192; 1010 192; 1009 191; 1007 191; 1006 190; 1005 190; 1004 189; 1001 189; 1000 188
30; 254 183; 251 186; 250 186; 249 187; 248 187; 247 188; 246 188; 245 189; 244 189; 243 190; 242 190; 240 192; 239 192; 238 193; 237 193; 236 194; 234 194; 232 196; 231 196; 229 198; 229 201; 234 206; 235 206; 237 208; 238 208; 239 209; 240 209; 241 210; 242 210; 244 212; 245 212; 246 213; 247 213; 249 215; 250 215; 252 217; 253 217; 258 222; 261 222; 262 221; 262 214; 263 213; 263 196; 264 195; 264 183
31; 32 182; 31 183; 30 183; 29 184; 28 184; 26 186; 25 186; 24 187; 23 187; 22 188; 21 188; 20 189; 17 189; 16 190; 15 190; 13 192; 12 192; 11 193; 10 193; 9 194; 8 194; 7 195; 6 195; 5 196; 4 196; 3 197; 0 197; 0 200; 1 201; 2 201; 4 203; 5 203; 6 204; 6 205; 7 205; 11 209; 12 209; 14 211; 15 211; 22 218; 23 218; 24 219; 25 219; 29 223; 33 223; 33 221; 34 220; 34 216; 35 215; 35 210; 36 209; 36 196; 37 195; 37 186; 36 185; 36 183; 35 182
32; 75 184; 74 185; 73 185; 64 194; 63 194; 56 201; 55 201; 49 207; 49 209; 50 210; 51 210; 53 212; 54 212; 56 214; 58 214; 61 217; 62 217; 63 218; 64 218; 65 219; 72 219; 73 220; 75 220; 76 221; 77 221; 78 222; 80 222; 81 223; 86 223; 86 216; 85 215; 85 213; 84 212; 84 206; 83 205; 83 201; 82 200; 82 196; 81 195; 81 189; 80 188; 80 186; 79 185; 79 184
33; 367 192; 366 193; 364 193; 363 194; 361 194; 360 195; 359 195; 358 196; 356 196; 354 198; 352 198; 351 199; 348 199; 347 200; 345 200; 344 201; 343 201; 342 202; 339 202; 338 201; 337 202; 336 202; 333 205; 333 206; 334 207; 334 208; 335 209; 335 210; 336 211; 337 211; 342 216; 343 216; 347 220; 347 221; 349 223; 350 223; 352 225; 353 225; 357 229; 358 229; 361 232; 366 232; 367 231; 367 230; 368 229; 368 217; 369 216; 369 211; 370 210; 370 204; 371 203; 371 193; 370 192
34; 151 194; 151 195; 150 196; 150 200; 151 201; 151 206; 152 207; 152 210; 153 211; 153 219; 154 220; 154 226; 155 227; 155 230; 156 231; 156 232; 157 233; 161 233; 163 231; 164 231; 167 228; 168 228; 168 227; 170 225; 171 225; 172 224; 173 224; 176 221; 176 220; 179 217; 180 217; 182 215; 183 215; 186 212; 187 212; 188 211; 188 208; 186 206; 186 205; 185 206; 183 206; 182 205; 181 205; 180 204; 179 204; 178 203; 177 203; 176 202; 175 202; 174 201; 172 201; 171 200; 170 200; 169 199; 168 199; 167 198; 166 198; 165 197; 162 197; 161 196; 157 196; 156 195; 155 195; 154 194
35; 95 223; 86 232; 86 233; 83 236; 83 237; 81 239; 81 240; 73 248; 72 248; 71 249; 71 252; 73 254; 74 254; 75 255; 76 255; 77 256; 79 256; 80 257; 82 257; 83 258; 88 258; 89 259; 97 259; 98 260; 101 260; 102 261; 109 261; 110 260; 110 255; 109 254; 109 253; 108 252; 108 251; 107 250; 107 245; 106 244; 106 242; 105 241; 105 240; 104 239; 104 238; 103 237; 103 235; 102 234; 102 231; 101 230; 101 228; 100 227; 100 226; 97 223
36; 787 231; 786 232; 785 232; 784 233; 783 233; 783 237; 784 238; 784 240; 785 241; 785 243; 786 244; 786 245; 787 246; 787 250; 788 251; 788 253; 789 254; 789 256; 790 257; 790 260; 789 261; 789 262; 790 262; 792 264; 792 266; 798 272; 800 272; 801 271; 801 270; 802 269; 802 267; 803 266; 803 265; 813 255; 814 255; 823 246; 823 242; 822 241; 821 241; 820 240; 819 240; 818 239; 816 239; 815 238; 812 238; 811 237; 809 237; 808 236; 806 236; 805 235; 803 235; 802 234; 800 234; 799 233; 797 233; 796 232; 792 232; 791 231
37; 29 246; 0 258; 0 270; 5 272; 15 281; 23 285; 27 285; 31 256; 33 255
38; 33 255; 36 258; 39 272; 42 272; 69 248; 68 244; 45 235; 32 233; 29 246
39; 770 234; 769 235; 768 235; 765 238; 764 238; 762 240; 761 240; 759 242; 758 242; 757 243; 756 243; 754 245; 753 245; 752 246; 751 246; 750 247; 749 247; 748 248; 747 248; 745 250; 744 250; 743 251; 742 251; 740 253; 740 256; 743 259; 744 259; 745 260; 746 260; 747 261; 748 261; 749 262; 750 262; 751 263; 752 263; 753 264; 754 264; 757 267; 758 267; 759 268; 761 268; 762 269; 763 269; 764 270; 765 270; 767 272; 768 272; 769 273; 770 273; 771 274; 773 274; 776 271; 776 270; 778 268; 777 267; 777 261; 776 260; 776 238; 775 237; 775 236; 773 234
40; 444 235; 443 236; 442 236; 434 244; 433 244; 423 254; 423 255; 419 259; 418 259; 417 260; 417 263; 419 265; 420 265; 421 266; 423 266; 424 267; 427 267; 428 268; 430 268; 431 269; 432 269; 433 270; 436 270; 437 271; 439 271; 440 272; 443 272; 444 273; 447 273; 448 274; 449 274; 450 275; 451 275; 452 276; 454 276; 455 275; 455 269; 454 268; 454 261; 453 260; 453 252; 452 251; 452 250; 451 249; 451 247; 450 246; 450 243; 449 242; 449 240; 448 239; 448 237; 446 235
41; 959 259; 958 260; 958 266; 959 267; 959 272; 960 273; 960 278; 961 279; 961 284; 962 285; 962 288; 963 289; 963 291; 964 292; 964 294; 965 295; 965 296; 966 297; 966 298; 970 298; 971 297; 972 297; 974 295; 976 295; 979 292; 981 292; 980 291; 981 290; 981 289; 982 288; 983 288; 986 285; 986 284; 990 280; 991 280; 997 274; 997 272; 994 269; 992 269; 991 268; 989 268; 988 267; 986 267; 985 266; 982 266; 981 265; 980 265; 979 264; 978 264; 977 263; 976 263; 975 262; 971 262; 970 261; 967 261; 966 260; 964 260; 963 259
42; 788 262; 787 263; 785 263; 784 264; 784 265; 780 269; 778 269; 777 270; 777 271; 774 274; 774 276; 775 277; 775 278; 774 279; 774 281; 773 282; 773 285; 772 286; 772 291; 771 292; 771 293; 770 294; 770 295; 768 297; 768 299; 769 300; 776 300; 777 299; 787 299; 788 300; 803 300; 805 298; 806 298; 806 294; 805 293; 805 292; 804 291; 804 290; 803 289; 803 288; 802 287; 802 286; 801 285; 801 282; 800 281; 800 280; 798 278; 798 277; 797 276; 797 272; 791 266; 791 264; 790 263; 789 263
43; 203 281; 201 283; 201 285; 202 286; 202 287; 203 288; 203 290; 204 291; 204 294; 205 295; 205 299; 206 300; 206 303; 207 304; 207 307; 208 308; 208 312; 209 313; 209 314; 210 315; 210 316; 211 317; 211 318; 212 319; 212 320; 216 320; 222 314; 222 313; 225 310; 226 310; 228 308; 229 308; 231 306; 231 305; 234 302; 234 301; 238 297; 239 297; 239 296; 241 294; 241 292; 238 289; 236 289; 235 288; 234 288; 233 287; 230 287; 229 286; 225 286; 224 285; 217 285; 216 284; 214 284; 213 283; 211 283; 210 282; 206 282; 205 281
44; 508 285; 505 288; 504 288; 500 292; 499 292; 497 294; 495 294; 494 295; 493 295; 492 296; 492 297; 490 299; 490 300; 485 305; 484 305; 481 308; 481 312; 483 314; 485 314; 486 315; 487 315; 488 316; 489 316; 490 317; 491 317; 492 318; 495 318; 496 319; 497 319; 498 320; 500 320; 501 321; 502 321; 503 322; 504 322; 505 323; 507 323; 508 324; 509 324; 510 325; 512 325; 513 326; 515 326; 516 327; 519 324; 521 324; 520 323; 520 322; 519 321; 519 320; 518 319; 518 315; 520 313; 520 311; 519 310; 519 308; 516 305; 516 302; 515 301; 515 296; 514 295; 514 288; 511 285
45; 545 284; 541 288; 541 289; 533 297; 532 297; 532 298; 529 301; 528 301; 523 306; 522 306; 520 308; 520 310; 521 311; 521 313; 522 314; 523 314; 524 315; 527 315; 528 316; 531 316; 532 317; 533 317; 534 318; 535 318; 537 320; 538 320; 539 321; 545 321; 546 322; 547 322; 548 323; 549 323; 550 324; 556 324; 557 323; 558 323; 559 322; 559 317; 558 316; 558 313; 557 312; 557 310; 556 309; 556 302; 555 301; 555 299; 554 298; 554 297; 553 296; 553 292; 552 291; 552 288; 551 287; 551 286; 550 285; 550 284
46; 319 287; 318 288; 317 288; 316 289; 315 289; 314 290; 313 290; 311 292; 310 292; 310 293; 309 294; 308 294; 304 298; 303 298; 300 301; 299 301; 296 304; 296 305; 295 306; 295 307; 293 309; 293 312; 296 315; 297 315; 298 316; 300 316; 301 317; 302 317; 303 318; 304 318; 306 320; 310 320; 310 312; 306 308; 306 307; 313 300; 315 300; 317 302; 317 303; 318 304; 318 305; 320 307; 320 309; 321 310; 321 314; 322 315; 322 316; 323 317; 323 318; 324 319; 324 320; 325 321; 325 322; 322 325; 321 325; 321 327; 323 327; 324 326; 325 326; 328 323; 328 309; 327 308; 327 305; 326 304; 326 300; 325 299; 325 298; 324 297; 324 295; 323 294; 323 290; 322 289; 322 288; 321 287
47; 979 293; 976 296; 976 297; 974 299; 974 300; 970 304; 969 304; 968 305; 967 305; 966 306; 966 307; 965 308; 965 310; 963 312; 963 313; 961 315; 961 316; 957 320; 957 321; 956 322; 956 325; 957 326; 960 326; 961 327; 963 327; 964 328; 969 328; 970 329; 979 329; 980 330; 983 330; 984 331; 990 331; 991 332; 995 332; 996 331; 996 326; 995 325; 995 320; 994 319; 994 318; 993 317; 993 316; 992 315; 992 314; 991 313; 991 312; 990 311; 990 309; 989 308; 989 307; 988 306; 988 305; 987 304; 987 302; 986 301; 986 299; 985 298; 985 297; 984 296; 984 295; 982 293
48; 778 320; 777 321; 776 321; 768 329; 767 329; 766 330; 766 331; 764 333; 763 333; 759 337; 758 337; 752 343; 751 343; 751 349; 752 349; 753 350; 755 350; 756 351; 757 351; 758 352; 760 352; 761 353; 763 353; 765 355; 766 355; 767 356; 768 356; 769 357; 775 357; 776 358; 778 358; 779 359; 781 359; 782 360; 787 360; 789 358; 789 351; 788 350; 788 344; 787 343; 787 341; 786 340; 786 338; 785 337; 785 330; 784 329; 784 326; 783 325; 783 323; 780 320
49; 519 325; 517 327; 517 333; 518 334; 518 338; 519 339; 519 351; 520 352; 520 361; 521 362; 521 365; 522 366; 524 366; 525 365; 526 365; 527 364; 528 364; 530 362; 531 362; 532 361; 533 361; 535 359; 538 359; 539 358; 540 358; 543 355; 544 355; 547 352; 548 352; 550 350; 551 350; 553 348; 554 348; 555 347; 555 343; 551 339; 549 339; 548 338; 546 338; 545 337; 544 337; 543 336; 542 336; 540 334; 539 334; 537 332; 536 332; 535 331; 534 331; 533 330; 532 330; 531 329; 529 329; 528 328; 527 328; 526 327; 525 327; 524 326; 523 326; 522 325
50; 918 340; 916 342; 916 353; 917 354; 917 365; 918 366; 918 369; 919 370; 919 373; 918 374; 918 377; 919 378; 919 379; 921 381; 924 381; 927 378; 928 378; 930 376; 931 376; 934 373; 935 373; 937 371; 938 371; 940 369; 941 369; 943 367; 944 367; 945 366; 946 366; 948 364; 949 364; 950 363; 951 363; 953 361; 953 360; 954 359; 954 357; 952 355; 951 355; 950 354; 949 354; 948 353; 946 353; 945 352; 944 352; 943 351; 942 351; 939 348; 938 348; 937 347; 933 347; 932 346; 931 346; 929 344; 928 344; 926 342; 925 342; 924 341; 923 341; 922 340
51; 741 342; 736 347; 735 347; 733 349; 732 349; 731 350; 730 350; 728 352; 727 352; 726 353; 725 353; 723 355; 722 355; 720 357; 719 357; 716 360; 715 360; 713 362; 713 366; 714 366; 715 367; 716 367; 718 369; 719 369; 721 371; 723 371; 724 372; 725 372; 726 373; 727 373; 728 374; 729 374; 731 376; 732 376; 733 377; 734 377; 735 378; 737 378; 738 379; 739 379; 740 380; 741 380; 742 381; 743 381; 744 382; 748 382; 749 381; 749 380; 750 379; 750 376; 749 375; 749 358; 748 357; 748 356; 747 355; 747 352; 750 349; 750 344; 749 345; 746 342
52; 148 345; 143 350; 143 351; 132 362; 132 363; 127 368; 127 369; 125 371; 125 372; 124 373; 124 375; 128 375; 129 376; 131 376; 132 377; 136 377; 137 378; 141 378; 142 379; 143 379; 144 380; 146 380; 147 381; 150 381; 151 382; 155 382; 156 383; 157 383; 158 384; 161 384; 162 383; 162 377; 161 376; 161 370; 160 369; 160 366; 159 365; 159 363; 158 362; 158 360; 157 359; 157 358; 156 357; 156 354; 155 353; 155 351; 154 350; 154 347; 152 345
53; 304 353; 301 356; 300 356; 298 358; 297 358; 296 359; 295 359; 294 360; 293 360; 292 361; 291 361; 289 363; 288 363; 284 367; 284 368; 282 370; 281 370; 278 373; 277 373; 275 375; 275 378; 276 378; 277 379; 278 379; 279 380; 280 380; 281 381; 282 381; 283 382; 284 382; 285 383; 287 383; 288 384; 289 384; 290 385; 292 385; 293 386; 294 386; 295 387; 296 387; 297 388; 298 388; 299 389; 300 389; 303 392; 303 393; 306 393; 307 394; 310 394; 310 393; 312 391; 312 390; 313 389; 313 387; 312 386; 312 381; 311 380; 311 376; 310 375; 310 361; 309 360; 309 356; 308 355; 308 354; 307 353
54; 560 355; 559 356; 558 356; 557 357; 556 357; 554 359; 553 359; 547 365; 546 365; 543 368; 542 368; 539 371; 538 371; 537 372; 536 372; 533 375; 533 376; 531 378; 531 380; 533 382; 534 382; 535 383; 536 383; 537 384; 539 384; 540 385; 542 385; 543 386; 544 386; 545 387; 546 387; 547 388; 548 388; 549 389; 551 389; 552 390; 553 390; 554 391; 556 391; 557 392; 558 392; 559 393; 561 393; 562 394; 563 394; 564 395; 566 395; 568 393; 568 389; 567 388; 567 382; 566 381; 566 378; 567 377; 567 369; 566 368; 566 365; 565 364; 565 358; 564 357; 564 356; 563 355
55; 84 364; 82 366; 82 368; 83 369; 83 371; 84 372; 84 373; 85 374; 85 377; 86 378; 86 382; 87 383; 87 389; 88 390; 88 395; 89 396; 89 398; 90 399; 90 400; 92 402; 95 402; 99 398; 99 397; 100 396; 101 396; 105 392; 106 392; 111 387; 111 386; 114 383; 115 383; 117 381; 118 381; 121 378; 121 377; 122 376; 122 374; 118 374; 117 373; 116 373; 115 372; 114 372; 113 371; 109 371; 108 370; 106 370; 105 369; 104 369; 103 368; 102 368; 101 367; 99 367; 98 366; 96 366; 95 365; 93 365; 92 364
56; 355 375; 353 377; 353 379; 354 380; 354 382; 355 383; 355 390; 356 391; 356 400; 357 401; 357 407; 358 408; 358 413; 359 414; 359 415; 363 415; 366 412; 367 412; 372 407; 373 407; 374 406; 375 406; 376 405; 378 405; 378 404; 386 396; 387 396; 389 394; 390 394; 391 393; 391 389; 390 389; 389 388; 388 388; 387 387; 386 387; 385 386; 384 386; 383 385; 382 385; 381 384; 380 384; 379 383; 378 383; 377 382; 375 382; 374 381; 373 381; 372 380; 369 380; 368 379; 367 379; 366 378; 364 378; 363 377; 361 377; 360 376; 358 376; 357 375
57; 590 376; 590 377; 589 378; 589 386; 590 387; 590 391; 591 392; 591 394; 592 395; 592 405; 593 406; 593 413; 596 416; 598 416; 601 413; 602 413; 606 409; 607 409; 610 406; 611 406; 613 404; 614 404; 618 400; 619 400; 622 397; 623 397; 626 394; 626 393; 627 392; 627 390; 625 388; 624 388; 623 387; 622 387; 621 386; 619 386; 618 385; 616 385; 615 384; 614 384; 611 381; 610 381; 609 380; 604 380; 603 379; 602 379; 601 378; 600 378; 599 377; 597 377; 596 376
58; 924 385; 924 386; 923 387; 923 391; 924 392; 924 393; 925 394; 925 395; 926 396; 926 397; 927 398; 927 400; 928 401; 928 404; 929 405; 929 408; 930 409; 930 411; 931 412; 931 414; 932 415; 932 419; 933 420; 933 421; 934 422; 934 424; 937 424; 938 423; 940 423; 940 421; 949 412; 950 412; 951 411; 952 411; 953 410; 953 408; 958 403; 958 402; 962 398; 962 397; 963 396; 963 393; 962 392; 961 392; 960 391; 959 391; 958 390; 956 390; 955 389; 950 389; 949 388; 946 388; 945 387; 936 387; 935 386; 934 386; 933 385
59; 31 391; 30 392; 30 401; 33 404; 33 408; 34 409; 34 412; 35 413; 35 424; 36 425; 40 425; 46 419; 47 419; 50 416; 51 416; 54 413; 55 413; 59 409; 60 409; 65 404; 65 403; 67 401; 67 399; 66 398; 65 398; 64 397; 62 397; 61 396; 58 396; 57 395; 55 395; 54 394; 53 394; 52 393; 50 393; 49 392; 38 392; 37 391
60; 21 391; 20 392; 19 392; 10 401; 9 401; 8 402; 8 403; 2 409; 1 409; 0 410; 0 419; 1 419; 2 420; 3 420; 4 421; 5 421; 6 422; 7 422; 8 423; 9 423; 10 424; 11 424; 12 425; 13 425; 14 426; 15 426; 18 429; 19 429; 21 431; 22 431; 23 432; 24 432; 25 433; 28 433; 29 432; 29 422; 30 421; 30 402; 29 401; 29 392; 27 392; 26 391
61; 303 394; 302 395; 302 408; 303 409; 303 411; 304 412; 304 413; 303 414; 303 419; 304 420; 304 424; 305 425; 305 433; 306 434; 310 434; 311 433; 312 433; 316 429; 317 429; 318 428; 319 428; 320 427; 321 427; 329 419; 330 419; 332 417; 333 417; 338 412; 338 409; 337 408; 336 408; 335 407; 333 407; 332 406; 331 406; 330 405; 329 405; 328 404; 327 404; 326 403; 325 403; 321 399; 320 399; 319 398; 313 398; 310 395; 307 395; 306 394
62; 883 394; 881 396; 880 396; 874 402; 873 402; 870 405; 869 405; 865 409; 864 409; 860 413; 859 413; 855 417; 855 420; 856 420; 857 421; 858 421; 859 422; 860 422; 861 423; 863 423; 864 424; 865 424; 866 425; 867 425; 868 426; 869 426; 870 427; 871 427; 872 428; 873 428; 874 429; 877 429; 878 430; 880 430; 881 431; 883 431; 884 432; 886 432; 887 433; 888 433; 889 434; 892 434; 892 433; 893 432; 893 421; 892 420; 892 415; 891 414; 891 410; 890 409; 890 406; 889 405; 889 400; 888 399; 888 396; 886 394
63; 564 413; 562 415; 562 417; 563 418; 563 420; 564 421; 564 428; 565 429; 565 431; 566 432; 566 435; 567 436; 567 438; 568 439; 568 445; 569 446; 569 447; 570 448; 570 449; 571 450; 571 451; 573 453; 575 453; 576 452; 577 452; 586 443; 587 443; 598 432; 599 432; 601 430; 601 426; 599 424; 598 424; 597 423; 596 423; 595 422; 593 422; 592 421; 589 421; 588 420; 587 420; 586 419; 585 419; 584 418; 583 418; 582 417; 576 417; 575 416; 571 416; 570 415; 569 415; 568 414; 567 414; 566 413
64; 345 419; 344 420; 344 426; 343 427; 343 433; 344 434; 344 446; 345 447; 345 453; 346 454; 346 459; 347 460; 350 460; 351 459; 353 459; 360 452; 361 452; 362 451; 363 451; 365 449; 366 449; 367 448; 368 448; 370 446; 371 446; 372 445; 373 445; 374 444; 375 444; 377 442; 378 442; 378 441; 380 439; 380 436; 377 433; 376 433; 375 432; 374 432; 373 431; 372 431; 371 430; 370 430; 369 429; 367 429; 365 427; 364 427; 363 426; 362 426; 361 425; 360 425; 359 424; 357 424; 356 423; 354 423; 353 422; 352 422; 351 421; 350 421; 349 420; 348 420; 347 419
65; 938 424; 937 425; 935 425; 935 431; 936 432; 936 437; 937 438; 937 454; 938 455; 938 457; 939 458; 939 463; 940 464; 944 464; 945 463; 946 463; 949 460; 950 460; 951 459; 952 459; 954 457; 955 457; 959 453; 960 453; 961 452; 962 452; 963 451; 964 451; 966 449; 967 449; 970 446; 971 446; 973 444; 973 440; 971 438; 969 438; 968 437; 966 437; 965 436; 964 436; 963 435; 962 435; 957 430; 952 430; 951 429; 948 429; 947 428; 945 428; 944 427; 943 427; 940 424
66; 851 434; 850 435; 850 439; 852 441; 852 443; 853 444; 853 446; 854 447; 854 448; 855 449; 855 450; 856 451; 856 454; 857 455; 857 459; 858 460; 858 461; 859 462; 859 463; 860 464; 860 465; 861 466; 861 467; 862 468; 862 469; 864 471; 868 471; 869 470; 869 469; 876 462; 876 461; 880 457; 880 456; 881 455; 881 454; 888 447; 890 447; 891 446; 891 444; 892 443; 892 439; 887 439; 886 438; 884 438; 883 437; 873 437; 872 436; 867 436; 866 435; 858 435; 857 434
67; 893 439; 893 443; 892 444; 892 446; 891 447; 891 449; 892 450; 892 456; 893 457; 893 462; 894 463; 894 473; 895 474; 895 479; 896 480; 900 480; 901 479; 902 479; 903 478; 904 478; 907 475; 908 475; 910 473; 911 473; 913 471; 914 471; 917 468; 918 468; 924 462; 925 462; 927 460; 928 460; 928 459; 929 458; 929 456; 928 455; 927 455; 926 454; 925 454; 923 452; 922 452; 921 451; 919 451; 918 450; 917 450; 916 449; 915 449; 913 447; 912 447; 911 446; 910 446; 909 445; 906 445; 905 444; 903 444; 902 443; 901 443; 900 442; 899 442; 898 441; 897 441; 896 440; 894 440
68; 72 446; 71 447; 71 449; 72 450; 72 451; 73 452; 73 455; 74 456; 74 460; 75 461; 75 466; 76 467; 76 469; 77 470; 77 471; 78 472; 78 474; 79 475; 79 478; 80 479; 80 483; 82 485; 84 485; 85 484; 86 484; 90 480; 91 480; 92 479; 92 478; 95 475; 96 475; 98 473; 98 472; 99 471; 99 470; 103 466; 103 465; 106 462; 106 461; 109 458; 109 454; 108 453; 106 453; 105 452; 95 452; 94 451; 92 451; 91 450; 89 450; 88 449; 83 449; 82 448; 79 448; 78 447; 77 447; 76 446
69; 393 444; 391 446; 391 447; 389 449; 389 450; 388 451; 388 452; 387 453; 387 454; 386 455; 386 456; 384 458; 384 459; 382 461; 382 462; 381 463; 381 464; 378 467; 378 468; 376 470; 376 471; 374 473; 374 479; 375 479; 376 480; 391 480; 392 481; 405 481; 406 482; 407 482; 408 481; 409 481; 410 480; 411 480; 412 479; 417 479; 416 478; 416 477; 415 476; 415 475; 412 472; 412 471; 410 469; 410 468; 409 467; 409 466; 408 465; 408 463; 406 461; 406 460; 405 459; 405 458; 404 457; 404 455; 402 453; 402 452; 399 449; 399 448; 398 447; 398 446; 396 444
70; 621 447; 620 448; 619 448; 617 450; 616 450; 613 453; 612 453; 611 454; 610 454; 609 455; 608 455; 607 456; 606 456; 606 457; 602 461; 601 461; 599 463; 598 463; 595 466; 594 466; 594 470; 598 474; 599 474; 600 475; 601 475; 602 476; 603 476; 604 477; 606 477; 607 478; 608 478; 609 479; 610 479; 611 480; 612 480; 614 482; 615 482; 616 483; 617 483; 618 484; 620 484; 621 485; 622 485; 623 486; 624 486; 625 487; 629 487; 631 485; 631 474; 630 473; 630 464; 629 463; 629 455; 628 454; 628 449; 626 447
71; 345 459; 342 462; 341 462; 339 464; 338 464; 328 474; 327 474; 324 477; 323 477; 317 483; 316 483; 314 485; 314 488; 316 490; 318 490; 319 491; 322 491; 323 492; 324 492; 325 493; 326 493; 327 494; 328 494; 331 497; 337 497; 338 498; 340 498; 341 499; 342 499; 343 500; 344 500; 345 501; 346 501; 347 502; 352 502; 352 498; 351 497; 351 485; 350 484; 350 480; 349 479; 349 475; 348 474; 348 465; 347 464; 347 463; 348 462; 348 461; 347 461
72; 592 479; 590 481; 590 484; 591 485; 591 492; 592 493; 592 500; 593 501; 593 506; 594 507; 594 511; 595 512; 595 517; 597 519; 601 519; 602 518; 603 518; 605 516; 606 516; 611 511; 612 511; 613 510; 614 510; 615 509; 616 509; 618 507; 619 507; 621 505; 621 504; 622 503; 623 503; 625 501; 626 501; 629 498; 629 494; 626 491; 624 491; 623 490; 621 490; 620 489; 618 489; 617 488; 615 488; 614 487; 613 487; 612 486; 611 486; 610 485; 609 485; 608 484; 606 484; 605 483; 603 483; 602 482; 600 482; 599 481; 598 481; 596 479
73; 412 480; 411 481; 410 481; 409 482; 408 482; 408 485; 404 489; 404 490; 398 496; 398 497; 395 500; 395 501; 393 503; 393 504; 396 507; 396 508; 404 516; 410 516; 411 517; 416 517; 417 518; 419 518; 420 519; 426 519; 427 518; 428 518; 429 517; 429 513; 428 512; 428 510; 427 509; 427 508; 426 507; 426 506; 425 505; 425 503; 424 502; 424 500; 423 499; 423 495; 422 494; 422 493; 421 492; 421 491; 420 490; 420 489; 419 488; 419 485; 418 484; 418 481; 417 480
74; 268 497; 267 498; 266 498; 266 499; 265 500; 265 502; 266 503; 266 506; 267 507; 267 511; 268 512; 268 519; 269 520; 269 527; 270 528; 270 530; 271 531; 271 534; 272 535; 272 536; 274 538; 276 538; 277 537; 278 537; 289 526; 290 526; 297 519; 298 519; 302 515; 303 515; 303 514; 304 513; 304 511; 302 509; 299 509; 298 508; 297 508; 296 507; 295 507; 294 506; 292 506; 291 505; 290 505; 289 504; 288 504; 286 502; 280 502; 279 501; 278 501; 277 500; 275 500; 274 499; 273 499; 271 497
75; 357 501; 356 502; 354 502; 352 504; 352 505; 351 506; 351 507; 349 509; 348 509; 343 514; 342 514; 336 520; 336 521; 330 527; 330 529; 331 530; 331 531; 332 531; 333 532; 335 532; 336 533; 339 533; 340 534; 342 534; 343 535; 344 535; 346 537; 348 537; 349 538; 352 538; 353 539; 356 539; 357 540; 359 540; 360 541; 361 541; 363 543; 366 543; 368 541; 368 538; 369 537; 369 535; 368 534; 368 531; 367 530; 367 528; 366 527; 366 525; 365 524; 365 519; 364 518; 364 515; 363 514; 363 512; 362 511; 362 504; 361 503; 361 502; 360 502; 359 501
76; 392 504; 390 506; 389 506; 389 507; 387 509; 387 510; 386 511; 385 511; 384 512; 383 512; 383 513; 382 514; 382 525; 383 526; 383 530; 382 531; 382 535; 383 536; 383 537; 384 538; 384 539; 385 540; 385 546; 386 547; 386 550; 387 551; 387 552; 392 552; 399 545; 400 545; 402 543; 403 543; 409 537; 410 537; 412 535; 413 535; 417 531; 418 531; 419 530; 419 529; 420 528; 420 526; 417 523; 416 523; 415 522; 411 522; 410 521; 409 521; 408 520; 407 520; 395 508; 395 507
77; 658 513; 657 514; 657 519; 658 520; 658 524; 659 525; 659 528; 660 529; 660 532; 661 533; 661 537; 662 538; 662 540; 663 541; 663 545; 664 546; 664 549; 665 550; 665 551; 666 552; 670 552; 671 551; 672 551; 674 549; 674 548; 678 544; 679 544; 680 543; 681 543; 682 542; 683 542; 686 539; 686 538; 687 537; 687 536; 690 533; 691 533; 694 530; 695 530; 696 529; 696 524; 695 524; 694 523; 693 523; 692 522; 691 522; 690 521; 689 521; 688 520; 685 520; 684 519; 682 519; 681 518; 680 518; 679 517; 678 517; 677 516; 675 516; 674 515; 670 515; 669 514; 664 514; 663 513
78; 293 538; 291 540; 290 540; 286 544; 284 544; 283 545; 282 545; 281 546; 280 546; 272 554; 271 554; 267 558; 266 558; 265 559; 263 559; 263 561; 264 562; 264 563; 267 563; 268 564; 269 564; 270 565; 272 565; 273 566; 274 566; 275 567; 276 567; 277 568; 279 568; 280 569; 281 569; 283 571; 284 571; 285 572; 286 572; 287 573; 289 573; 290 574; 291 574; 292 575; 293 575; 294 576; 295 576; 297 578; 301 578; 301 577; 302 576; 302 554; 301 553; 301 542; 300 541; 300 540; 299 539; 299 538
79; 815 544; 814 545; 813 545; 808 550; 807 550; 797 560; 796 560; 791 565; 790 565; 788 567; 788 571; 789 572; 790 572; 791 573; 793 573; 794 574; 796 574; 797 575; 798 575; 802 579; 803 579; 804 580; 811 580; 812 581; 813 581; 814 582; 815 582; 816 583; 818 583; 819 584; 825 584; 826 583; 826 576; 825 575; 825 571; 824 570; 824 566; 823 565; 823 561; 822 560; 822 547; 819 544
80; 225 551; 223 553; 223 556; 224 557; 224 558; 225 559; 225 560; 226 561; 226 563; 227 564; 227 568; 228 569; 228 571; 229 572; 229 576; 230 577; 230 580; 231 581; 231 582; 232 583; 232 587; 233 588; 233 589; 234 590; 237 590; 239 588; 240 588; 243 585; 243 584; 245 582; 246 582; 248 580; 249 580; 250 579; 250 578; 251 577; 251 576; 261 566; 261 565; 262 564; 263 564; 263 562; 262 561; 262 560; 261 560; 260 559; 257 559; 256 558; 251 558; 250 557; 249 557; 248 556; 246 556; 245 555; 243 555; 242 554; 239 554; 238 553; 234 553; 233 552; 231 552; 230 551
81; 521 555; 520 556; 519 556; 519 557; 518 558; 518 564; 519 565; 519 567; 520 568; 520 572; 521 573; 521 575; 522 576; 522 583; 523 584; 523 590; 524 591; 524 592; 525 593; 525 594; 526 595; 530 595; 533 592; 534 592; 534 591; 536 589; 537 589; 544 582; 545 582; 556 571; 556 568; 554 566; 551 566; 550 565; 549 565; 548 564; 546 564; 545 563; 544 563; 543 562; 541 562; 540 561; 539 561; 538 560; 536 560; 535 559; 530 559; 528 557; 527 557; 526 556; 524 556; 523 555
82; 1001 598; 1012 605; 1023 606; 1023 597; 1016 597; 1011 593; 1012 589; 1017 584; 1023 584; 1023 572; 1018 572; 999 590
83; 999 590; 994 591; 991 586; 984 558; 978 559; 954 584; 957 589; 968 591; 975 595; 1001 598
84; 848 564; 847 565; 847 572; 848 573; 848 580; 849 581; 849 584; 850 585; 850 587; 851 588; 851 595; 852 596; 852 600; 854 602; 857 602; 858 601; 860 601; 862 599; 863 599; 869 593; 870 593; 874 589; 875 589; 877 587; 878 587; 883 582; 884 582; 885 581; 885 577; 884 576; 883 576; 882 575; 881 575; 880 574; 879 574; 878 573; 876 573; 875 572; 874 572; 873 571; 871 571; 869 569; 868 569; 867 568; 865 568; 864 567; 861 567; 860 566; 858 566; 857 565; 856 565; 855 564
85; 0 565; 0 604; 2 604; 3 603; 5 603; 6 602; 7 602; 8 601; 9 601; 11 599; 12 599; 13 598; 14 598; 15 597; 17 597; 18 596; 20 596; 22 594; 23 594; 25 592; 26 592; 27 591; 28 591; 30 589; 32 589; 33 588; 33 584; 32 584; 30 582; 29 582; 28 581; 27 581; 25 579; 24 579; 23 578; 22 578; 20 576; 19 576; 16 573; 15 573; 13 571; 12 571; 11 570; 10 570; 8 568; 7 568; 5 566; 4 566; 3 565
86; 215 588; 213 590; 213 605; 214 606; 214 626; 215 627; 220 627; 221 626; 222 626; 224 624; 225 624; 226 623; 227 623; 229 621; 230 621; 231 620; 233 620; 234 619; 235 619; 236 618; 237 618; 244 611; 245 611; 246 610; 247 610; 247 609; 248 608; 248 605; 246 603; 245 603; 244 602; 243 602; 241 600; 240 600; 238 598; 237 598; 236 597; 234 597; 232 595; 230 595; 228 593; 227 593; 226 592; 224 592; 222 590; 221 590; 220 589; 219 589; 218 588
87; 629 593; 627 595; 627 597; 628 598; 628 601; 629 602; 629 606; 630 607; 630 612; 631 613; 631 615; 632 616; 632 619; 633 620; 633 623; 634 624; 634 626; 635 627; 635 631; 636 632; 640 632; 644 628; 645 628; 649 624; 650 624; 661 613; 662 613; 664 611; 665 611; 666 610; 666 606; 663 603; 661 603; 660 602; 656 602; 655 601; 653 601; 652 600; 651 600; 650 599; 649 599; 648 598; 646 598; 645 597; 642 597; 641 596; 639 596; 638 595; 637 595; 636 594; 633 594; 632 593
88; 409 597; 408 598; 408 603; 409 604; 409 606; 410 607; 410 615; 411 616; 411 620; 412 621; 412 622; 413 623; 413 627; 414 628; 414 630; 415 631; 415 634; 416 635; 416 636; 417 637; 419 637; 421 635; 422 635; 431 626; 431 625; 433 623; 434 623; 436 621; 437 621; 442 616; 445 616; 449 612; 449 611; 447 609; 446 609; 444 607; 441 607; 440 606; 438 606; 437 605; 434 605; 433 604; 432 604; 431 603; 429 603; 428 602; 426 602; 425 601; 424 601; 423 600; 422 600; 421 599; 419 599; 418 598; 414 598; 413 597
89; 32 596; 31 597; 30 597; 27 600; 26 600; 23 603; 22 603; 21 604; 20 604; 19 605; 18 605; 17 606; 16 606; 11 611; 11 612; 7 616; 6 616; 5 617; 3 617; 2 618; 1 618; 1 620; 3 622; 6 622; 7 623; 10 623; 11 624; 12 624; 14 626; 15 626; 16 627; 17 627; 18 628; 20 628; 21 629; 23 629; 24 630; 25 630; 26 631; 27 631; 28 632; 29 632; 30 633; 31 633; 32 634; 33 634; 34 635; 35 635; 36 636; 38 636; 40 634; 40 629; 39 628; 39 614; 38 613; 38 610; 37 609; 37 600; 36 599; 36 597; 35 596
90; 534 600; 534 611; 535 612; 535 624; 534 625; 534 627; 535 628; 535 631; 536 632; 536 639; 537 640; 541 640; 545 636; 546 636; 548 634; 549 634; 552 631; 553 631; 555 629; 556 629; 558 627; 559 627; 560 626; 561 626; 563 624; 564 624; 565 623; 566 623; 568 621; 569 621; 570 620; 570 617; 568 615; 567 615; 566 614; 565 614; 564 613; 563 613; 562 612; 561 612; 559 610; 558 610; 557 609; 556 609; 555 608; 554 608; 551 605; 548 605; 547 604; 545 604; 544 603; 543 603; 541 601; 539 601; 538 600
91; 790 603; 789 604; 789 605; 788 606; 788 608; 789 609; 789 619; 790 620; 790 641; 791 642; 791 643; 797 643; 798 642; 799 642; 800 641; 801 641; 804 638; 805 638; 808 635; 809 635; 810 634; 811 634; 815 630; 816 630; 820 626; 821 626; 824 623; 824 618; 823 618; 822 617; 821 617; 820 616; 819 616; 818 615; 817 615; 816 614; 815 614; 814 613; 813 613; 811 611; 810 611; 809 610; 808 610; 807 609; 805 609; 804 608; 802 608; 801 607; 800 607; 798 605; 796 605; 795 604; 794 604; 793 603
92; 485 604; 484 605; 483 605; 483 622; 482 623; 482 633; 481 634; 479 634; 479 638; 482 641; 482 642; 483 643; 483 644; 484 645; 485 645; 487 643; 488 643; 489 642; 490 642; 492 640; 493 640; 494 639; 495 639; 496 638; 497 638; 498 637; 500 637; 501 636; 503 636; 504 635; 505 635; 506 634; 507 634; 509 632; 510 632; 511 631; 512 631; 514 629; 515 629; 518 626; 518 623; 517 622; 516 622; 514 620; 513 620; 511 618; 510 618; 509 617; 508 617; 506 615; 505 615; 502 612; 501 612; 500 611; 499 611; 498 610; 497 610; 496 609; 495 609; 493 607; 492 607; 490 605; 488 605; 487 604
93; 854 627; 853 628; 853 640; 854 641; 854 651; 855 652; 855 660; 856 661; 856 662; 857 663; 857 665; 858 666; 862 666; 865 663; 866 663; 870 659; 871 659; 873 657; 874 657; 875 656; 876 656; 877 655; 878 655; 881 652; 882 652; 890 644; 890 641; 888 639; 887 639; 886 638; 884 638; 883 637; 881 637; 880 636; 879 636; 878 635; 877 635; 876 634; 875 634; 873 632; 872 632; 871 631; 866 631; 865 630; 864 630; 863 629; 862 629; 861 628; 860 628; 859 627
94; 476 641; 478 634; 450 612; 446 616; 445 635; 447 639
95; 447 639; 455 663; 474 665; 478 667; 489 667; 490 662; 497 659; 497 657; 476 641
96; 447 639; 437 643; 425 643; 421 646; 421 652; 425 652; 429 656; 443 677; 447 677; 455 663
97; 384 638; 382 640; 382 647; 383 648; 383 650; 384 651; 384 653; 385 654; 385 657; 386 658; 386 660; 387 661; 387 663; 388 664; 388 669; 389 670; 389 676; 390 677; 394 677; 397 674; 397 673; 403 667; 404 667; 405 666; 406 666; 407 665; 408 665; 414 659; 415 659; 420 654; 420 648; 415 648; 414 647; 413 647; 412 646; 408 646; 406 644; 405 644; 403 642; 400 642; 399 641; 395 641; 394 640; 392 640; 391 639; 388 639; 387 638
98; 684 641; 684 642; 683 643; 683 649; 684 650; 684 655; 685 656; 685 657; 684 658; 684 666; 685 667; 685 674; 686 675; 686 679; 687 680; 687 681; 691 681; 692 680; 693 680; 697 676; 698 676; 699 675; 700 675; 703 672; 704 672; 706 670; 707 670; 709 668; 710 668; 715 663; 716 663; 718 661; 719 661; 721 659; 721 657; 719 655; 718 655; 717 654; 716 654; 715 653; 713 653; 712 652; 711 652; 710 651; 709 651; 708 650; 706 650; 705 649; 704 649; 703 648; 702 648; 701 647; 700 647; 699 646; 697 646; 696 645; 695 645; 694 644; 693 644; 692 643; 691 643; 689 641
99; 824 638; 823 639; 822 639; 820 641; 820 642; 815 647; 814 647; 813 648; 812 648; 811 649; 810 649; 806 653; 805 653; 800 658; 799 658; 799 659; 796 662; 796 665; 797 666; 798 666; 799 667; 802 667; 803 668; 805 668; 806 669; 808 669; 809 670; 811 670; 812 671; 813 671; 814 672; 815 672; 816 673; 817 673; 818 674; 820 674; 821 675; 822 675; 823 676; 824 676; 825 677; 826 677; 827 678; 831 678; 832 677; 832 669; 831 668; 831 664; 832 663; 832 657; 831 656; 831 652; 830 651; 830 645; 829 644; 829 640; 827 638
100; 270 653; 269 654; 269 658; 270 659; 270 661; 271 662; 271 663; 272 664; 272 669; 273 670; 273 672; 274 673; 274 675; 275 676; 275 679; 276 680; 276 681; 277 682; 277 683; 278 684; 278 686; 279 687; 279 688; 282 691; 285 691; 287 689; 287 688; 289 686; 289 685; 290 684; 291 684; 298 677; 298 676; 299 675; 299 674; 301 672; 302 672; 303 671; 303 670; 305 668; 305 667; 307 665; 308 665; 308 664; 309 663; 309 662; 307 660; 305 660; 304 659; 301 659; 300 658; 298 658; 297 657; 292 657; 291 656; 285 656; 284 655; 279 655; 278 654; 274 654; 273 653
101; 548 659; 548 660; 547 661; 547 672; 548 673; 548 680; 549 681; 549 687; 550 688; 550 691; 551 692; 551 696; 552 697; 552 698; 553 699; 555 699; 556 698; 557 698; 561 694; 562 694; 565 691; 566 691; 567 690; 568 690; 575 683; 576 683; 577 682; 578 682; 583 677; 583 673; 581 671; 580 671; 579 670; 578 670; 577 669; 576 669; 575 668; 573 668; 572 667; 569 667; 568 666; 566 666; 565 665; 563 665; 562 664; 561 664; 559 662; 558 662; 557 661; 555 661; 554 660; 552 660; 551 659
102; 310 662; 310 663; 309 664; 309 666; 310 667; 310 668; 311 669; 310 670; 310 682; 311 683; 311 684; 312 685; 312 686; 313 687; 313 700; 314 701; 314 702; 315 703; 318 703; 319 702; 320 702; 322 700; 323 700; 325 698; 326 698; 330 694; 331 694; 336 689; 337 689; 339 687; 340 687; 341 686; 342 686; 343 685; 344 685; 346 683; 346 679; 345 679; 344 678; 343 678; 339 674; 338 674; 337 673; 336 673; 335 672; 333 672; 332 671; 330 671; 329 670; 328 670; 327 669; 326 669; 325 668; 324 668; 323 667; 322 667; 321 666; 320 666; 319 665; 318 665; 317 664; 316 664; 315 663; 311 663
103; 503 663; 500 666; 499 666; 497 668; 496 668; 483 681; 482 681; 478 685; 478 689; 480 689; 481 690; 483 690; 484 691; 485 691; 486 692; 487 692; 488 693; 489 693; 490 694; 492 694; 493 695; 494 695; 495 696; 496 696; 497 697; 498 697; 499 698; 500 698; 501 699; 502 699; 503 700; 506 700; 507 701; 511 701; 512 702; 514 702; 516 700; 516 696; 515 695; 515 693; 514 692; 514 686; 513 685; 513 678; 512 677; 512 674; 511 673; 511 669; 510 668; 510 666; 509 665; 509 664; 508 663
104; 898 678; 896 680; 896 682; 895 683; 895 689; 896 690; 896 700; 897 701; 897 716; 899 718; 901 718; 902 717; 904 717; 905 716; 907 716; 911 712; 912 712; 913 711; 915 711; 916 710; 918 710; 919 709; 920 709; 921 708; 921 707; 922 706; 923 706; 926 703; 927 703; 930 700; 931 700; 932 699; 932 695; 931 694; 930 694; 929 693; 928 693; 927 692; 925 692; 924 691; 923 691; 922 690; 921 690; 919 688; 918 688; 917 687; 916 687; 915 686; 914 686; 913 685; 912 685; 910 683; 909 683; 907 681; 905 681; 903 679; 901 679; 900 678
105; 193 683; 192 684; 192 687; 193 688; 193 689; 194 690; 194 694; 193 695; 193 699; 194 700; 194 703; 195 704; 195 705; 196 706; 196 711; 194 713; 194 718; 195 718; 198 721; 202 721; 203 720; 204 720; 205 719; 206 719; 207 718; 208 718; 211 715; 212 715; 217 710; 218 710; 222 706; 223 706; 225 704; 226 704; 230 700; 230 697; 229 697; 228 696; 226 696; 225 695; 224 695; 223 694; 222 694; 221 693; 220 693; 218 691; 217 691; 215 689; 214 689; 213 688; 209 688; 208 687; 206 687; 205 686; 204 686; 203 685; 200 685; 199 684; 198 684; 197 683
106; 72 690; 72 691; 65 698; 64 698; 60 702; 59 702; 58 703; 58 704; 57 705; 57 706; 55 708; 55 709; 47 717; 47 719; 48 720; 49 720; 50 721; 52 721; 53 722; 57 722; 58 723; 60 723; 61 724; 64 724; 65 725; 69 725; 70 726; 72 726; 73 727; 79 727; 80 728; 82 728; 83 729; 85 729; 87 727; 87 726; 86 725; 86 724; 85 723; 85 721; 84 720; 84 718; 83 717; 83 714; 82 713; 82 711; 81 710; 81 708; 80 707; 80 704; 79 703; 79 700; 78 699; 78 697; 77 696; 77 693; 76 692; 76 691; 75 690
107; 163 692; 162 693; 162 695; 161 696; 161 698; 160 699; 160 705; 159 706; 159 709; 158 710; 158 712; 157 713; 157 722; 156 723; 156 729; 163 729; 164 728; 166 728; 167 727; 168 727; 169 726; 175 726; 177 724; 178 724; 179 723; 180 723; 181 722; 185 722; 186 721; 187 721; 188 720; 189 720; 190 719; 191 719; 192 718; 193 718; 193 713; 192 713; 188 709; 187 709; 178 700; 177 700; 174 697; 173 697; 171 695; 170 695; 167 692
108; 971 699; 970 700; 969 700; 969 707; 970 708; 970 709; 971 710; 971 711; 972 712; 972 714; 973 715; 973 718; 971 720; 971 721; 972 722; 972 723; 973 723; 975 725; 975 726; 976 727; 976 730; 977 731; 977 734; 978 735; 984 735; 985 734; 988 734; 990 732; 990 731; 995 726; 995 725; 998 722; 999 722; 1004 717; 1004 716; 1008 712; 1008 709; 1006 707; 1004 707; 1003 706; 998 706; 997 705; 995 705; 994 704; 991 704; 990 703; 987 703; 986 702; 982 702; 981 701; 978 701; 977 700; 974 700; 973 699
109; 7 709; 6 710; 6 717; 7 718; 7 722; 8 723; 8 728; 9 729; 9 732; 10 733; 10 735; 11 736; 11 740; 12 741; 12 744; 13 745; 13 746; 15 748; 18 748; 21 745; 21 744; 22 743; 23 743; 26 740; 27 740; 34 733; 34 732; 39 727; 39 726; 40 725; 41 725; 41 724; 44 721; 44 719; 41 719; 40 718; 37 718; 36 717; 34 717; 33 716; 29 716; 28 715; 25 715; 24 714; 22 714; 21 713; 19 713; 18 712; 15 712; 14 711; 13 711; 12 710; 11 710; 10 709
110; 241 711; 240 712; 240 720; 241 721; 241 728; 242 729; 242 733; 243 734; 243 746; 244 747; 244 749; 246 751; 248 751; 249 750; 250 750; 255 745; 256 745; 259 742; 260 742; 261 741; 262 741; 271 732; 272 732; 274 730; 275 730; 276 729; 276 725; 275 724; 274 724; 273 723; 272 723; 271 722; 270 722; 269 721; 268 721; 267 720; 264 720; 263 719; 262 719; 261 718; 260 718; 259 717; 257 717; 255 715; 254 715; 253 714; 252 714; 251 713; 250 713; 249 712; 247 712; 246 711
111; 957 712; 956 713; 956 714; 953 717; 953 718; 944 727; 944 728; 942 730; 942 731; 938 735; 938 736; 937 737; 937 738; 936 739; 936 740; 935 741; 935 743; 936 744; 936 745; 937 745; 938 746; 939 746; 940 747; 953 747; 954 748; 959 748; 960 747; 961 747; 962 746; 968 746; 969 747; 970 747; 972 745; 972 744; 971 743; 971 742; 970 741; 970 740; 969 739; 969 735; 970 734; 970 725; 971 724; 971 722; 970 721; 970 720; 965 720; 963 718; 963 717; 962 716; 962 715; 960 713; 960 712
112; 104 716; 96 724; 95 724; 94 725; 93 725; 92 726; 91 726; 90 727; 88 727; 86 729; 86 731; 85 732; 85 733; 82 736; 81 736; 78 739; 78 740; 77 741; 77 743; 78 744; 79 744; 81 746; 84 746; 85 747; 86 747; 87 748; 89 748; 90 749; 92 749; 93 750; 94 750; 95 751; 96 751; 97 752; 98 752; 99 753; 102 753; 103 754; 105 754; 106 755; 108 755; 109 756; 112 756; 113 755; 114 755; 115 754; 115 749; 114 748; 114 746; 113 745; 113 743; 112 742; 112 737; 111 736; 111 732; 110 731; 110 727; 109 726; 109 724; 108 723; 108 719; 107 718; 107 717; 106 716
113; 1014 724; 1013 725; 1012 725; 1011 726; 1010 726; 1009 727; 1008 727; 1007 728; 1006 728; 1005 729; 1003 729; 1002 730; 998 730; 997 731; 996 731; 995 732; 994 732; 993 733; 990 733; 988 735; 985 735; 984 736; 978 736; 978 738; 979 739; 979 743; 978 744; 978 745; 980 747; 983 747; 984 748; 987 748; 989 750; 990 749; 991 749; 992 750; 993 750; 994 751; 995 751; 996 752; 997 752; 1001 756; 1002 756; 1008 762; 1009 762; 1010 763; 1011 763; 1012 764; 1014 764; 1015 763; 1016 763; 1019 760; 1021 762; 1023 762; 1023 724; 1022 724; 1021 725; 1017 725; 1016 724
114; 41 743; 40 744; 40 745; 39 746; 39 749; 40 750; 40 754; 41 755; 41 762; 42 763; 42 764; 43 765; 43 766; 44 767; 44 770; 45 771; 45 773; 46 774; 46 775; 47 776; 47 778; 48 779; 48 781; 50 783; 52 783; 77 758; 77 757; 78 756; 78 754; 76 752; 75 752; 74 751; 70 751; 69 750; 65 750; 64 749; 62 749; 61 748; 57 748; 56 747; 54 747; 53 746; 50 746; 49 745; 47 745; 46 744; 44 744; 43 743
115; 972 746; 970 748; 971 749; 970 750; 970 751; 969 752; 968 752; 966 754; 965 754; 964 755; 963 755; 961 757; 959 757; 956 760; 955 760; 952 763; 952 765; 956 769; 957 769; 958 770; 959 770; 960 771; 962 771; 963 772; 964 772; 965 773; 966 773; 967 774; 968 774; 969 775; 970 775; 971 776; 972 776; 973 777; 974 777; 975 778; 976 778; 977 779; 978 779; 979 780; 981 780; 983 782; 984 782; 985 783; 989 783; 990 782; 990 766; 991 765; 991 763; 990 762; 990 760; 989 759; 989 756; 988 755; 988 750; 987 749; 984 749; 983 748; 980 748; 978 746
116; 554 753; 550 757; 549 757; 548 758; 547 758; 546 759; 545 759; 544 760; 543 760; 541 762; 540 762; 536 766; 535 766; 529 772; 528 772; 524 776; 524 779; 526 781; 527 781; 528 782; 530 782; 531 783; 533 783; 534 784; 536 784; 537 785; 538 785; 539 786; 540 786; 542 788; 543 788; 544 789; 546 789; 547 790; 549 790; 550 791; 551 791; 552 792; 553 792; 554 793; 556 793; 557 794; 560 794; 561 793; 561 792; 562 791; 562 782; 561 781; 561 773; 560 772; 560 764; 559 763; 559 756; 558 755; 558 754; 557 753
117; 79 767; 78 768; 78 769; 77 770; 77 773; 78 774; 78 781; 79 782; 79 784; 78 785; 78 791; 79 792; 79 794; 80 795; 80 797; 81 798; 81 807; 82 808; 82 809; 86 809; 87 808; 87 807; 92 802; 93 802; 96 799; 97 799; 100 796; 101 796; 103 794; 104 794; 109 789; 110 789; 111 788; 112 788; 113 787; 114 787; 115 786; 115 783; 112 780; 111 780; 110 779; 109 779; 108 778; 106 778; 105 777; 103 777; 102 776; 101 776; 100 775; 99 775; 98 774; 96 774; 95 773; 94 773; 93 772; 92 772; 91 771; 89 771; 88 770; 87 770; 85 768; 84 768; 83 767
118; 403 775; 401 777; 401 788; 402 789; 402 808; 403 809; 403 813; 405 815; 407 815; 408 814; 410 814; 413 811; 414 811; 416 809; 417 809; 418 808; 419 808; 420 807; 421 807; 423 805; 424 805; 427 802; 428 802; 429 801; 430 801; 431 800; 432 800; 433 799; 434 799; 439 794; 439 791; 437 789; 436 789; 435 788; 434 788; 433 787; 432 787; 431 786; 430 786; 429 785; 428 785; 425 782; 424 782; 423 781; 420 781; 419 780; 417 780; 416 779; 415 779; 414 778; 413 778; 412 777; 410 777; 409 776; 407 776; 406 775
119; 649 783; 645 787; 644 787; 643 788; 642 788; 641 789; 640 789; 638 791; 637 791; 633 795; 632 795; 631 796; 629 796; 628 797; 627 797; 622 802; 621 802; 620 803; 620 807; 621 807; 622 808; 623 808; 625 810; 626 810; 628 812; 629 812; 630 813; 632 813; 634 815; 636 815; 637 816; 639 816; 640 817; 642 817; 643 818; 645 818; 646 819; 649 819; 650 820; 651 820; 652 821; 653 821; 654 822; 657 822; 659 820; 659 815; 658 814; 658 810; 657 809; 657 806; 658 805; 658 800; 657 799; 657 797; 656 796; 656 792; 655 791; 655 783
120; 97 805; 97 809; 98 810; 98 811; 97 812; 97 816; 100 819; 100 820; 102 822; 102 826; 103 827; 103 833; 105 835; 105 836; 106 837; 106 838; 107 839; 107 840; 108 841; 108 842; 111 842; 111 841; 115 837; 115 836; 122 829; 122 828; 123 827; 123 826; 128 821; 129 821; 132 818; 132 817; 134 815; 134 811; 133 811; 132 810; 130 810; 129 809; 126 809; 125 808; 122 808; 121 807; 114 807; 113 806; 106 806; 105 805
121; 880 800; 874 806; 874 807; 867 814; 866 814; 856 824; 856 829; 857 829; 858 830; 859 830; 860 831; 862 831; 863 832; 865 832; 866 833; 870 833; 871 834; 873 834; 874 835; 876 835; 877 836; 881 836; 882 837; 884 837; 885 838; 890 838; 891 839; 893 839; 895 837; 895 832; 894 831; 894 827; 893 826; 893 824; 892 823; 892 822; 893 821; 893 819; 892 818; 892 817; 890 815; 890 813; 889 812; 889 806; 888 805; 888 804; 887 803; 887 802; 885 800
122; 379 808; 378 809; 377 809; 375 811; 374 811; 374 812; 373 813; 372 813; 370 815; 369 815; 368 816; 367 816; 366 817; 365 817; 364 818; 362 818; 360 820; 360 821; 358 823; 357 823; 355 825; 354 825; 352 827; 351 827; 350 828; 350 829; 349 830; 349 833; 351 835; 353 835; 354 836; 355 836; 356 837; 358 837; 360 839; 361 839; 362 840; 363 840; 364 841; 365 841; 366 842; 367 842; 368 843; 369 843; 370 844; 371 844; 372 845; 373 845; 374 846; 375 846; 376 847; 377 847; 378 848; 379 848; 380 849; 385 849; 385 841; 386 840; 386 837; 385 836; 385 824; 384 823; 384 811; 383 810; 383 809; 382 808
123; 82 810; 81 811; 81 812; 80 813; 80 814; 74 820; 74 821; 73 822; 72 822; 70 824; 70 825; 69 826; 69 828; 66 831; 66 832; 64 834; 64 835; 63 836; 63 837; 62 838; 62 839; 61 840; 61 844; 62 844; 63 845; 66 845; 67 846; 71 846; 72 845; 75 845; 76 846; 81 846; 82 847; 97 847; 98 846; 100 846; 101 845; 101 843; 99 841; 99 840; 98 839; 98 838; 97 837; 97 836; 96 835; 96 834; 95 833; 95 831; 94 830; 94 829; 92 827; 92 826; 91 825; 91 823; 90 822; 90 821; 89 820; 89 819; 88 818; 88 816; 87 815; 87 812; 86 811; 86 810
124; 179 822; 178 823; 177 823; 170 830; 169 830; 167 832; 166 832; 157 841; 156 841; 155 842; 154 842; 152 844; 152 845; 151 846; 151 848; 154 851; 155 851; 156 852; 159 852; 160 853; 161 853; 162 854; 164 854; 165 855; 166 855; 167 856; 169 856; 170 857; 173 857; 174 858; 176 858; 177 859; 179 859; 180 860; 182 860; 183 861; 184 861; 185 862; 188 862; 190 860; 190 854; 189 853; 189 850; 188 849; 188 847; 187 846; 187 843; 186 842; 186 838; 185 837; 185 830; 184 829; 184 827; 183 826; 183 825; 182 824; 182 823; 181 822
125; 771 837; 770 838; 770 845; 771 846; 771 853; 772 854; 772 856; 773 857; 773 862; 774 863; 774 866; 775 867; 775 874; 776 875; 776 876; 777 877; 782 877; 789 870; 790 870; 792 868; 793 868; 796 865; 797 865; 797 864; 804 857; 805 857; 807 855; 807 854; 808 853; 808 850; 807 849; 805 849; 804 848; 802 848; 801 847; 799 847; 795 843; 788 843; 787 842; 786 842; 785 841; 783 841; 782 840; 781 840; 780 839; 779 839; 778 838; 776 838; 775 837
126; 290 841; 289 842; 288 842; 285 845; 284 845; 281 848; 280 848; 276 852; 275 852; 267 860; 266 860; 262 864; 262 868; 263 869; 264 869; 265 870; 266 870; 267 871; 269 871; 270 872; 273 872; 274 873; 276 873; 277 874; 278 874; 279 875; 280 875; 281 876; 283 876; 284 877; 286 877; 287 878; 289 878; 290 879; 291 879; 292 880; 294 880; 295 881; 298 881; 300 879; 300 874; 299 873; 299 871; 298 870; 298 860; 297 859; 297 857; 296 856; 296 852; 295 851; 295 846; 294 845; 294 843; 292 841
127; 669 848; 668 849; 668 868; 669 869; 669 883; 668 884; 668 886; 670 888; 673 888; 674 887; 676 887; 677 886; 678 886; 679 885; 680 885; 681 884; 683 884; 685 882; 686 882; 687 881; 688 881; 689 880; 690 880; 693 877; 693 876; 695 874; 698 874; 700 872; 702 872; 703 871; 708 871; 707 870; 707 869; 706 868; 706 867; 704 865; 704 864; 703 864; 701 862; 700 862; 699 861; 698 861; 697 860; 696 860; 695 859; 694 859; 693 858; 692 858; 691 857; 690 857; 689 856; 688 856; 687 855; 686 855; 685 854; 684 854; 683 853; 681 853; 680 852; 679 852; 678 851; 677 851; 675 849; 674 849; 673 848
128; 582 858; 582 859; 581 860; 581 865; 582 866; 582 867; 583 868; 583 870; 584 871; 584 875; 585 876; 585 881; 586 882; 586 884; 587 885; 587 886; 588 887; 588 889; 589 890; 589 892; 590 893; 590 894; 591 895; 591 896; 592 897; 596 897; 606 887; 608 887; 609 886; 609 885; 611 883; 611 882; 613 880; 614 880; 620 874; 620 873; 621 872; 621 870; 618 867; 616 867; 615 866; 613 866; 612 865; 611 865; 610 864; 605 864; 604 863; 602 863; 600 861; 597 861; 596 860; 593 860; 592 859; 589 859; 588 858
129; 703 872; 702 873; 700 873; 698 875; 698 876; 697 877; 697 878; 693 882; 693 883; 692 884; 692 885; 689 888; 689 889; 686 892; 686 893; 685 894; 685 895; 682 898; 682 901; 684 903; 691 903; 692 904; 696 904; 697 905; 704 905; 705 906; 712 906; 713 907; 720 907; 720 906; 721 905; 721 902; 720 901; 720 899; 719 898; 719 897; 718 896; 718 895; 717 894; 717 887; 715 885; 715 884; 714 883; 714 882; 713 881; 713 879; 712 878; 712 877; 711 876; 711 875; 710 874; 710 873; 709 872
130; 852 882; 852 891; 851 892; 851 902; 852 903; 852 915; 853 916; 853 920; 855 922; 857 922; 858 921; 859 921; 861 919; 863 919; 865 917; 866 917; 868 915; 869 915; 870 914; 871 914; 873 912; 875 912; 876 911; 877 911; 879 909; 880 909; 882 907; 883 907; 884 906; 885 906; 887 904; 887 900; 886 899; 885 899; 883 897; 882 897; 881 896; 880 896; 878 894; 877 894; 876 893; 875 893; 874 892; 873 892; 871 890; 870 890; 869 889; 868 889; 867 888; 866 888; 865 887; 864 887; 862 885; 861 885; 860 884; 859 884; 858 883; 857 883; 856 882
131; 338 890; 337 891; 335 891; 334 892; 333 892; 333 897; 334 898; 334 899; 335 900; 335 901; 338 904; 338 905; 339 906; 339 907; 340 908; 340 911; 339 912; 339 920; 341 920; 342 921; 343 921; 344 920; 345 920; 346 919; 347 919; 348 918; 353 918; 354 919; 354 920; 355 920; 356 921; 357 921; 359 919; 359 918; 361 916; 361 915; 363 913; 363 912; 364 911; 364 910; 365 909; 365 908; 366 907; 366 906; 367 905; 367 904; 369 902; 369 901; 371 899; 371 898; 373 896; 373 893; 372 892; 372 891; 370 891; 369 890; 351 890; 350 891; 341 891; 340 890
132; 314 887; 312 889; 312 891; 311 892; 311 894; 310 895; 310 896; 309 897; 309 898; 308 899; 308 901; 307 902; 307 903; 306 904; 306 905; 305 906; 305 907; 304 908; 304 911; 303 912; 303 914; 302 915; 302 918; 301 919; 301 923; 302 924; 308 924; 309 923; 318 923; 319 922; 324 922; 325 921; 331 921; 332 920; 338 920; 338 912; 332 906; 332 905; 331 904; 331 903; 324 896; 324 895; 322 893; 322 892; 319 889; 319 888; 318 887
133; 62 893; 61 894; 60 894; 52 902; 51 902; 50 903; 48 903; 42 909; 41 909; 36 914; 35 914; 35 918; 36 918; 37 919; 38 919; 39 920; 40 920; 41 921; 42 921; 43 922; 44 922; 45 923; 47 923; 48 924; 49 924; 50 925; 51 925; 52 926; 53 926; 54 927; 56 927; 57 928; 58 928; 59 929; 60 929; 61 930; 62 930; 63 931; 64 931; 65 932; 66 932; 67 933; 69 933; 71 931; 71 927; 70 926; 70 920; 69 919; 69 911; 68 910; 68 902; 67 901; 67 897; 66 896; 66 894; 65 894; 64 893
134; 526 891; 521 896; 521 897; 519 899; 518 899; 514 903; 514 904; 506 912; 505 912; 502 915; 502 916; 501 917; 501 920; 503 922; 506 922; 507 923; 510 923; 511 924; 513 924; 514 925; 515 925; 517 927; 525 927; 526 928; 531 928; 532 929; 534 929; 535 930; 538 930; 539 929; 539 924; 538 923; 538 922; 537 921; 537 918; 536 917; 536 915; 535 914; 535 912; 534 911; 534 906; 533 905; 533 900; 532 899; 532 898; 531 897; 531 895; 530 894; 530 893; 528 891
135; 934 896; 932 898; 932 901; 933 902; 933 906; 934 907; 934 913; 933 914; 933 916; 934 917; 934 919; 935 920; 935 926; 936 927; 936 930; 937 931; 937 934; 938 935; 938 938; 941 938; 941 937; 944 934; 945 934; 947 932; 948 932; 959 921; 960 921; 965 916; 966 916; 969 913; 969 910; 968 909; 966 909; 965 908; 964 908; 963 907; 962 907; 961 906; 960 906; 959 905; 957 905; 956 904; 954 904; 953 903; 951 903; 949 901; 948 901; 947 900; 946 900; 945 899; 943 899; 942 898; 941 898; 940 897; 939 897; 938 896
136; 157 900; 155 902; 154 902; 152 904; 151 904; 150 905; 149 905; 147 907; 146 907; 144 909; 143 909; 141 911; 140 911; 139 912; 138 912; 135 915; 134 915; 132 917; 131 917; 129 919; 129 921; 130 922; 130 923; 131 923; 132 924; 133 924; 134 925; 136 925; 137 926; 138 926; 139 927; 141 927; 143 929; 143 930; 146 933; 150 933; 151 934; 152 934; 153 935; 155 935; 156 936; 157 936; 159 938; 163 938; 164 937; 164 922; 163 921; 163 920; 164 919; 164 912; 163 911; 163 901; 162 900
137; 208 909; 207 910; 195 910; 194 911; 193 911; 193 913; 194 914; 194 916; 195 917; 195 918; 196 919; 196 921; 197 922; 197 923; 199 925; 199 926; 200 927; 200 928; 202 930; 202 931; 203 932; 203 933; 204 934; 204 936; 205 937; 205 938; 208 941; 208 942; 209 943; 209 944; 212 944; 213 943; 214 943; 214 942; 217 939; 217 938; 219 936; 219 935; 221 933; 221 932; 222 931; 222 930; 223 929; 225 929; 226 928; 226 927; 228 925; 228 924; 230 922; 229 921; 229 917; 230 916; 230 915; 231 914; 231 912; 230 911; 229 911; 228 910; 215 910; 214 909
138; 344 921; 343 922; 342 922; 343 923; 343 933; 342 934; 342 943; 343 944; 343 951; 344 952; 344 960; 345 961; 349 961; 352 958; 354 958; 356 956; 357 956; 361 952; 362 952; 363 951; 364 951; 365 950; 366 950; 368 948; 369 948; 371 946; 372 946; 375 943; 376 943; 378 941; 378 939; 375 936; 374 936; 373 935; 372 935; 370 933; 369 933; 368 932; 367 932; 364 929; 363 929; 361 927; 360 927; 357 924; 357 922; 356 922; 355 921; 354 921; 354 922; 353 923; 348 923; 346 921
139; 973 920; 972 921; 972 924; 971 925; 971 945; 972 946; 972 958; 973 959; 975 959; 976 958; 978 958; 979 957; 980 957; 981 956; 982 956; 983 955; 984 955; 986 953; 988 953; 989 952; 990 952; 991 951; 992 951; 993 950; 994 950; 997 947; 998 947; 999 946; 1000 946; 1001 945; 1002 945; 1006 941; 1006 937; 1005 936; 1004 936; 1003 935; 1001 935; 1000 934; 999 934; 998 933; 997 933; 995 931; 994 931; 993 930; 992 930; 990 928; 989 928; 987 926; 986 926; 985 925; 984 925; 983 924; 982 924; 980 922; 979 922; 977 920
140; 482 931; 480 933; 480 936; 481 937; 481 939; 482 940; 482 942; 483 943; 483 945; 484 946; 484 948; 485 949; 485 951; 486 952; 486 957; 487 958; 487 963; 488 964; 488 966; 491 969; 494 969; 496 967; 497 967; 497 966; 500 963; 501 963; 507 957; 508 957; 510 955; 510 954; 517 947; 517 946; 519 944; 519 941; 517 939; 516 939; 515 938; 513 938; 512 937; 509 937; 508 936; 504 936; 503 935; 500 935; 499 934; 496 934; 495 933; 490 933; 489 932; 486 932; 485 931
141; 13 917; 12 926; 9 927; 0 924; 0 932; 4 934; 0 936; 0 949; 2 950; 8 975; 12 975; 22 961; 28 956; 27 951; 33 948; 32 944; 26 943; 21 939; 22 932; 20 926; 20 916
142; 20 916; 15 898; 8 901; 3 907; 0 908; 0 916; 9 911; 13 917
143; 261 939; 255 945; 256 958; 264 969; 264 975; 267 975; 278 966; 292 959; 294 956; 294 952; 281 946
144; 281 946; 284 943; 293 939; 296 936; 296 934; 279 921; 269 916; 262 915; 261 939
145; 222 964; 220 966; 218 965; 214 967; 213 969; 227 986; 238 996; 242 997; 244 996; 248 987; 253 960
146; 253 960; 255 958; 254 945; 252 945; 232 923; 230 923; 225 930; 226 931; 225 936; 221 940; 220 951; 217 959; 222 964
147; 184 938; 184 939; 183 940; 183 941; 182 942; 182 947; 181 948; 181 960; 180 961; 180 964; 179 965; 179 972; 178 973; 178 976; 180 978; 183 978; 185 976; 186 976; 187 975; 188 975; 189 974; 190 974; 191 973; 192 973; 193 972; 195 972; 197 970; 199 970; 200 969; 202 969; 203 968; 205 968; 206 967; 208 967; 209 966; 210 966; 211 967; 213 967; 214 966; 215 966; 216 965; 217 965; 217 961; 216 960; 213 960; 208 955; 207 955; 204 952; 204 951; 200 947; 199 947; 198 946; 197 946; 190 939; 189 939; 188 938
148; 938 939; 934 943; 933 943; 930 946; 929 946; 927 948; 926 948; 924 950; 924 951; 922 953; 921 953; 919 955; 918 955; 917 956; 916 956; 914 958; 913 958; 910 961; 909 961; 908 962; 908 965; 910 967; 911 967; 912 968; 913 968; 914 969; 915 969; 916 970; 917 970; 919 972; 920 972; 921 973; 923 973; 924 974; 927 974; 928 975; 929 975; 930 976; 931 976; 932 977; 934 977; 935 978; 937 978; 938 979; 939 979; 940 980; 941 980; 942 981; 944 981; 946 979; 946 971; 945 970; 945 967; 944 966; 944 957; 943 956; 943 955; 942 954; 942 946; 941 945; 941 942; 940 941; 940 939
149; 368 964; 360 972; 359 972; 358 973; 357 973; 350 980; 349 980; 347 982; 347 983; 346 984; 345 984; 345 985; 344 986; 343 986; 343 987; 342 988; 342 991; 345 994; 346 994; 347 995; 349 995; 350 996; 355 996; 356 997; 357 997; 359 999; 368 999; 369 1000; 370 1000; 371 1001; 373 1001; 374 1002; 375 1002; 376 1003; 380 1003; 381 1002; 381 1000; 382 999; 382 993; 381 992; 381 990; 380 989; 380 986; 379 985; 379 982; 378 981; 378 979; 377 978; 377 977; 376 976; 376 974; 375 973; 375 970; 374 969; 374 967; 372 965; 372 964
150; 43 989; 41 991; 41 992; 37 996; 37 997; 31 1003; 31 1004; 25 1010; 24 1010; 23 1011; 21 1009; 21 1007; 20 1006; 18 1006; 17 1005; 13 1005; 12 1004; 0 1004; 0 1012; 5 1012; 7 1014; 7 1016; 6 1017; 6 1018; 4 1020; 4 1021; 3 1022; 3 1023; 12 1023; 12 1022; 14 1020; 14 1019; 17 1016; 19 1016; 20 1017; 20 1018; 21 1019; 22 1019; 24 1021; 24 1022; 25 1023; 60 1023; 60 1022; 59 1021; 59 1020; 58 1019; 58 1018; 57 1017; 57 1015; 56 1014; 56 1006; 54 1004; 54 1002; 53 1001; 53 1000; 52 999; 52 998; 51 997; 51 995; 50 994; 50 993; 49 992; 49 991; 47 989
151; 407 992; 406 993; 404 993; 403 994; 402 994; 401 995; 400 995; 399 996; 398 996; 397 997; 396 997; 394 999; 393 999; 391 1001; 390 1001; 389 1002; 388 1002; 387 1003; 386 1003; 385 1004; 384 1004; 383 1005; 380 1005; 377 1008; 376 1008; 373 1011; 373 1014; 375 1016; 376 1016; 377 1017; 378 1017; 379 1018; 380 1018; 381 1019; 382 1019; 385 1022; 385 1023; 409 1023; 409 1021; 410 1020; 410 1017; 411 1016; 411 1011; 410 1010; 410 1003; 411 1002; 411 995; 410 994; 410 993; 409 992
