0; 14 0; 14 8; 13 9; 13 10; 10 13; 8 13; 7 12; 6 12; 2 8; 0 8; 0 18; 2 18; 8 24; 8 25; 9 26; 8 27; 8 28; 7 29; 2 29; 1 28; 0 28; 0 39; 2 39; 3 38; 4 38; 6 36; 7 36; 8 35; 9 35; 10 34; 12 34; 13 35; 13 36; 17 36; 18 35; 21 35; 21 34; 24 31; 47 31; 48 32; 54 32; 55 31; 64 31; 65 30; 65 27; 60 22; 60 21; 59 20; 59 15; 57 13; 56 13; 51 8; 51 7; 48 4; 48 3; 47 2; 47 0; 36 0; 36 2; 33 5; 33 6; 30 9; 29 9; 26 12; 23 9; 23 8; 22 7; 22 1; 21 0
1; 562 0; 562 2; 560 4; 559 4; 557 6; 556 6; 555 7; 549 7; 548 8; 547 8; 546 9; 546 10; 545 11; 545 12; 539 18; 538 18; 536 20; 534 20; 533 21; 532 21; 531 22; 530 22; 529 23; 528 23; 527 24; 527 27; 528 28; 529 28; 530 29; 531 29; 532 30; 535 30; 536 31; 539 31; 540 32; 541 32; 545 36; 545 37; 546 37; 547 38; 553 38; 554 39; 555 39; 556 40; 562 40; 563 41; 565 41; 568 44; 569 44; 570 45; 573 45; 574 44; 574 42; 573 41; 573 38; 572 37; 572 28; 571 27; 571 25; 572 24; 572 21; 571 20; 571 18; 570 17; 570 4; 569 3; 569 0
2; 245 12; 244 13; 243 13; 242 14; 239 14; 238 15; 233 15; 232 14; 227 14; 225 16; 224 16; 223 17; 222 17; 221 18; 219 18; 218 19; 201 19; 200 20; 200 24; 203 27; 203 30; 202 31; 202 32; 203 33; 203 34; 207 38; 210 38; 215 43; 216 43; 217 44; 218 44; 219 45; 220 45; 226 51; 226 52; 227 53; 227 54; 229 56; 232 56; 233 55; 233 54; 234 53; 234 50; 235 49; 235 46; 236 45; 236 43; 237 42; 237 41; 238 40; 238 39; 239 38; 239 37; 240 36; 240 35; 241 34; 241 32; 242 31; 242 29; 245 26; 245 25; 246 24; 246 20; 247 19; 247 18; 249 16; 249 12
3; 304 31; 317 27; 324 17; 334 11; 332 6; 334 3; 373 11; 379 6; 375 0; 327 0; 323 4; 317 4; 313 0; 287 0; 292 24
4; 292 24; 288 27; 282 24; 279 9; 275 6; 256 31; 244 40; 244 44; 295 51; 294 40; 304 31
5; 440 18; 440 20; 439 21; 439 23; 440 24; 440 27; 441 28; 441 30; 442 31; 442 35; 443 36; 443 38; 444 39; 444 41; 445 42; 444 43; 444 48; 447 51; 447 52; 448 53; 448 54; 449 55; 449 63; 451 65; 454 65; 459 60; 459 59; 462 56; 463 56; 465 54; 466 54; 471 49; 472 49; 472 48; 475 45; 475 44; 479 40; 480 40; 481 39; 483 39; 484 38; 485 38; 486 37; 487 37; 489 35; 489 32; 488 32; 487 31; 481 31; 480 30; 475 30; 474 29; 473 29; 472 28; 471 28; 469 26; 467 26; 466 25; 461 25; 460 24; 457 24; 456 23; 453 23; 452 22; 451 22; 450 21; 449 21; 448 20; 447 20; 445 18
6; 972 31; 969 33; 953 25; 955 40; 954 51; 959 63; 977 63; 982 57; 999 47; 999 43; 984 40; 982 38; 982 33
7; 982 33; 995 18; 999 8; 1008 0; 957 0; 962 8; 962 16; 972 28; 972 31
8; 199 33; 198 34; 195 34; 194 35; 193 35; 192 36; 189 36; 188 37; 179 37; 178 38; 176 38; 175 39; 174 39; 172 41; 169 41; 168 42; 163 42; 162 43; 160 43; 159 44; 159 46; 162 49; 163 49; 164 50; 165 50; 169 54; 169 55; 171 57; 173 57; 174 58; 175 58; 180 63; 181 63; 183 65; 184 65; 187 68; 187 71; 196 71; 196 70; 197 69; 197 67; 198 66; 198 64; 199 63; 199 61; 200 60; 200 58; 202 56; 202 55; 206 51; 206 46; 205 45; 205 42; 206 41; 206 38; 202 34; 202 33
9; 18 36; 17 37; 14 37; 14 39; 15 40; 15 41; 16 42; 16 51; 15 52; 15 54; 14 55; 14 58; 15 59; 15 60; 16 61; 16 79; 18 79; 19 80; 22 80; 22 79; 28 73; 29 73; 30 72; 31 72; 32 71; 34 71; 35 70; 39 70; 40 69; 44 69; 50 63; 51 63; 52 62; 55 62; 56 61; 57 61; 58 60; 59 60; 61 58; 61 55; 60 54; 51 54; 49 52; 48 52; 46 50; 45 50; 43 48; 43 47; 41 45; 40 45; 39 44; 32 44; 31 43; 30 43; 29 42; 28 42; 22 36
10; 744 53; 742 55; 742 60; 746 64; 746 66; 747 67; 747 76; 749 78; 749 79; 750 80; 750 82; 751 83; 751 84; 755 88; 755 89; 754 90; 754 95; 755 96; 755 97; 757 99; 760 99; 764 95; 764 94; 772 86; 772 85; 777 80; 777 79; 780 76; 781 76; 784 73; 785 73; 789 69; 790 69; 791 68; 792 68; 793 67; 793 64; 792 63; 790 63; 789 62; 779 62; 778 61; 777 61; 776 60; 775 60; 774 59; 773 59; 771 57; 768 57; 767 58; 757 58; 756 57; 754 57; 753 56; 751 56; 750 55; 749 55; 747 53
11; 891 52; 890 53; 889 53; 887 55; 886 55; 884 57; 883 57; 882 58; 877 58; 870 65; 869 65; 868 66; 867 66; 866 67; 864 67; 863 68; 862 68; 860 70; 859 70; 858 71; 857 71; 856 72; 855 72; 854 73; 852 73; 851 74; 850 74; 850 77; 851 78; 852 78; 856 82; 862 82; 863 83; 864 83; 865 84; 866 84; 869 87; 870 87; 871 88; 873 88; 874 89; 875 89; 877 91; 878 91; 879 92; 880 92; 881 93; 882 93; 883 94; 884 94; 886 96; 887 96; 889 98; 890 98; 891 99; 894 99; 895 98; 895 92; 896 91; 896 77; 895 76; 895 75; 896 74; 896 67; 895 66; 895 64; 894 63; 894 60; 895 59; 895 52
12; 1004 58; 1003 59; 1001 59; 1000 60; 997 60; 996 61; 994 61; 993 62; 992 62; 991 63; 990 63; 989 64; 986 64; 985 65; 982 65; 981 66; 980 65; 978 65; 977 64; 959 64; 958 65; 958 68; 957 69; 957 75; 959 77; 960 77; 961 78; 962 78; 964 80; 965 80; 968 83; 968 84; 969 84; 973 88; 974 88; 976 90; 977 90; 980 93; 981 93; 984 96; 985 96; 987 98; 987 99; 989 101; 998 101; 998 92; 999 91; 999 89; 1000 88; 1000 87; 1001 86; 1001 85; 1002 84; 1002 78; 1003 77; 1003 74; 1004 73; 1004 68; 1005 67; 1005 63; 1006 62; 1006 58
13; 170 67; 166 71; 165 71; 164 72; 163 72; 162 73; 161 73; 160 74; 159 74; 158 75; 152 75; 150 77; 150 78; 146 82; 145 82; 143 84; 142 84; 141 85; 140 85; 135 90; 134 90; 132 92; 132 94; 133 95; 134 95; 135 96; 138 96; 139 97; 140 97; 141 98; 142 98; 143 99; 144 99; 145 100; 146 100; 147 101; 148 101; 149 102; 150 102; 151 103; 155 103; 156 104; 157 104; 162 109; 163 109; 165 111; 170 111; 171 112; 172 112; 173 113; 173 103; 174 102; 174 95; 176 93; 176 91; 175 90; 175 85; 174 84; 174 75; 175 74; 175 73; 176 72; 176 69; 174 67
14; 62 75; 61 76; 60 76; 59 77; 53 77; 52 78; 50 78; 49 79; 39 79; 37 81; 36 81; 35 82; 33 82; 32 83; 30 83; 29 84; 23 84; 21 82; 21 81; 19 81; 18 80; 16 80; 15 81; 15 84; 14 85; 14 88; 15 89; 15 90; 17 92; 18 92; 20 94; 21 94; 27 100; 27 101; 29 103; 29 104; 33 108; 33 110; 34 111; 34 112; 36 112; 37 113; 38 113; 41 116; 41 117; 44 120; 44 121; 46 123; 48 123; 50 121; 50 119; 51 118; 51 115; 52 114; 52 111; 53 110; 53 109; 54 108; 54 107; 58 103; 58 95; 59 94; 59 89; 60 88; 60 86; 61 85; 61 84; 66 79; 66 75
15; 186 72; 186 73; 185 74; 185 88; 184 89; 184 90; 180 94; 178 94; 177 93; 175 95; 175 102; 174 103; 174 114; 176 114; 177 115; 178 115; 180 117; 180 122; 183 122; 185 120; 187 120; 189 118; 190 118; 191 117; 193 117; 194 116; 198 116; 199 115; 201 115; 202 114; 203 114; 204 113; 205 113; 206 112; 207 112; 208 111; 210 111; 211 110; 212 110; 217 105; 219 105; 220 104; 223 104; 224 103; 226 103; 227 102; 227 98; 226 98; 225 97; 224 97; 223 96; 222 96; 220 94; 219 94; 217 92; 216 92; 215 91; 214 91; 212 89; 211 89; 209 87; 208 87; 205 84; 204 84; 203 83; 202 83; 201 82; 200 82; 199 81; 198 81; 195 78; 195 73; 196 72
16; 991 113; 992 116; 984 122; 984 127; 1004 129; 1010 134; 1023 132; 1023 98; 1019 90; 1015 90; 1011 97; 1001 104; 998 102; 985 104
17; 985 104; 965 92; 961 92; 952 86; 949 87; 949 113; 947 118; 950 135; 971 125; 980 117; 991 113
18; 330 90; 326 94; 325 94; 320 99; 319 99; 318 100; 317 100; 316 101; 315 101; 315 102; 314 103; 314 105; 311 108; 311 109; 303 117; 302 117; 301 118; 299 118; 298 119; 297 119; 294 122; 294 125; 295 126; 300 126; 301 127; 309 127; 310 128; 311 128; 314 131; 314 135; 317 135; 318 134; 319 134; 320 133; 327 133; 328 134; 330 134; 331 135; 333 135; 336 138; 337 138; 338 139; 339 139; 340 140; 342 140; 343 139; 343 138; 344 137; 344 134; 343 133; 343 131; 342 130; 342 129; 341 128; 341 126; 340 125; 340 123; 339 122; 339 120; 338 119; 338 118; 337 117; 337 109; 336 108; 336 103; 335 102; 335 99; 334 98; 334 91; 333 90
19; 535 158; 544 158; 550 170; 554 170; 557 150; 571 134; 566 134; 551 143; 546 141
20; 546 141; 538 131; 538 128; 540 126; 548 126; 548 124; 545 121; 535 122; 531 118; 529 111; 526 111; 529 117; 526 122; 523 122; 511 133; 504 132; 501 135; 503 144; 510 151; 510 161; 517 159; 521 163; 523 170; 529 172; 534 169; 532 162; 535 158
21; 456 121; 454 123; 454 124; 453 125; 453 126; 452 127; 452 129; 451 130; 451 132; 450 133; 450 134; 449 135; 449 137; 448 138; 448 142; 444 146; 443 146; 442 147; 441 147; 440 148; 440 150; 439 151; 439 155; 438 156; 438 157; 437 158; 437 159; 436 160; 436 161; 435 162; 435 166; 436 167; 439 167; 440 166; 441 166; 442 165; 453 165; 454 164; 456 164; 457 163; 462 163; 463 162; 469 162; 470 161; 489 161; 489 159; 488 159; 486 157; 486 156; 485 155; 484 155; 476 147; 476 146; 475 145; 475 144; 474 143; 474 138; 470 138; 469 137; 468 137; 466 135; 466 134; 464 132; 464 131; 462 129; 462 128; 461 127; 461 125; 460 124; 460 123; 458 121
22; 767 125; 764 128; 764 129; 763 130; 763 131; 762 132; 762 133; 761 134; 761 135; 760 136; 760 137; 759 138; 759 140; 758 141; 758 143; 757 144; 757 145; 756 146; 756 147; 755 148; 755 149; 753 151; 753 152; 752 153; 752 158; 751 159; 751 160; 744 167; 744 170; 749 170; 750 169; 768 169; 769 168; 771 168; 772 167; 777 167; 778 166; 783 166; 784 165; 791 165; 792 166; 794 166; 794 164; 795 163; 795 160; 794 159; 793 159; 791 157; 791 156; 789 154; 789 153; 787 151; 787 150; 785 148; 785 146; 784 145; 784 143; 783 142; 781 142; 780 141; 779 141; 773 135; 773 132; 772 131; 772 127; 770 125
23; 68 134; 65 137; 65 141; 69 145; 69 153; 70 154; 70 156; 71 157; 71 162; 72 163; 72 165; 73 166; 73 174; 74 175; 74 177; 77 180; 77 182; 78 183; 78 184; 80 184; 80 179; 79 178; 84 173; 84 172; 88 168; 89 168; 90 167; 91 167; 92 166; 95 166; 96 165; 97 165; 98 164; 98 163; 103 158; 104 158; 105 157; 106 157; 107 156; 108 156; 109 155; 111 155; 114 152; 114 151; 115 150; 115 148; 114 147; 111 147; 110 146; 106 146; 105 145; 103 145; 102 144; 100 144; 99 143; 97 143; 96 142; 94 142; 93 141; 89 141; 88 140; 83 140; 82 139; 79 139; 78 138; 77 138; 76 137; 75 137; 74 136; 73 136; 71 134
24; 136 124; 134 126; 134 127; 133 128; 133 132; 132 133; 132 135; 131 136; 131 137; 129 139; 129 140; 125 144; 125 145; 124 146; 124 147; 123 148; 123 149; 121 151; 121 152; 119 154; 119 155; 112 162; 112 163; 111 164; 111 167; 125 167; 126 168; 128 168; 129 169; 130 169; 132 171; 133 171; 134 172; 137 172; 139 170; 140 170; 141 169; 142 169; 143 168; 147 168; 148 167; 156 167; 157 168; 161 168; 163 166; 163 164; 162 163; 162 162; 161 161; 160 161; 154 155; 154 154; 153 153; 153 152; 152 151; 152 150; 151 149; 151 148; 150 147; 150 146; 149 145; 149 144; 145 140; 145 139; 144 138; 144 137; 143 136; 143 135; 142 134; 142 132; 141 131; 141 129; 140 128; 140 127; 138 125; 138 124
25; 987 167; 985 169; 985 171; 986 172; 986 174; 988 176; 988 178; 989 179; 989 182; 990 183; 990 189; 991 190; 991 191; 993 193; 993 194; 994 195; 994 198; 995 199; 995 204; 996 205; 996 215; 997 216; 999 216; 1000 215; 1001 215; 1001 214; 1002 213; 1002 212; 1003 211; 1003 210; 1008 205; 1009 205; 1010 204; 1011 204; 1012 203; 1019 203; 1019 197; 1021 195; 1022 195; 1023 194; 1023 177; 1019 177; 1018 176; 1016 176; 1015 175; 1014 175; 1013 174; 1011 174; 1008 171; 1008 170; 1007 170; 1006 169; 1003 169; 1002 170; 1001 170; 1000 171; 998 171; 997 170; 995 170; 993 168; 991 168; 990 167
26; 796 161; 796 163; 795 164; 795 166; 794 167; 795 168; 795 169; 796 170; 796 171; 797 172; 797 178; 796 179; 796 180; 795 181; 795 184; 794 185; 794 187; 793 188; 793 192; 794 193; 795 193; 797 195; 797 200; 796 201; 796 203; 795 204; 795 208; 796 209; 796 211; 800 211; 805 206; 806 206; 807 205; 809 205; 810 204; 812 204; 813 203; 816 203; 819 200; 821 200; 822 199; 825 199; 827 197; 828 197; 831 194; 832 194; 833 193; 834 193; 835 192; 836 192; 837 191; 838 191; 839 190; 840 190; 842 188; 842 186; 841 185; 835 185; 834 184; 833 184; 832 183; 830 183; 829 182; 828 182; 823 177; 822 177; 819 174; 818 174; 817 173; 816 173; 815 172; 814 172; 813 171; 813 170; 810 167; 805 167; 802 164; 801 164; 799 162; 798 162; 797 161
27; 306 164; 305 165; 304 165; 296 173; 295 173; 293 175; 292 175; 290 177; 287 177; 286 178; 285 178; 284 179; 284 180; 276 188; 275 188; 273 190; 272 190; 271 191; 270 191; 269 192; 269 194; 270 195; 272 195; 273 196; 278 196; 279 197; 281 197; 285 201; 292 201; 293 202; 296 202; 297 203; 299 203; 300 204; 302 204; 303 205; 304 205; 305 206; 306 206; 307 207; 308 207; 309 208; 310 208; 311 209; 312 209; 313 210; 316 210; 316 205; 315 204; 315 203; 314 202; 314 201; 313 200; 313 198; 312 197; 312 192; 313 191; 313 190; 316 187; 316 184; 315 183; 315 182; 312 179; 312 176; 311 175; 311 174; 310 173; 310 164
28; 370 162; 370 163; 364 169; 363 169; 362 170; 357 170; 354 173; 354 174; 353 175; 353 177; 350 180; 349 180; 346 183; 345 183; 335 193; 335 195; 336 196; 336 197; 337 198; 337 202; 345 202; 346 203; 355 203; 356 202; 358 202; 359 203; 360 203; 361 204; 365 204; 366 203; 369 203; 373 207; 374 207; 377 210; 381 210; 381 209; 382 208; 382 206; 381 205; 381 203; 380 202; 380 200; 379 199; 379 196; 378 195; 378 183; 377 182; 377 179; 376 178; 376 176; 375 175; 375 164; 374 163; 374 162
29; 422 170; 421 171; 421 178; 422 179; 422 181; 423 182; 423 188; 422 189; 422 192; 421 193; 421 195; 420 196; 420 198; 422 200; 422 201; 425 204; 425 206; 426 207; 426 208; 425 209; 425 213; 424 214; 424 217; 425 218; 429 218; 438 209; 439 209; 441 207; 442 207; 444 205; 445 205; 446 204; 450 204; 451 203; 452 203; 453 202; 453 201; 459 195; 460 195; 461 194; 464 194; 465 193; 466 193; 467 192; 468 192; 468 189; 467 188; 464 188; 463 187; 461 187; 460 186; 459 186; 458 185; 457 185; 456 184; 455 184; 453 182; 452 182; 451 181; 450 181; 449 180; 448 180; 447 179; 446 179; 445 178; 443 178; 442 177; 439 177; 438 176; 435 176; 434 175; 433 175; 432 174; 431 174; 429 172; 428 172; 426 170
30; 533 170; 532 171; 531 171; 529 173; 527 173; 528 174; 528 175; 529 176; 529 177; 530 178; 530 179; 529 180; 529 182; 530 183; 530 188; 531 189; 531 191; 530 192; 530 193; 528 195; 527 195; 526 194; 523 194; 523 199; 524 200; 524 204; 523 205; 523 206; 521 208; 521 209; 520 210; 520 212; 524 212; 525 211; 526 211; 527 212; 528 212; 529 213; 529 214; 530 215; 530 217; 531 218; 531 219; 532 220; 535 220; 536 219; 536 218; 540 214; 541 214; 543 212; 544 212; 545 211; 547 211; 548 212; 553 212; 554 213; 559 213; 559 211; 558 211; 557 210; 557 209; 556 208; 556 205; 560 201; 561 201; 563 199; 564 199; 565 198; 567 198; 568 197; 569 197; 573 193; 574 193; 575 192; 577 192; 580 189; 580 187; 579 186; 577 186; 576 187; 573 187; 568 182; 566 182; 565 181; 563 181; 561 179; 561 178; 560 177; 558 177; 556 179; 551 179; 550 178; 549 178; 548 177; 545 177; 544 176; 542 176; 539 173; 538 173; 535 170
31; 719 169; 717 171; 717 172; 716 173; 716 179; 711 184; 711 185; 710 186; 710 189; 709 190; 709 191; 707 193; 707 194; 705 196; 705 197; 704 198; 704 203; 703 204; 703 205; 701 207; 701 208; 699 210; 699 213; 704 213; 705 212; 714 212; 715 213; 718 213; 719 212; 720 212; 721 213; 722 213; 724 215; 728 215; 729 214; 729 213; 732 210; 734 210; 735 209; 747 209; 749 211; 750 211; 751 212; 754 212; 755 211; 756 211; 757 210; 757 207; 756 206; 754 206; 753 205; 748 205; 742 199; 742 198; 741 197; 741 194; 740 193; 740 192; 729 181; 729 180; 728 179; 728 178; 727 177; 727 176; 726 175; 726 174; 724 172; 724 171; 722 169
32; 232 185; 232 190; 233 191; 233 201; 232 202; 232 209; 231 210; 231 212; 230 213; 230 222; 229 223; 229 224; 228 225; 228 230; 233 230; 235 228; 236 228; 237 227; 241 227; 242 226; 244 226; 245 225; 246 225; 247 224; 249 224; 250 223; 252 223; 253 222; 254 222; 255 221; 256 221; 258 219; 259 219; 260 218; 261 218; 262 217; 263 217; 264 216; 266 216; 267 215; 269 215; 270 214; 272 214; 273 213; 274 213; 274 209; 273 209; 270 206; 269 206; 267 204; 266 204; 260 198; 260 197; 259 196; 258 196; 257 195; 256 195; 255 194; 253 194; 252 193; 250 193; 249 192; 248 192; 247 191; 246 191; 245 190; 244 190; 241 187; 240 187; 238 185
33; 336 203; 335 204; 335 217; 334 218; 334 219; 333 220; 333 222; 334 223; 334 224; 336 226; 336 227; 337 228; 337 230; 338 231; 338 235; 337 236; 337 240; 338 241; 338 244; 339 245; 339 246; 343 246; 345 244; 345 243; 348 240; 349 240; 353 236; 354 236; 356 234; 358 234; 359 233; 360 233; 366 227; 367 227; 368 226; 369 226; 372 223; 373 223; 374 222; 375 222; 376 221; 377 221; 379 219; 380 219; 381 218; 381 215; 379 213; 373 213; 372 212; 371 212; 370 211; 369 211; 367 209; 366 209; 365 208; 360 208; 359 207; 357 207; 354 204; 346 204; 345 203
34; 57 210; 49 218; 47 218; 46 219; 44 219; 43 220; 42 220; 41 221; 40 221; 38 223; 37 223; 30 230; 29 230; 28 231; 26 231; 25 232; 24 232; 23 233; 22 233; 21 234; 20 234; 19 235; 18 235; 17 236; 17 240; 18 240; 19 241; 27 241; 29 243; 30 243; 31 244; 32 244; 33 245; 34 245; 36 247; 37 247; 38 248; 39 248; 40 249; 41 249; 43 251; 44 251; 46 253; 53 253; 57 257; 58 257; 59 258; 60 258; 61 259; 64 259; 64 252; 65 251; 65 243; 64 242; 64 235; 63 234; 63 229; 62 228; 62 222; 61 221; 61 214; 60 213; 60 211; 59 210
35; 759 261; 763 265; 765 270; 769 271; 774 266; 776 258; 779 254; 795 255; 796 233; 798 229; 794 225; 781 225; 770 223
36; 770 223; 767 217; 763 216; 756 223; 751 225; 727 248; 727 251; 730 253; 739 253; 759 261
37; 815 215; 814 216; 814 217; 813 218; 813 219; 812 220; 812 221; 810 223; 810 224; 803 231; 802 231; 801 232; 800 232; 799 231; 797 233; 797 242; 796 243; 796 256; 798 258; 805 258; 807 260; 814 260; 815 261; 818 261; 819 260; 823 260; 824 261; 826 261; 827 262; 828 262; 829 263; 832 263; 834 261; 834 259; 833 258; 833 257; 832 256; 832 254; 831 253; 831 252; 828 249; 828 248; 827 247; 827 240; 828 239; 828 238; 829 237; 829 235; 826 232; 825 232; 824 231; 824 230; 823 229; 823 228; 822 227; 822 226; 821 225; 821 224; 820 223; 820 220; 819 219; 819 217; 817 215
38; 296 233; 295 234; 295 236; 294 237; 294 241; 293 242; 293 244; 292 245; 292 246; 291 247; 291 248; 289 250; 289 251; 287 253; 287 254; 286 255; 286 256; 285 257; 285 259; 284 260; 284 261; 283 262; 283 264; 282 265; 282 266; 280 268; 280 270; 278 272; 278 273; 276 275; 276 277; 278 279; 281 279; 282 278; 284 278; 285 277; 297 277; 298 276; 299 276; 300 275; 305 275; 306 274; 312 274; 313 273; 317 273; 318 274; 321 274; 322 275; 327 275; 330 272; 330 269; 329 268; 328 268; 327 267; 326 267; 324 265; 323 265; 319 261; 319 260; 318 259; 318 258; 317 257; 317 256; 315 254; 315 251; 313 251; 312 250; 311 250; 308 247; 308 246; 306 244; 306 243; 305 242; 305 241; 304 240; 304 239; 303 238; 303 237; 302 236; 302 235; 300 233
39; 191 264; 190 265; 190 266; 189 267; 189 282; 188 283; 188 285; 187 286; 187 302; 186 303; 186 305; 184 307; 184 308; 183 309; 183 311; 185 313; 188 313; 189 312; 190 312; 191 311; 192 311; 194 309; 195 309; 196 308; 199 308; 200 307; 201 307; 202 306; 207 306; 209 304; 210 304; 212 302; 213 302; 214 301; 217 301; 218 300; 220 300; 223 297; 224 297; 225 296; 229 296; 230 295; 231 295; 233 293; 233 290; 232 289; 229 289; 228 288; 227 288; 226 287; 225 287; 223 285; 223 284; 222 283; 222 282; 220 280; 219 280; 218 279; 216 279; 215 278; 213 278; 212 277; 211 277; 210 276; 209 276; 208 275; 207 275; 205 273; 204 273; 203 272; 203 271; 196 264
40; 96 276; 95 277; 93 277; 92 278; 91 278; 90 279; 89 279; 88 280; 84 280; 83 281; 78 281; 77 280; 74 280; 73 281; 72 281; 68 285; 63 285; 62 286; 58 286; 57 287; 55 287; 54 286; 52 286; 51 287; 49 287; 49 288; 48 289; 48 291; 50 293; 51 293; 52 294; 54 294; 55 295; 56 295; 60 299; 61 299; 62 300; 62 301; 65 304; 65 306; 66 307; 66 308; 67 309; 68 309; 72 313; 72 314; 75 317; 76 317; 78 319; 79 319; 82 322; 82 323; 83 324; 83 325; 86 325; 88 323; 88 322; 89 321; 89 316; 90 315; 90 312; 91 311; 91 308; 92 307; 92 305; 93 304; 93 302; 94 301; 94 299; 96 297; 96 296; 97 295; 97 288; 98 287; 98 286; 100 284; 100 282; 101 281; 101 277; 100 276
41; 885 277; 883 279; 882 279; 880 281; 879 281; 877 283; 876 283; 874 285; 873 285; 872 286; 864 286; 864 287; 863 288; 863 289; 862 290; 862 291; 861 292; 860 292; 858 294; 857 294; 856 295; 855 295; 854 296; 853 296; 852 297; 849 297; 848 298; 846 298; 845 299; 844 299; 842 301; 842 304; 844 306; 844 307; 848 307; 849 308; 850 308; 851 309; 852 309; 853 310; 854 310; 855 311; 855 312; 858 315; 861 315; 863 317; 864 317; 865 318; 866 318; 867 319; 870 319; 871 320; 872 320; 874 322; 875 322; 877 324; 877 325; 880 328; 883 328; 885 326; 885 323; 886 322; 886 315; 887 314; 887 288; 888 287; 888 284; 889 283; 889 279; 887 277
42; 814 295; 814 300; 815 301; 815 312; 814 313; 814 315; 813 316; 813 317; 811 319; 811 320; 810 321; 810 323; 811 324; 811 327; 812 328; 812 329; 813 330; 813 336; 812 337; 812 339; 811 340; 811 344; 812 345; 816 345; 817 344; 818 344; 824 338; 825 338; 826 337; 827 337; 828 336; 829 336; 831 334; 832 334; 833 333; 835 333; 836 332; 837 332; 838 331; 839 331; 840 330; 841 330; 842 329; 843 329; 844 328; 845 328; 846 327; 848 327; 849 326; 851 326; 852 325; 853 325; 854 324; 855 324; 858 321; 858 316; 857 315; 856 315; 855 316; 849 316; 848 315; 847 315; 843 311; 843 309; 844 308; 843 307; 843 306; 841 304; 841 302; 840 303; 839 303; 838 304; 834 304; 833 303; 830 303; 829 302; 827 302; 824 299; 823 299; 819 295
43; 462 314; 460 316; 460 317; 459 318; 459 319; 458 320; 458 321; 454 325; 453 325; 443 335; 442 335; 439 338; 439 339; 438 340; 438 342; 436 344; 436 345; 434 347; 434 348; 432 350; 432 353; 433 353; 434 354; 443 354; 444 355; 446 355; 447 356; 449 356; 450 357; 451 357; 452 358; 454 358; 455 357; 457 357; 458 356; 459 356; 460 357; 465 357; 466 358; 472 358; 473 359; 474 359; 475 360; 476 360; 477 361; 482 361; 482 357; 481 356; 481 354; 477 350; 477 349; 476 348; 476 347; 475 346; 475 342; 474 341; 474 338; 473 337; 473 334; 472 333; 472 330; 471 329; 471 327; 470 326; 470 321; 468 319; 468 318; 467 317; 467 316; 466 315; 466 314
44; 154 324; 150 328; 149 328; 147 330; 144 330; 143 331; 141 331; 138 334; 137 334; 136 335; 135 335; 127 343; 126 343; 124 345; 121 345; 120 346; 117 346; 116 347; 115 347; 114 348; 113 348; 113 351; 114 351; 115 352; 116 352; 119 355; 119 356; 120 356; 121 357; 122 357; 123 358; 127 358; 128 359; 129 359; 131 361; 132 361; 133 362; 133 363; 134 364; 134 366; 135 367; 139 367; 140 366; 143 366; 145 368; 146 368; 151 373; 152 373; 153 374; 155 374; 156 373; 156 360; 157 359; 157 354; 156 353; 156 341; 155 340; 155 339; 156 338; 156 335; 157 334; 157 333; 158 332; 158 325; 157 324
45; 736 327; 735 328; 734 328; 733 329; 732 329; 731 330; 729 330; 728 331; 726 331; 725 332; 723 332; 722 333; 721 333; 720 334; 714 334; 713 335; 712 335; 708 339; 706 339; 705 340; 702 340; 701 341; 699 341; 698 342; 697 342; 695 344; 694 344; 692 346; 692 349; 693 349; 694 350; 695 350; 696 351; 697 351; 699 353; 700 353; 704 357; 705 357; 713 365; 714 365; 715 366; 716 366; 717 367; 719 367; 721 369; 722 369; 729 376; 731 376; 732 375; 732 365; 733 364; 733 361; 734 360; 734 352; 735 351; 735 350; 736 349; 736 346; 737 345; 737 340; 738 339; 738 336; 739 335; 739 334; 740 333; 740 328; 739 327
46; 660 327; 658 329; 658 330; 651 337; 648 337; 647 338; 646 338; 646 339; 644 341; 644 342; 643 343; 643 344; 640 347; 640 349; 639 350; 639 351; 632 358; 631 358; 627 362; 627 366; 628 366; 629 367; 644 367; 645 368; 647 368; 648 369; 649 369; 651 371; 652 371; 653 372; 657 372; 658 371; 661 371; 662 372; 664 372; 666 374; 675 374; 676 373; 676 363; 675 362; 675 361; 672 358; 672 357; 671 356; 671 353; 670 352; 670 350; 669 349; 669 345; 668 344; 668 340; 667 339; 667 336; 666 335; 666 334; 665 333; 665 329; 663 327
47; 325 344; 321 348; 319 348; 318 349; 316 349; 315 348; 314 348; 313 347; 308 347; 306 349; 305 349; 304 350; 303 350; 302 349; 300 349; 299 350; 296 350; 295 351; 292 351; 291 350; 285 350; 284 351; 279 351; 278 352; 278 354; 279 355; 279 356; 288 365; 288 366; 289 367; 289 373; 290 374; 291 374; 301 384; 301 386; 302 387; 302 388; 306 392; 309 392; 310 391; 310 387; 311 386; 311 383; 312 382; 312 381; 313 380; 313 379; 315 377; 315 376; 317 374; 317 373; 318 372; 318 371; 319 370; 319 368; 324 363; 324 361; 325 360; 325 357; 326 356; 326 355; 328 353; 328 352; 329 351; 329 350; 330 349; 330 346; 328 344
48; 364 347; 363 348; 363 349; 359 353; 359 354; 358 355; 357 355; 355 357; 354 357; 353 358; 348 358; 347 359; 346 359; 344 361; 344 362; 341 365; 341 366; 337 370; 336 370; 335 371; 334 371; 331 374; 330 374; 327 377; 327 379; 330 382; 338 382; 341 385; 342 385; 343 386; 346 386; 347 387; 349 387; 351 389; 351 390; 352 391; 352 392; 353 393; 362 393; 363 394; 366 394; 367 395; 368 395; 369 396; 370 396; 371 397; 373 397; 374 396; 374 394; 373 393; 373 389; 372 388; 372 387; 371 386; 371 382; 372 381; 372 377; 371 376; 371 374; 370 373; 370 370; 369 369; 369 366; 370 365; 370 360; 369 359; 369 357; 368 356; 368 348; 367 347
49; 533 349; 531 351; 531 357; 530 358; 530 360; 529 361; 529 364; 528 365; 528 367; 527 368; 527 369; 526 370; 526 371; 525 372; 525 373; 524 374; 524 375; 523 376; 523 377; 522 378; 522 379; 521 380; 521 382; 520 383; 520 384; 519 385; 519 386; 517 388; 517 389; 516 390; 516 395; 520 395; 521 394; 523 394; 524 393; 527 393; 528 392; 530 392; 531 393; 532 393; 533 394; 536 394; 537 393; 538 393; 540 391; 543 391; 544 390; 545 390; 546 389; 548 389; 549 388; 550 388; 551 387; 553 387; 554 386; 558 386; 559 387; 565 387; 566 386; 566 382; 559 375; 559 374; 558 374; 552 368; 552 363; 550 361; 549 361; 548 360; 547 360; 544 357; 543 357; 539 353; 539 352; 536 349
50; 387 362; 386 363; 379 363; 378 364; 378 368; 380 370; 380 371; 382 373; 382 374; 383 375; 383 381; 384 382; 384 383; 386 385; 386 386; 387 387; 387 388; 388 389; 388 391; 389 392; 389 393; 390 394; 390 395; 391 396; 391 397; 392 398; 392 399; 393 400; 406 400; 407 399; 420 399; 419 398; 419 396; 418 395; 418 389; 417 388; 417 385; 419 383; 419 382; 422 379; 422 378; 423 377; 423 376; 426 373; 427 373; 427 369; 426 368; 424 368; 423 369; 420 369; 419 368; 416 368; 415 367; 414 367; 413 366; 408 366; 407 367; 399 367; 398 366; 395 366; 394 365; 393 365; 391 363; 390 363; 389 362
51; 997 382; 984 380; 976 373; 949 368; 949 387; 951 396; 956 403; 955 414; 959 415; 965 410; 971 409; 978 399; 993 386
52; 993 386; 1002 388; 1015 407; 1018 407; 1023 402; 1023 389; 1016 392; 1008 381; 1008 377; 1023 374; 1023 367; 1002 368; 993 366; 993 370; 999 378; 997 382
53; 86 365; 86 373; 85 374; 85 376; 84 377; 84 379; 82 381; 82 382; 79 385; 79 388; 80 389; 80 391; 79 392; 79 399; 77 401; 77 402; 75 404; 75 410; 76 411; 80 411; 81 410; 82 410; 84 408; 85 408; 86 407; 90 407; 91 406; 97 406; 98 405; 100 405; 101 404; 103 404; 104 403; 106 403; 107 402; 110 402; 111 401; 112 401; 113 400; 114 400; 115 399; 116 399; 117 398; 122 398; 123 397; 124 397; 124 393; 123 393; 122 392; 121 392; 120 391; 118 391; 114 387; 114 386; 113 385; 113 384; 111 382; 110 382; 109 381; 107 381; 105 379; 104 379; 102 377; 101 377; 98 374; 97 374; 94 371; 94 370; 89 365
54; 753 371; 752 372; 752 373; 751 374; 751 376; 750 377; 750 378; 749 379; 749 380; 745 384; 745 385; 743 387; 743 389; 742 390; 742 391; 740 393; 740 394; 737 397; 737 398; 735 400; 735 401; 734 402; 734 403; 729 408; 728 408; 727 409; 727 411; 731 415; 733 413; 746 413; 747 414; 750 414; 753 417; 757 417; 759 415; 760 415; 761 414; 766 414; 767 413; 770 413; 771 414; 779 414; 780 413; 780 411; 778 409; 777 409; 774 406; 774 405; 773 404; 773 402; 771 400; 771 399; 769 397; 769 396; 768 395; 768 394; 767 393; 767 392; 766 391; 766 388; 765 387; 765 386; 763 384; 763 383; 761 381; 761 380; 758 377; 758 376; 757 375; 757 373; 755 371
55; 0 388; 0 418; 3 421; 3 432; 4 433; 4 434; 7 434; 11 430; 11 429; 13 427; 14 427; 16 425; 17 425; 19 423; 20 423; 21 422; 22 422; 23 421; 24 421; 25 420; 27 420; 28 419; 30 419; 31 418; 32 418; 32 417; 33 416; 33 414; 38 409; 39 409; 40 408; 42 408; 43 407; 44 407; 45 406; 45 403; 44 402; 41 402; 40 401; 35 401; 34 400; 30 400; 29 399; 28 399; 27 398; 26 398; 24 396; 23 396; 21 394; 16 394; 15 393; 13 393; 12 392; 8 392; 7 391; 5 391; 3 389; 2 389; 1 388
56; 554 399; 551 402; 551 406; 557 412; 557 414; 558 415; 558 419; 559 420; 559 430; 561 432; 561 434; 562 435; 562 439; 561 440; 561 445; 562 446; 565 446; 570 441; 570 440; 575 435; 576 435; 581 430; 582 430; 584 428; 585 428; 593 420; 594 420; 596 418; 597 418; 599 416; 601 416; 601 415; 602 414; 602 412; 601 411; 598 411; 597 410; 590 410; 588 408; 587 408; 584 405; 584 404; 583 403; 578 403; 577 404; 570 404; 569 403; 566 403; 565 402; 564 402; 562 400; 561 400; 560 399
57; 182 397; 181 398; 180 398; 178 400; 177 400; 176 401; 171 401; 170 402; 167 402; 166 403; 165 403; 164 404; 162 404; 160 406; 159 406; 157 408; 155 408; 154 409; 153 409; 152 410; 150 410; 149 411; 141 411; 140 412; 138 412; 137 413; 137 416; 138 416; 139 417; 140 417; 141 418; 142 418; 143 419; 144 419; 146 421; 147 421; 150 424; 150 425; 152 427; 152 428; 153 429; 153 430; 156 430; 157 431; 158 431; 166 439; 166 440; 167 441; 167 442; 168 443; 168 445; 171 448; 175 448; 176 447; 176 437; 175 436; 175 435; 176 434; 176 431; 177 430; 177 428; 178 427; 178 426; 179 425; 179 423; 180 422; 180 421; 184 417; 184 412; 182 410; 182 407; 183 406; 183 405; 186 402; 186 398; 185 397
58; 407 400; 406 401; 393 401; 394 402; 394 406; 395 407; 395 411; 396 412; 396 413; 397 414; 397 417; 395 419; 395 420; 394 421; 394 424; 393 425; 393 426; 387 432; 387 434; 389 436; 391 436; 392 435; 395 435; 396 436; 402 436; 403 437; 412 437; 413 438; 420 438; 421 437; 422 437; 423 438; 427 438; 428 439; 431 439; 432 440; 435 440; 436 439; 437 439; 437 436; 436 435; 436 434; 433 431; 433 430; 432 429; 432 428; 431 427; 431 425; 430 424; 430 421; 429 420; 429 418; 428 417; 428 416; 426 414; 426 413; 425 412; 425 411; 424 410; 424 409; 423 408; 423 406; 422 405; 422 403; 421 402; 421 401; 420 400
59; 617 401; 615 403; 615 405; 614 406; 614 407; 610 411; 609 411; 608 412; 607 412; 606 413; 603 413; 603 414; 602 415; 602 416; 603 417; 603 418; 602 419; 602 420; 601 421; 601 422; 600 423; 600 424; 599 425; 599 426; 598 427; 598 428; 589 437; 589 441; 590 442; 593 442; 594 441; 596 441; 597 442; 609 442; 612 445; 612 447; 613 448; 615 448; 619 444; 626 444; 627 443; 635 443; 636 444; 639 444; 640 443; 640 440; 638 438; 638 437; 637 436; 637 435; 635 433; 635 432; 633 430; 633 429; 632 428; 632 427; 631 426; 631 424; 630 423; 630 419; 629 418; 629 416; 628 415; 628 414; 626 412; 626 411; 623 408; 623 406; 622 405; 622 404; 621 403; 621 402; 620 401
60; 726 410; 722 414; 721 414; 720 415; 718 415; 717 416; 714 416; 713 417; 711 417; 710 418; 706 418; 705 419; 698 419; 696 421; 695 421; 694 422; 693 422; 692 423; 691 423; 690 424; 687 424; 686 425; 681 425; 680 426; 678 426; 677 427; 677 429; 679 431; 681 431; 682 432; 683 432; 685 434; 685 435; 687 437; 687 440; 690 443; 692 443; 693 444; 694 444; 695 445; 696 445; 702 451; 703 451; 704 452; 704 453; 707 456; 707 458; 708 459; 708 460; 710 462; 713 462; 715 460; 715 458; 716 457; 716 456; 717 455; 717 454; 718 453; 718 451; 717 450; 717 446; 718 445; 718 444; 720 442; 720 439; 721 438; 721 435; 722 434; 722 433; 724 431; 724 430; 725 429; 725 422; 727 420; 727 419; 730 416; 730 415; 726 411
61; 470 419; 469 420; 469 423; 475 429; 475 430; 476 431; 476 438; 478 440; 478 441; 479 442; 479 443; 480 444; 480 446; 481 447; 481 448; 483 450; 483 451; 484 452; 484 459; 485 460; 485 461; 486 462; 486 463; 487 464; 491 464; 494 461; 494 460; 496 458; 496 457; 498 455; 498 454; 505 447; 507 447; 507 446; 508 445; 508 444; 509 443; 509 442; 510 441; 510 440; 511 439; 511 438; 514 435; 514 434; 516 432; 516 431; 520 427; 520 424; 509 424; 508 423; 502 423; 501 422; 494 422; 493 421; 488 421; 487 422; 485 422; 484 421; 479 421; 478 420; 477 420; 476 419
62; 860 414; 859 415; 859 416; 858 417; 858 418; 856 420; 856 421; 851 426; 850 426; 846 430; 845 430; 838 437; 837 437; 834 440; 833 440; 831 442; 830 442; 828 444; 827 444; 826 445; 826 449; 827 449; 828 450; 834 450; 835 451; 838 451; 841 454; 841 455; 842 456; 843 456; 844 457; 849 457; 850 458; 864 458; 868 462; 869 462; 870 463; 873 463; 874 462; 874 459; 873 458; 873 454; 872 453; 872 443; 873 442; 873 441; 874 440; 875 440; 875 427; 870 427; 867 424; 867 423; 866 422; 866 416; 864 414
63; 897 425; 896 426; 895 426; 893 428; 878 428; 877 427; 876 427; 876 441; 879 444; 879 445; 880 446; 880 447; 881 448; 881 449; 883 451; 883 453; 884 454; 884 457; 890 463; 890 464; 891 465; 891 469; 893 471; 896 471; 897 470; 897 469; 898 468; 898 467; 899 466; 899 465; 905 459; 905 458; 906 457; 906 456; 908 454; 909 454; 910 453; 911 453; 912 452; 913 452; 915 450; 915 449; 917 447; 917 446; 921 442; 921 441; 922 440; 922 436; 923 435; 923 432; 919 428; 914 428; 913 429; 906 429; 905 428; 904 428; 903 427; 902 427; 900 425
64; 68 443; 67 444; 65 444; 64 445; 57 445; 56 446; 49 446; 48 447; 40 447; 39 448; 37 448; 36 449; 22 449; 21 450; 20 450; 20 453; 21 454; 22 454; 29 461; 29 462; 30 463; 30 464; 31 465; 31 470; 30 471; 30 473; 31 474; 34 474; 35 473; 37 473; 40 476; 40 477; 41 478; 41 479; 42 480; 42 481; 45 484; 45 485; 47 487; 47 488; 48 489; 49 489; 50 490; 52 490; 54 488; 54 484; 55 483; 55 481; 56 480; 56 479; 57 478; 57 477; 58 476; 58 475; 59 474; 59 473; 60 472; 60 471; 62 469; 62 468; 63 467; 63 465; 65 463; 65 462; 67 460; 67 454; 68 453; 68 452; 73 447; 73 444; 72 443
65; 677 441; 676 442; 676 445; 675 446; 675 450; 674 451; 674 452; 670 456; 670 458; 669 459; 669 460; 667 462; 667 463; 666 464; 666 468; 665 469; 665 472; 664 473; 664 475; 663 476; 663 477; 662 478; 662 479; 661 480; 661 481; 660 482; 660 483; 659 484; 659 486; 660 487; 665 487; 666 486; 672 486; 673 485; 674 485; 675 484; 677 484; 678 483; 679 484; 688 484; 689 483; 692 483; 693 482; 694 482; 695 481; 696 481; 698 479; 705 479; 706 480; 708 480; 710 478; 710 472; 709 471; 708 471; 707 470; 706 470; 704 468; 703 468; 701 466; 701 465; 697 461; 697 460; 694 457; 694 456; 689 451; 689 450; 688 449; 687 449; 682 444; 682 443; 680 441
66; 621 452; 620 453; 617 453; 616 454; 613 454; 612 455; 611 455; 610 456; 603 456; 602 457; 599 457; 598 458; 596 458; 595 459; 594 459; 592 461; 591 461; 590 462; 578 462; 577 463; 576 463; 576 466; 578 468; 579 468; 581 470; 582 470; 584 472; 585 472; 587 474; 587 475; 593 481; 593 482; 596 485; 596 486; 601 491; 602 491; 603 492; 604 492; 607 495; 607 496; 611 500; 614 500; 614 499; 615 498; 615 493; 616 492; 616 489; 617 488; 617 486; 618 485; 618 484; 620 482; 621 482; 623 480; 623 476; 622 475; 622 466; 623 465; 623 464; 624 463; 624 462; 625 461; 625 460; 626 459; 626 453; 625 452
67; 415 461; 415 466; 416 467; 416 469; 417 470; 417 472; 418 473; 418 477; 417 478; 417 480; 416 481; 416 485; 417 486; 417 488; 418 489; 418 490; 419 491; 419 494; 420 495; 420 498; 421 499; 421 504; 420 505; 420 507; 421 508; 421 509; 422 510; 425 510; 426 509; 426 508; 429 505; 430 505; 433 502; 434 502; 439 497; 440 497; 441 496; 447 496; 448 495; 448 492; 452 488; 453 488; 454 487; 455 487; 456 486; 457 486; 463 480; 464 480; 465 479; 465 477; 463 475; 452 475; 451 474; 449 474; 448 473; 447 473; 446 472; 445 472; 444 471; 443 471; 441 469; 441 468; 440 467; 439 467; 438 466; 437 466; 436 465; 433 465; 432 466; 428 466; 426 464; 425 464; 423 462; 422 462; 421 461
68; 137 479; 136 480; 135 480; 125 490; 124 490; 115 499; 114 499; 113 500; 112 500; 108 504; 108 505; 106 507; 105 507; 103 509; 102 509; 100 511; 100 514; 101 515; 108 515; 109 516; 114 516; 115 517; 117 517; 118 518; 119 518; 120 519; 121 519; 124 522; 124 524; 125 525; 130 525; 131 524; 138 524; 139 525; 141 525; 143 527; 144 527; 145 528; 149 528; 150 527; 150 521; 149 520; 149 518; 148 517; 148 516; 147 515; 147 512; 146 511; 146 508; 145 507; 145 506; 144 505; 144 503; 143 502; 143 500; 142 499; 142 497; 141 496; 141 484; 140 483; 140 480; 139 479
69; 0 485; 0 515; 1 515; 4 518; 4 520; 5 521; 5 531; 4 532; 4 534; 1 537; 0 537; 0 545; 1 545; 2 544; 5 544; 6 543; 7 543; 8 542; 8 541; 9 540; 9 536; 13 532; 14 532; 15 531; 16 531; 17 530; 17 529; 18 528; 18 527; 20 525; 21 525; 23 523; 24 523; 26 521; 27 521; 29 519; 31 519; 33 517; 34 517; 34 516; 35 515; 35 514; 38 511; 39 511; 40 510; 45 510; 46 509; 47 509; 48 508; 48 504; 47 504; 46 503; 43 503; 42 502; 39 502; 38 501; 36 501; 35 500; 34 500; 33 499; 32 499; 31 498; 30 498; 29 497; 28 497; 27 496; 26 496; 25 495; 24 495; 23 494; 22 494; 21 493; 19 493; 18 492; 17 492; 16 491; 13 491; 11 489; 10 489; 9 488; 8 488; 7 487; 5 487; 4 486; 2 486; 1 485
70; 557 488; 556 489; 555 489; 554 490; 553 490; 552 491; 550 491; 549 492; 543 492; 542 493; 541 493; 540 494; 528 494; 526 496; 525 496; 524 497; 521 497; 520 498; 517 498; 516 499; 512 499; 511 500; 511 504; 513 506; 514 506; 518 510; 519 510; 520 511; 521 511; 524 514; 524 515; 528 519; 529 519; 536 526; 536 527; 537 528; 537 529; 538 530; 538 531; 539 532; 539 533; 542 536; 542 537; 543 538; 546 538; 548 536; 548 535; 549 534; 549 528; 550 527; 550 525; 551 524; 551 523; 553 521; 553 520; 554 519; 555 519; 555 518; 556 517; 556 511; 555 510; 555 508; 556 507; 556 505; 557 504; 557 502; 558 501; 558 499; 559 498; 559 497; 560 496; 560 495; 562 493; 562 492; 563 491; 563 489; 562 488
71; 637 500; 636 501; 635 501; 634 502; 633 502; 631 504; 630 504; 629 505; 627 505; 626 506; 619 506; 618 507; 617 507; 616 508; 612 508; 611 509; 609 509; 607 511; 606 511; 604 513; 603 513; 602 514; 601 514; 600 515; 597 515; 596 516; 593 516; 592 517; 591 517; 590 518; 590 521; 592 523; 594 523; 595 524; 596 524; 598 526; 599 526; 601 528; 601 530; 602 531; 602 532; 603 533; 605 533; 606 534; 608 534; 609 535; 610 535; 612 537; 613 537; 616 540; 617 540; 622 545; 622 546; 623 547; 623 548; 624 549; 624 550; 626 552; 629 552; 631 550; 631 548; 632 547; 632 543; 631 542; 631 540; 632 539; 632 536; 633 535; 633 532; 634 531; 634 530; 636 528; 637 528; 638 527; 639 527; 639 525; 638 524; 638 523; 637 522; 637 521; 636 520; 636 517; 637 516; 637 511; 638 510; 638 509; 639 508; 639 507; 640 506; 640 505; 641 504; 641 502; 640 501; 640 500
72; 729 507; 727 509; 726 509; 724 511; 723 511; 722 512; 721 512; 720 513; 719 513; 715 517; 714 517; 713 518; 712 518; 710 520; 709 520; 708 521; 707 521; 700 528; 699 528; 697 530; 696 530; 694 532; 692 532; 691 533; 689 533; 688 534; 688 537; 690 539; 692 539; 693 540; 696 540; 697 541; 698 541; 699 542; 700 542; 705 547; 706 547; 707 548; 708 548; 709 549; 715 549; 716 550; 718 550; 719 551; 720 551; 721 552; 723 552; 724 553; 726 553; 727 554; 728 554; 730 556; 731 556; 733 558; 736 558; 737 557; 737 556; 738 555; 738 550; 737 549; 737 547; 736 546; 736 544; 735 543; 735 540; 734 539; 734 538; 735 537; 735 534; 736 533; 736 532; 737 531; 737 528; 733 524; 733 522; 732 521; 732 515; 733 514; 733 512; 734 511; 734 507
73; 334 512; 334 513; 333 514; 333 522; 334 523; 334 526; 333 527; 333 533; 332 534; 332 535; 331 536; 331 538; 332 539; 332 540; 334 542; 334 544; 335 545; 335 549; 336 550; 336 557; 335 558; 335 560; 336 561; 336 562; 337 563; 341 563; 349 555; 350 555; 352 553; 353 553; 355 551; 356 551; 357 550; 359 550; 360 549; 362 549; 367 544; 367 543; 370 540; 371 540; 372 539; 374 539; 375 538; 377 538; 379 536; 379 532; 376 529; 370 529; 369 528; 368 528; 367 527; 366 527; 365 526; 364 526; 362 524; 361 524; 360 523; 359 523; 357 521; 357 520; 356 519; 350 519; 349 518; 346 518; 345 517; 344 517; 343 516; 342 516; 340 514; 340 513; 339 512
74; 265 523; 262 526; 261 526; 260 527; 259 527; 258 528; 257 528; 256 529; 255 529; 248 536; 247 536; 245 538; 243 538; 242 539; 241 539; 240 540; 239 540; 233 546; 232 546; 230 548; 228 548; 227 549; 226 549; 225 550; 224 550; 224 551; 223 552; 223 554; 224 555; 225 555; 226 556; 228 556; 229 557; 230 557; 231 558; 236 558; 237 559; 238 559; 241 562; 241 563; 243 565; 246 565; 247 564; 248 565; 249 565; 252 568; 253 568; 254 569; 258 569; 259 570; 260 570; 262 572; 263 572; 264 573; 265 573; 266 574; 269 574; 270 573; 271 573; 271 567; 270 566; 270 555; 271 554; 271 552; 270 551; 270 548; 269 547; 269 541; 268 540; 268 539; 267 538; 267 530; 268 529; 268 527; 269 526; 269 524; 268 523
75; 967 550; 966 551; 965 551; 964 552; 964 554; 965 555; 965 556; 966 557; 966 558; 967 559; 967 563; 968 564; 968 569; 967 570; 967 571; 966 572; 966 575; 968 575; 971 578; 971 579; 972 580; 972 588; 976 592; 983 592; 984 591; 985 591; 986 590; 987 590; 990 587; 991 587; 996 582; 997 582; 999 580; 1001 580; 1002 579; 1003 579; 1005 577; 1005 576; 1006 575; 1006 574; 1011 569; 1012 569; 1014 567; 1014 564; 1013 563; 1012 563; 1011 562; 1010 562; 1009 561; 1005 561; 1004 562; 1001 562; 1000 561; 999 561; 997 559; 996 559; 995 558; 994 558; 993 557; 987 557; 986 556; 984 556; 983 555; 980 555; 979 554; 977 554; 975 552; 974 552; 973 551; 970 551; 969 550
76; 952 556; 949 559; 949 560; 947 562; 947 564; 946 565; 946 566; 945 567; 945 568; 940 573; 940 574; 938 576; 937 576; 930 583; 930 585; 927 588; 927 589; 925 591; 925 592; 923 594; 923 596; 924 597; 931 597; 932 598; 942 598; 943 599; 947 599; 948 600; 949 600; 950 601; 965 601; 966 602; 967 602; 968 603; 974 603; 976 601; 976 600; 978 598; 979 598; 979 597; 981 595; 981 594; 982 593; 976 593; 972 589; 970 589; 969 588; 969 587; 968 586; 968 585; 967 584; 967 582; 966 581; 966 580; 965 579; 965 573; 963 573; 960 570; 960 564; 959 563; 959 562; 957 560; 957 559; 956 558; 956 557; 955 556
77; 224 564; 223 565; 222 565; 220 567; 219 567; 216 570; 214 570; 213 571; 210 571; 209 572; 207 572; 205 574; 204 574; 202 576; 200 576; 199 577; 198 577; 197 578; 196 578; 195 579; 195 580; 193 582; 193 583; 192 584; 191 584; 190 585; 188 585; 187 586; 183 586; 182 587; 181 587; 179 589; 179 591; 181 593; 182 593; 183 594; 185 594; 186 595; 188 595; 190 597; 191 597; 192 598; 193 598; 195 600; 197 600; 198 601; 200 601; 202 603; 203 603; 204 604; 205 604; 206 605; 206 606; 208 608; 208 609; 209 610; 213 610; 214 609; 216 609; 221 614; 226 614; 226 613; 227 612; 227 605; 226 604; 226 595; 228 593; 229 593; 230 592; 231 592; 232 591; 232 588; 228 584; 228 583; 227 582; 227 578; 228 577; 228 572; 229 571; 229 566; 227 564
78; 440 604; 438 606; 438 613; 439 614; 439 615; 440 616; 440 617; 441 618; 441 620; 442 621; 442 632; 445 635; 445 636; 447 638; 447 643; 446 644; 446 645; 445 646; 445 650; 447 652; 447 653; 448 654; 449 654; 450 655; 453 655; 454 654; 455 654; 458 651; 458 650; 461 647; 461 646; 464 643; 465 643; 468 640; 469 640; 471 638; 472 638; 473 637; 474 637; 477 634; 477 633; 478 632; 478 631; 483 626; 484 626; 486 624; 487 624; 488 623; 489 623; 490 622; 490 618; 489 617; 483 617; 482 616; 481 616; 477 612; 472 612; 471 611; 469 611; 468 610; 465 610; 464 609; 463 609; 462 608; 461 608; 460 607; 455 607; 454 608; 451 608; 450 607; 449 607; 448 606; 447 606; 446 605; 444 605; 443 604
79; 596 607; 595 608; 595 609; 594 610; 594 619; 595 620; 595 624; 594 625; 594 628; 593 629; 593 633; 592 634; 592 636; 591 637; 591 639; 590 640; 590 643; 589 644; 589 645; 588 646; 588 647; 587 648; 587 649; 586 650; 586 651; 585 652; 585 653; 584 654; 584 656; 585 657; 587 657; 591 653; 592 653; 595 650; 603 650; 608 645; 613 645; 614 646; 615 646; 616 647; 622 647; 623 646; 625 646; 626 647; 628 647; 633 642; 634 642; 634 641; 635 640; 635 638; 629 632; 628 632; 627 631; 626 631; 620 625; 620 622; 619 621; 619 619; 618 618; 615 618; 614 619; 610 619; 607 616; 607 615; 604 612; 604 611; 600 607
80; 887 603; 884 606; 883 606; 883 607; 882 608; 882 609; 881 610; 881 611; 880 612; 880 613; 872 621; 870 621; 869 622; 865 622; 863 624; 863 626; 864 627; 864 628; 865 629; 864 630; 864 631; 863 632; 862 632; 857 637; 856 637; 854 639; 854 642; 855 643; 856 643; 857 644; 868 644; 869 645; 870 645; 871 646; 873 646; 874 647; 875 647; 876 648; 877 648; 878 649; 879 649; 880 650; 887 650; 888 651; 897 651; 898 652; 900 652; 901 653; 903 653; 904 652; 905 652; 905 649; 904 648; 904 647; 901 644; 901 643; 900 642; 900 639; 901 638; 901 634; 900 633; 900 632; 899 631; 899 630; 898 629; 898 627; 897 626; 897 625; 896 624; 896 623; 895 622; 895 618; 894 617; 894 615; 893 614; 893 613; 892 612; 892 606; 891 605; 891 604; 890 603
81; 949 637; 948 638; 948 639; 947 640; 947 641; 946 642; 946 643; 944 645; 944 646; 943 647; 942 647; 941 648; 940 648; 935 653; 935 654; 933 656; 934 656; 938 660; 941 660; 945 656; 946 656; 947 655; 949 655; 951 657; 951 658; 952 659; 952 661; 953 662; 953 663; 954 664; 954 665; 955 666; 955 667; 956 668; 956 671; 955 672; 958 675; 959 674; 960 674; 964 678; 965 678; 967 680; 969 680; 970 679; 970 676; 969 675; 969 674; 968 673; 968 672; 967 671; 967 670; 966 669; 966 668; 964 666; 964 665; 963 664; 963 662; 962 661; 962 660; 961 659; 961 657; 960 656; 960 654; 959 653; 959 652; 958 651; 958 650; 957 649; 957 647; 956 646; 956 644; 955 643; 955 641; 954 640; 954 639; 953 638; 953 637
82; 823 628; 822 629; 822 630; 821 631; 821 644; 820 645; 820 646; 819 647; 819 648; 812 655; 812 660; 813 661; 813 665; 812 666; 812 668; 811 669; 811 670; 809 672; 809 677; 810 678; 812 678; 813 677; 814 677; 816 675; 817 675; 818 674; 823 674; 824 673; 827 673; 828 672; 833 672; 834 671; 836 671; 837 670; 839 670; 840 669; 842 669; 843 668; 845 668; 846 667; 852 667; 853 668; 858 668; 861 665; 861 662; 860 661; 860 660; 859 660; 858 659; 857 659; 853 655; 853 654; 850 651; 850 650; 847 647; 847 645; 846 644; 846 643; 845 642; 845 641; 844 640; 837 640; 831 634; 831 633; 827 629; 826 629; 825 628
83; 932 657; 930 659; 930 660; 928 662; 928 663; 926 665; 925 665; 924 666; 923 666; 922 667; 921 667; 917 671; 917 673; 918 674; 918 675; 919 675; 920 676; 928 676; 929 677; 932 677; 933 678; 935 678; 940 683; 948 683; 949 684; 952 684; 953 685; 954 685; 957 688; 962 688; 963 687; 963 685; 962 684; 962 682; 961 681; 960 681; 957 678; 957 675; 955 673; 953 673; 951 675; 947 675; 946 674; 945 674; 944 673; 943 673; 941 671; 940 671; 939 670; 938 670; 936 668; 936 667; 937 666; 937 665; 938 664; 938 663; 940 661; 938 661; 934 657
84; 22 665; 20 667; 12 667; 11 666; 8 666; 7 667; 0 667; 0 676; 6 676; 9 679; 9 680; 8 681; 8 683; 7 684; 7 685; 6 686; 6 687; 5 688; 5 689; 2 692; 0 692; 0 711; 1 711; 3 709; 3 706; 4 705; 4 702; 5 701; 5 700; 7 698; 8 698; 9 697; 11 697; 12 696; 13 696; 15 694; 15 687; 16 686; 16 685; 17 684; 17 683; 20 680; 20 679; 22 677; 22 676; 28 670; 28 666; 27 665
85; 538 656; 537 657; 537 658; 536 659; 536 663; 537 664; 537 666; 538 667; 538 671; 537 672; 537 673; 531 679; 531 683; 532 684; 532 685; 533 686; 533 691; 532 692; 532 697; 531 698; 531 700; 532 701; 532 706; 533 707; 535 707; 536 706; 537 706; 538 705; 539 705; 541 703; 542 703; 543 702; 545 702; 546 701; 547 701; 548 700; 549 700; 550 699; 551 699; 552 698; 554 698; 555 697; 564 697; 567 700; 569 700; 573 696; 573 693; 575 691; 576 691; 577 690; 578 690; 580 688; 580 686; 578 684; 575 684; 574 683; 572 683; 564 675; 563 675; 561 673; 561 672; 560 671; 559 671; 556 668; 555 668; 551 664; 550 664; 542 656
86; 631 667; 629 669; 629 673; 630 674; 630 675; 631 676; 631 678; 632 679; 632 681; 633 682; 633 685; 634 686; 634 697; 635 698; 635 701; 638 704; 638 716; 640 718; 642 718; 651 709; 651 708; 652 707; 652 706; 654 704; 655 704; 656 703; 657 703; 658 702; 659 702; 662 699; 662 698; 664 696; 665 696; 672 689; 673 689; 674 688; 675 688; 678 685; 679 685; 679 681; 677 679; 676 679; 675 678; 671 678; 670 679; 667 679; 666 678; 665 678; 663 676; 663 675; 661 673; 650 673; 649 674; 645 674; 644 673; 642 673; 641 672; 640 672; 638 670; 637 670; 635 668; 634 668; 633 667
87; 574 696; 569 701; 568 701; 570 703; 570 704; 571 705; 571 709; 572 710; 572 723; 573 724; 573 726; 575 728; 575 729; 576 730; 576 731; 577 732; 577 735; 578 736; 578 741; 585 741; 585 740; 586 739; 586 738; 592 732; 593 732; 596 729; 596 728; 597 727; 597 726; 600 723; 600 722; 607 715; 608 715; 610 713; 611 713; 613 711; 614 711; 615 710; 616 710; 617 709; 617 706; 616 705; 615 705; 614 704; 609 704; 608 703; 603 703; 602 702; 601 702; 600 701; 599 701; 598 700; 597 700; 596 699; 594 699; 593 698; 578 698; 577 697; 575 697
88; 21 695; 21 699; 22 700; 22 701; 24 703; 24 704; 25 705; 25 706; 26 707; 26 709; 27 710; 27 711; 28 712; 28 713; 29 714; 29 718; 30 719; 30 721; 32 723; 32 724; 33 725; 33 726; 34 727; 34 729; 35 730; 35 733; 36 734; 36 736; 37 737; 37 738; 38 739; 38 740; 39 741; 39 744; 40 745; 42 745; 43 744; 44 744; 47 741; 53 741; 54 742; 55 742; 55 737; 56 736; 56 733; 57 732; 57 729; 56 728; 57 727; 57 724; 63 718; 63 717; 64 716; 64 714; 72 706; 72 705; 73 704; 73 702; 72 701; 59 701; 58 700; 54 700; 53 699; 50 699; 49 698; 45 698; 44 697; 39 697; 38 698; 30 698; 29 697; 28 697; 27 696; 26 696; 25 695
89; 270 693; 269 694; 269 698; 270 699; 270 700; 271 701; 271 702; 272 703; 272 704; 273 705; 273 707; 274 708; 274 713; 275 714; 275 717; 276 718; 276 719; 277 720; 277 724; 278 725; 278 726; 281 729; 281 730; 282 731; 282 733; 283 734; 283 736; 282 737; 282 743; 287 743; 290 740; 290 739; 293 736; 293 735; 296 732; 296 731; 301 726; 302 726; 302 725; 304 723; 304 722; 312 714; 312 713; 319 706; 319 703; 318 702; 307 702; 306 701; 303 701; 302 700; 298 700; 296 698; 296 697; 295 696; 295 695; 294 694; 290 694; 287 697; 279 697; 278 696; 277 696; 275 694; 274 694; 273 693
90; 933 692; 931 694; 931 699; 932 700; 932 705; 931 706; 931 707; 930 708; 930 710; 929 711; 929 733; 928 734; 928 736; 927 737; 927 738; 926 739; 926 744; 930 744; 935 739; 936 739; 938 737; 939 737; 940 736; 941 736; 942 735; 946 735; 947 734; 950 734; 951 733; 953 733; 954 732; 955 732; 961 726; 962 726; 963 725; 964 725; 965 724; 966 724; 967 723; 968 723; 969 722; 973 722; 974 721; 974 718; 973 717; 971 717; 970 716; 969 716; 968 715; 967 715; 966 714; 965 714; 964 713; 963 713; 962 712; 961 712; 959 710; 958 710; 953 705; 952 705; 950 703; 949 703; 947 701; 946 701; 945 700; 944 700; 942 698; 941 698; 935 692
91; 799 697; 798 698; 798 699; 797 700; 797 702; 798 703; 798 716; 797 717; 797 721; 798 722; 798 728; 797 729; 797 731; 798 732; 798 735; 799 736; 799 739; 798 740; 798 742; 797 743; 797 745; 796 746; 799 746; 800 747; 803 747; 808 742; 809 742; 810 741; 812 741; 813 740; 814 740; 815 739; 817 739; 818 738; 819 739; 822 739; 823 738; 823 737; 824 736; 824 735; 831 728; 832 728; 834 726; 835 726; 837 724; 838 724; 839 723; 840 723; 842 721; 842 719; 841 718; 840 718; 839 717; 838 717; 837 716; 836 716; 835 715; 834 715; 833 714; 831 714; 830 713; 829 713; 828 712; 827 712; 826 711; 825 711; 823 709; 822 709; 820 707; 819 707; 818 706; 816 706; 815 705; 809 705; 801 697
92; 505 708; 505 712; 506 713; 506 714; 507 715; 507 717; 508 718; 508 723; 509 724; 509 728; 510 729; 510 733; 511 734; 511 737; 512 738; 512 740; 513 741; 513 744; 514 745; 514 750; 515 751; 515 753; 516 754; 516 758; 517 759; 520 759; 520 758; 523 755; 523 754; 530 747; 531 747; 533 745; 534 745; 536 743; 536 742; 537 741; 537 739; 538 738; 538 737; 542 733; 542 732; 547 727; 548 727; 550 725; 551 725; 552 724; 554 724; 555 723; 555 719; 554 718; 542 718; 541 717; 540 717; 539 716; 538 716; 537 715; 536 715; 534 713; 533 713; 532 712; 530 712; 529 711; 528 711; 527 710; 522 710; 521 711; 520 711; 519 712; 518 712; 517 711; 514 711; 513 710; 512 710; 511 709; 510 709; 509 708
93; 374 708; 372 710; 372 715; 373 716; 373 724; 372 725; 372 726; 369 729; 368 729; 366 731; 365 731; 365 735; 366 735; 367 736; 368 736; 370 738; 370 740; 369 741; 369 751; 368 752; 368 754; 367 755; 367 760; 375 760; 376 759; 377 759; 378 758; 378 757; 380 755; 381 755; 382 754; 383 754; 384 753; 385 753; 386 752; 389 752; 390 751; 391 751; 392 750; 393 750; 394 749; 399 749; 400 748; 400 747; 404 743; 406 743; 407 742; 413 742; 414 741; 415 741; 416 740; 416 736; 415 735; 412 735; 411 734; 410 734; 406 730; 405 730; 404 729; 403 729; 402 728; 401 728; 398 725; 397 725; 395 723; 394 723; 392 721; 391 721; 385 715; 385 714; 382 711; 381 711; 378 708
94; 94 716; 92 718; 91 718; 88 721; 86 721; 85 722; 83 722; 82 723; 80 723; 79 724; 78 724; 77 725; 76 725; 75 726; 68 726; 67 727; 65 727; 60 732; 59 732; 58 731; 58 732; 57 733; 57 736; 56 737; 56 743; 59 746; 59 748; 60 749; 60 750; 61 751; 64 751; 65 752; 66 752; 71 757; 72 757; 74 759; 75 759; 78 762; 78 763; 81 766; 81 767; 82 767; 83 768; 84 768; 85 769; 87 769; 88 768; 89 768; 89 758; 90 757; 90 755; 91 754; 91 753; 92 752; 92 751; 93 750; 93 748; 95 746; 95 745; 96 744; 96 725; 97 724; 97 723; 99 721; 99 718; 97 716
95; 259 734; 258 735; 256 735; 255 736; 249 736; 248 737; 244 737; 243 738; 237 738; 236 737; 232 737; 231 738; 230 738; 228 740; 215 740; 214 741; 214 746; 215 746; 222 753; 222 755; 223 756; 223 758; 229 764; 229 765; 230 766; 230 767; 232 769; 232 770; 233 771; 233 772; 241 780; 241 781; 242 782; 246 782; 247 781; 247 779; 248 778; 248 775; 249 774; 249 773; 250 772; 250 771; 252 769; 252 768; 253 767; 253 766; 256 763; 256 762; 257 761; 257 758; 258 757; 258 753; 259 752; 259 750; 260 749; 260 748; 261 747; 261 746; 262 745; 262 743; 264 741; 264 740; 265 739; 265 738; 266 737; 266 734
96; 578 742; 578 745; 576 747; 574 747; 573 746; 566 746; 565 745; 563 745; 561 747; 561 750; 562 751; 562 752; 566 756; 566 757; 567 758; 567 761; 568 762; 568 764; 569 765; 569 770; 570 771; 570 772; 574 776; 574 777; 575 778; 575 779; 576 780; 576 782; 577 783; 577 785; 578 786; 578 791; 579 792; 579 793; 582 793; 584 791; 584 789; 585 788; 585 787; 587 785; 587 784; 594 777; 595 777; 596 776; 597 776; 598 775; 598 772; 599 771; 599 770; 600 769; 600 768; 602 766; 602 765; 603 764; 603 763; 607 759; 608 759; 613 754; 613 750; 612 749; 610 749; 609 750; 607 750; 606 751; 604 751; 603 750; 601 750; 600 749; 599 749; 598 748; 593 748; 592 749; 590 749; 589 748; 588 748; 585 745; 585 744; 584 743; 584 742
97; 933 751; 932 752; 930 752; 929 753; 928 753; 927 754; 926 754; 925 755; 919 755; 918 754; 915 754; 914 755; 913 755; 911 757; 910 757; 909 758; 906 758; 905 759; 904 759; 903 760; 901 760; 899 762; 897 762; 896 763; 888 763; 887 764; 887 767; 888 768; 888 769; 892 773; 893 773; 894 774; 895 774; 906 785; 906 786; 909 789; 910 789; 913 792; 913 793; 914 794; 914 795; 917 798; 917 799; 918 800; 920 800; 921 799; 923 799; 923 797; 924 796; 924 791; 923 790; 923 788; 924 787; 924 786; 925 785; 925 784; 927 782; 927 781; 928 780; 928 779; 929 778; 929 775; 930 774; 930 772; 931 771; 931 768; 932 767; 932 765; 933 764; 933 763; 934 762; 934 759; 935 758; 935 757; 937 755; 937 751
98; 795 747; 795 748; 794 749; 794 750; 793 751; 793 754; 792 755; 792 756; 790 758; 789 758; 788 759; 786 759; 785 760; 784 760; 779 765; 779 766; 766 779; 765 779; 761 783; 761 784; 760 785; 764 785; 766 787; 767 787; 769 789; 770 788; 773 788; 774 789; 775 789; 776 790; 778 790; 779 791; 782 791; 783 792; 786 792; 787 793; 789 793; 790 794; 794 794; 795 795; 797 795; 798 796; 799 796; 802 799; 807 799; 808 798; 808 788; 807 787; 807 786; 806 785; 806 784; 805 783; 805 776; 806 775; 806 769; 803 766; 803 765; 802 764; 802 762; 801 761; 801 758; 800 757; 800 751; 802 749; 802 748; 800 748; 799 747
99; 328 776; 327 777; 327 780; 328 781; 328 782; 331 785; 331 786; 332 787; 332 788; 333 789; 333 794; 331 796; 330 796; 330 798; 331 799; 331 801; 333 801; 337 805; 337 806; 338 807; 338 808; 341 811; 341 812; 343 814; 343 817; 344 818; 344 820; 345 821; 345 824; 349 824; 351 822; 351 821; 352 820; 352 819; 353 818; 353 817; 354 816; 354 815; 356 813; 356 812; 360 808; 360 807; 363 804; 364 804; 366 802; 367 802; 367 801; 370 798; 370 795; 371 794; 371 792; 378 785; 378 782; 377 781; 369 781; 368 782; 363 782; 362 781; 358 781; 357 780; 345 780; 344 779; 342 779; 341 778; 336 778; 335 777; 332 777; 331 776
100; 285 772; 285 781; 286 782; 286 785; 287 786; 287 791; 286 792; 286 793; 283 796; 283 799; 284 800; 284 801; 285 802; 285 806; 286 807; 286 815; 285 816; 285 818; 284 819; 284 824; 288 824; 292 820; 293 820; 295 818; 296 818; 297 817; 298 817; 300 815; 301 815; 302 814; 304 814; 305 813; 308 813; 310 811; 311 811; 313 809; 314 809; 315 808; 316 808; 319 805; 320 805; 321 804; 322 804; 323 803; 325 803; 326 802; 329 802; 330 801; 330 799; 329 798; 329 796; 325 796; 324 795; 323 795; 321 793; 320 793; 319 792; 319 790; 318 789; 318 788; 316 786; 309 786; 308 785; 307 785; 306 784; 305 784; 304 783; 303 783; 301 781; 300 781; 298 779; 297 779; 291 773; 290 773; 289 772
101; 35 782; 34 783; 33 783; 32 784; 31 784; 30 785; 28 785; 27 786; 16 786; 15 787; 14 787; 13 788; 12 788; 11 789; 8 789; 7 790; 5 790; 4 791; 3 791; 2 792; 0 792; 0 814; 2 814; 3 815; 4 815; 6 817; 7 817; 15 825; 15 826; 16 827; 16 828; 18 830; 18 831; 19 832; 23 832; 25 830; 25 819; 26 818; 26 816; 27 815; 27 814; 31 810; 31 809; 33 807; 33 805; 34 804; 34 799; 35 798; 35 794; 36 793; 36 790; 37 789; 37 788; 39 786; 39 783; 38 782
102; 397 775; 394 778; 394 779; 393 780; 393 782; 392 783; 392 784; 390 786; 389 786; 387 788; 387 789; 386 790; 386 791; 379 798; 379 800; 378 801; 378 802; 374 806; 373 806; 368 811; 368 814; 369 815; 380 815; 381 816; 389 816; 390 817; 394 817; 395 818; 399 818; 400 819; 405 819; 406 820; 408 820; 409 821; 414 821; 417 824; 420 824; 420 819; 419 818; 419 817; 415 813; 415 812; 414 811; 414 810; 413 809; 413 806; 412 805; 412 803; 411 802; 411 801; 412 800; 412 793; 411 792; 411 791; 409 789; 408 789; 406 787; 406 786; 405 785; 405 782; 404 781; 404 776; 403 775
103; 734 777; 733 778; 733 784; 734 785; 734 788; 735 789; 735 800; 734 801; 734 802; 733 803; 733 808; 734 809; 734 810; 735 811; 735 822; 734 823; 734 825; 737 825; 738 826; 742 826; 742 825; 749 818; 750 818; 751 817; 752 817; 753 816; 754 816; 756 814; 757 814; 758 813; 760 813; 761 812; 762 812; 763 811; 764 811; 765 810; 766 810; 769 807; 770 807; 772 805; 773 805; 774 804; 776 804; 777 803; 779 803; 779 800; 778 799; 776 799; 775 798; 774 798; 773 797; 772 797; 769 794; 769 793; 768 792; 768 789; 767 788; 766 788; 764 786; 760 786; 758 788; 753 788; 752 787; 751 787; 750 786; 749 786; 748 785; 747 785; 746 784; 745 784; 738 777
104; 943 791; 938 796; 937 796; 935 798; 934 798; 933 799; 932 799; 931 800; 930 800; 929 801; 928 801; 927 802; 926 802; 924 800; 921 800; 920 801; 918 801; 919 802; 919 804; 915 808; 914 808; 910 812; 909 812; 908 813; 907 813; 906 814; 905 814; 905 820; 906 820; 907 821; 909 821; 910 822; 911 822; 912 823; 913 823; 914 824; 915 824; 916 825; 917 825; 919 827; 920 827; 921 828; 922 828; 923 829; 924 829; 925 830; 926 830; 928 832; 929 832; 931 834; 932 834; 933 835; 934 835; 935 836; 936 836; 937 837; 938 837; 940 839; 941 839; 943 841; 944 841; 946 843; 947 843; 950 840; 950 830; 951 829; 951 812; 950 812; 946 808; 946 805; 945 804; 945 802; 946 801; 946 792; 945 791
105; 624 800; 623 801; 618 801; 617 802; 616 802; 613 805; 612 805; 610 807; 609 807; 609 808; 606 811; 606 812; 594 824; 593 824; 590 827; 589 827; 589 828; 588 829; 588 831; 589 832; 602 832; 603 833; 605 833; 606 834; 607 834; 608 835; 609 835; 611 837; 617 837; 618 836; 621 836; 622 837; 625 837; 626 838; 627 838; 628 839; 628 840; 631 840; 632 839; 634 839; 634 835; 632 833; 632 832; 631 831; 631 830; 630 829; 630 827; 629 826; 629 824; 630 823; 630 822; 631 821; 631 819; 630 818; 630 816; 629 815; 629 814; 628 813; 628 811; 626 809; 626 805; 628 803; 628 800
106; 895 810; 891 814; 890 814; 888 816; 887 816; 885 818; 884 818; 880 822; 878 822; 877 823; 876 823; 875 824; 874 824; 873 825; 872 825; 871 826; 869 826; 867 828; 867 829; 863 833; 862 833; 861 834; 860 834; 857 837; 856 837; 856 838; 855 839; 855 841; 856 841; 857 842; 859 842; 860 843; 862 843; 863 844; 865 844; 867 846; 868 846; 870 848; 871 848; 873 850; 873 851; 874 852; 874 854; 876 856; 878 856; 881 853; 884 853; 886 855; 887 855; 888 856; 892 856; 893 857; 894 857; 895 858; 896 858; 898 860; 902 860; 902 855; 901 854; 901 853; 900 852; 900 850; 899 849; 899 832; 898 831; 898 826; 899 825; 899 824; 902 821; 903 821; 904 820; 904 814; 902 814; 898 810
107; 990 842; 996 842; 1003 853; 1004 860; 1015 876; 1016 883; 1023 885; 1023 865; 1018 865; 1011 853; 1013 846; 1023 846; 1023 836; 1002 839; 994 835; 987 836
108; 987 836; 974 822; 961 819; 952 813; 951 840; 947 844; 951 852; 947 862; 952 863; 962 857; 966 858; 977 848; 990 842
109; 332 809; 329 812; 329 813; 328 814; 328 816; 326 818; 326 819; 319 826; 317 826; 315 828; 315 832; 314 833; 314 834; 313 835; 313 836; 312 837; 312 838; 309 841; 309 842; 307 844; 306 844; 303 847; 303 848; 302 849; 302 853; 314 853; 315 854; 317 854; 318 855; 329 855; 330 854; 345 854; 346 855; 348 855; 349 856; 353 856; 353 851; 350 848; 350 847; 349 846; 349 844; 348 843; 348 841; 347 840; 347 839; 346 838; 346 837; 343 834; 343 833; 342 832; 342 829; 341 828; 341 827; 340 826; 340 824; 338 822; 338 821; 336 819; 336 812; 335 811; 335 810; 334 809
110; 786 827; 785 828; 782 828; 781 829; 768 829; 767 828; 761 828; 759 830; 756 830; 755 831; 744 831; 743 830; 743 844; 745 846; 745 847; 746 848; 746 849; 748 851; 748 852; 749 853; 749 854; 753 858; 753 859; 755 861; 755 862; 756 863; 756 864; 757 865; 757 866; 758 867; 758 868; 759 869; 759 870; 760 871; 760 872; 762 874; 765 874; 766 873; 766 871; 767 870; 767 868; 768 867; 768 866; 771 863; 771 862; 772 861; 772 860; 773 859; 773 856; 774 855; 774 853; 776 851; 776 850; 780 846; 780 844; 781 843; 781 840; 782 839; 782 838; 785 835; 785 834; 788 831; 788 827
111; 418 825; 418 829; 416 831; 415 831; 414 832; 412 832; 411 833; 407 833; 406 834; 399 834; 398 833; 392 833; 391 834; 390 834; 390 837; 391 838; 392 838; 393 839; 394 839; 395 840; 396 840; 404 848; 404 849; 405 850; 405 851; 406 852; 406 853; 408 855; 408 857; 409 858; 409 859; 417 867; 417 868; 421 872; 421 873; 423 875; 425 875; 426 874; 427 874; 427 873; 428 872; 428 864; 429 863; 429 862; 431 860; 431 859; 432 858; 432 856; 433 855; 433 853; 434 852; 434 851; 435 850; 435 849; 436 848; 436 846; 437 845; 437 843; 438 842; 438 841; 443 836; 443 835; 444 834; 444 831; 445 830; 445 827; 444 826; 440 826; 438 828; 434 828; 433 829; 427 829; 426 828; 424 828; 423 827; 422 827; 420 825
112; 734 826; 733 827; 733 828; 732 829; 731 829; 730 830; 729 830; 728 831; 728 832; 727 833; 727 834; 726 835; 726 838; 724 840; 724 841; 721 844; 720 844; 715 849; 713 849; 710 852; 710 853; 707 856; 707 857; 703 861; 703 862; 699 866; 699 871; 700 872; 702 872; 703 871; 705 871; 706 870; 709 870; 710 871; 713 871; 714 872; 715 872; 716 873; 719 873; 720 874; 723 874; 725 876; 731 876; 732 875; 735 875; 736 876; 737 876; 738 877; 739 877; 740 878; 741 878; 743 880; 744 880; 745 881; 747 881; 747 880; 748 879; 748 877; 747 876; 747 871; 746 870; 746 868; 745 867; 745 865; 744 864; 744 863; 743 862; 743 860; 742 859; 742 857; 741 856; 741 854; 740 853; 740 851; 739 850; 739 846; 738 845; 740 843; 742 843; 742 828; 741 827; 738 827; 737 826
113; 632 840; 631 841; 629 841; 629 842; 628 843; 628 850; 627 851; 627 855; 626 856; 626 857; 625 858; 625 859; 624 860; 624 861; 623 862; 623 863; 622 864; 622 865; 621 866; 621 867; 620 868; 620 870; 618 872; 618 873; 617 874; 617 875; 616 876; 616 878; 615 879; 615 880; 614 881; 614 882; 611 885; 611 886; 610 887; 610 891; 611 892; 615 892; 616 891; 618 891; 619 890; 620 890; 621 891; 624 891; 625 892; 627 892; 628 891; 629 891; 630 890; 631 890; 632 889; 637 889; 638 888; 639 888; 640 887; 641 887; 642 886; 644 886; 645 885; 647 885; 648 884; 651 884; 652 883; 661 883; 663 881; 663 879; 661 877; 660 877; 659 876; 658 876; 655 873; 655 872; 652 869; 652 864; 645 857; 644 857; 643 856; 642 856; 640 854; 639 854; 636 851; 636 849; 635 848; 635 840
114; 324 870; 323 871; 322 871; 321 872; 321 878; 325 882; 325 883; 326 884; 326 885; 327 886; 327 889; 328 890; 328 892; 329 893; 329 894; 330 895; 330 896; 331 897; 331 899; 332 900; 332 903; 334 905; 334 906; 335 907; 335 915; 338 918; 340 918; 341 917; 342 917; 343 916; 343 915; 344 914; 344 913; 346 911; 346 910; 354 902; 356 902; 357 901; 358 901; 360 899; 360 897; 361 896; 361 893; 362 892; 362 891; 363 890; 363 889; 369 883; 370 883; 371 882; 372 882; 374 880; 374 877; 365 877; 364 876; 362 876; 361 875; 358 875; 357 874; 341 874; 340 873; 335 873; 334 872; 332 872; 331 871; 329 871; 328 870
115; 0 883; 0 894; 1 894; 4 897; 4 898; 1 901; 0 901; 0 912; 2 912; 3 911; 4 911; 9 906; 9 905; 11 903; 12 903; 13 902; 14 902; 16 900; 17 900; 19 898; 20 898; 22 896; 22 895; 23 894; 23 891; 22 890; 18 890; 17 889; 13 889; 12 888; 10 888; 9 887; 8 887; 7 886; 6 886; 5 885; 4 885; 3 884; 2 884; 1 883
116; 853 892; 852 893; 850 893; 849 894; 846 894; 845 895; 841 895; 840 896; 839 896; 838 895; 827 895; 826 894; 823 894; 822 895; 821 895; 820 896; 818 896; 817 897; 807 897; 806 898; 806 903; 808 905; 808 906; 809 907; 810 907; 812 909; 812 910; 813 911; 813 912; 815 914; 815 915; 818 918; 818 919; 819 920; 819 921; 820 922; 820 923; 822 925; 822 926; 824 928; 824 929; 828 933; 828 934; 829 935; 829 937; 830 938; 830 939; 831 940; 834 940; 837 937; 837 936; 838 935; 838 933; 839 932; 839 931; 844 926; 844 925; 847 922; 848 922; 849 921; 850 921; 850 918; 849 917; 849 912; 850 911; 850 910; 851 909; 851 907; 852 906; 852 905; 853 904; 853 903; 854 902; 854 901; 855 900; 855 899; 856 898; 856 897; 857 896; 857 893; 856 892
117; 662 903; 660 905; 660 907; 661 908; 661 910; 662 911; 662 912; 663 913; 663 916; 664 917; 664 921; 665 922; 665 925; 666 926; 666 928; 665 929; 665 934; 666 935; 666 943; 668 945; 668 946; 669 947; 669 949; 670 950; 670 952; 671 953; 671 954; 675 954; 676 953; 676 952; 677 951; 677 950; 678 949; 678 948; 681 945; 682 945; 683 944; 686 944; 689 941; 689 940; 690 939; 690 938; 700 928; 701 928; 704 925; 705 925; 706 924; 707 924; 709 922; 710 922; 710 917; 708 917; 707 916; 697 916; 696 915; 695 915; 694 914; 693 914; 690 911; 688 911; 687 910; 686 910; 684 908; 676 908; 675 907; 671 907; 670 906; 669 906; 667 904; 666 904; 665 903
118; 369 896; 366 899; 366 901; 365 902; 365 903; 364 904; 364 905; 363 906; 363 907; 361 909; 361 910; 359 912; 359 913; 357 915; 357 916; 356 917; 356 919; 355 920; 355 922; 354 923; 354 924; 352 926; 352 927; 350 929; 350 930; 344 936; 343 936; 342 937; 342 941; 343 942; 350 942; 351 941; 355 941; 359 945; 365 945; 367 943; 371 943; 372 942; 373 942; 374 941; 378 941; 379 940; 380 941; 386 941; 387 942; 393 942; 394 941; 394 936; 393 935; 393 934; 391 932; 391 930; 390 929; 390 928; 389 927; 389 922; 388 921; 388 920; 387 920; 385 918; 384 918; 382 916; 382 915; 376 909; 376 908; 375 907; 375 906; 374 905; 374 901; 373 900; 373 897; 372 896
119; 530 912; 527 915; 527 916; 522 921; 518 921; 507 932; 506 932; 504 934; 503 934; 501 936; 499 936; 496 939; 495 939; 494 940; 493 940; 492 941; 491 941; 490 942; 489 942; 488 943; 488 946; 489 947; 496 947; 497 948; 499 948; 500 949; 501 949; 505 953; 505 954; 507 956; 512 956; 513 957; 515 957; 516 958; 522 958; 523 959; 524 959; 525 960; 526 960; 527 961; 528 961; 529 962; 530 962; 531 963; 532 963; 533 964; 536 964; 538 962; 538 957; 539 956; 539 955; 540 954; 540 951; 536 947; 536 944; 535 943; 535 938; 536 937; 536 930; 534 928; 534 924; 535 923; 535 913; 534 912
120; 801 946; 795 952; 794 952; 793 953; 792 953; 791 954; 790 954; 789 955; 786 955; 785 956; 784 956; 783 957; 781 957; 780 958; 778 958; 777 959; 776 959; 775 960; 774 960; 771 963; 763 963; 762 964; 760 964; 757 967; 757 970; 758 971; 759 971; 760 972; 762 972; 763 973; 764 973; 765 974; 766 974; 767 975; 768 975; 770 977; 771 977; 773 979; 774 979; 781 986; 782 986; 783 987; 784 987; 786 989; 787 989; 788 990; 789 990; 796 997; 800 997; 800 996; 803 993; 803 990; 802 989; 802 988; 801 987; 801 979; 802 978; 802 977; 803 976; 803 975; 805 973; 805 970; 804 969; 804 963; 805 962; 805 955; 804 954; 805 953; 805 951; 806 950; 806 947; 805 946
121; 252 999; 257 1012; 263 1015; 266 1023; 290 1023; 299 1015; 298 1010; 305 998; 305 992; 272 996; 265 999; 259 996
122; 259 996; 264 992; 276 991; 293 982; 306 981; 306 977; 296 970; 294 964; 286 961; 271 945; 267 945; 263 962; 256 970; 256 983; 252 999
123; 976 970; 976 971; 975 972; 975 975; 976 976; 975 977; 975 979; 974 980; 974 981; 973 982; 973 983; 972 984; 972 985; 970 987; 970 988; 969 989; 969 990; 967 992; 967 993; 966 994; 966 995; 965 996; 965 1004; 964 1005; 964 1006; 962 1008; 962 1009; 960 1011; 960 1012; 959 1013; 959 1017; 964 1017; 965 1016; 967 1016; 968 1015; 974 1015; 975 1014; 983 1014; 984 1013; 985 1013; 986 1012; 989 1012; 990 1011; 993 1011; 994 1010; 998 1010; 999 1009; 1000 1009; 1001 1010; 1006 1010; 1007 1011; 1014 1011; 1016 1013; 1016 1014; 1017 1015; 1017 1023; 1023 1023; 1023 987; 1022 987; 1021 986; 1020 986; 1016 982; 1012 982; 1011 983; 1011 989; 1012 990; 1012 991; 1014 993; 1014 994; 1015 995; 1015 999; 1016 1000; 1016 1005; 1015 1006; 1015 1007; 1014 1008; 1011 1008; 1009 1006; 1008 1006; 1003 1001; 1003 1000; 1002 999; 1002 998; 1001 997; 1001 995; 1000 994; 1000 993; 998 991; 997 991; 995 989; 995 988; 991 984; 991 983; 990 982; 990 981; 988 979; 988 978; 987 977; 987 976; 986 975; 985 975; 980 970
124; 439 988; 438 989; 438 990; 436 992; 436 993; 428 1001; 427 1001; 424 1004; 424 1005; 423 1006; 423 1007; 422 1008; 422 1009; 411 1020; 411 1021; 410 1022; 410 1023; 424 1023; 424 1022; 423 1021; 423 1018; 431 1010; 432 1010; 432 1009; 435 1006; 436 1006; 437 1005; 439 1007; 439 1008; 440 1009; 440 1012; 441 1013; 441 1015; 442 1016; 442 1018; 443 1019; 443 1023; 452 1023; 452 1022; 451 1021; 451 1017; 450 1016; 450 1013; 449 1012; 449 1010; 448 1009; 448 1007; 449 1006; 449 1003; 448 1002; 448 1001; 447 1000; 447 999; 445 997; 445 996; 444 995; 444 991; 443 990; 443 989; 442 988
125; 140 982; 139 983; 137 983; 136 984; 135 984; 135 985; 134 986; 134 987; 131 990; 130 990; 129 991; 127 991; 126 992; 125 992; 124 993; 123 993; 122 994; 114 994; 112 996; 112 997; 111 998; 111 999; 109 1001; 108 1001; 107 1002; 101 1002; 100 1003; 98 1003; 97 1004; 96 1004; 95 1005; 95 1009; 96 1010; 97 1010; 98 1011; 100 1011; 101 1012; 102 1012; 103 1013; 104 1013; 108 1017; 109 1017; 110 1018; 111 1018; 112 1019; 113 1019; 116 1022; 116 1023; 140 1023; 140 1019; 141 1018; 141 1016; 145 1012; 145 1008; 143 1006; 143 1003; 144 1002; 144 994; 145 993; 145 986; 144 985; 144 984; 142 982
