0; 226 0; 226 3; 227 4; 227 5; 226 6; 226 13; 225 14; 225 15; 224 16; 223 16; 222 17; 221 17; 220 18; 220 20; 221 20; 222 21; 223 21; 226 24; 226 25; 227 26; 227 27; 231 27; 235 23; 236 23; 237 22; 238 22; 239 21; 240 21; 241 20; 242 20; 243 19; 245 19; 246 18; 247 18; 248 17; 249 17; 250 16; 251 16; 252 15; 256 15; 260 19; 262 19; 263 18; 263 15; 262 14; 262 13; 261 12; 263 10; 264 10; 265 9; 269 9; 270 8; 270 5; 268 3; 268 2; 267 1; 267 0; 251 0; 251 3; 252 4; 252 5; 249 8; 248 8; 246 10; 244 10; 243 11; 242 11; 241 12; 239 12; 236 9; 236 4; 237 3; 237 0
1; 770 0; 770 6; 771 7; 771 9; 772 10; 772 15; 773 16; 773 21; 772 22; 772 24; 773 25; 773 27; 774 28; 774 29; 775 30; 778 30; 779 29; 780 29; 785 24; 786 24; 788 22; 789 22; 790 21; 791 21; 797 15; 798 15; 805 8; 806 8; 807 7; 810 7; 811 6; 814 6; 814 3; 813 2; 813 0; 793 0; 793 2; 794 3; 794 6; 787 13; 786 13; 785 14; 783 14; 782 13; 782 12; 781 11; 781 4; 780 3; 780 2; 779 1; 779 0
2; 578 0; 578 1; 579 2; 579 3; 580 3; 581 4; 583 4; 584 5; 586 5; 587 6; 589 6; 590 7; 592 7; 593 8; 594 8; 597 11; 598 11; 599 12; 599 13; 601 15; 602 15; 603 16; 604 16; 605 17; 608 17; 609 18; 610 18; 613 21; 613 23; 614 24; 614 26; 616 28; 619 28; 620 27; 620 23; 616 19; 616 16; 615 15; 615 13; 616 12; 616 4; 615 3; 615 0; 606 0; 606 2; 605 3; 603 3; 601 1; 601 0
3; 89 9; 89 18; 90 19; 90 30; 91 31; 91 34; 93 36; 93 37; 94 38; 94 41; 95 42; 95 50; 94 51; 94 58; 95 59; 95 60; 98 60; 99 59; 99 58; 101 56; 101 55; 105 51; 106 51; 110 47; 111 47; 113 45; 116 45; 117 46; 118 45; 119 45; 121 43; 123 43; 122 42; 122 39; 126 35; 127 35; 129 33; 131 33; 132 32; 134 32; 136 30; 136 27; 135 26; 134 26; 133 25; 130 25; 129 24; 127 24; 126 23; 122 23; 121 22; 119 22; 117 20; 116 20; 113 17; 112 17; 111 16; 105 16; 104 15; 102 15; 101 14; 100 14; 99 13; 98 13; 96 11; 95 11; 93 9
4; 163 7; 160 10; 160 22; 159 23; 159 25; 158 26; 158 28; 157 29; 157 31; 156 32; 156 33; 155 34; 155 37; 154 38; 154 40; 153 41; 153 43; 152 44; 152 45; 150 47; 150 48; 149 49; 149 51; 151 53; 154 53; 155 52; 157 52; 158 51; 159 51; 160 50; 163 50; 164 49; 169 49; 172 52; 172 55; 173 56; 173 57; 174 58; 175 58; 176 59; 178 59; 179 58; 179 54; 178 53; 178 50; 180 48; 181 48; 182 47; 184 47; 185 46; 188 46; 189 45; 195 45; 196 44; 197 44; 198 43; 198 41; 196 39; 195 39; 193 37; 192 37; 188 33; 188 32; 187 31; 187 30; 186 29; 186 28; 184 26; 184 25; 167 8; 166 8; 165 7
5; 558 15; 556 17; 556 23; 557 24; 557 28; 556 29; 556 31; 555 32; 555 35; 556 36; 556 45; 557 46; 557 62; 558 63; 558 64; 559 65; 559 66; 563 66; 564 65; 564 64; 570 58; 571 58; 572 57; 576 57; 577 56; 578 56; 586 48; 587 48; 589 46; 591 46; 592 45; 594 45; 595 46; 598 46; 599 45; 600 45; 600 41; 597 38; 596 38; 595 37; 594 37; 593 36; 592 36; 591 35; 590 35; 588 33; 587 33; 586 32; 585 32; 584 31; 583 31; 581 29; 580 29; 579 28; 578 28; 575 25; 574 25; 573 24; 572 24; 571 23; 570 23; 567 20; 566 20; 563 17; 562 17; 560 15
6; 746 36; 745 37; 744 37; 742 39; 741 39; 740 40; 736 40; 735 41; 728 41; 727 42; 725 42; 724 43; 721 43; 720 44; 717 44; 716 45; 707 45; 705 43; 702 43; 700 45; 700 48; 701 49; 701 50; 703 52; 704 52; 711 59; 711 60; 718 67; 718 68; 719 68; 730 79; 730 80; 731 81; 731 84; 732 85; 735 85; 738 82; 738 81; 739 80; 739 79; 742 76; 743 76; 743 73; 742 73; 739 70; 739 69; 740 68; 740 67; 743 64; 743 62; 744 61; 744 54; 745 53; 745 50; 746 49; 746 48; 747 47; 747 46; 750 43; 750 42; 751 41; 751 38; 749 36
7; 647 39; 646 40; 646 42; 645 43; 645 44; 644 45; 644 46; 642 48; 640 48; 639 47; 637 47; 636 48; 636 51; 637 52; 637 53; 638 54; 638 56; 637 57; 637 58; 636 59; 636 61; 635 62; 635 63; 634 64; 634 65; 633 66; 633 67; 630 70; 628 70; 627 71; 626 71; 625 72; 625 75; 624 76; 624 79; 625 80; 625 81; 631 81; 632 80; 634 80; 635 79; 640 79; 641 80; 648 80; 649 81; 651 81; 652 82; 654 82; 655 81; 657 81; 658 80; 661 80; 662 79; 664 79; 665 80; 674 80; 675 79; 675 77; 674 76; 674 75; 671 72; 671 70; 670 69; 670 68; 669 67; 669 66; 668 65; 668 63; 666 61; 666 60; 665 59; 665 58; 663 56; 663 55; 657 49; 657 48; 654 45; 654 44; 653 43; 653 42; 652 41; 652 40; 651 39
8; 121 44; 119 46; 118 46; 118 52; 116 54; 116 55; 114 57; 113 57; 110 60; 110 61; 109 62; 109 63; 108 64; 108 65; 107 66; 107 67; 106 68; 106 69; 105 70; 105 71; 104 72; 104 73; 103 74; 103 75; 99 79; 99 80; 97 82; 97 86; 98 87; 102 87; 103 86; 106 86; 107 87; 112 87; 113 88; 114 88; 115 89; 116 89; 117 90; 123 90; 124 89; 128 89; 129 88; 139 88; 140 89; 143 89; 144 88; 145 88; 145 86; 144 85; 144 84; 141 81; 141 80; 140 79; 140 78; 139 77; 139 74; 138 73; 138 71; 137 70; 137 68; 136 67; 136 65; 135 64; 135 63; 134 62; 134 61; 132 59; 132 58; 131 57; 131 56; 128 53; 128 50; 127 49; 127 47; 124 44
9; 982 59; 981 60; 980 60; 977 63; 976 63; 974 65; 973 65; 972 66; 971 66; 970 67; 969 67; 968 68; 967 68; 966 69; 965 69; 964 70; 963 70; 962 71; 961 71; 960 72; 958 72; 954 76; 953 76; 951 78; 950 78; 949 79; 947 79; 946 80; 944 80; 942 82; 941 82; 941 85; 943 85; 944 86; 948 86; 950 88; 951 88; 955 92; 956 92; 958 94; 959 94; 961 96; 962 96; 964 98; 965 98; 966 99; 968 99; 969 100; 971 100; 972 101; 973 101; 975 103; 976 103; 979 106; 980 106; 981 107; 985 107; 985 100; 984 99; 984 91; 985 90; 985 88; 986 87; 986 75; 985 74; 985 67; 986 66; 986 61; 984 59
10; 831 71; 829 73; 829 76; 834 81; 834 82; 835 83; 835 84; 834 85; 834 86; 833 87; 833 90; 834 91; 834 92; 836 94; 836 95; 837 96; 837 99; 838 100; 838 102; 839 103; 839 105; 840 106; 840 108; 841 109; 841 113; 840 114; 840 121; 842 123; 845 123; 848 120; 848 119; 849 118; 849 117; 854 112; 855 112; 858 109; 859 109; 862 106; 863 106; 872 97; 873 97; 875 95; 877 95; 878 94; 879 94; 882 91; 882 88; 880 88; 879 87; 872 87; 871 86; 869 86; 868 85; 867 85; 863 81; 862 81; 861 80; 854 80; 853 79; 850 79; 849 78; 848 78; 847 77; 846 77; 845 76; 844 76; 843 75; 841 75; 840 74; 837 74; 835 72; 834 72; 833 71
11; 589 73; 588 74; 588 75; 587 76; 587 85; 586 86; 586 88; 585 89; 585 91; 584 92; 584 96; 583 97; 583 101; 582 102; 582 108; 581 109; 581 113; 580 114; 580 122; 584 122; 585 121; 586 121; 587 120; 588 120; 589 119; 590 119; 592 117; 593 117; 594 116; 598 116; 599 115; 600 115; 601 116; 605 116; 606 115; 607 115; 610 112; 611 112; 612 111; 614 111; 615 110; 617 110; 618 111; 619 111; 620 112; 621 112; 622 113; 626 113; 627 112; 628 112; 630 110; 630 105; 627 102; 625 102; 624 101; 621 101; 610 90; 609 90; 606 87; 605 87; 602 84; 601 84; 594 77; 594 76; 591 73
12; 234 82; 234 84; 233 85; 233 89; 232 90; 232 91; 231 92; 231 94; 230 95; 230 96; 229 97; 229 98; 228 99; 228 100; 226 102; 226 103; 225 104; 225 107; 224 108; 224 113; 223 114; 223 115; 222 116; 222 117; 221 118; 221 119; 220 120; 220 121; 219 122; 219 126; 220 127; 225 127; 226 126; 228 126; 229 125; 231 125; 232 124; 233 124; 234 125; 237 125; 238 124; 241 124; 242 123; 245 123; 246 122; 253 122; 254 121; 259 121; 260 120; 262 120; 263 119; 265 119; 266 118; 267 118; 267 115; 260 108; 260 107; 256 103; 256 102; 255 101; 255 99; 254 98; 254 96; 253 95; 252 95; 251 94; 249 94; 246 91; 245 91; 243 89; 243 88; 241 86; 241 85; 238 82
13; 320 126; 317 129; 316 129; 315 130; 315 135; 316 136; 316 137; 317 138; 317 140; 318 141; 318 143; 317 144; 317 148; 318 149; 323 149; 324 148; 325 148; 327 146; 328 146; 330 144; 331 144; 332 143; 333 143; 334 142; 336 142; 337 141; 343 141; 347 137; 349 137; 350 136; 352 136; 354 134; 354 132; 353 131; 352 131; 351 130; 348 130; 345 133; 345 134; 344 135; 343 135; 342 136; 341 136; 340 135; 338 135; 337 134; 332 134; 331 135; 329 135; 327 133; 327 132; 326 131; 326 128; 325 127; 325 126
14; 476 125; 476 129; 479 132; 479 133; 475 137; 474 137; 472 139; 471 139; 470 140; 464 140; 463 139; 463 138; 461 136; 457 136; 457 139; 458 140; 462 140; 463 141; 463 142; 464 143; 463 144; 463 146; 462 147; 462 148; 460 150; 459 150; 452 157; 452 159; 453 159; 454 160; 457 160; 458 161; 462 161; 463 162; 465 162; 466 163; 467 163; 468 164; 469 164; 476 171; 479 171; 480 170; 483 170; 484 171; 487 171; 488 172; 489 172; 490 173; 491 173; 492 174; 493 174; 494 175; 499 175; 500 174; 500 171; 499 170; 499 169; 498 168; 498 167; 497 166; 497 164; 496 163; 496 153; 495 152; 495 146; 494 145; 494 144; 493 143; 493 142; 492 141; 492 139; 491 138; 491 128; 489 126; 487 126; 486 127; 485 127; 484 128; 482 128; 479 125
15; 815 125; 815 126; 814 127; 814 129; 813 130; 813 138; 812 139; 812 142; 811 143; 811 146; 810 147; 810 149; 809 150; 809 159; 808 160; 808 164; 807 165; 807 167; 806 168; 806 172; 807 173; 810 173; 811 172; 815 172; 816 171; 817 171; 818 170; 819 170; 820 169; 821 169; 822 168; 831 168; 832 167; 833 167; 834 166; 835 166; 836 165; 837 165; 838 164; 839 164; 841 162; 842 162; 843 161; 846 161; 847 160; 851 160; 853 158; 853 156; 850 153; 849 153; 844 148; 843 148; 842 147; 841 147; 836 142; 835 142; 833 140; 832 140; 828 136; 827 136; 826 135; 826 134; 822 130; 822 129; 818 125
16; 714 131; 704 141; 702 141; 701 142; 700 142; 699 141; 696 141; 689 148; 688 148; 687 149; 686 149; 685 150; 683 150; 682 151; 680 151; 678 153; 678 155; 679 156; 680 156; 681 157; 682 157; 683 158; 684 158; 685 159; 686 159; 687 160; 688 160; 694 166; 694 170; 695 171; 697 171; 698 170; 704 170; 705 171; 706 171; 707 172; 708 172; 709 173; 710 173; 711 174; 712 174; 714 176; 715 176; 718 179; 724 179; 726 177; 726 175; 727 174; 727 171; 724 171; 722 169; 722 165; 721 164; 721 154; 722 153; 722 152; 724 150; 724 148; 721 145; 721 144; 720 143; 720 137; 719 136; 719 134; 716 131
17; 212 136; 209 139; 209 140; 207 142; 207 143; 206 144; 205 144; 203 146; 202 146; 201 147; 200 147; 199 148; 196 148; 195 149; 194 149; 193 150; 191 150; 190 151; 189 151; 188 152; 187 152; 186 153; 183 153; 182 154; 181 154; 177 158; 176 158; 174 160; 173 160; 172 161; 172 163; 173 164; 174 164; 175 165; 177 165; 178 166; 180 166; 181 167; 182 167; 184 169; 185 169; 187 171; 188 171; 190 173; 191 173; 193 175; 194 175; 195 176; 196 176; 197 177; 198 177; 200 179; 201 179; 203 181; 204 181; 206 183; 206 184; 208 186; 209 186; 210 187; 213 187; 214 188; 214 180; 215 179; 215 174; 217 172; 217 168; 220 165; 220 161; 219 161; 218 160; 218 159; 217 158; 217 150; 216 149; 216 137; 215 137; 214 136
18; 986 154; 985 155; 985 160; 983 162; 983 163; 978 168; 977 168; 965 180; 965 181; 961 185; 960 185; 959 186; 955 186; 954 187; 953 187; 953 192; 955 194; 957 194; 958 195; 962 195; 963 196; 966 196; 967 197; 969 197; 970 198; 973 198; 974 199; 977 199; 978 200; 983 200; 984 201; 989 201; 990 202; 991 202; 993 204; 994 204; 997 207; 1000 207; 1002 205; 1002 203; 1001 202; 1001 200; 999 198; 999 196; 998 195; 998 183; 997 182; 997 181; 996 180; 996 179; 994 177; 994 176; 993 175; 993 174; 992 173; 992 172; 991 171; 991 168; 990 167; 990 159; 991 158; 991 156; 990 155; 990 154
19; 102 169; 102 171; 101 172; 101 174; 102 175; 102 184; 101 185; 101 188; 100 189; 100 190; 99 191; 99 192; 97 194; 97 199; 98 200; 98 202; 99 203; 99 205; 98 206; 98 220; 100 220; 101 221; 104 221; 104 217; 105 216; 105 214; 106 213; 107 213; 108 212; 112 212; 114 210; 115 210; 117 208; 118 208; 119 207; 120 207; 121 206; 123 206; 124 205; 125 205; 126 204; 128 204; 129 203; 130 203; 131 202; 133 202; 134 201; 136 201; 137 200; 138 200; 139 199; 144 199; 145 198; 145 195; 142 192; 136 192; 135 191; 134 191; 131 188; 130 188; 123 181; 122 181; 120 179; 119 179; 116 176; 115 176; 109 170; 108 170; 107 169
20; 344 163; 344 167; 345 168; 345 178; 344 179; 344 180; 343 181; 343 182; 341 184; 341 189; 342 190; 342 198; 341 199; 341 202; 340 203; 340 204; 339 205; 339 206; 338 207; 338 215; 342 215; 343 214; 344 214; 346 212; 349 212; 350 211; 354 211; 355 210; 357 210; 358 209; 362 209; 363 208; 365 208; 366 207; 368 207; 369 206; 370 206; 371 205; 372 205; 373 204; 374 204; 375 203; 376 203; 377 202; 381 202; 382 201; 383 201; 383 199; 382 198; 382 197; 381 196; 380 196; 379 195; 378 195; 376 193; 375 193; 373 191; 373 190; 367 184; 367 183; 366 183; 363 180; 362 180; 361 179; 360 179; 359 178; 358 178; 352 172; 352 171; 349 168; 349 167; 348 166; 348 164; 347 163
21; 218 172; 216 174; 216 179; 215 180; 215 189; 216 190; 216 192; 217 193; 217 200; 216 201; 216 209; 215 210; 215 213; 214 214; 214 219; 217 219; 218 218; 219 218; 220 217; 221 217; 223 215; 224 215; 225 214; 227 214; 228 213; 234 213; 235 214; 239 214; 241 212; 241 211; 244 208; 245 208; 246 207; 247 207; 248 206; 249 206; 250 205; 252 205; 253 204; 257 204; 258 203; 258 201; 257 200; 257 199; 256 199; 254 197; 253 197; 252 196; 251 196; 249 194; 248 194; 237 183; 236 183; 235 182; 234 182; 228 176; 227 176; 224 173; 223 173; 222 172
22; 76 179; 76 181; 75 182; 75 183; 70 188; 69 188; 68 189; 67 189; 66 190; 65 190; 64 191; 62 191; 60 193; 59 193; 56 196; 55 196; 50 201; 49 201; 48 202; 47 202; 46 203; 45 203; 44 204; 43 204; 41 206; 41 208; 42 209; 44 209; 45 210; 47 210; 48 211; 50 211; 53 214; 53 215; 52 216; 50 216; 47 219; 47 221; 48 222; 51 222; 53 220; 53 217; 54 216; 58 216; 60 218; 61 218; 62 219; 63 219; 64 220; 68 220; 69 221; 70 221; 71 222; 72 222; 73 223; 74 223; 82 231; 84 231; 84 230; 85 229; 85 226; 84 225; 84 221; 83 220; 83 216; 82 215; 82 210; 83 209; 83 199; 82 198; 82 189; 83 188; 83 186; 84 185; 84 182; 83 181; 82 181; 81 180; 79 180; 78 179
23; 540 193; 539 194; 537 194; 536 195; 523 195; 522 196; 519 196; 518 197; 516 197; 515 198; 509 198; 508 197; 506 197; 505 196; 499 196; 498 197; 498 200; 499 201; 499 202; 501 204; 501 205; 504 208; 504 209; 505 210; 505 211; 506 212; 506 213; 508 215; 508 216; 510 218; 510 219; 513 222; 513 223; 517 227; 517 228; 518 229; 518 230; 519 231; 519 232; 520 233; 520 234; 522 236; 525 236; 526 235; 526 233; 527 232; 527 230; 528 229; 528 228; 529 227; 529 226; 532 223; 534 223; 538 227; 541 227; 542 226; 543 226; 546 223; 547 223; 548 224; 552 224; 553 223; 554 223; 555 222; 555 217; 554 216; 548 216; 547 217; 546 217; 543 220; 541 220; 540 219; 538 219; 537 218; 537 211; 538 210; 538 207; 539 206; 539 204; 540 203; 540 202; 542 200; 542 199; 544 197; 544 194; 543 193
24; 155 191; 154 192; 154 196; 155 197; 155 201; 154 202; 154 203; 153 204; 153 206; 152 207; 152 209; 153 210; 153 222; 154 223; 154 226; 155 227; 155 235; 154 236; 154 242; 155 243; 157 243; 158 242; 159 242; 160 241; 160 240; 162 238; 162 237; 165 234; 166 234; 167 233; 168 233; 169 232; 170 232; 171 231; 174 231; 175 230; 176 230; 176 229; 184 221; 185 221; 187 219; 188 219; 189 218; 197 218; 198 217; 198 213; 197 212; 196 212; 195 211; 189 211; 188 210; 187 210; 186 209; 185 209; 182 206; 181 206; 178 203; 177 203; 176 202; 170 202; 169 201; 168 201; 162 195; 161 195; 157 191
25; 866 195; 865 196; 865 198; 864 199; 864 200; 861 203; 860 203; 858 205; 856 205; 855 206; 854 206; 853 207; 852 207; 851 208; 850 208; 848 210; 847 210; 838 219; 837 219; 834 222; 833 222; 831 224; 830 224; 828 226; 828 227; 829 228; 832 228; 833 229; 836 229; 837 230; 839 230; 841 232; 842 232; 845 235; 846 235; 848 237; 853 237; 854 238; 856 238; 857 239; 859 239; 860 240; 861 240; 862 241; 863 241; 864 242; 865 242; 866 243; 867 243; 869 245; 870 245; 872 247; 875 247; 875 241; 874 240; 874 239; 873 238; 873 225; 872 224; 872 219; 873 218; 873 217; 874 216; 874 213; 869 208; 869 202; 870 201; 870 196; 869 195
26; 30 201; 29 202; 28 202; 26 204; 24 204; 23 205; 21 205; 20 206; 17 206; 16 207; 15 207; 14 208; 13 208; 12 209; 11 209; 10 210; 9 210; 8 211; 7 211; 6 212; 4 212; 3 213; 2 213; 1 214; 0 214; 0 234; 4 234; 6 236; 7 236; 8 237; 8 238; 10 240; 10 242; 9 243; 9 244; 8 245; 7 245; 7 249; 10 249; 11 248; 11 247; 12 246; 12 245; 14 243; 16 243; 17 244; 18 244; 20 246; 21 246; 23 248; 24 248; 25 249; 27 249; 29 247; 29 243; 28 242; 28 232; 29 231; 29 230; 31 228; 31 227; 32 226; 32 224; 31 223; 31 220; 30 219; 30 217; 31 216; 31 214; 34 211; 34 201
27; 779 211; 778 212; 778 216; 779 217; 779 218; 780 219; 780 221; 781 222; 781 244; 782 245; 782 247; 783 248; 783 249; 784 250; 784 258; 785 259; 785 260; 786 260; 787 261; 791 261; 794 258; 794 256; 795 255; 795 254; 799 250; 800 250; 801 249; 802 249; 803 248; 804 248; 811 241; 812 241; 814 239; 815 239; 816 238; 818 238; 819 237; 821 237; 822 236; 823 236; 824 235; 825 235; 826 234; 826 233; 827 232; 827 230; 828 229; 828 228; 827 227; 826 227; 825 228; 817 228; 816 227; 815 227; 813 225; 812 225; 811 224; 808 224; 807 223; 805 223; 803 221; 802 221; 801 220; 799 220; 798 219; 797 219; 796 218; 795 218; 794 217; 793 217; 792 216; 790 216; 789 215; 788 215; 787 214; 786 214; 784 212; 783 212; 782 211
28; 473 218; 472 219; 471 219; 471 220; 469 222; 469 223; 465 227; 465 228; 454 239; 453 239; 449 243; 448 243; 443 248; 443 250; 442 251; 444 253; 445 252; 451 252; 452 253; 453 253; 454 254; 455 254; 456 255; 457 255; 459 257; 460 257; 461 258; 464 258; 465 259; 469 259; 470 260; 475 260; 476 261; 477 261; 478 262; 479 262; 481 264; 482 264; 483 265; 484 265; 485 266; 487 266; 488 265; 488 261; 487 260; 487 259; 486 258; 486 256; 485 255; 485 240; 484 239; 484 238; 482 236; 482 234; 481 233; 481 232; 480 231; 480 228; 479 227; 479 222; 480 221; 480 219; 479 218
29; 97 221; 97 222; 96 223; 96 225; 95 226; 95 231; 94 232; 94 233; 93 234; 93 235; 89 239; 89 248; 88 249; 88 255; 87 256; 87 258; 86 259; 86 260; 84 262; 84 265; 86 267; 89 267; 90 266; 92 266; 93 265; 94 265; 95 264; 98 264; 99 263; 103 263; 104 262; 106 262; 107 261; 108 261; 109 260; 110 260; 111 259; 112 259; 113 258; 115 258; 116 257; 121 257; 122 256; 131 256; 131 252; 128 249; 127 249; 119 241; 119 240; 116 237; 116 236; 112 232; 111 232; 104 225; 104 224; 103 223; 103 222; 101 222; 100 221
30; 836 235; 835 236; 835 237; 834 238; 834 240; 835 241; 835 243; 836 244; 836 247; 837 248; 837 255; 838 256; 838 258; 837 259; 837 262; 838 263; 838 265; 839 266; 839 268; 840 269; 840 271; 841 272; 841 276; 842 277; 842 280; 843 281; 843 288; 844 289; 844 290; 845 291; 848 291; 850 289; 850 288; 852 286; 852 285; 854 283; 855 283; 856 282; 857 282; 858 281; 859 281; 862 278; 863 278; 864 277; 865 277; 866 276; 868 276; 869 275; 870 276; 876 270; 876 266; 881 261; 881 259; 879 257; 878 257; 877 256; 874 256; 873 255; 870 255; 869 254; 868 254; 867 253; 866 253; 865 252; 863 252; 862 251; 861 251; 860 250; 858 250; 857 249; 854 249; 853 248; 851 248; 850 247; 847 247; 846 246; 845 246; 844 245; 843 245; 840 242; 840 239; 839 238; 839 236; 838 235
31; 910 242; 909 243; 909 248; 910 249; 910 250; 911 251; 911 254; 912 255; 912 264; 911 265; 911 266; 910 267; 910 268; 909 269; 910 270; 910 272; 911 273; 911 276; 913 276; 915 278; 915 279; 916 280; 916 282; 917 283; 917 285; 918 286; 918 294; 919 295; 922 295; 923 294; 923 293; 924 292; 924 291; 925 290; 925 289; 928 286; 929 286; 930 285; 931 286; 932 286; 933 285; 933 281; 939 275; 940 275; 942 273; 943 273; 948 268; 949 268; 951 266; 952 266; 957 261; 957 259; 955 257; 953 257; 952 258; 946 258; 945 257; 944 257; 942 255; 942 254; 941 253; 939 253; 938 252; 933 252; 932 251; 931 251; 930 250; 929 250; 928 249; 925 249; 924 248; 921 248; 920 247; 919 247; 915 243; 914 243; 913 242
32; 894 256; 892 258; 892 259; 890 261; 890 262; 885 267; 884 267; 882 269; 881 269; 880 270; 877 270; 871 276; 871 279; 872 280; 872 281; 871 282; 871 284; 866 289; 866 292; 867 293; 870 293; 875 298; 879 298; 880 297; 881 297; 882 296; 888 296; 889 297; 892 297; 893 298; 900 298; 901 299; 906 299; 907 300; 912 300; 912 296; 910 294; 910 293; 908 291; 908 290; 907 289; 907 281; 908 280; 908 279; 910 277; 910 273; 909 272; 909 270; 907 270; 906 269; 905 269; 901 265; 901 264; 900 263; 900 261; 899 260; 899 258; 897 256
33; 441 252; 431 262; 431 267; 432 268; 432 272; 431 273; 431 276; 430 277; 430 290; 431 291; 430 292; 430 295; 429 296; 429 297; 428 298; 428 299; 426 301; 426 304; 430 304; 431 303; 433 303; 434 302; 435 302; 436 301; 438 301; 439 300; 441 300; 442 299; 443 299; 444 298; 446 298; 447 297; 449 297; 450 296; 452 296; 453 295; 454 295; 455 294; 456 294; 458 292; 459 292; 460 291; 462 291; 463 290; 466 290; 467 289; 469 289; 470 288; 477 288; 477 285; 476 284; 471 284; 470 283; 469 283; 468 282; 467 282; 466 281; 465 281; 463 279; 462 279; 461 278; 461 277; 459 275; 459 274; 456 271; 455 271; 454 270; 453 270; 452 269; 451 269; 450 268; 449 268; 447 266; 446 266; 441 261; 441 258; 442 257; 442 256; 443 255; 443 253; 442 252
34; 143 272; 141 274; 140 274; 138 276; 136 276; 135 277; 131 277; 130 278; 128 278; 127 279; 126 279; 125 280; 124 280; 122 282; 121 282; 119 284; 118 284; 117 285; 116 285; 114 287; 113 287; 112 288; 111 288; 110 289; 109 289; 108 290; 106 290; 105 291; 103 291; 103 295; 104 295; 109 300; 109 301; 110 302; 110 308; 113 311; 118 311; 119 310; 120 310; 121 309; 123 309; 126 312; 126 313; 128 315; 133 315; 134 316; 135 316; 140 321; 144 321; 145 320; 145 319; 146 318; 146 316; 145 315; 145 314; 144 313; 144 312; 143 311; 143 301; 144 300; 144 299; 145 298; 145 296; 146 295; 146 294; 147 293; 147 284; 146 283; 146 280; 147 279; 147 277; 148 276; 148 274; 147 273; 147 272
35; 642 267; 641 268; 641 269; 640 270; 640 272; 639 273; 639 275; 638 276; 638 277; 637 278; 637 279; 636 280; 636 281; 635 282; 635 283; 634 284; 634 285; 633 286; 633 287; 632 288; 632 289; 631 290; 631 291; 630 292; 630 293; 629 294; 629 295; 626 298; 626 299; 624 301; 624 302; 620 306; 620 307; 619 308; 619 309; 617 311; 617 313; 618 314; 620 314; 622 312; 623 312; 624 311; 625 311; 626 310; 627 310; 628 309; 633 309; 634 310; 636 310; 637 311; 640 311; 641 312; 643 312; 644 313; 645 313; 646 314; 648 314; 651 311; 652 311; 653 310; 668 310; 670 308; 670 304; 665 299; 665 298; 664 297; 664 296; 663 295; 663 294; 662 293; 662 292; 661 291; 660 291; 655 286; 655 285; 654 284; 654 282; 653 281; 653 279; 652 278; 652 277; 649 274; 649 273; 648 272; 648 271; 647 270; 647 269; 645 267
36; 583 276; 577 282; 576 282; 575 283; 569 283; 562 290; 561 290; 560 291; 559 291; 558 292; 557 292; 556 293; 555 293; 554 294; 553 294; 552 295; 551 295; 549 297; 548 297; 547 298; 545 298; 544 299; 542 299; 541 300; 540 300; 540 303; 541 304; 542 304; 543 305; 544 305; 545 306; 546 306; 547 307; 548 307; 549 308; 550 308; 554 312; 554 314; 553 315; 553 316; 552 317; 552 320; 556 320; 558 318; 559 318; 560 317; 561 318; 562 318; 567 323; 569 323; 570 324; 572 324; 573 325; 574 325; 578 329; 578 330; 579 331; 579 332; 580 333; 583 333; 584 332; 584 327; 583 326; 583 325; 582 324; 582 323; 581 322; 581 320; 580 319; 580 313; 581 312; 581 299; 582 298; 582 292; 583 291; 583 289; 584 288; 584 284; 586 282; 586 281; 587 280; 587 277; 586 276
37; 239 281; 237 283; 237 284; 234 287; 226 287; 225 288; 224 288; 220 292; 219 292; 217 294; 216 294; 215 295; 214 295; 212 297; 211 297; 209 299; 208 299; 206 301; 205 301; 204 302; 201 302; 200 303; 197 303; 196 304; 196 307; 198 309; 200 309; 201 310; 202 310; 204 312; 205 312; 207 314; 208 314; 213 319; 214 319; 216 321; 217 321; 218 322; 220 322; 221 323; 222 323; 223 324; 224 324; 225 325; 226 325; 229 328; 230 328; 231 329; 232 329; 234 331; 235 331; 236 332; 241 332; 242 331; 242 329; 241 328; 241 327; 239 325; 239 324; 238 323; 238 322; 237 321; 237 310; 238 309; 238 307; 243 302; 243 299; 240 296; 240 295; 243 292; 243 283; 241 281
38; 500 285; 497 288; 496 288; 493 291; 491 291; 490 292; 488 292; 487 293; 481 293; 480 294; 480 295; 475 300; 474 300; 472 302; 471 302; 470 303; 468 303; 467 304; 464 304; 463 305; 462 305; 460 307; 460 309; 461 309; 462 310; 464 310; 465 311; 466 311; 467 312; 468 312; 472 316; 473 316; 474 317; 475 317; 476 318; 477 318; 479 320; 480 320; 484 324; 485 324; 486 325; 489 325; 491 327; 492 327; 495 330; 496 330; 498 332; 499 332; 500 333; 503 333; 503 332; 504 331; 504 329; 503 328; 503 297; 504 296; 504 286; 503 285
39; 933 286; 932 287; 932 290; 931 291; 931 292; 930 293; 930 294; 929 295; 929 296; 926 299; 925 299; 924 300; 923 300; 923 301; 922 302; 922 303; 921 304; 921 307; 920 308; 920 309; 919 310; 919 311; 917 313; 917 314; 916 315; 916 316; 915 317; 915 318; 913 320; 912 320; 909 323; 909 326; 911 328; 912 328; 913 329; 916 329; 917 328; 926 328; 927 329; 930 329; 931 330; 935 330; 936 331; 937 331; 938 332; 939 332; 940 333; 943 333; 944 332; 945 332; 946 331; 950 331; 951 332; 952 332; 953 333; 956 333; 958 331; 958 330; 957 329; 957 328; 956 327; 956 326; 955 325; 955 324; 954 323; 954 322; 953 321; 953 320; 952 319; 952 318; 951 317; 951 315; 950 314; 950 312; 949 311; 949 310; 948 309; 948 308; 947 307; 947 306; 945 304; 945 303; 944 302; 944 301; 942 299; 942 298; 941 297; 941 296; 940 295; 940 294; 939 293; 939 292; 938 291; 938 290; 936 288; 936 287; 935 287; 934 286
40; 445 307; 444 308; 444 309; 442 311; 442 312; 425 329; 425 330; 422 333; 421 333; 411 343; 411 345; 413 345; 414 344; 416 344; 417 343; 422 343; 423 344; 425 344; 426 345; 428 345; 429 346; 430 346; 431 347; 433 347; 436 350; 446 350; 447 349; 449 349; 450 350; 453 350; 454 351; 455 351; 456 352; 462 352; 463 351; 463 348; 462 347; 462 345; 460 343; 460 342; 459 341; 459 339; 458 338; 458 334; 457 333; 457 330; 456 329; 456 327; 455 326; 455 325; 454 324; 454 322; 453 321; 453 319; 452 318; 452 315; 451 314; 451 311; 449 309; 449 308; 448 308; 447 307
41; 812 319; 811 320; 810 320; 805 325; 805 328; 801 332; 800 332; 799 333; 798 333; 796 335; 795 335; 793 337; 793 338; 792 339; 792 340; 791 341; 791 343; 789 345; 789 346; 786 349; 785 349; 783 351; 782 351; 782 352; 781 353; 781 355; 782 356; 782 357; 783 357; 784 358; 798 358; 799 359; 801 359; 802 360; 803 360; 805 362; 806 362; 807 363; 812 363; 813 364; 821 364; 822 365; 824 365; 825 366; 829 366; 830 365; 830 363; 829 362; 829 360; 827 358; 827 357; 826 356; 826 353; 827 352; 827 349; 826 348; 826 347; 824 345; 824 344; 823 343; 823 342; 822 341; 822 340; 821 339; 821 337; 820 336; 820 335; 819 334; 819 333; 818 332; 818 330; 817 329; 817 325; 816 324; 816 320; 815 320; 814 319
42; 181 329; 180 330; 180 334; 183 337; 183 338; 184 339; 184 341; 185 342; 185 344; 184 345; 184 349; 185 350; 185 351; 187 353; 187 354; 188 355; 188 358; 189 359; 189 361; 193 365; 193 367; 194 368; 194 372; 195 373; 195 374; 196 375; 196 376; 197 377; 201 377; 201 375; 202 374; 202 373; 203 372; 203 371; 208 366; 209 366; 211 364; 212 364; 212 363; 213 362; 213 361; 214 360; 214 359; 215 358; 215 357; 221 351; 222 351; 223 350; 223 349; 224 348; 224 347; 225 346; 225 345; 226 344; 226 343; 229 340; 229 338; 227 336; 225 336; 224 337; 223 337; 222 338; 217 338; 216 337; 215 337; 214 336; 213 336; 212 335; 210 335; 209 334; 196 334; 195 333; 192 333; 191 332; 190 332; 188 330; 187 330; 186 329
43; 977 325; 976 326; 975 326; 973 328; 972 328; 968 332; 967 332; 966 333; 965 333; 964 334; 961 334; 959 332; 958 332; 956 334; 955 334; 955 335; 956 336; 955 337; 955 338; 952 341; 951 341; 949 343; 947 343; 946 344; 945 343; 938 343; 938 344; 937 345; 937 348; 938 349; 939 349; 940 350; 941 350; 942 351; 943 351; 944 352; 945 352; 947 354; 948 354; 950 356; 950 357; 952 359; 953 359; 954 360; 956 360; 958 362; 959 362; 962 365; 963 365; 964 366; 966 366; 967 367; 969 367; 974 372; 974 373; 975 374; 975 375; 976 376; 980 376; 980 375; 981 374; 981 357; 982 356; 982 354; 983 353; 983 348; 982 347; 982 334; 981 333; 982 332; 982 325
44; 558 333; 557 334; 555 334; 554 335; 553 335; 551 337; 550 337; 549 338; 547 338; 546 339; 544 339; 543 340; 542 340; 541 341; 540 341; 539 342; 538 342; 537 343; 536 343; 535 344; 534 344; 533 345; 530 345; 529 346; 521 346; 519 348; 519 350; 521 352; 522 352; 527 357; 527 358; 530 361; 530 362; 531 363; 531 364; 532 365; 532 366; 533 367; 535 367; 536 368; 537 368; 538 369; 539 369; 542 372; 543 372; 548 377; 548 378; 549 379; 549 380; 550 381; 550 386; 553 386; 553 385; 554 384; 554 382; 555 381; 555 379; 556 378; 556 375; 557 374; 557 372; 558 371; 558 369; 559 368; 559 365; 560 364; 560 362; 561 361; 561 360; 562 359; 562 346; 563 345; 563 341; 564 340; 564 333
45; 882 345; 882 346; 881 347; 881 349; 880 350; 880 352; 879 353; 879 356; 878 357; 878 359; 877 360; 877 362; 876 363; 876 364; 874 366; 874 367; 872 369; 872 380; 871 381; 871 384; 870 385; 870 386; 867 389; 866 389; 865 390; 863 390; 862 391; 861 391; 861 393; 862 393; 863 394; 869 394; 870 393; 871 393; 872 392; 873 392; 874 391; 875 391; 876 390; 877 390; 878 389; 880 389; 881 388; 885 388; 886 387; 890 387; 891 386; 894 386; 895 385; 898 385; 899 384; 902 384; 903 383; 905 383; 906 382; 909 382; 910 381; 914 381; 915 380; 916 380; 916 377; 914 375; 913 375; 904 366; 904 365; 902 363; 902 362; 900 360; 900 359; 898 357; 898 356; 896 354; 894 354; 893 353; 892 353; 891 352; 890 352; 889 351; 889 350; 887 348; 887 347; 885 345
46; 926 349; 925 350; 925 362; 924 363; 924 364; 923 365; 923 366; 922 367; 922 369; 921 370; 921 389; 920 390; 920 391; 919 392; 919 393; 918 394; 918 395; 917 396; 917 397; 914 400; 914 402; 915 403; 915 404; 918 404; 924 398; 925 398; 926 397; 927 397; 928 396; 930 396; 931 395; 933 395; 934 394; 936 394; 937 393; 939 393; 940 392; 942 392; 943 391; 944 391; 945 390; 946 390; 947 389; 948 389; 949 388; 950 388; 951 387; 953 387; 954 386; 958 386; 959 385; 962 385; 963 384; 964 384; 965 383; 966 383; 966 381; 965 380; 962 380; 961 379; 960 379; 958 377; 957 377; 951 371; 951 370; 950 369; 950 368; 949 367; 948 367; 947 366; 946 366; 945 365; 944 365; 941 362; 940 362; 936 358; 936 357; 928 349
47; 229 366; 228 367; 227 367; 226 368; 224 368; 223 369; 214 369; 213 370; 213 371; 206 378; 205 378; 204 379; 201 379; 197 383; 196 383; 195 384; 194 384; 192 386; 191 386; 190 387; 190 390; 191 391; 193 391; 194 392; 196 392; 197 393; 198 393; 200 395; 201 395; 211 405; 216 405; 218 407; 219 407; 222 410; 223 410; 225 412; 226 412; 228 414; 231 414; 232 413; 232 407; 231 406; 231 401; 232 400; 232 396; 233 395; 233 387; 234 386; 234 380; 233 379; 233 373; 234 372; 234 366
48; 672 370; 670 372; 670 375; 673 378; 674 378; 678 382; 678 383; 681 386; 681 387; 682 388; 682 390; 683 391; 683 398; 684 399; 684 400; 686 402; 686 403; 687 404; 687 405; 688 406; 688 407; 687 408; 687 413; 688 414; 688 415; 689 416; 689 418; 690 419; 690 421; 691 422; 691 423; 695 423; 697 421; 697 420; 699 418; 699 417; 700 416; 700 415; 705 410; 706 410; 709 407; 710 407; 712 405; 713 405; 715 403; 715 402; 717 400; 717 399; 719 397; 719 396; 728 387; 728 385; 727 385; 726 384; 717 384; 716 385; 712 385; 711 384; 710 384; 709 383; 707 383; 706 382; 705 382; 704 381; 703 381; 700 378; 694 378; 693 379; 688 379; 687 378; 685 378; 684 377; 683 377; 681 375; 681 374; 680 373; 680 372; 679 371; 678 371; 677 370
49; 435 382; 432 385; 432 386; 429 389; 428 389; 427 390; 426 390; 424 392; 423 392; 422 393; 421 393; 411 403; 410 403; 407 406; 405 406; 404 407; 402 407; 401 408; 400 408; 399 409; 399 411; 401 413; 403 413; 404 414; 406 414; 407 415; 408 415; 410 417; 411 417; 415 421; 415 423; 414 424; 413 424; 412 425; 412 427; 415 427; 416 426; 416 425; 419 422; 421 422; 422 423; 426 423; 427 424; 430 424; 431 425; 433 425; 434 426; 435 426; 436 427; 437 427; 438 428; 439 428; 440 429; 441 429; 444 432; 450 432; 450 428; 446 424; 446 423; 445 422; 445 420; 444 419; 444 410; 445 409; 445 403; 444 402; 444 401; 443 400; 443 399; 442 398; 442 396; 441 395; 441 389; 440 388; 440 384; 439 383; 439 382
50; 748 409; 748 413; 749 414; 749 416; 750 417; 750 422; 749 423; 749 442; 751 444; 751 445; 752 446; 752 451; 751 452; 751 459; 752 460; 757 460; 758 459; 758 458; 759 457; 759 456; 764 451; 765 451; 766 450; 767 450; 768 449; 769 449; 772 446; 773 446; 774 445; 779 445; 780 446; 782 446; 784 444; 784 442; 788 438; 789 438; 790 437; 791 437; 793 435; 793 433; 791 431; 789 431; 788 430; 787 430; 786 429; 785 429; 778 422; 778 421; 777 420; 777 419; 774 419; 771 416; 771 412; 766 412; 764 414; 762 414; 761 413; 760 413; 759 412; 757 412; 756 411; 755 411; 754 410; 753 410; 752 409
51; 631 427; 630 428; 629 428; 628 429; 627 429; 626 430; 625 430; 623 432; 622 432; 621 433; 620 433; 619 434; 618 434; 616 436; 616 437; 615 438; 615 439; 613 441; 613 442; 612 443; 612 445; 611 446; 611 449; 610 450; 610 451; 608 453; 608 454; 605 457; 605 458; 607 460; 607 461; 611 461; 612 460; 613 460; 615 458; 615 457; 616 456; 618 456; 620 458; 626 458; 628 456; 629 456; 631 454; 632 454; 633 453; 634 453; 635 452; 642 452; 643 451; 644 451; 644 449; 643 448; 643 447; 641 445; 641 444; 640 443; 640 441; 639 440; 639 433; 638 432; 638 431; 634 427
52; 658 423; 656 425; 656 432; 657 433; 657 434; 658 435; 658 437; 659 438; 659 451; 660 452; 660 453; 658 455; 658 456; 657 457; 657 458; 656 459; 656 460; 654 462; 654 464; 653 465; 653 467; 655 469; 655 470; 656 470; 657 471; 658 471; 660 473; 664 473; 665 472; 666 472; 668 470; 669 470; 672 467; 673 467; 674 466; 675 466; 676 465; 677 465; 678 464; 679 464; 680 463; 681 463; 683 461; 684 461; 687 458; 688 458; 689 457; 690 457; 691 456; 692 456; 692 455; 694 453; 695 453; 698 450; 699 450; 700 449; 701 449; 702 448; 702 445; 701 445; 700 444; 697 444; 696 443; 694 443; 693 442; 692 442; 690 440; 689 440; 686 437; 685 437; 683 435; 682 435; 680 433; 679 433; 677 431; 676 431; 670 425; 664 425; 662 423
53; 410 432; 409 433; 408 433; 406 435; 399 435; 398 434; 396 434; 395 433; 393 433; 392 434; 392 438; 393 439; 393 440; 394 441; 394 442; 396 444; 396 445; 397 446; 397 447; 398 448; 398 451; 399 452; 399 453; 406 460; 406 461; 407 462; 407 464; 408 465; 408 466; 410 468; 410 469; 411 470; 411 473; 412 474; 412 477; 416 477; 417 476; 417 474; 418 473; 418 472; 419 471; 419 470; 422 467; 422 466; 424 464; 424 463; 430 457; 430 456; 435 451; 435 450; 436 449; 436 446; 437 445; 437 443; 438 442; 438 441; 439 440; 439 439; 440 438; 440 436; 439 435; 429 435; 428 434; 424 434; 423 433; 420 433; 419 434; 416 434; 415 433; 414 433; 413 432
54; 534 430; 530 434; 529 434; 527 436; 526 436; 525 437; 523 437; 522 438; 521 437; 520 437; 519 436; 519 433; 518 432; 514 432; 513 433; 513 436; 511 438; 511 439; 509 441; 509 442; 505 446; 504 446; 503 447; 502 447; 501 448; 500 448; 499 449; 497 449; 496 450; 495 450; 494 451; 493 451; 491 453; 491 456; 492 457; 493 457; 495 459; 496 459; 499 462; 500 462; 502 464; 503 464; 509 470; 511 470; 512 471; 514 471; 515 472; 516 472; 518 474; 519 474; 520 475; 520 476; 522 478; 522 480; 523 481; 524 481; 526 483; 530 483; 530 469; 531 468; 531 465; 532 464; 532 454; 533 453; 533 450; 532 449; 532 447; 533 446; 533 443; 534 442; 534 439; 535 438; 535 437; 536 436; 536 434; 537 433; 537 430
55; 584 432; 583 433; 583 434; 582 435; 582 438; 581 439; 581 441; 580 442; 580 443; 579 444; 579 445; 575 449; 575 450; 573 452; 573 453; 572 454; 572 455; 571 456; 571 457; 565 463; 565 469; 564 470; 564 474; 565 475; 567 475; 568 476; 575 476; 576 475; 579 475; 580 474; 589 474; 590 475; 597 475; 598 474; 605 474; 606 475; 608 475; 609 476; 612 476; 612 473; 607 468; 607 467; 606 466; 606 465; 605 464; 605 463; 606 462; 606 460; 604 458; 603 458; 601 456; 601 455; 600 454; 600 453; 599 452; 599 451; 598 450; 598 448; 593 443; 593 442; 590 439; 590 437; 589 436; 589 434; 587 432
56; 354 436; 353 437; 353 441; 354 442; 354 447; 353 448; 353 449; 352 450; 352 452; 351 453; 351 458; 350 459; 350 461; 351 462; 351 463; 352 464; 352 467; 353 468; 353 472; 352 473; 352 474; 351 475; 351 481; 352 482; 352 483; 356 483; 358 481; 359 481; 361 479; 362 479; 363 478; 366 478; 367 477; 369 477; 371 475; 372 475; 375 472; 376 472; 377 471; 378 471; 380 469; 381 469; 383 467; 384 467; 385 466; 388 466; 389 465; 392 465; 393 464; 394 464; 394 461; 393 460; 392 460; 391 459; 390 459; 389 458; 388 458; 386 456; 385 456; 381 452; 380 452; 378 450; 377 450; 375 448; 374 448; 372 446; 371 446; 369 444; 367 444; 365 442; 364 442; 359 437; 358 437; 357 436
57; 987 447; 986 448; 985 448; 982 451; 981 451; 980 452; 978 452; 977 453; 976 453; 975 454; 974 454; 971 457; 970 457; 969 458; 961 458; 960 459; 959 459; 956 462; 951 462; 950 463; 948 463; 947 464; 946 464; 946 468; 947 469; 949 469; 950 470; 951 470; 952 471; 953 471; 966 484; 967 484; 971 488; 971 489; 973 491; 974 491; 975 492; 977 492; 978 493; 979 493; 982 496; 985 496; 986 495; 986 489; 985 488; 985 486; 986 485; 986 481; 987 480; 987 477; 988 476; 988 475; 989 474; 989 470; 988 469; 988 456; 989 455; 989 454; 990 453; 990 452; 991 451; 991 448; 990 447
58; 284 447; 282 449; 282 450; 281 451; 281 454; 280 455; 280 467; 279 468; 279 473; 278 474; 278 477; 277 478; 277 480; 276 481; 276 482; 274 484; 274 485; 272 487; 272 491; 280 491; 281 490; 286 490; 287 489; 289 489; 290 488; 296 488; 297 487; 302 487; 303 486; 304 486; 305 485; 306 485; 307 484; 308 484; 309 483; 312 483; 313 482; 317 482; 318 481; 319 481; 319 479; 316 476; 315 476; 311 472; 311 471; 310 470; 310 467; 307 464; 305 464; 304 463; 303 463; 298 458; 297 458; 294 455; 293 455; 290 452; 290 451; 288 449; 288 448; 287 447
59; 86 457; 84 459; 84 462; 85 463; 85 464; 86 465; 86 467; 87 468; 87 476; 86 477; 86 479; 85 480; 85 483; 86 484; 86 495; 87 496; 87 498; 88 499; 88 500; 87 501; 87 507; 88 508; 91 508; 92 507; 93 507; 95 505; 95 504; 100 499; 101 499; 103 497; 104 497; 105 496; 106 496; 107 495; 108 495; 114 489; 115 489; 118 486; 119 486; 120 485; 121 485; 123 483; 125 483; 127 481; 128 481; 129 480; 129 477; 128 476; 127 476; 126 475; 122 475; 121 474; 119 474; 118 473; 117 473; 115 471; 114 471; 111 468; 110 468; 109 467; 108 467; 105 464; 104 464; 102 462; 94 462; 90 458; 89 458; 88 457
60; 882 456; 880 458; 880 459; 874 465; 872 465; 871 466; 867 466; 866 467; 864 467; 863 468; 861 468; 860 469; 859 469; 858 470; 856 470; 855 471; 853 471; 852 472; 851 472; 849 474; 847 474; 846 475; 843 475; 842 476; 840 476; 840 479; 842 481; 843 481; 855 493; 856 493; 861 498; 862 498; 864 500; 865 500; 874 509; 876 509; 877 508; 877 507; 878 506; 878 502; 877 501; 877 499; 878 498; 878 492; 879 491; 879 490; 881 488; 881 472; 882 471; 882 469; 883 468; 883 467; 886 464; 887 464; 888 465; 889 465; 890 466; 893 466; 895 464; 895 462; 894 461; 894 460; 889 460; 885 456
61; 643 471; 642 472; 641 472; 638 475; 637 475; 635 477; 634 477; 633 478; 631 478; 630 479; 621 479; 621 480; 619 482; 618 482; 616 484; 614 484; 613 485; 612 485; 611 486; 610 486; 609 487; 608 487; 607 488; 606 488; 605 489; 603 489; 602 490; 601 490; 600 491; 599 491; 598 492; 598 495; 599 496; 600 496; 601 497; 602 497; 613 508; 613 509; 616 512; 618 512; 619 513; 621 513; 622 514; 623 514; 627 518; 627 519; 630 522; 632 522; 632 521; 633 520; 633 517; 634 516; 634 512; 635 511; 635 509; 636 508; 636 506; 637 505; 637 504; 638 503; 638 502; 640 500; 640 498; 639 497; 639 489; 640 488; 640 485; 641 484; 641 483; 642 482; 642 481; 643 480; 643 479; 647 475; 647 472; 646 471
62; 397 475; 394 478; 394 479; 393 480; 393 481; 389 485; 388 485; 387 486; 386 486; 385 487; 383 487; 382 488; 381 488; 380 489; 379 489; 378 490; 377 490; 373 494; 372 494; 369 497; 368 497; 366 499; 364 499; 363 500; 362 500; 361 501; 360 501; 359 502; 359 504; 360 504; 361 505; 363 505; 364 506; 366 506; 367 507; 368 507; 369 508; 370 508; 374 512; 374 513; 376 515; 377 515; 378 516; 383 516; 384 517; 385 517; 386 518; 388 518; 389 519; 391 519; 392 520; 393 520; 397 524; 397 525; 404 525; 404 522; 403 521; 403 514; 404 513; 404 512; 405 511; 405 507; 404 506; 404 505; 403 504; 403 500; 402 499; 402 492; 403 491; 403 488; 402 487; 402 486; 401 485; 401 483; 400 482; 400 475
63; 412 478; 412 488; 413 489; 413 495; 412 496; 412 503; 413 504; 413 511; 414 512; 414 529; 415 530; 418 530; 421 527; 422 527; 424 525; 425 525; 427 523; 428 523; 429 522; 431 522; 432 521; 433 521; 434 520; 435 520; 436 519; 440 519; 441 518; 442 518; 450 510; 451 510; 452 509; 454 509; 455 508; 456 508; 456 504; 455 503; 454 503; 453 502; 452 502; 451 501; 450 501; 449 500; 448 500; 447 499; 446 499; 445 498; 444 498; 439 493; 438 493; 437 492; 435 492; 434 491; 432 491; 431 490; 430 490; 429 489; 427 489; 426 488; 424 488; 418 482; 418 481; 417 480; 417 479; 416 478
64; 75 487; 73 489; 73 490; 71 492; 70 492; 69 493; 68 493; 67 494; 66 494; 65 495; 64 495; 54 505; 53 505; 50 508; 49 508; 48 509; 47 509; 46 510; 44 510; 43 511; 39 511; 38 512; 37 512; 37 517; 38 517; 39 518; 43 518; 44 519; 46 519; 47 520; 48 520; 51 523; 52 523; 55 526; 56 526; 58 528; 61 528; 62 529; 65 529; 66 530; 69 530; 70 531; 71 531; 72 532; 73 532; 74 533; 75 533; 77 535; 78 535; 79 536; 84 536; 86 534; 86 531; 83 528; 83 527; 82 526; 82 519; 83 518; 83 512; 82 511; 82 510; 81 509; 81 507; 80 506; 80 499; 81 498; 81 496; 80 495; 80 488; 79 487
65; 322 494; 321 495; 321 498; 322 499; 322 501; 323 502; 323 507; 322 508; 322 514; 321 515; 321 528; 322 529; 322 538; 321 539; 321 544; 325 544; 326 543; 327 543; 328 542; 330 542; 332 544; 333 544; 335 546; 338 546; 339 545; 341 545; 340 544; 340 537; 342 535; 343 535; 344 534; 345 534; 346 533; 347 533; 348 532; 355 532; 356 531; 356 530; 357 529; 357 528; 358 527; 358 526; 359 525; 359 524; 363 520; 364 520; 366 518; 366 515; 362 515; 360 517; 357 517; 356 516; 355 516; 350 511; 349 511; 347 509; 346 509; 344 507; 343 507; 341 505; 340 505; 338 503; 337 503; 335 501; 335 500; 334 499; 334 498; 335 497; 335 494; 333 494; 331 496; 327 496; 326 495; 325 495; 324 494
66; 931 500; 930 501; 930 505; 931 506; 931 511; 932 512; 932 515; 931 516; 931 526; 932 527; 932 528; 933 529; 933 530; 934 531; 934 532; 935 533; 935 535; 936 536; 936 546; 937 547; 937 548; 940 548; 941 547; 942 547; 950 539; 951 539; 952 538; 955 538; 956 537; 957 537; 960 534; 961 534; 962 533; 964 533; 965 532; 966 532; 966 531; 967 530; 967 529; 968 528; 968 527; 971 524; 972 524; 973 523; 974 523; 975 522; 976 522; 977 521; 977 519; 976 518; 975 518; 974 517; 970 517; 969 516; 967 516; 965 514; 964 514; 962 512; 961 512; 959 510; 957 510; 956 509; 955 509; 954 508; 952 508; 951 507; 948 507; 947 506; 945 506; 943 504; 942 504; 941 503; 940 503; 939 502; 938 502; 937 501; 936 501; 935 500
67; 728 506; 727 507; 727 509; 726 510; 726 516; 725 517; 725 523; 724 524; 724 534; 723 535; 723 542; 722 543; 722 546; 721 547; 721 549; 720 550; 720 554; 721 555; 724 555; 725 554; 726 554; 730 550; 733 550; 734 549; 738 549; 739 548; 742 548; 743 547; 744 547; 745 546; 746 546; 747 545; 748 545; 750 543; 751 543; 752 542; 753 542; 754 541; 755 541; 756 540; 759 540; 760 539; 761 539; 762 538; 764 538; 765 537; 766 537; 767 536; 767 534; 766 533; 765 533; 764 532; 763 532; 762 531; 761 531; 757 527; 757 526; 756 525; 756 522; 755 522; 754 521; 751 521; 750 520; 749 520; 748 519; 747 519; 743 515; 742 515; 740 513; 739 513; 732 506
68; 397 526; 397 527; 394 530; 392 530; 391 531; 388 531; 387 532; 380 532; 379 531; 373 531; 372 532; 371 532; 370 533; 369 533; 368 534; 366 534; 365 535; 353 535; 353 539; 361 547; 361 548; 364 551; 364 552; 365 553; 365 554; 369 558; 370 558; 372 560; 373 560; 375 562; 375 563; 377 565; 377 568; 376 569; 376 571; 377 572; 377 574; 382 574; 383 573; 384 573; 384 572; 385 571; 385 570; 387 568; 387 567; 389 565; 390 565; 390 564; 391 563; 391 559; 392 558; 392 557; 393 556; 393 553; 394 552; 394 549; 395 548; 395 547; 396 546; 396 539; 398 537; 401 537; 401 536; 404 533; 404 532; 405 531; 404 530; 404 526
69; 892 525; 891 526; 890 526; 889 527; 888 527; 887 528; 886 528; 885 529; 884 529; 883 530; 882 530; 881 531; 880 531; 879 532; 877 532; 876 533; 875 533; 874 534; 873 534; 871 536; 870 536; 869 537; 867 537; 866 538; 865 538; 864 539; 863 539; 862 538; 861 538; 859 536; 853 536; 852 537; 851 537; 850 538; 850 544; 847 547; 847 550; 848 551; 850 551; 851 550; 854 550; 855 551; 858 551; 864 557; 865 557; 867 559; 868 559; 871 562; 872 562; 875 565; 877 565; 878 566; 879 566; 880 567; 882 567; 884 569; 885 569; 888 572; 892 572; 892 571; 893 570; 893 561; 894 560; 894 557; 895 556; 895 555; 897 553; 899 553; 900 552; 901 552; 901 551; 902 550; 902 549; 903 548; 903 546; 902 545; 902 544; 901 543; 898 543; 897 542; 896 542; 894 540; 894 532; 895 531; 895 529; 896 528; 896 525
70; 405 532; 405 533; 402 536; 402 537; 401 538; 402 539; 402 543; 401 544; 401 548; 402 549; 402 558; 403 559; 403 561; 404 562; 404 566; 405 567; 405 573; 404 574; 404 579; 406 579; 407 578; 408 578; 409 577; 411 577; 412 578; 412 580; 413 581; 413 582; 414 583; 418 583; 419 582; 420 582; 421 581; 421 578; 420 577; 419 577; 418 576; 417 576; 416 575; 415 575; 414 574; 416 572; 417 572; 418 571; 420 571; 421 570; 422 570; 423 569; 425 569; 426 568; 427 569; 428 569; 431 566; 431 560; 432 559; 432 548; 433 547; 433 546; 432 546; 430 544; 429 544; 428 543; 427 543; 425 541; 424 541; 423 540; 421 540; 420 539; 419 539; 418 538; 416 538; 415 537; 414 537; 413 536; 412 536; 411 535; 410 535; 408 533; 407 533; 406 532
71; 498 537; 495 540; 495 542; 494 543; 494 544; 493 545; 493 546; 492 547; 492 548; 485 555; 485 556; 484 557; 484 559; 481 562; 481 563; 479 565; 479 566; 478 567; 478 569; 473 574; 473 576; 476 576; 477 577; 489 577; 490 578; 496 578; 497 579; 511 579; 512 580; 514 580; 515 581; 521 581; 521 577; 517 573; 517 572; 516 571; 516 568; 515 567; 515 565; 514 564; 514 563; 513 562; 513 561; 512 560; 512 559; 511 558; 511 557; 510 556; 510 555; 509 554; 509 553; 507 551; 507 550; 505 548; 505 547; 504 546; 504 545; 503 544; 503 542; 502 541; 502 539; 500 537
72; 460 543; 459 544; 459 545; 458 546; 458 547; 457 548; 457 549; 455 551; 455 552; 454 553; 453 553; 451 555; 449 555; 448 554; 447 554; 446 553; 445 553; 444 552; 442 552; 441 551; 439 551; 438 550; 437 550; 435 548; 433 548; 433 559; 432 560; 432 566; 429 569; 429 572; 428 573; 428 574; 426 576; 426 578; 427 578; 428 579; 430 579; 431 580; 432 580; 433 581; 435 581; 436 582; 439 582; 440 583; 442 583; 443 584; 445 584; 446 585; 447 585; 448 586; 449 586; 450 587; 453 587; 454 588; 457 588; 459 590; 460 590; 462 592; 463 592; 468 597; 468 598; 470 598; 471 597; 472 597; 471 596; 471 591; 470 590; 470 578; 471 577; 471 574; 468 571; 468 570; 467 569; 467 567; 466 566; 466 564; 465 563; 465 558; 464 557; 464 548; 463 547; 463 543
73; 339 546; 338 547; 336 547; 336 565; 335 566; 335 577; 334 578; 334 582; 333 583; 333 585; 332 586; 332 587; 333 588; 336 588; 337 589; 341 589; 342 590; 344 588; 345 588; 346 587; 350 587; 351 586; 353 586; 354 585; 355 585; 358 582; 359 582; 360 581; 362 581; 363 580; 365 580; 367 578; 368 578; 369 577; 370 577; 371 576; 372 576; 373 575; 375 575; 376 574; 376 572; 375 571; 375 569; 371 569; 369 567; 368 567; 361 560; 360 560; 359 559; 358 559; 357 558; 356 558; 355 557; 353 557; 352 556; 351 556; 350 555; 349 555; 342 548; 342 547; 341 546
74; 322 554; 321 555; 320 555; 317 558; 316 558; 315 559; 314 559; 313 560; 312 560; 311 561; 310 561; 309 562; 308 562; 306 564; 305 564; 304 565; 303 565; 302 566; 301 566; 300 567; 299 567; 298 568; 297 568; 296 569; 295 569; 293 571; 292 571; 291 572; 290 572; 289 573; 288 573; 287 574; 286 574; 285 575; 285 577; 286 578; 287 578; 290 581; 291 581; 295 585; 296 585; 298 587; 299 587; 302 590; 302 591; 303 592; 303 593; 304 594; 302 596; 302 597; 301 598; 301 601; 302 602; 304 602; 305 601; 305 598; 308 595; 310 595; 311 596; 313 596; 314 597; 316 597; 317 598; 318 598; 319 599; 320 599; 321 600; 322 600; 323 601; 324 601; 325 602; 329 602; 330 603; 331 603; 332 604; 333 604; 334 603; 335 603; 339 599; 338 598; 338 596; 339 595; 339 594; 340 593; 340 592; 341 591; 341 590; 337 590; 336 589; 333 589; 332 588; 330 588; 329 589; 328 588; 328 587; 327 586; 327 577; 326 576; 326 554
75; 849 559; 848 560; 848 568; 847 569; 847 571; 844 574; 840 574; 839 573; 835 573; 834 574; 834 577; 835 578; 835 579; 836 580; 836 581; 837 582; 837 583; 838 584; 838 585; 839 586; 839 588; 840 589; 840 595; 841 596; 841 597; 842 598; 842 599; 843 600; 843 602; 844 603; 844 604; 845 605; 845 607; 846 608; 846 609; 847 610; 849 610; 849 608; 850 607; 850 605; 851 604; 851 598; 852 597; 852 596; 853 595; 854 595; 855 596; 855 598; 857 600; 860 600; 862 598; 864 598; 865 597; 866 597; 866 595; 864 593; 864 592; 860 588; 860 582; 861 581; 861 577; 862 576; 862 569; 858 565; 858 564; 857 563; 857 562; 856 561; 855 561; 854 560; 853 560; 852 559
76; 598 567; 597 568; 597 570; 596 571; 596 574; 592 578; 591 578; 589 580; 587 580; 586 581; 584 581; 579 586; 578 586; 577 587; 576 587; 575 588; 573 588; 571 590; 571 591; 570 592; 570 593; 566 597; 566 602; 568 602; 569 601; 571 601; 572 602; 575 602; 576 603; 577 603; 578 604; 579 604; 581 606; 582 606; 583 607; 585 607; 586 608; 587 608; 588 609; 589 609; 590 610; 592 610; 593 611; 594 611; 595 612; 596 612; 597 613; 598 613; 599 614; 600 614; 603 617; 604 617; 605 618; 609 618; 609 614; 608 613; 608 607; 609 606; 609 605; 611 603; 611 598; 609 596; 609 595; 608 594; 608 593; 607 592; 607 584; 606 583; 606 580; 605 579; 605 577; 606 576; 606 574; 607 573; 607 571; 604 568; 603 568; 602 567
77; 174 584; 173 585; 168 585; 167 586; 156 586; 155 585; 150 585; 149 586; 147 586; 146 587; 142 587; 141 586; 136 586; 135 585; 131 585; 130 586; 130 590; 135 595; 135 596; 137 598; 137 599; 138 600; 138 601; 139 602; 139 603; 141 605; 141 606; 142 607; 142 610; 143 611; 143 613; 144 614; 145 614; 149 618; 149 619; 150 620; 150 621; 151 622; 151 623; 152 624; 152 628; 151 629; 151 631; 155 631; 155 630; 157 628; 157 627; 158 626; 158 624; 159 623; 159 622; 160 621; 160 619; 161 618; 161 617; 162 616; 162 615; 164 613; 164 612; 166 610; 166 609; 167 608; 167 607; 169 605; 169 604; 170 603; 170 601; 171 600; 171 598; 172 597; 172 595; 173 594; 173 593; 177 589; 177 585; 176 584
78; 725 580; 723 582; 723 592; 724 593; 724 596; 725 597; 725 599; 726 600; 726 618; 723 621; 723 622; 722 623; 722 625; 727 630; 727 634; 726 635; 726 638; 727 639; 731 639; 732 638; 732 637; 734 635; 734 634; 736 632; 737 632; 739 630; 741 630; 742 629; 743 629; 744 628; 747 628; 748 627; 751 627; 761 617; 762 617; 764 615; 765 615; 766 614; 770 614; 771 613; 772 613; 773 612; 773 610; 772 609; 772 608; 771 608; 770 607; 758 607; 756 605; 755 605; 753 603; 752 603; 751 602; 749 602; 748 601; 747 601; 746 600; 745 600; 743 598; 742 598; 741 597; 740 597; 739 596; 737 596; 736 595; 735 595; 734 594; 733 594; 729 590; 729 582; 727 580
79; 272 588; 271 589; 271 598; 270 599; 270 603; 269 604; 269 606; 268 607; 268 608; 265 611; 265 615; 266 616; 266 620; 265 621; 265 623; 261 627; 260 627; 259 628; 259 631; 263 635; 263 636; 264 637; 264 638; 266 638; 268 636; 268 635; 269 634; 270 634; 271 633; 272 633; 273 632; 278 632; 279 631; 281 631; 282 630; 284 630; 285 629; 289 629; 290 628; 298 628; 299 629; 299 630; 298 631; 298 634; 299 635; 300 635; 301 636; 303 636; 304 635; 305 635; 306 634; 306 630; 305 629; 305 627; 307 625; 308 625; 309 624; 309 620; 308 619; 306 619; 305 618; 303 618; 302 617; 301 617; 297 613; 297 612; 296 611; 296 609; 288 601; 288 600; 282 594; 282 593; 280 591; 279 591; 276 588
80; 339 600; 335 604; 334 604; 333 605; 334 606; 334 607; 335 608; 335 609; 336 610; 336 619; 337 620; 337 621; 338 622; 338 623; 339 624; 339 626; 340 627; 340 630; 341 631; 341 635; 342 636; 342 637; 341 638; 341 642; 340 643; 340 645; 344 645; 350 639; 351 639; 353 637; 354 637; 363 628; 364 628; 366 626; 366 625; 369 622; 369 621; 371 619; 371 618; 373 616; 374 616; 376 614; 377 614; 379 612; 379 609; 378 608; 374 608; 373 609; 367 609; 366 608; 365 608; 364 607; 362 607; 361 606; 360 606; 356 602; 344 602; 343 601; 341 601; 340 600
81; 471 598; 470 599; 469 599; 469 600; 470 601; 470 605; 471 606; 471 615; 470 616; 470 626; 471 627; 471 635; 470 636; 470 646; 471 647; 471 648; 474 648; 477 645; 478 645; 480 643; 481 643; 482 642; 483 642; 484 641; 486 641; 487 640; 488 640; 489 639; 490 639; 491 638; 492 638; 495 635; 496 635; 498 633; 499 633; 504 628; 505 628; 506 627; 508 627; 509 626; 510 626; 511 625; 512 625; 512 623; 510 621; 509 621; 508 620; 507 620; 506 619; 505 619; 504 618; 503 618; 502 617; 501 617; 496 612; 495 612; 493 610; 491 610; 490 609; 487 609; 486 608; 485 608; 484 607; 483 607; 480 604; 479 604; 476 601; 475 601; 472 598
82; 555 600; 555 601; 554 602; 554 605; 553 606; 553 611; 552 612; 552 615; 551 616; 551 618; 550 619; 550 635; 549 636; 549 639; 548 640; 548 642; 546 644; 546 648; 550 648; 551 647; 552 647; 553 646; 554 646; 555 645; 556 645; 557 644; 558 644; 559 643; 561 643; 562 642; 564 642; 565 641; 571 641; 572 640; 574 640; 575 639; 576 640; 577 640; 578 641; 580 641; 581 640; 581 639; 582 638; 583 638; 584 637; 585 637; 586 638; 588 638; 590 636; 590 628; 589 627; 588 627; 587 626; 585 626; 584 625; 583 625; 579 621; 579 620; 578 619; 577 619; 575 617; 574 617; 572 615; 571 615; 567 611; 567 610; 566 609; 566 608; 565 607; 565 604; 563 602; 562 602; 561 601; 560 601; 559 600
83; 918 599; 910 607; 909 607; 908 608; 908 609; 904 613; 901 613; 900 614; 899 614; 897 616; 897 617; 896 618; 896 619; 891 624; 890 624; 889 625; 888 625; 887 626; 886 626; 885 627; 883 627; 882 628; 880 628; 878 630; 878 632; 879 633; 880 633; 881 634; 883 634; 884 635; 885 635; 886 636; 887 636; 888 637; 889 637; 890 638; 891 638; 894 641; 896 641; 897 642; 899 642; 900 643; 901 643; 902 644; 905 644; 906 645; 907 645; 908 646; 909 646; 910 647; 911 647; 912 648; 913 648; 916 651; 916 652; 917 653; 917 654; 922 654; 923 653; 923 648; 922 647; 922 634; 923 633; 923 629; 922 628; 922 627; 921 626; 921 625; 920 624; 920 619; 919 618; 919 608; 920 607; 920 599
84; 979 603; 977 605; 977 607; 976 608; 976 609; 974 611; 974 612; 969 617; 969 618; 967 620; 967 621; 966 622; 966 624; 965 625; 965 626; 964 627; 964 628; 963 629; 963 630; 962 631; 962 632; 961 633; 961 634; 956 639; 955 639; 954 640; 954 642; 955 642; 956 643; 960 643; 961 644; 962 644; 963 645; 964 645; 966 647; 966 648; 976 648; 977 647; 978 647; 979 646; 980 646; 981 645; 982 645; 983 644; 989 644; 990 643; 991 644; 997 644; 998 645; 1002 645; 1003 644; 1003 641; 999 637; 999 636; 997 634; 997 633; 996 632; 996 631; 995 630; 995 629; 994 628; 994 627; 993 626; 993 625; 991 623; 991 622; 988 619; 988 618; 987 617; 987 616; 986 615; 986 614; 985 613; 985 611; 984 610; 984 607; 983 606; 983 605; 981 603
85; 405 627; 405 631; 409 635; 409 636; 411 638; 411 639; 412 640; 412 643; 413 644; 413 645; 418 650; 418 651; 420 653; 420 654; 421 655; 421 656; 422 657; 422 658; 423 659; 423 660; 424 661; 424 663; 425 664; 425 666; 426 667; 426 668; 429 668; 432 665; 432 664; 434 662; 434 661; 435 660; 435 657; 436 656; 436 655; 437 654; 437 653; 438 652; 438 650; 439 649; 439 648; 440 647; 440 646; 442 644; 442 643; 443 642; 443 641; 444 640; 444 639; 453 630; 453 628; 441 628; 440 627; 432 627; 431 628; 428 628; 427 627; 418 627; 417 628; 412 628; 411 627
86; 127 618; 127 619; 126 620; 126 625; 125 626; 125 629; 124 630; 124 631; 123 632; 123 634; 122 635; 122 636; 121 637; 121 638; 120 639; 120 640; 118 642; 118 643; 117 644; 117 651; 116 652; 116 654; 115 655; 115 656; 114 657; 114 658; 112 660; 112 661; 111 662; 111 665; 114 665; 115 664; 119 664; 120 663; 122 663; 123 662; 125 662; 126 661; 134 661; 135 662; 139 662; 141 660; 142 660; 143 659; 144 659; 145 658; 147 658; 148 657; 150 657; 151 656; 158 656; 159 655; 159 652; 156 649; 155 649; 149 643; 149 642; 148 641; 148 640; 135 627; 135 626; 134 625; 134 624; 133 623; 133 621; 132 620; 132 619; 131 618
87; 203 623; 202 624; 202 636; 201 637; 201 640; 200 641; 200 644; 199 645; 199 649; 198 650; 198 656; 197 657; 197 659; 196 660; 196 665; 195 666; 195 670; 198 670; 200 668; 201 668; 202 667; 203 667; 205 665; 207 665; 208 664; 214 664; 215 663; 222 663; 225 660; 226 660; 227 659; 228 659; 229 658; 231 658; 232 657; 233 657; 234 656; 235 656; 236 655; 237 655; 239 653; 240 653; 240 650; 237 647; 236 647; 235 646; 234 646; 233 645; 232 645; 228 641; 227 641; 219 633; 218 633; 216 631; 215 631; 214 630; 213 630; 206 623
88; 368 634; 368 654; 366 656; 366 661; 367 662; 367 667; 368 668; 368 669; 367 670; 367 681; 370 681; 371 680; 372 680; 374 678; 375 678; 376 677; 377 677; 378 676; 380 676; 381 675; 382 675; 383 674; 390 674; 391 673; 391 672; 396 667; 397 667; 398 666; 399 666; 400 665; 401 665; 402 664; 404 664; 405 663; 407 663; 408 662; 409 662; 409 659; 408 658; 407 658; 406 657; 404 657; 403 656; 402 656; 400 654; 399 654; 394 649; 393 649; 391 647; 390 647; 389 646; 388 646; 380 638; 378 638; 377 637; 375 637; 374 636; 373 636; 371 634
89; 768 644; 767 645; 766 645; 763 648; 762 648; 760 650; 759 650; 758 651; 757 651; 756 652; 755 652; 754 653; 753 653; 752 654; 750 654; 746 650; 746 649; 743 646; 740 646; 738 648; 738 652; 739 653; 739 654; 740 655; 740 656; 741 657; 741 663; 742 664; 742 669; 743 670; 745 670; 753 662; 754 662; 755 661; 759 661; 760 660; 761 660; 762 659; 762 658; 766 654; 767 654; 768 653; 769 653; 772 650; 776 650; 777 649; 779 649; 779 647; 778 646; 777 646; 776 645; 775 645; 774 644
90; 1022 654; 1021 655; 1020 655; 1019 656; 1018 656; 1015 659; 1013 659; 1012 660; 1011 660; 1010 661; 1009 661; 1007 663; 1006 663; 1005 664; 1003 664; 1002 665; 997 665; 996 664; 992 664; 991 665; 991 668; 992 669; 993 669; 994 670; 998 670; 999 671; 1000 671; 1001 672; 1002 672; 1008 678; 1008 679; 1009 680; 1009 681; 1010 682; 1011 682; 1012 683; 1013 683; 1014 684; 1015 684; 1017 686; 1018 686; 1020 688; 1021 688; 1022 689; 1023 689; 1023 679; 1021 679; 1020 678; 1019 678; 1015 674; 1015 673; 1014 672; 1014 669; 1016 667; 1017 667; 1018 666; 1023 666; 1023 654
91; 252 641; 248 645; 248 648; 247 649; 247 652; 246 653; 246 654; 245 655; 245 657; 244 658; 244 659; 243 660; 243 661; 242 662; 242 663; 240 665; 240 666; 239 667; 239 668; 238 669; 238 670; 237 671; 237 672; 236 673; 236 674; 235 675; 235 676; 231 680; 231 681; 235 681; 238 684; 243 684; 244 685; 249 685; 250 684; 255 684; 256 685; 259 685; 260 684; 261 684; 262 683; 264 683; 265 682; 268 682; 269 681; 274 681; 275 680; 278 680; 279 679; 281 679; 281 676; 280 675; 279 675; 278 674; 277 674; 274 671; 274 670; 273 669; 273 667; 272 666; 272 665; 270 663; 270 662; 269 661; 269 660; 265 656; 265 655; 257 647; 257 646; 256 645; 256 643; 254 641
92; 793 650; 792 651; 791 651; 788 654; 787 654; 782 659; 781 659; 779 661; 778 661; 776 663; 774 663; 773 664; 768 664; 768 665; 767 666; 767 670; 763 674; 762 674; 761 675; 760 675; 759 676; 758 676; 758 679; 760 681; 761 681; 762 682; 763 682; 767 686; 767 687; 768 687; 769 688; 772 688; 773 689; 776 689; 777 690; 779 690; 780 691; 783 691; 784 692; 786 692; 787 693; 789 693; 792 696; 793 696; 794 697; 794 698; 795 699; 796 699; 797 700; 801 700; 802 699; 802 694; 801 693; 801 692; 800 691; 800 687; 799 686; 799 679; 800 678; 800 673; 799 672; 799 671; 798 670; 798 669; 797 668; 797 665; 796 664; 796 651; 795 650
93; 891 643; 889 645; 889 649; 890 650; 890 651; 885 656; 884 656; 883 657; 882 657; 881 658; 878 658; 877 659; 876 659; 871 664; 870 664; 866 668; 865 668; 863 670; 862 670; 861 671; 860 671; 858 673; 856 673; 855 674; 853 674; 852 675; 851 675; 849 677; 849 680; 850 681; 852 681; 853 682; 855 682; 856 683; 857 683; 862 688; 862 690; 861 691; 863 691; 865 693; 869 693; 870 692; 871 693; 873 693; 874 694; 875 694; 876 695; 878 695; 879 696; 880 696; 881 697; 882 697; 884 699; 885 699; 887 701; 888 701; 889 702; 892 702; 893 701; 893 698; 892 697; 892 695; 891 694; 891 688; 890 687; 890 682; 889 681; 889 663; 890 662; 890 661; 892 659; 892 651; 893 650; 893 649; 894 648; 894 644; 893 643
94; 281 665; 279 667; 279 669; 281 671; 281 672; 282 673; 282 678; 283 678; 287 682; 287 683; 288 684; 288 686; 289 687; 289 688; 290 689; 290 691; 291 692; 291 693; 292 694; 292 695; 294 697; 294 698; 296 700; 296 702; 297 703; 297 705; 298 706; 297 707; 297 708; 294 711; 294 714; 297 714; 300 711; 302 711; 304 709; 304 708; 305 707; 305 705; 306 704; 306 703; 307 702; 307 701; 312 696; 313 696; 315 694; 315 693; 316 692; 316 690; 317 689; 317 687; 318 686; 318 684; 319 683; 319 682; 321 680; 321 679; 325 675; 325 674; 327 672; 327 669; 321 669; 320 670; 308 670; 307 669; 303 669; 302 668; 297 668; 296 667; 287 667; 286 666; 285 666; 284 665
95; 142 668; 141 669; 141 670; 140 671; 140 673; 139 674; 139 677; 138 678; 138 679; 136 681; 136 682; 129 689; 129 690; 127 692; 127 693; 126 694; 126 696; 125 697; 125 699; 124 700; 124 701; 123 702; 123 703; 122 704; 122 705; 121 706; 121 707; 120 708; 120 712; 124 712; 125 711; 126 711; 127 710; 128 710; 129 709; 137 709; 138 710; 143 710; 144 711; 150 711; 151 712; 153 712; 154 713; 154 715; 153 716; 153 720; 154 721; 156 721; 157 720; 157 717; 156 716; 156 714; 157 713; 164 713; 165 712; 165 708; 164 707; 164 706; 163 705; 163 704; 160 701; 160 700; 159 699; 159 696; 158 695; 158 691; 157 690; 157 689; 154 686; 154 685; 152 683; 152 682; 150 680; 150 679; 149 678; 149 677; 148 676; 148 673; 147 672; 147 671; 144 668
96; 335 675; 335 676; 334 677; 334 686; 333 687; 333 688; 332 689; 332 690; 331 691; 331 692; 330 693; 330 695; 329 696; 329 701; 328 702; 328 711; 327 712; 327 713; 326 714; 326 715; 325 716; 325 717; 324 718; 324 719; 327 722; 328 721; 330 721; 331 720; 332 720; 333 719; 336 719; 337 718; 340 718; 341 717; 350 717; 354 713; 356 713; 357 712; 367 712; 368 711; 369 711; 370 710; 371 710; 371 707; 369 705; 368 705; 367 704; 366 704; 360 698; 360 697; 356 693; 356 692; 355 691; 355 690; 353 688; 353 687; 352 686; 351 686; 350 685; 348 685; 340 677; 340 676; 339 676; 338 675
97; 383 693; 381 695; 381 698; 382 699; 382 700; 387 705; 387 707; 388 708; 388 714; 389 715; 389 716; 391 716; 391 715; 392 714; 392 711; 393 710; 393 709; 396 706; 401 706; 402 707; 407 707; 408 708; 408 705; 409 704; 409 701; 408 700; 407 700; 406 699; 404 699; 403 698; 401 698; 400 697; 397 697; 396 696; 393 696; 391 694; 390 694; 389 693
98; 230 682; 230 683; 229 684; 229 689; 230 690; 230 691; 231 692; 231 694; 232 695; 232 701; 231 702; 231 705; 232 706; 232 707; 233 708; 233 710; 234 711; 234 713; 235 714; 235 719; 236 720; 236 724; 237 725; 237 728; 236 729; 236 732; 237 733; 237 734; 238 735; 241 735; 243 733; 243 732; 249 726; 250 726; 251 725; 253 725; 254 724; 255 724; 257 722; 257 721; 260 718; 260 717; 261 716; 262 716; 266 712; 267 712; 268 711; 268 710; 269 709; 270 709; 272 707; 273 707; 274 706; 276 706; 278 704; 278 702; 277 702; 276 701; 273 701; 272 700; 271 700; 270 699; 269 699; 268 698; 261 698; 260 697; 259 697; 257 695; 255 695; 254 694; 250 694; 249 693; 246 693; 245 692; 244 692; 243 691; 242 691; 241 690; 240 690; 238 688; 238 685; 235 682
99; 410 701; 410 704; 409 705; 409 708; 411 710; 411 713; 403 721; 402 721; 399 724; 398 724; 397 725; 396 725; 395 726; 393 726; 391 728; 391 732; 392 733; 392 734; 393 735; 393 736; 394 737; 396 737; 404 729; 405 729; 406 728; 408 728; 409 727; 410 727; 412 725; 412 724; 414 722; 414 721; 417 718; 417 717; 424 710; 425 710; 426 709; 426 706; 425 706; 424 705; 421 705; 420 704; 417 704; 416 703; 415 703; 414 702; 412 702; 411 701
100; 844 692; 844 693; 843 694; 843 698; 844 699; 844 702; 843 703; 843 711; 839 715; 837 715; 836 716; 835 716; 834 717; 834 718; 833 719; 833 723; 839 723; 842 726; 842 736; 841 737; 836 737; 835 738; 833 738; 832 739; 832 743; 833 744; 838 744; 840 742; 841 742; 842 741; 843 741; 844 740; 846 740; 847 739; 848 739; 850 737; 851 737; 852 736; 853 736; 854 735; 857 735; 858 734; 859 734; 860 733; 861 733; 863 731; 864 731; 866 729; 867 729; 868 728; 870 728; 871 727; 872 727; 873 726; 874 726; 875 725; 882 725; 883 724; 884 724; 887 721; 887 719; 886 718; 885 718; 883 716; 882 716; 881 715; 880 715; 879 714; 877 714; 876 713; 875 713; 866 704; 866 699; 867 698; 867 695; 868 694; 865 694; 863 692; 860 692; 859 693; 859 694; 855 698; 854 697; 853 697; 852 696; 851 696; 847 692
101; 919 704; 918 705; 914 705; 913 706; 911 706; 910 707; 908 707; 907 708; 905 708; 904 709; 900 709; 899 708; 898 708; 897 707; 896 707; 895 706; 892 706; 891 707; 891 708; 890 709; 890 711; 896 717; 896 718; 898 720; 898 721; 899 722; 899 723; 900 724; 900 725; 901 726; 901 727; 902 728; 902 729; 903 730; 903 731; 905 733; 906 733; 912 739; 912 740; 913 741; 913 743; 914 744; 914 745; 916 747; 916 748; 917 749; 921 749; 921 748; 922 747; 922 745; 923 744; 923 741; 924 740; 924 738; 925 737; 925 735; 926 734; 926 733; 927 732; 927 731; 928 730; 928 729; 929 728; 929 727; 930 726; 930 724; 931 723; 931 722; 932 721; 932 719; 933 718; 933 716; 934 715; 934 714; 939 709; 940 709; 941 708; 941 705; 940 704; 935 704; 934 705; 930 705; 929 706; 926 706; 925 705; 924 705; 923 704
102; 677 701; 675 703; 674 703; 672 705; 670 705; 669 706; 665 706; 664 707; 660 707; 658 709; 657 709; 654 712; 653 712; 651 714; 649 714; 648 715; 646 715; 645 716; 643 716; 642 717; 639 717; 638 718; 636 718; 635 719; 634 719; 633 720; 633 722; 634 722; 635 723; 637 723; 638 724; 639 724; 640 725; 641 725; 649 733; 649 734; 650 735; 650 736; 651 737; 652 737; 654 739; 654 741; 653 742; 653 743; 652 744; 652 746; 653 747; 655 747; 657 745; 658 745; 659 744; 663 744; 664 745; 666 745; 668 747; 669 747; 671 749; 672 749; 673 750; 676 750; 677 749; 677 748; 678 747; 678 741; 679 740; 679 736; 678 735; 678 733; 677 732; 677 722; 678 721; 678 711; 679 710; 679 709; 680 708; 680 706; 681 705; 681 703; 679 701
103; 0 711; 0 721; 1 721; 2 722; 3 722; 5 724; 5 725; 9 729; 11 729; 13 731; 13 733; 11 735; 9 735; 7 733; 5 733; 4 734; 4 735; 1 738; 0 738; 0 747; 5 747; 7 749; 7 750; 8 751; 9 751; 10 752; 12 752; 12 745; 14 743; 15 743; 16 742; 17 742; 18 741; 19 741; 20 740; 25 740; 26 741; 29 741; 30 740; 30 736; 24 730; 23 730; 22 729; 22 728; 9 715; 9 714; 8 713; 7 713; 6 712; 4 712; 3 711
104; 514 725; 513 726; 512 726; 511 727; 510 727; 509 728; 507 728; 506 729; 504 729; 503 730; 500 730; 499 731; 496 731; 495 732; 493 732; 492 733; 489 733; 488 734; 486 734; 485 735; 484 735; 483 736; 481 736; 480 737; 477 737; 476 738; 474 738; 473 737; 471 737; 470 738; 470 740; 472 742; 473 742; 478 747; 478 748; 479 749; 479 750; 480 751; 480 752; 482 754; 483 754; 487 758; 488 758; 489 759; 492 759; 493 760; 494 760; 495 761; 496 761; 500 765; 500 766; 501 767; 501 770; 509 770; 509 768; 510 767; 510 763; 511 762; 511 760; 512 759; 512 757; 513 756; 513 754; 514 753; 514 751; 515 750; 515 749; 516 748; 516 747; 517 746; 517 743; 516 742; 516 734; 517 733; 517 731; 518 730; 518 729; 519 728; 519 726; 518 725
105; 323 719; 322 720; 320 720; 319 721; 316 721; 315 722; 314 722; 313 723; 313 732; 312 733; 312 734; 311 735; 311 736; 310 737; 310 738; 309 739; 309 740; 307 742; 307 743; 305 745; 305 746; 303 748; 303 749; 300 752; 295 752; 293 754; 293 757; 296 760; 296 762; 292 766; 291 766; 291 770; 294 770; 298 766; 299 766; 300 765; 302 765; 303 764; 307 764; 308 765; 311 765; 312 766; 318 766; 319 765; 320 766; 327 766; 328 765; 329 765; 330 764; 332 764; 333 763; 343 763; 344 762; 344 760; 342 758; 342 757; 339 754; 339 753; 338 752; 338 746; 339 745; 339 743; 338 742; 338 741; 335 738; 335 737; 331 737; 330 736; 329 736; 327 734; 326 734; 325 733; 325 732; 323 730; 323 728; 324 727; 324 726; 326 724; 326 722
106; 532 733; 531 734; 531 735; 530 736; 530 737; 529 738; 529 739; 528 740; 528 741; 526 743; 526 744; 524 746; 523 746; 522 747; 522 754; 521 755; 521 757; 520 758; 520 760; 519 761; 519 764; 518 765; 518 767; 517 768; 517 770; 516 771; 516 773; 517 774; 519 774; 521 776; 523 776; 524 777; 525 777; 526 776; 529 776; 530 777; 536 777; 537 776; 539 776; 540 775; 544 775; 545 774; 548 774; 549 773; 555 773; 556 774; 559 774; 560 773; 560 771; 559 770; 559 769; 558 768; 558 767; 557 766; 557 765; 554 762; 554 761; 552 759; 552 758; 550 756; 550 755; 546 751; 546 750; 541 745; 541 744; 538 741; 538 740; 537 739; 537 737; 536 736; 536 735; 534 733
107; 351 746; 351 751; 352 752; 352 761; 351 762; 351 780; 352 781; 352 789; 351 790; 351 793; 352 794; 358 794; 360 792; 360 791; 364 787; 365 787; 366 786; 368 786; 369 785; 375 785; 384 776; 385 776; 386 775; 387 775; 388 774; 389 774; 390 773; 391 773; 392 772; 393 772; 394 771; 400 771; 400 768; 399 767; 397 767; 396 768; 391 768; 390 767; 388 767; 387 766; 386 766; 385 765; 384 765; 382 763; 381 763; 379 761; 378 761; 375 758; 374 758; 372 756; 371 756; 369 754; 368 754; 367 753; 366 753; 365 752; 364 752; 361 749; 360 749; 358 747; 357 747; 356 746
108; 900 756; 899 757; 897 757; 896 758; 888 758; 887 759; 884 759; 883 760; 881 760; 880 761; 877 761; 876 762; 875 762; 874 763; 873 763; 872 764; 871 764; 869 766; 867 766; 866 767; 861 767; 860 768; 859 768; 858 769; 858 771; 859 772; 861 772; 862 773; 863 773; 866 776; 867 776; 870 779; 870 780; 874 784; 874 785; 880 791; 880 792; 882 794; 883 794; 887 798; 887 799; 891 803; 896 803; 896 793; 897 792; 897 790; 898 789; 898 788; 899 787; 899 785; 900 784; 900 782; 901 781; 901 780; 902 779; 902 777; 903 776; 903 769; 904 768; 904 767; 905 766; 905 765; 906 764; 907 764; 908 763; 909 764; 913 764; 914 763; 914 760; 913 759; 911 759; 910 758; 907 758; 906 757; 905 757; 904 756
109; 465 757; 464 758; 464 763; 465 764; 465 785; 466 786; 466 788; 467 789; 467 790; 468 791; 468 793; 467 794; 467 796; 466 797; 466 798; 465 799; 465 800; 463 802; 463 803; 462 804; 462 807; 464 809; 467 809; 469 807; 469 806; 472 803; 473 803; 475 801; 476 801; 477 800; 478 800; 480 798; 481 798; 483 796; 484 796; 485 795; 486 795; 488 793; 489 793; 490 792; 491 792; 496 787; 496 786; 499 783; 500 783; 502 781; 503 781; 504 780; 507 780; 508 781; 508 778; 510 776; 510 773; 509 772; 509 771; 500 771; 498 773; 497 773; 496 772; 494 772; 493 771; 492 771; 488 767; 487 767; 486 766; 481 766; 480 765; 478 765; 477 764; 476 764; 471 759; 470 759; 468 757
110; 515 773; 514 774; 513 774; 512 775; 511 774; 511 776; 509 778; 509 782; 510 783; 510 788; 509 789; 509 790; 508 791; 508 793; 507 794; 511 798; 511 802; 512 803; 512 806; 516 810; 518 810; 520 812; 520 813; 521 814; 521 815; 523 817; 523 818; 524 819; 524 820; 525 821; 525 824; 526 825; 526 827; 527 828; 529 828; 537 820; 537 819; 549 807; 549 806; 550 805; 550 804; 554 800; 560 800; 560 796; 558 794; 557 794; 556 793; 554 793; 553 792; 552 792; 551 791; 550 791; 549 790; 548 790; 547 789; 546 789; 545 788; 543 788; 542 787; 536 787; 535 786; 531 786; 530 785; 528 785; 527 784; 526 784; 524 782; 524 781; 523 780; 523 779; 524 778; 523 777; 521 777; 519 775; 517 775
111; 744 791; 744 796; 745 797; 744 798; 744 804; 745 805; 745 808; 746 809; 746 814; 747 815; 747 818; 748 819; 748 820; 749 821; 749 823; 750 824; 750 831; 749 832; 749 837; 750 838; 750 839; 751 840; 753 840; 754 839; 755 839; 756 838; 756 837; 761 832; 762 832; 764 830; 765 830; 768 827; 769 827; 778 818; 779 818; 781 816; 782 816; 786 812; 787 812; 789 810; 789 807; 788 806; 787 806; 786 805; 783 805; 782 804; 779 804; 778 803; 776 803; 775 802; 774 802; 773 801; 772 801; 769 798; 768 798; 767 797; 761 797; 760 796; 758 796; 756 794; 755 794; 754 793; 753 793; 752 792; 751 792; 750 791
112; 505 795; 503 797; 502 797; 501 798; 500 798; 499 799; 498 799; 496 801; 495 801; 494 802; 493 802; 492 803; 491 803; 489 805; 489 806; 477 818; 476 818; 475 819; 473 819; 472 820; 471 820; 471 822; 472 823; 473 823; 474 824; 475 824; 477 826; 477 828; 476 829; 476 830; 475 831; 475 834; 477 836; 481 836; 483 834; 483 833; 485 831; 487 831; 488 832; 498 832; 499 833; 502 833; 503 834; 505 834; 506 835; 509 835; 510 836; 511 836; 512 837; 513 837; 515 839; 515 841; 516 842; 516 844; 518 846; 521 846; 522 845; 523 845; 523 844; 524 843; 524 839; 522 837; 521 837; 518 834; 518 833; 517 832; 517 830; 516 829; 516 816; 515 815; 515 812; 516 811; 511 806; 511 803; 510 802; 510 798; 507 795
113; 264 801; 261 804; 261 805; 257 809; 256 809; 251 814; 250 814; 248 816; 248 817; 246 819; 246 820; 238 828; 237 828; 236 829; 235 829; 234 830; 233 830; 233 836; 234 837; 241 837; 242 838; 243 838; 244 839; 245 839; 246 840; 247 840; 250 843; 250 844; 249 845; 249 850; 250 851; 250 852; 253 852; 254 851; 254 846; 256 844; 272 844; 273 845; 276 845; 277 846; 280 846; 281 845; 281 839; 277 835; 277 834; 276 833; 276 832; 275 831; 275 828; 274 827; 274 825; 273 824; 273 822; 272 821; 272 820; 271 819; 271 818; 270 817; 270 815; 269 814; 269 804; 268 803; 268 801
114; 209 822; 208 823; 207 823; 204 826; 202 826; 201 827; 200 827; 199 828; 198 828; 196 830; 195 830; 194 831; 192 831; 191 832; 185 832; 184 831; 182 831; 181 832; 181 836; 185 840; 185 841; 191 847; 191 848; 195 852; 195 854; 196 855; 196 857; 197 858; 197 859; 198 860; 201 860; 202 861; 204 861; 205 862; 206 862; 210 866; 210 867; 212 869; 215 869; 215 868; 216 867; 216 866; 217 865; 217 855; 218 854; 218 851; 219 850; 219 849; 220 848; 220 846; 221 845; 221 844; 222 843; 222 842; 223 841; 223 839; 224 838; 224 834; 225 833; 225 831; 226 830; 226 829; 229 826; 229 824; 228 823; 227 823; 226 822; 222 822; 221 823; 219 823; 218 824; 216 824; 215 823; 213 823; 212 822
115; 35 823; 35 826; 38 829; 38 831; 39 832; 39 837; 38 838; 38 839; 37 840; 37 842; 36 843; 36 848; 38 850; 38 851; 39 852; 39 855; 40 856; 40 872; 41 873; 43 873; 46 870; 47 870; 49 868; 50 868; 51 867; 52 867; 53 866; 54 866; 55 865; 56 865; 57 864; 62 864; 63 863; 63 862; 64 861; 64 860; 69 855; 70 855; 73 852; 74 852; 77 849; 78 849; 80 847; 81 847; 82 846; 82 842; 80 840; 73 840; 72 839; 71 839; 70 838; 69 838; 67 836; 66 836; 65 835; 64 835; 63 834; 62 834; 61 833; 60 833; 58 831; 53 831; 52 830; 49 830; 44 825; 43 825; 42 824; 41 824; 40 823
116; 635 843; 634 844; 634 847; 635 848; 635 849; 636 850; 636 851; 637 852; 637 853; 638 854; 638 855; 639 856; 639 860; 640 861; 640 862; 639 863; 639 865; 638 866; 638 869; 643 874; 643 875; 645 877; 645 879; 646 880; 646 885; 647 886; 647 889; 648 890; 648 891; 651 891; 652 890; 652 889; 654 887; 654 886; 655 885; 655 884; 656 883; 656 882; 658 880; 658 879; 661 876; 662 876; 665 873; 666 873; 669 870; 670 870; 671 869; 675 869; 676 868; 676 863; 681 858; 686 858; 687 857; 688 857; 690 855; 690 851; 689 850; 685 850; 684 851; 683 851; 682 852; 680 852; 679 853; 678 852; 671 852; 670 851; 668 851; 667 850; 664 850; 663 849; 661 849; 660 848; 659 848; 658 847; 655 847; 654 846; 647 846; 646 845; 643 845; 642 844; 640 844; 639 843
117; 0 827; 0 846; 1 847; 2 847; 3 848; 3 849; 4 850; 4 853; 10 859; 10 861; 8 863; 6 863; 5 864; 0 864; 0 878; 1 878; 7 872; 11 872; 12 871; 14 871; 15 870; 24 870; 25 869; 26 869; 26 865; 23 862; 23 861; 22 860; 22 858; 21 857; 21 856; 15 850; 15 849; 13 847; 13 846; 12 845; 12 844; 6 838; 6 837; 4 835; 4 834; 3 833; 3 829; 2 828; 2 827
118; 913 852; 912 853; 911 853; 910 854; 910 857; 913 860; 914 860; 916 862; 916 863; 914 865; 913 865; 912 866; 911 866; 910 867; 906 867; 905 866; 901 866; 899 868; 899 872; 901 874; 902 874; 910 882; 911 882; 914 885; 915 885; 917 887; 918 887; 921 890; 922 890; 924 892; 925 892; 926 893; 927 893; 929 895; 929 896; 930 897; 930 898; 931 899; 931 900; 933 902; 935 902; 936 901; 936 900; 937 899; 937 898; 938 897; 938 895; 939 894; 939 891; 940 890; 940 880; 941 879; 941 863; 942 862; 942 860; 943 859; 943 853; 942 852; 940 852; 937 855; 936 855; 935 856; 934 856; 933 857; 932 857; 931 858; 929 858; 928 859; 927 859; 926 860; 924 860; 923 861; 921 861; 919 859; 919 856; 918 855; 918 854; 917 853; 916 853; 915 852
119; 749 871; 748 872; 747 872; 746 873; 743 873; 742 874; 729 874; 728 875; 727 875; 727 879; 728 880; 728 882; 729 883; 729 884; 735 890; 735 891; 738 894; 738 895; 745 902; 745 903; 748 906; 748 907; 749 908; 749 914; 750 914; 751 915; 753 915; 754 914; 754 913; 756 911; 756 909; 757 908; 757 907; 759 905; 759 904; 760 903; 760 902; 761 901; 761 900; 762 899; 762 898; 764 896; 764 895; 766 893; 766 892; 767 891; 767 890; 768 889; 768 888; 769 887; 769 886; 770 885; 770 883; 771 882; 771 880; 773 878; 773 877; 775 875; 775 873; 774 872; 773 872; 772 871; 763 871; 762 872; 755 872; 754 871
120; 540 876; 539 877; 539 880; 540 881; 540 882; 541 883; 541 884; 542 885; 542 888; 543 889; 543 895; 544 896; 544 898; 543 899; 543 902; 544 903; 544 904; 545 905; 545 906; 546 907; 546 922; 548 924; 550 924; 553 921; 553 919; 561 911; 562 911; 565 908; 566 908; 569 905; 570 905; 573 902; 573 901; 574 900; 575 900; 577 898; 578 898; 580 896; 582 896; 583 895; 584 895; 585 894; 585 891; 584 890; 582 890; 581 889; 578 889; 577 888; 575 888; 574 887; 573 887; 572 886; 571 886; 570 885; 568 885; 567 884; 565 884; 564 883; 562 883; 561 882; 559 882; 558 881; 555 881; 554 880; 552 880; 551 879; 550 879; 548 877; 546 877; 545 876
121; 314 873; 312 875; 312 879; 307 884; 307 885; 294 898; 293 898; 292 899; 291 899; 288 902; 288 904; 289 905; 294 905; 295 906; 299 906; 305 912; 306 912; 307 913; 309 913; 310 912; 315 912; 316 913; 319 913; 320 914; 321 914; 322 915; 323 915; 324 916; 325 916; 326 917; 327 917; 328 918; 329 918; 330 919; 331 919; 332 920; 334 920; 335 919; 335 915; 333 913; 333 912; 332 911; 332 910; 331 909; 331 906; 330 905; 330 901; 331 900; 331 899; 332 898; 332 895; 331 894; 331 893; 329 891; 329 889; 328 888; 328 887; 327 886; 327 884; 326 883; 326 874; 325 873; 320 873; 319 874; 318 873
122; 383 904; 382 905; 381 905; 379 907; 377 907; 376 908; 367 908; 366 909; 364 909; 363 910; 361 910; 360 911; 359 911; 358 910; 351 910; 350 911; 346 911; 345 910; 340 910; 340 915; 346 921; 346 922; 354 930; 354 931; 362 939; 362 940; 370 948; 373 948; 373 942; 374 941; 374 939; 375 938; 375 937; 377 935; 377 934; 379 932; 380 932; 382 930; 382 925; 383 924; 383 923; 384 922; 384 916; 385 915; 385 913; 386 912; 386 911; 388 909; 388 906; 386 904
123; 67 906; 66 907; 65 907; 64 908; 63 908; 62 909; 61 909; 60 910; 49 910; 46 913; 45 913; 44 914; 43 914; 42 915; 41 915; 40 916; 38 916; 37 917; 35 917; 34 918; 33 918; 32 919; 29 919; 28 920; 26 920; 26 922; 30 926; 31 926; 35 930; 35 931; 37 933; 38 933; 39 934; 40 934; 42 936; 43 936; 46 939; 46 940; 48 942; 49 942; 50 943; 52 943; 53 944; 54 944; 57 947; 57 948; 61 952; 64 952; 64 950; 65 949; 65 942; 66 941; 66 937; 67 936; 67 935; 68 934; 68 926; 67 925; 67 921; 66 920; 66 915; 70 911; 70 910; 71 909; 71 906
124; 273 915; 272 916; 270 916; 269 917; 262 917; 261 918; 260 918; 258 920; 257 920; 255 922; 254 922; 253 923; 252 923; 250 925; 248 925; 247 926; 245 926; 244 927; 243 927; 242 926; 241 926; 240 925; 237 925; 237 926; 236 927; 236 928; 234 930; 233 930; 232 931; 231 931; 230 932; 230 934; 232 936; 235 936; 236 937; 237 937; 238 938; 239 938; 241 940; 242 940; 252 950; 253 950; 254 951; 256 951; 258 953; 259 953; 265 959; 265 960; 267 962; 269 962; 269 951; 270 950; 270 947; 271 946; 271 944; 272 943; 272 941; 273 940; 273 938; 272 937; 272 930; 271 929; 271 928; 272 927; 272 925; 279 918; 279 916; 278 915
125; 749 915; 748 916; 748 917; 747 918; 747 919; 746 920; 746 921; 745 922; 745 923; 742 926; 741 926; 739 928; 738 928; 736 930; 735 930; 733 932; 732 932; 731 933; 727 933; 726 934; 725 934; 724 935; 724 938; 725 938; 727 940; 728 940; 729 941; 730 941; 731 942; 732 942; 733 943; 734 943; 740 949; 741 949; 742 950; 744 950; 745 951; 746 951; 747 952; 748 952; 750 954; 751 954; 757 960; 758 960; 759 961; 762 961; 763 960; 763 948; 764 947; 764 944; 765 943; 765 927; 766 926; 766 915; 764 915; 760 919; 759 919; 757 921; 755 921; 752 918; 752 916; 751 916; 750 915
126; 829 909; 829 916; 828 917; 828 918; 823 923; 823 924; 822 925; 822 929; 821 930; 821 932; 820 933; 820 934; 819 935; 819 937; 818 938; 818 939; 816 941; 816 942; 815 943; 815 944; 810 949; 810 951; 811 952; 817 952; 818 951; 825 951; 826 952; 828 952; 829 953; 832 953; 833 952; 834 952; 835 951; 840 951; 841 950; 844 950; 845 951; 850 951; 851 952; 852 952; 853 953; 854 953; 855 954; 856 954; 857 955; 858 955; 858 954; 860 952; 860 951; 852 943; 852 942; 850 940; 850 939; 849 938; 849 937; 848 936; 848 935; 845 932; 845 931; 842 928; 842 927; 841 926; 841 924; 840 923; 840 922; 837 919; 837 918; 836 917; 836 916; 835 915; 835 913; 834 912; 834 911; 832 909
127; 956 925; 954 927; 953 927; 952 928; 950 928; 949 929; 947 929; 946 930; 944 930; 943 931; 941 931; 940 932; 937 932; 936 933; 934 933; 930 937; 929 937; 928 938; 927 938; 926 939; 925 939; 924 940; 923 940; 922 941; 921 941; 920 942; 919 942; 918 943; 917 943; 917 945; 918 946; 919 946; 920 947; 921 947; 922 948; 924 948; 925 949; 926 949; 927 950; 928 950; 934 956; 935 956; 936 957; 936 958; 937 959; 937 960; 938 961; 943 961; 944 962; 945 962; 947 964; 947 965; 949 967; 950 967; 951 968; 952 968; 954 970; 960 970; 960 968; 957 965; 957 964; 956 963; 956 957; 957 956; 957 947; 958 946; 958 945; 959 944; 959 942; 960 941; 960 937; 963 934; 963 929; 961 927; 961 926; 960 925
128; 431 924; 431 926; 430 927; 430 928; 429 929; 429 931; 428 932; 428 933; 420 941; 420 943; 418 945; 418 946; 416 948; 416 952; 415 953; 415 954; 413 956; 413 957; 412 958; 412 959; 411 960; 411 961; 410 962; 410 965; 417 965; 418 966; 420 966; 421 965; 429 965; 430 964; 434 964; 435 963; 438 963; 439 962; 441 962; 442 961; 445 961; 446 960; 449 960; 450 961; 453 961; 454 962; 455 962; 456 963; 458 963; 458 961; 457 960; 457 959; 455 957; 455 956; 452 953; 452 952; 448 948; 448 947; 447 946; 447 945; 446 944; 446 942; 445 941; 445 940; 444 939; 443 939; 438 934; 438 933; 436 931; 436 929; 435 928; 435 927; 434 926; 434 925; 433 924
129; 346 945; 345 946; 343 946; 342 947; 328 947; 327 948; 313 948; 312 949; 312 953; 313 953; 314 954; 315 954; 319 958; 319 960; 320 961; 320 962; 322 964; 322 965; 323 966; 323 968; 324 969; 324 970; 325 971; 325 972; 327 974; 327 975; 332 980; 332 981; 333 982; 333 984; 334 985; 334 986; 337 986; 337 985; 338 984; 338 983; 339 982; 339 981; 340 980; 340 978; 341 977; 341 976; 342 975; 342 974; 344 972; 344 971; 345 970; 346 970; 349 967; 349 966; 350 965; 350 963; 351 962; 351 959; 352 958; 352 956; 353 955; 353 954; 355 952; 355 951; 356 950; 356 947; 355 946; 352 946; 351 945
130; 861 952; 859 954; 859 956; 861 958; 861 959; 863 961; 863 962; 864 963; 864 967; 865 968; 865 972; 866 973; 866 978; 867 979; 867 980; 868 981; 868 982; 871 985; 871 986; 872 987; 872 994; 871 995; 871 1000; 872 1001; 874 1001; 875 1000; 875 999; 876 998; 876 996; 882 990; 883 990; 889 984; 889 983; 891 981; 891 980; 895 976; 895 975; 901 969; 902 969; 903 968; 904 968; 905 967; 906 967; 906 964; 905 963; 895 963; 894 962; 893 962; 892 961; 890 961; 889 960; 886 960; 885 959; 882 959; 881 958; 878 958; 877 957; 874 957; 873 956; 869 956; 868 955; 867 955; 866 954; 865 954; 864 953; 863 953; 862 952
131; 979 948; 979 950; 978 951; 978 953; 977 954; 977 957; 976 958; 976 961; 975 962; 975 964; 974 965; 974 967; 973 968; 973 970; 972 971; 972 974; 971 975; 971 977; 970 978; 970 983; 969 984; 969 986; 968 987; 968 990; 972 990; 973 989; 975 989; 976 988; 977 988; 978 987; 981 987; 982 986; 990 986; 991 985; 993 985; 994 984; 995 984; 996 983; 998 983; 999 982; 1000 982; 1001 981; 1003 981; 1004 980; 1010 980; 1015 985; 1018 985; 1018 981; 1013 976; 1013 975; 1008 970; 1007 970; 1000 963; 999 963; 997 961; 996 961; 991 956; 990 956; 987 953; 986 953; 984 951; 984 950; 982 948
132; 592 955; 591 956; 591 962; 590 963; 590 971; 587 974; 586 974; 586 975; 585 976; 585 977; 586 978; 586 979; 587 980; 586 981; 586 984; 585 985; 585 987; 584 988; 584 991; 579 996; 579 999; 584 999; 585 998; 586 998; 590 994; 591 994; 592 993; 600 993; 601 992; 609 992; 610 991; 612 991; 613 990; 614 990; 615 989; 616 989; 617 988; 620 988; 621 987; 623 987; 624 986; 625 986; 626 985; 627 985; 627 982; 626 982; 625 981; 623 981; 622 980; 621 980; 620 979; 619 979; 613 973; 613 972; 612 971; 612 967; 609 964; 607 964; 606 963; 604 963; 603 962; 602 962; 597 957; 596 957; 594 955
133; 538 960; 537 961; 537 965; 538 966; 538 968; 539 969; 539 972; 538 973; 538 979; 539 980; 539 986; 540 987; 540 994; 539 995; 539 996; 538 997; 538 998; 537 999; 537 1000; 536 1001; 536 1005; 540 1005; 543 1002; 543 1001; 546 998; 547 998; 549 996; 552 996; 553 995; 555 995; 556 994; 557 994; 559 992; 561 992; 562 991; 563 991; 564 990; 565 990; 566 989; 567 989; 571 985; 572 985; 576 981; 577 981; 580 978; 582 978; 583 977; 584 977; 584 976; 585 975; 585 973; 584 972; 580 972; 576 976; 571 976; 570 975; 569 975; 568 974; 567 974; 566 973; 565 973; 560 968; 559 968; 558 967; 556 967; 555 966; 554 966; 553 965; 551 965; 550 964; 549 964; 548 963; 546 963; 545 962; 544 962; 543 961; 541 961; 540 960
134; 932 973; 927 978; 926 978; 925 979; 924 979; 923 980; 921 980; 920 981; 918 981; 917 982; 915 982; 914 983; 913 983; 912 984; 911 984; 910 985; 909 985; 908 986; 907 986; 905 988; 904 988; 903 989; 901 989; 900 990; 898 990; 897 991; 895 991; 894 992; 894 994; 895 995; 897 995; 898 996; 899 996; 905 1002; 906 1002; 907 1003; 908 1003; 909 1004; 911 1004; 913 1006; 914 1006; 916 1008; 917 1008; 920 1011; 921 1011; 922 1012; 923 1012; 925 1014; 926 1014; 928 1016; 933 1016; 933 1011; 932 1010; 932 1002; 933 1001; 933 998; 934 997; 934 996; 935 995; 935 993; 936 992; 936 988; 937 987; 937 982; 936 981; 936 976; 935 975; 935 973
135; 311 963; 310 964; 310 967; 309 968; 309 970; 304 975; 304 976; 300 980; 299 980; 297 982; 296 982; 294 984; 293 984; 290 987; 289 987; 285 991; 284 991; 283 992; 273 992; 273 995; 276 998; 277 998; 278 999; 279 999; 283 1003; 284 1003; 287 1006; 287 1007; 289 1009; 297 1009; 298 1010; 299 1010; 300 1011; 305 1011; 306 1010; 309 1010; 310 1011; 312 1011; 313 1012; 319 1012; 319 1008; 317 1006; 317 1005; 316 1004; 316 1002; 315 1001; 315 999; 316 998; 316 994; 317 993; 317 988; 316 987; 316 986; 315 985; 315 984; 314 983; 314 981; 313 980; 313 969; 314 968; 314 964; 313 963
136; 235 992; 235 995; 236 996; 236 997; 237 998; 237 1003; 236 1004; 236 1017; 237 1018; 237 1020; 238 1021; 238 1023; 246 1023; 246 1022; 245 1021; 245 1017; 244 1016; 244 1009; 243 1008; 244 1007; 244 1005; 245 1004; 246 1004; 250 1008; 251 1008; 252 1009; 254 1009; 257 1012; 258 1012; 259 1013; 259 1014; 260 1015; 260 1016; 256 1020; 255 1020; 254 1021; 253 1021; 252 1022; 252 1023; 267 1023; 267 1020; 268 1019; 268 1018; 270 1016; 271 1016; 272 1015; 280 1015; 281 1014; 282 1014; 282 1010; 280 1008; 272 1008; 271 1007; 270 1007; 268 1005; 263 1005; 262 1004; 259 1004; 256 1001; 255 1001; 254 1000; 253 1000; 251 998; 250 998; 248 996; 247 996; 246 995; 245 995; 244 994; 243 994; 242 993; 240 993; 239 992
137; 482 971; 481 972; 480 972; 479 973; 478 973; 477 974; 476 974; 475 975; 474 975; 473 976; 473 979; 474 980; 479 980; 480 979; 487 979; 488 980; 488 982; 489 983; 489 985; 490 986; 490 988; 489 989; 489 991; 488 992; 488 993; 487 994; 487 1002; 486 1003; 486 1005; 487 1006; 487 1007; 489 1009; 489 1010; 490 1011; 490 1012; 491 1013; 491 1014; 492 1015; 492 1017; 491 1018; 491 1023; 496 1023; 496 1022; 504 1014; 505 1014; 506 1013; 507 1013; 510 1010; 511 1010; 513 1008; 514 1008; 515 1007; 516 1007; 517 1006; 518 1006; 524 1000; 525 1000; 527 998; 528 998; 529 997; 529 995; 528 994; 526 994; 525 993; 522 993; 520 991; 519 991; 517 989; 516 989; 514 987; 512 987; 511 986; 510 986; 509 985; 507 985; 506 984; 504 984; 503 983; 500 983; 499 982; 497 982; 496 981; 495 981; 494 980; 493 980; 492 979; 491 979; 489 977; 489 976; 488 975; 488 974; 487 973; 487 972; 486 972; 485 971
138; 79 986; 78 987; 78 989; 79 990; 79 991; 80 992; 80 995; 79 996; 79 1000; 80 1001; 80 1012; 77 1015; 75 1015; 74 1016; 74 1018; 76 1020; 79 1020; 81 1022; 81 1023; 101 1023; 101 1022; 103 1020; 104 1020; 106 1018; 107 1018; 108 1017; 109 1017; 111 1015; 112 1015; 114 1013; 114 1012; 118 1008; 119 1008; 120 1007; 120 1006; 121 1005; 121 1003; 120 1003; 119 1002; 118 1002; 116 1000; 115 1000; 113 998; 112 998; 111 997; 108 997; 107 996; 105 996; 101 992; 93 992; 92 991; 91 991; 87 987; 85 987; 84 986
