0; 290 0; 289 1; 289 2; 285 6; 283 6; 282 7; 282 8; 281 9; 281 10; 280 11; 280 12; 279 13; 279 14; 271 22; 271 24; 272 25; 272 26; 276 26; 277 27; 281 27; 282 28; 286 28; 287 29; 289 29; 290 30; 292 30; 293 31; 295 31; 296 32; 298 32; 299 33; 302 33; 303 34; 305 34; 306 35; 308 35; 309 34; 310 34; 311 33; 311 29; 310 28; 310 26; 309 25; 309 20; 308 19; 308 14; 307 13; 307 12; 306 11; 306 9; 305 8; 305 3; 306 2; 308 2; 309 3; 313 3; 314 4; 320 4; 321 5; 323 5; 325 7; 337 7; 338 8; 341 8; 342 9; 345 9; 346 8; 346 0
1; 569 4; 565 8; 564 8; 559 13; 558 13; 544 27; 544 28; 543 29; 543 32; 544 32; 546 34; 551 34; 552 35; 554 35; 555 36; 557 36; 558 37; 559 37; 560 38; 561 38; 562 39; 563 39; 564 40; 566 40; 567 41; 568 41; 569 42; 570 42; 573 45; 574 45; 575 46; 578 46; 580 44; 580 42; 579 41; 579 39; 578 38; 578 34; 579 33; 579 24; 578 23; 578 20; 577 19; 577 11; 576 10; 576 8; 575 7; 575 5; 574 4
2; 658 6; 656 8; 656 9; 652 13; 651 13; 650 14; 649 14; 648 15; 647 15; 644 18; 644 19; 641 22; 640 22; 638 24; 637 24; 633 28; 633 32; 634 33; 637 33; 638 34; 640 34; 641 35; 642 35; 644 37; 645 37; 647 39; 648 39; 650 41; 652 41; 653 42; 654 42; 655 43; 656 43; 657 44; 658 44; 659 45; 660 45; 661 46; 665 46; 666 47; 668 47; 669 46; 670 46; 670 37; 669 36; 669 25; 668 24; 668 16; 667 15; 667 12; 666 11; 666 9; 665 8; 665 7; 664 6
3; 231 13; 230 14; 230 19; 231 20; 231 22; 232 23; 232 27; 233 28; 233 30; 234 31; 234 33; 235 34; 235 36; 236 37; 236 38; 237 39; 237 47; 238 48; 238 50; 239 51; 239 52; 244 52; 247 49; 248 49; 266 31; 266 30; 269 27; 270 27; 271 26; 271 25; 270 24; 270 23; 268 23; 267 22; 264 22; 263 21; 261 21; 260 20; 258 20; 257 19; 256 19; 254 17; 253 17; 252 16; 246 16; 245 15; 243 15; 242 14; 240 14; 239 13
4; 354 13; 352 15; 351 15; 349 17; 347 17; 346 18; 345 18; 344 19; 343 19; 342 20; 341 20; 340 21; 339 21; 337 23; 336 23; 335 24; 333 24; 332 25; 331 25; 329 27; 328 27; 327 28; 326 28; 323 31; 323 33; 326 36; 327 36; 330 39; 331 39; 333 41; 334 41; 340 47; 341 47; 342 48; 344 48; 345 49; 346 49; 348 51; 349 51; 352 54; 353 54; 354 55; 356 55; 358 53; 358 48; 359 47; 359 40; 358 39; 358 35; 359 34; 359 29; 358 28; 358 25; 359 24; 359 16; 358 15; 358 14; 357 13
5; 507 22; 507 27; 508 28; 508 32; 509 33; 509 42; 510 43; 510 45; 511 46; 511 59; 512 60; 512 61; 513 61; 514 62; 516 62; 518 60; 519 60; 520 59; 521 59; 522 58; 523 58; 527 54; 528 54; 538 44; 539 44; 541 42; 542 42; 545 39; 545 37; 546 36; 546 35; 544 33; 543 33; 542 32; 541 33; 538 33; 537 32; 536 32; 535 31; 534 31; 533 30; 531 30; 530 29; 528 29; 527 28; 526 28; 525 27; 524 27; 523 26; 522 26; 521 25; 519 25; 518 24; 515 24; 514 23; 512 23; 511 22
6; 991 37; 990 38; 990 39; 989 40; 989 46; 990 47; 990 60; 991 61; 991 71; 992 72; 992 75; 994 75; 995 76; 998 76; 1001 73; 1002 73; 1003 72; 1004 72; 1006 70; 1007 70; 1009 68; 1010 68; 1011 67; 1012 67; 1013 66; 1014 66; 1017 63; 1023 63; 1023 48; 1017 48; 1016 47; 1015 47; 1014 46; 1013 46; 1012 45; 1010 45; 1008 43; 1006 43; 1004 41; 1003 41; 1002 40; 1001 40; 1000 39; 997 39; 996 38; 995 38; 994 37
7; 289 39; 288 40; 287 40; 284 43; 283 43; 280 46; 279 46; 278 47; 277 47; 275 49; 274 49; 273 50; 272 50; 270 52; 269 52; 268 53; 267 53; 264 56; 263 56; 261 58; 261 59; 260 60; 260 62; 261 63; 261 64; 262 64; 263 65; 265 65; 266 66; 268 66; 269 67; 271 67; 272 68; 273 68; 277 72; 278 72; 279 73; 282 73; 283 74; 284 74; 285 75; 287 75; 288 76; 289 76; 290 77; 291 77; 292 78; 297 78; 297 77; 298 76; 298 74; 297 73; 297 68; 296 67; 296 46; 295 45; 295 42; 294 41; 294 40; 293 39
8; 854 51; 853 52; 851 52; 850 53; 848 53; 847 54; 846 54; 845 55; 844 55; 843 56; 842 56; 841 57; 840 57; 839 58; 838 58; 837 59; 836 59; 835 60; 834 60; 833 61; 832 61; 831 62; 830 62; 828 64; 826 64; 824 66; 824 68; 825 69; 825 70; 827 72; 828 72; 829 73; 830 73; 831 74; 832 74; 834 76; 834 77; 839 82; 840 82; 841 83; 842 83; 843 84; 844 84; 847 87; 848 87; 853 92; 855 92; 856 91; 856 89; 857 88; 857 84; 858 83; 858 81; 859 80; 859 75; 860 74; 860 70; 861 69; 861 67; 862 66; 862 63; 863 62; 863 61; 864 60; 864 55; 862 53; 860 53; 858 51
9; 46 57; 45 58; 45 59; 44 60; 44 67; 45 68; 45 70; 46 71; 46 82; 47 83; 47 85; 48 86; 48 96; 50 98; 53 98; 54 97; 55 97; 58 94; 59 94; 63 90; 64 90; 67 87; 68 87; 73 82; 74 82; 77 79; 78 79; 81 76; 81 73; 79 71; 78 71; 76 69; 74 69; 73 68; 70 68; 69 67; 68 67; 67 66; 66 66; 65 65; 64 65; 62 63; 61 63; 60 62; 59 62; 58 61; 57 61; 55 59; 54 59; 53 58; 51 58; 50 57
10; 464 59; 463 60; 463 67; 464 68; 464 74; 465 75; 465 79; 466 80; 466 82; 467 83; 467 85; 468 86; 468 91; 469 92; 469 94; 470 95; 470 97; 471 98; 475 98; 477 96; 478 96; 484 90; 485 90; 487 88; 488 88; 490 86; 490 85; 491 84; 492 84; 495 81; 497 81; 498 80; 498 77; 499 76; 499 70; 497 70; 496 69; 494 69; 493 68; 492 68; 491 67; 489 67; 488 66; 486 66; 485 65; 483 65; 482 64; 481 64; 480 63; 479 63; 478 62; 476 62; 475 61; 472 61; 471 60; 469 60; 468 59
11; 512 62; 511 63; 511 65; 508 68; 508 69; 505 72; 501 72; 500 71; 500 76; 499 77; 499 80; 498 81; 498 82; 497 83; 497 84; 494 87; 494 88; 490 92; 490 96; 491 97; 492 97; 493 98; 495 98; 496 99; 506 99; 507 100; 511 100; 512 101; 515 101; 516 102; 525 102; 526 101; 529 101; 530 100; 530 96; 529 95; 529 93; 527 91; 527 89; 526 88; 526 85; 525 84; 525 82; 523 80; 523 79; 522 78; 522 77; 521 76; 521 75; 520 74; 520 73; 519 72; 519 71; 518 70; 518 69; 517 68; 517 67; 515 65; 515 63; 514 63; 513 62
12; 973 74; 973 80; 974 81; 974 83; 975 84; 975 89; 976 90; 976 96; 977 97; 977 101; 978 102; 978 106; 979 107; 979 110; 980 111; 980 112; 981 113; 984 113; 987 110; 988 110; 992 106; 993 106; 996 103; 997 103; 998 102; 999 102; 1001 100; 1001 98; 1009 90; 1009 89; 1010 88; 1010 84; 1009 83; 1004 83; 1003 82; 1001 82; 1000 81; 999 81; 997 79; 997 77; 995 77; 994 76; 991 76; 990 77; 986 77; 985 76; 983 76; 982 75; 981 75; 980 74
13; 30 74; 26 78; 26 79; 25 80; 25 81; 24 82; 24 83; 23 84; 23 85; 19 89; 19 90; 18 91; 18 93; 17 94; 17 95; 16 96; 16 97; 14 99; 14 100; 13 101; 13 102; 9 106; 6 106; 5 105; 4 105; 2 103; 0 103; 0 116; 2 116; 4 114; 5 114; 7 112; 8 112; 10 110; 12 110; 13 109; 14 109; 15 110; 22 110; 23 109; 27 109; 28 110; 32 110; 33 111; 46 111; 47 110; 49 110; 51 108; 51 105; 49 103; 49 98; 47 96; 46 96; 45 95; 44 95; 43 94; 43 93; 42 92; 42 91; 41 90; 41 89; 40 88; 40 87; 38 85; 38 83; 37 82; 37 80; 36 79; 36 78; 35 77; 35 76; 34 75; 33 75; 32 74
14; 304 83; 302 85; 302 89; 303 90; 303 92; 305 94; 305 96; 306 97; 306 99; 307 100; 307 101; 308 102; 308 103; 309 104; 309 105; 311 107; 311 108; 312 109; 312 110; 313 111; 313 113; 314 114; 314 115; 315 116; 315 118; 317 120; 320 120; 321 119; 322 119; 322 118; 323 117; 324 117; 324 116; 325 115; 325 114; 327 112; 327 111; 328 110; 328 109; 334 103; 334 102; 335 101; 335 100; 337 98; 337 97; 340 94; 340 93; 341 92; 341 89; 339 87; 337 87; 336 86; 328 86; 327 85; 315 85; 314 84; 311 84; 310 83
15; 788 81; 787 82; 787 83; 785 85; 785 86; 784 87; 784 88; 777 95; 777 96; 770 103; 770 104; 767 107; 767 108; 766 109; 766 111; 768 113; 770 113; 771 114; 775 114; 776 115; 779 115; 780 116; 784 116; 785 117; 792 117; 793 118; 796 118; 797 119; 805 119; 806 118; 806 113; 805 112; 805 110; 804 109; 804 107; 803 106; 803 105; 802 104; 802 102; 801 101; 801 99; 800 98; 800 96; 799 95; 799 94; 798 93; 798 92; 797 91; 797 89; 796 88; 796 86; 795 85; 795 84; 792 81
16; 920 99; 918 101; 918 105; 919 106; 919 109; 920 110; 920 112; 921 113; 921 116; 922 117; 922 126; 923 127; 923 129; 924 130; 924 131; 925 132; 925 133; 926 134; 926 137; 928 139; 930 139; 932 137; 933 137; 939 131; 940 131; 941 130; 942 130; 947 125; 947 124; 953 118; 954 118; 954 117; 957 114; 957 112; 954 109; 953 109; 952 108; 950 108; 949 107; 946 107; 945 106; 942 106; 941 105; 938 105; 937 104; 935 104; 934 103; 932 103; 931 102; 929 102; 928 101; 926 101; 925 100; 923 100; 922 99
17; 336 111; 334 113; 334 117; 335 118; 335 121; 336 122; 336 127; 337 128; 337 132; 338 133; 338 136; 339 137; 339 141; 340 142; 340 144; 341 145; 341 149; 343 151; 345 151; 349 147; 350 147; 356 141; 357 141; 365 133; 366 133; 369 130; 370 130; 371 129; 371 128; 372 127; 372 123; 371 122; 369 122; 368 121; 366 121; 365 120; 364 120; 363 119; 361 119; 360 118; 358 118; 357 117; 356 117; 355 116; 353 116; 352 115; 349 115; 348 114; 346 114; 345 113; 344 113; 343 112; 342 112; 341 111
18; 998 110; 996 112; 995 112; 993 114; 992 114; 991 115; 990 115; 989 116; 988 116; 986 118; 985 118; 984 119; 983 119; 978 124; 977 124; 969 132; 969 135; 970 136; 971 136; 972 137; 974 137; 975 138; 977 138; 978 139; 979 139; 980 140; 981 140; 982 141; 983 141; 985 143; 986 143; 987 144; 988 144; 989 145; 991 145; 992 146; 993 146; 994 147; 996 147; 997 148; 998 148; 999 149; 1004 149; 1005 148; 1005 126; 1004 125; 1004 116; 1003 115; 1003 114; 1002 113; 1002 112; 1000 110
19; 415 110; 414 111; 413 111; 409 115; 408 115; 406 117; 405 117; 403 119; 402 119; 400 121; 399 121; 394 126; 393 126; 393 127; 392 128; 391 128; 386 133; 386 135; 388 137; 390 137; 391 138; 392 138; 394 140; 396 140; 398 142; 399 142; 400 143; 401 143; 403 145; 404 145; 405 146; 411 146; 412 147; 414 147; 415 148; 416 148; 418 150; 422 150; 423 149; 423 144; 422 143; 422 132; 421 131; 421 118; 420 117; 420 113; 417 110
20; 863 122; 863 135; 864 136; 864 141; 865 142; 865 151; 866 152; 866 156; 867 157; 867 160; 869 162; 871 162; 873 160; 874 160; 877 157; 878 157; 880 155; 881 155; 885 151; 886 151; 887 150; 888 150; 894 144; 895 144; 897 142; 898 142; 900 140; 900 137; 899 136; 898 136; 895 133; 893 133; 892 132; 890 132; 889 131; 888 131; 887 130; 886 130; 882 126; 880 126; 879 125; 874 125; 873 124; 871 124; 870 123; 869 123; 868 122
21; 757 120; 751 126; 751 127; 750 128; 749 128; 748 129; 748 130; 745 133; 745 134; 743 136; 743 137; 742 138; 742 139; 734 147; 734 152; 737 152; 738 153; 741 153; 742 154; 743 154; 744 155; 748 155; 749 156; 751 156; 752 157; 764 157; 765 158; 772 158; 773 157; 773 153; 772 152; 772 151; 771 150; 771 148; 770 147; 770 146; 769 145; 769 144; 768 143; 768 141; 767 140; 767 136; 766 135; 766 132; 765 131; 765 130; 764 129; 764 128; 762 126; 762 125; 761 124; 761 122; 759 120
22; 269 134; 268 135; 268 141; 269 142; 269 147; 271 149; 271 150; 272 151; 272 153; 273 154; 273 157; 274 158; 274 160; 275 161; 275 164; 276 165; 276 171; 279 174; 281 174; 284 171; 284 170; 289 165; 290 165; 307 148; 307 144; 306 143; 304 143; 303 142; 300 142; 299 141; 295 141; 294 140; 292 140; 291 139; 290 139; 289 138; 288 138; 287 137; 279 137; 278 136; 274 136; 273 135; 272 135; 271 134
23; 257 138; 240 155; 240 156; 236 160; 235 160; 232 163; 232 165; 233 166; 233 167; 234 167; 235 168; 237 168; 238 169; 241 169; 242 170; 243 170; 244 171; 245 171; 246 172; 247 172; 248 173; 249 173; 250 174; 259 174; 260 175; 263 175; 264 176; 265 176; 266 177; 270 177; 271 176; 272 176; 272 175; 273 174; 273 171; 272 170; 272 169; 271 168; 271 166; 270 165; 270 163; 269 162; 269 159; 268 158; 268 155; 267 154; 267 147; 266 146; 266 145; 263 142; 263 141; 262 140; 262 139; 261 138
24; 949 137; 948 138; 947 138; 945 140; 944 140; 942 142; 942 143; 931 154; 931 155; 923 163; 923 167; 924 168; 925 168; 926 169; 932 169; 933 170; 935 170; 936 171; 937 171; 938 172; 939 172; 940 173; 945 173; 946 174; 950 174; 951 175; 955 175; 956 176; 961 176; 962 175; 962 168; 961 167; 961 165; 960 164; 960 163; 959 162; 959 159; 958 158; 958 155; 957 154; 957 152; 956 151; 956 149; 955 148; 955 146; 954 145; 954 143; 953 142; 953 140; 952 139; 952 138; 951 137
25; 463 154; 462 155; 462 159; 463 160; 463 165; 464 166; 464 172; 465 173; 465 183; 466 184; 466 193; 467 194; 471 194; 472 193; 474 193; 475 192; 476 192; 478 190; 479 190; 484 185; 485 185; 489 181; 490 181; 493 178; 494 178; 496 176; 497 176; 500 173; 500 170; 499 169; 499 168; 498 168; 495 165; 494 165; 493 164; 492 164; 491 163; 489 163; 488 162; 487 162; 485 160; 484 160; 483 159; 478 159; 477 158; 476 158; 475 157; 473 157; 472 156; 470 156; 469 155; 468 155; 467 154
26; 884 174; 883 175; 881 175; 880 176; 878 176; 877 177; 876 177; 875 178; 874 178; 872 180; 871 180; 870 181; 869 181; 868 182; 867 182; 864 185; 863 185; 861 187; 859 187; 858 188; 857 188; 856 189; 855 189; 854 190; 853 190; 851 192; 851 195; 853 197; 854 197; 855 198; 856 198; 858 200; 859 200; 861 202; 862 202; 868 208; 872 208; 873 209; 874 209; 876 211; 877 211; 879 213; 880 213; 881 214; 882 214; 883 215; 885 215; 886 214; 887 214; 887 213; 888 212; 888 181; 889 180; 889 177; 888 176; 888 175; 887 175; 886 174
27; 345 198; 341 202; 340 202; 337 205; 336 205; 331 210; 330 210; 327 213; 326 213; 320 219; 319 219; 317 221; 317 226; 319 228; 320 228; 321 229; 323 229; 324 230; 326 230; 327 231; 329 231; 331 233; 332 233; 333 234; 335 234; 336 235; 341 235; 342 236; 346 236; 347 237; 348 237; 349 238; 350 238; 351 239; 354 239; 356 237; 356 226; 355 225; 355 222; 354 221; 354 220; 353 219; 353 217; 352 216; 352 214; 351 213; 351 206; 350 205; 350 201; 347 198
28; 916 199; 914 201; 914 202; 913 203; 913 204; 904 213; 904 214; 902 216; 902 217; 899 220; 899 221; 896 224; 896 225; 894 227; 894 232; 895 233; 896 233; 897 234; 903 234; 904 235; 914 235; 915 236; 918 236; 919 237; 923 237; 924 238; 931 238; 932 237; 933 237; 935 235; 935 233; 934 232; 934 231; 933 230; 933 229; 932 228; 932 226; 931 225; 931 224; 930 223; 930 222; 929 221; 929 220; 928 219; 928 218; 927 217; 927 215; 926 214; 926 212; 925 211; 925 210; 924 209; 924 208; 923 207; 923 206; 922 205; 922 204; 921 203; 921 202; 920 201; 920 200; 919 199
29; 884 219; 882 221; 881 221; 877 225; 876 225; 869 232; 868 232; 867 233; 866 233; 864 235; 863 235; 859 239; 858 239; 855 242; 855 244; 856 245; 856 246; 857 247; 858 247; 859 248; 861 248; 862 249; 863 249; 864 250; 865 250; 866 251; 868 251; 871 254; 876 254; 877 255; 879 255; 880 256; 881 256; 882 257; 884 257; 885 258; 886 258; 887 259; 888 259; 889 260; 893 260; 893 256; 894 255; 894 251; 893 250; 893 247; 892 246; 892 241; 891 240; 891 234; 893 232; 893 228; 892 228; 890 226; 890 224; 889 223; 889 221; 887 219
30; 0 243; 0 262; 2 264; 2 265; 3 266; 3 269; 4 270; 4 271; 5 272; 5 274; 6 275; 6 279; 7 280; 7 282; 8 283; 11 283; 12 282; 13 282; 18 277; 19 277; 22 274; 22 273; 28 267; 29 267; 30 266; 32 266; 37 261; 39 261; 41 259; 40 258; 40 257; 39 256; 38 256; 37 255; 35 255; 34 254; 33 254; 32 253; 30 253; 29 252; 28 252; 27 251; 26 251; 25 250; 24 250; 23 249; 22 249; 21 248; 16 248; 15 247; 14 247; 13 246; 10 246; 9 245; 7 245; 6 244; 5 244; 4 243
31; 790 246; 789 247; 788 247; 786 249; 785 249; 784 250; 783 250; 782 251; 781 251; 779 253; 778 253; 777 254; 774 254; 771 257; 771 258; 770 259; 769 259; 768 260; 767 260; 766 261; 765 261; 764 262; 763 262; 762 263; 761 263; 758 266; 758 268; 761 271; 762 271; 764 273; 765 273; 766 274; 767 274; 768 275; 769 275; 770 276; 772 276; 773 277; 774 277; 776 279; 777 279; 779 281; 780 281; 782 283; 784 283; 785 284; 786 284; 787 285; 789 285; 790 286; 794 286; 795 285; 795 280; 794 279; 794 278; 795 277; 795 271; 794 270; 795 269; 795 256; 794 255; 794 249; 793 248; 793 247; 792 246
32; 44 261; 41 260; 33 266; 32 274; 29 279; 47 280
33; 47 280; 51 284; 53 284; 57 289; 60 289; 64 286; 67 281; 83 263; 83 259; 73 255; 69 255; 66 253; 58 254; 51 251; 45 250; 43 252; 45 260; 44 261
34; 553 258; 552 259; 551 259; 527 283; 527 287; 528 287; 529 288; 533 288; 534 289; 536 289; 537 290; 539 290; 540 291; 541 291; 542 292; 545 292; 546 293; 550 293; 551 294; 553 294; 554 295; 557 295; 558 296; 560 296; 561 297; 563 297; 564 298; 566 296; 566 294; 565 293; 565 291; 564 290; 564 287; 563 286; 563 282; 562 281; 562 278; 561 277; 561 271; 560 270; 560 265; 559 264; 559 263; 558 262; 558 261; 557 260; 557 259; 556 258
35; 746 265; 742 269; 742 270; 739 273; 739 274; 736 277; 736 278; 734 280; 734 281; 730 285; 729 285; 728 286; 728 288; 729 289; 729 294; 727 296; 727 298; 732 298; 733 297; 742 297; 743 298; 744 298; 746 300; 748 300; 749 301; 750 301; 751 302; 753 302; 754 303; 758 303; 760 301; 760 297; 759 296; 759 290; 758 289; 758 284; 757 283; 757 280; 756 279; 756 278; 755 277; 755 276; 754 275; 754 272; 753 271; 753 268; 750 265
36; 691 264; 691 265; 689 267; 689 269; 688 270; 688 273; 687 274; 687 278; 686 279; 686 281; 685 282; 685 283; 684 284; 684 286; 683 287; 683 289; 682 290; 682 295; 681 296; 681 298; 680 299; 680 302; 681 303; 687 303; 688 302; 691 302; 692 301; 695 301; 696 300; 702 300; 703 299; 706 299; 707 298; 709 298; 710 297; 711 297; 712 296; 713 296; 714 295; 716 295; 717 294; 718 294; 718 291; 717 290; 717 289; 716 288; 716 287; 709 280; 709 279; 706 276; 705 276; 704 275; 703 275; 700 272; 700 271; 695 266; 695 265; 694 265; 693 264
37; 224 268; 221 271; 220 271; 216 275; 216 276; 212 280; 211 280; 210 281; 209 281; 207 283; 207 284; 205 286; 205 287; 196 296; 196 297; 197 298; 202 298; 203 299; 205 299; 206 300; 207 300; 208 301; 210 301; 211 302; 213 302; 214 303; 217 303; 218 304; 220 304; 221 305; 223 305; 224 306; 226 306; 227 307; 236 307; 237 306; 237 302; 236 301; 236 299; 235 298; 235 297; 234 296; 234 293; 233 292; 233 289; 232 288; 232 284; 231 283; 231 278; 230 277; 230 275; 229 274; 229 272; 228 271; 228 270; 226 268
38; 610 273; 609 274; 609 277; 610 278; 610 286; 611 287; 611 289; 612 290; 612 296; 613 297; 613 298; 614 299; 614 301; 615 302; 615 304; 616 305; 616 307; 617 308; 617 309; 618 310; 618 311; 619 312; 619 313; 621 313; 622 312; 623 312; 623 311; 637 297; 638 297; 639 296; 639 295; 646 288; 646 287; 647 286; 647 284; 646 283; 645 283; 644 282; 642 282; 641 281; 639 281; 638 280; 635 280; 634 279; 631 279; 630 278; 629 278; 628 277; 627 277; 626 276; 625 276; 624 275; 621 275; 620 274; 618 274; 617 273
39; 598 282; 597 283; 596 283; 595 284; 593 284; 592 285; 591 285; 590 286; 588 286; 587 287; 585 287; 584 288; 582 288; 581 289; 580 289; 574 295; 573 295; 572 296; 570 296; 569 297; 568 297; 567 296; 565 298; 565 299; 566 300; 566 301; 567 302; 566 303; 568 305; 573 305; 574 306; 575 306; 576 307; 577 307; 579 309; 580 309; 582 311; 583 311; 587 315; 588 315; 589 316; 590 316; 591 317; 592 317; 594 319; 595 319; 597 321; 599 321; 601 319; 601 305; 602 304; 602 301; 601 300; 601 295; 602 294; 602 287; 603 286; 603 283; 602 282
40; 358 278; 357 279; 356 279; 356 281; 355 282; 355 285; 354 286; 354 294; 353 295; 353 296; 352 297; 352 298; 351 299; 351 300; 350 301; 350 303; 349 304; 349 307; 348 308; 348 311; 349 312; 349 316; 350 317; 354 317; 355 316; 359 316; 360 315; 362 315; 363 314; 366 314; 367 313; 369 313; 371 311; 373 311; 374 310; 377 310; 378 309; 385 309; 388 306; 386 304; 386 303; 365 282; 364 282; 360 278
41; 16 325; 17 330; 21 334; 25 334; 27 331; 33 335; 63 336; 71 334; 71 329; 67 325; 63 313; 54 301
42; 54 301; 59 297; 59 295; 55 290; 51 288; 51 285; 47 281; 29 280; 24 297
43; 24 297; 22 299; 5 300; 11 318; 16 325; 54 301
44; 193 298; 192 299; 191 299; 190 300; 190 301; 187 304; 186 304; 185 303; 182 303; 182 308; 183 309; 183 311; 184 312; 184 324; 186 326; 186 328; 187 329; 187 332; 188 333; 188 339; 189 340; 192 340; 193 339; 194 339; 198 335; 199 335; 203 331; 204 331; 210 325; 211 325; 218 318; 219 318; 219 313; 218 312; 217 312; 216 311; 214 311; 213 310; 212 310; 211 309; 209 309; 208 308; 207 308; 206 307; 205 307; 204 306; 203 306; 202 305; 200 305; 199 304; 198 304; 197 303; 197 302; 196 301; 196 298
45; 565 304; 564 305; 563 305; 561 307; 559 307; 558 308; 557 308; 556 309; 555 309; 553 311; 552 311; 550 313; 549 313; 547 315; 546 315; 545 316; 544 316; 543 317; 542 317; 540 319; 539 319; 537 321; 536 321; 534 323; 533 323; 532 324; 532 326; 535 329; 537 329; 538 330; 539 330; 540 331; 541 331; 543 333; 544 333; 545 334; 546 334; 549 337; 550 337; 551 338; 552 338; 553 339; 554 339; 555 340; 556 340; 557 341; 558 341; 560 343; 561 343; 562 344; 563 344; 564 345; 567 345; 568 344; 568 343; 569 342; 569 338; 568 337; 568 319; 567 318; 567 309; 568 308; 568 306; 566 304
46; 848 306; 840 314; 839 314; 836 317; 835 317; 834 318; 833 318; 829 322; 828 322; 827 323; 827 324; 821 330; 821 332; 823 334; 824 334; 826 336; 828 336; 829 337; 831 337; 832 338; 833 338; 834 339; 838 339; 839 340; 840 340; 841 341; 842 341; 843 342; 845 342; 846 343; 847 343; 848 344; 850 344; 851 345; 852 345; 853 346; 857 346; 859 344; 859 341; 858 340; 858 337; 857 336; 857 329; 856 328; 856 321; 855 320; 855 318; 854 317; 854 313; 853 312; 853 309; 852 308; 852 307; 851 306
47; 388 307; 385 310; 386 311; 386 312; 387 313; 387 323; 386 324; 386 335; 387 336; 387 337; 386 338; 386 347; 387 348; 392 348; 393 347; 394 347; 395 346; 396 346; 397 345; 398 345; 399 344; 400 344; 401 343; 402 343; 405 340; 406 340; 408 338; 409 338; 410 337; 411 337; 414 334; 415 334; 416 333; 418 333; 419 332; 420 332; 422 330; 422 327; 420 325; 419 325; 415 321; 414 321; 413 320; 411 320; 410 319; 409 319; 407 317; 406 317; 404 315; 403 315; 402 314; 401 314; 400 313; 398 313; 396 311; 395 311; 393 309; 392 309; 391 308; 390 308; 389 307
48; 622 313; 621 314; 619 314; 620 315; 620 318; 621 319; 621 321; 622 322; 622 335; 623 336; 623 342; 624 343; 624 351; 625 352; 625 353; 626 354; 629 354; 631 352; 632 352; 635 349; 636 349; 638 347; 639 347; 640 346; 641 346; 645 342; 646 342; 651 337; 652 337; 657 332; 657 331; 658 330; 658 328; 656 326; 654 326; 653 325; 652 325; 651 324; 650 324; 649 323; 648 323; 647 322; 646 322; 645 321; 643 321; 642 320; 641 320; 640 319; 637 319; 636 318; 634 318; 633 317; 632 317; 631 316; 629 316; 628 315; 627 315; 626 314; 625 314; 624 313
49; 814 343; 812 345; 811 345; 809 347; 808 347; 807 348; 806 348; 803 351; 802 351; 800 353; 799 353; 793 359; 792 359; 789 362; 788 362; 785 365; 785 368; 786 369; 787 369; 788 370; 790 370; 791 371; 792 371; 794 373; 795 373; 796 374; 797 374; 798 375; 799 375; 800 376; 801 376; 802 377; 803 377; 804 378; 806 378; 807 379; 810 379; 811 380; 813 380; 815 382; 817 382; 818 383; 821 383; 822 382; 822 376; 823 375; 823 371; 822 370; 822 359; 821 358; 821 353; 820 352; 820 345; 819 344; 819 343
50; 457 353; 455 355; 455 358; 456 359; 456 360; 457 361; 457 364; 458 365; 458 367; 459 368; 459 370; 460 371; 460 372; 461 373; 461 377; 462 378; 462 379; 463 380; 463 381; 465 383; 465 384; 466 385; 466 386; 467 387; 467 388; 470 391; 472 391; 476 387; 476 386; 477 385; 478 385; 487 376; 487 374; 488 373; 488 372; 491 369; 491 368; 493 366; 494 366; 496 364; 496 361; 493 358; 488 358; 487 357; 480 357; 479 356; 475 356; 474 355; 466 355; 465 354; 462 354; 461 353
51; 653 364; 652 365; 650 365; 650 366; 649 367; 649 369; 650 370; 650 371; 652 373; 652 374; 653 375; 653 377; 654 378; 654 380; 655 381; 655 382; 656 383; 656 384; 658 386; 658 387; 659 388; 659 389; 660 390; 660 392; 662 394; 662 395; 663 396; 663 397; 664 398; 664 401; 665 402; 664 403; 665 403; 666 404; 667 404; 672 399; 673 399; 674 400; 678 396; 677 395; 677 392; 678 391; 678 390; 680 388; 680 387; 683 384; 683 383; 687 379; 687 378; 688 377; 688 376; 689 375; 689 374; 690 373; 690 370; 688 368; 686 368; 685 367; 673 367; 672 366; 670 366; 669 365; 664 365; 663 366; 661 366; 660 365; 656 365; 655 364
52; 546 376; 545 377; 545 381; 546 382; 546 383; 547 384; 547 391; 548 392; 548 396; 549 397; 549 400; 550 401; 550 403; 551 404; 551 406; 552 407; 552 410; 553 411; 553 412; 555 414; 557 414; 559 412; 560 412; 566 406; 567 406; 569 404; 570 404; 571 403; 572 403; 575 400; 575 399; 581 393; 582 393; 583 392; 583 391; 584 390; 584 388; 583 387; 582 387; 581 386; 580 386; 579 385; 575 385; 574 384; 572 384; 571 383; 570 383; 569 382; 567 382; 566 381; 563 381; 562 380; 560 380; 559 379; 557 379; 556 378; 555 378; 554 377; 551 377; 550 376
53; 379 381; 378 382; 377 382; 377 385; 378 386; 378 387; 379 388; 379 389; 380 390; 380 391; 381 392; 381 395; 382 396; 382 398; 383 399; 383 403; 385 405; 385 406; 388 409; 388 410; 389 411; 389 413; 390 414; 390 415; 393 418; 395 418; 399 414; 399 413; 400 412; 400 411; 403 408; 403 407; 412 398; 412 397; 417 392; 417 388; 416 387; 415 387; 414 386; 410 386; 409 385; 407 385; 406 384; 403 384; 402 383; 394 383; 393 382; 385 382; 384 381
54; 104 383; 102 385; 101 385; 99 387; 98 387; 97 388; 96 388; 93 391; 92 391; 91 392; 90 392; 88 394; 87 394; 85 396; 84 396; 83 397; 82 397; 81 398; 80 398; 78 400; 77 400; 75 402; 75 406; 76 407; 77 407; 79 409; 80 409; 81 410; 82 410; 83 411; 84 411; 88 415; 90 415; 91 416; 93 416; 94 417; 95 417; 96 418; 98 418; 99 419; 100 419; 101 420; 102 420; 105 423; 109 423; 109 415; 110 414; 110 408; 109 407; 109 404; 110 403; 110 393; 109 392; 109 384; 108 383
55; 342 385; 341 386; 341 387; 340 388; 340 396; 341 397; 341 404; 340 405; 340 408; 341 409; 341 411; 342 412; 342 418; 343 419; 343 424; 344 425; 347 425; 350 422; 351 422; 353 420; 354 420; 356 418; 357 418; 360 415; 361 415; 362 414; 363 414; 366 411; 367 411; 368 410; 369 410; 371 408; 372 408; 373 407; 374 407; 376 405; 376 401; 374 399; 372 399; 371 398; 370 398; 369 397; 368 397; 366 395; 365 395; 364 394; 362 394; 361 393; 360 393; 359 392; 358 392; 357 391; 355 391; 354 390; 353 390; 352 389; 351 389; 350 388; 349 388; 348 387; 347 387; 346 386; 345 386; 344 385
56; 774 389; 772 391; 771 391; 770 392; 769 392; 765 396; 764 396; 764 397; 760 401; 759 401; 757 403; 756 403; 755 404; 754 404; 747 411; 747 415; 750 415; 751 416; 752 416; 753 417; 754 417; 756 419; 757 419; 758 420; 759 420; 760 421; 761 421; 763 423; 765 423; 766 424; 769 424; 770 425; 773 425; 774 426; 776 426; 777 427; 778 427; 780 429; 783 429; 783 418; 782 417; 782 405; 781 404; 781 399; 780 398; 780 393; 779 392; 779 390; 778 389
57; 502 398; 501 399; 501 405; 502 406; 502 409; 503 410; 503 413; 504 414; 504 420; 505 421; 505 428; 506 429; 506 435; 507 436; 510 436; 512 434; 513 434; 515 432; 516 432; 518 430; 519 430; 521 428; 522 428; 531 419; 532 419; 537 414; 537 410; 536 409; 535 409; 534 408; 533 408; 532 407; 530 407; 529 406; 528 406; 527 405; 524 405; 523 404; 522 404; 521 403; 519 403; 518 402; 516 402; 515 401; 514 401; 513 400; 512 400; 511 399; 510 399; 509 398
58; 272 397; 271 398; 270 398; 269 399; 268 399; 266 401; 265 401; 262 404; 261 404; 260 405; 258 405; 257 406; 256 406; 250 412; 249 412; 248 413; 247 413; 246 414; 245 414; 243 416; 243 418; 245 420; 246 420; 247 421; 248 421; 249 422; 250 422; 251 423; 252 423; 254 425; 255 425; 257 427; 258 427; 259 428; 261 428; 262 429; 263 429; 266 432; 267 432; 268 433; 269 433; 270 434; 271 434; 272 435; 274 435; 275 436; 277 436; 279 434; 279 430; 278 429; 278 417; 277 416; 277 408; 278 407; 278 404; 277 403; 278 402; 278 400; 277 399; 277 398; 276 397
59; 678 397; 675 400; 675 401; 676 402; 676 414; 675 415; 675 423; 674 424; 676 426; 676 429; 677 430; 677 435; 678 436; 679 435; 681 435; 682 434; 683 434; 684 433; 685 433; 686 432; 687 432; 688 431; 689 431; 690 430; 691 430; 693 428; 695 428; 696 427; 697 427; 698 426; 699 426; 700 425; 701 425; 706 420; 707 420; 708 419; 709 419; 710 418; 710 415; 706 411; 705 411; 704 410; 702 410; 701 409; 700 409; 698 407; 697 407; 696 406; 695 406; 693 404; 692 404; 690 402; 689 402; 687 400; 686 400; 685 399; 684 399; 683 398; 682 398; 681 397
60; 1001 398; 987 412; 986 412; 982 416; 982 417; 981 418; 981 419; 977 423; 977 427; 978 428; 982 428; 983 429; 985 429; 986 430; 990 430; 991 431; 993 431; 994 432; 995 432; 996 433; 999 433; 1000 434; 1004 434; 1005 435; 1006 435; 1007 436; 1008 436; 1009 437; 1012 437; 1013 436; 1013 428; 1012 427; 1012 424; 1011 423; 1011 417; 1010 416; 1010 414; 1009 413; 1009 412; 1008 411; 1008 406; 1007 405; 1007 402; 1006 401; 1006 400; 1005 400; 1003 398
61; 664 404; 656 412; 655 412; 651 416; 650 416; 643 423; 643 424; 637 430; 637 433; 638 434; 640 434; 641 435; 644 435; 645 436; 648 436; 649 437; 651 437; 652 438; 653 438; 654 439; 655 439; 656 440; 661 440; 662 441; 664 441; 665 442; 670 442; 671 443; 676 443; 678 441; 677 440; 677 439; 676 438; 677 437; 677 436; 676 435; 676 430; 675 429; 675 426; 674 425; 673 425; 671 423; 671 422; 670 421; 670 418; 669 417; 669 413; 668 412; 668 410; 667 409; 667 405; 666 405; 665 404
62; 145 411; 144 412; 142 412; 141 413; 140 413; 139 414; 138 414; 137 415; 136 415; 135 416; 133 416; 132 417; 131 417; 130 418; 129 418; 128 419; 127 419; 126 420; 124 420; 123 421; 122 421; 121 422; 120 422; 118 424; 116 424; 115 425; 113 425; 113 429; 115 431; 116 431; 119 434; 120 434; 122 436; 124 436; 125 437; 126 437; 127 438; 129 438; 130 439; 137 439; 138 440; 141 440; 142 441; 143 441; 144 442; 145 442; 146 443; 147 443; 148 444; 150 444; 150 436; 149 435; 149 432; 148 431; 148 430; 147 429; 147 428; 148 427; 148 417; 149 416; 149 412; 148 412; 147 411
63; 19 422; 18 423; 17 423; 15 425; 14 425; 13 426; 12 426; 11 427; 10 427; 9 428; 7 428; 6 429; 5 429; 3 431; 2 431; 1 432; 0 432; 0 448; 1 448; 2 449; 3 449; 5 451; 6 451; 7 452; 8 452; 9 453; 10 453; 13 456; 14 456; 16 458; 18 458; 20 460; 25 460; 26 459; 26 454; 25 453; 25 448; 26 447; 26 444; 25 443; 25 440; 26 439; 26 426; 25 425; 25 422
64; 730 412; 727 415; 726 415; 724 417; 723 417; 716 424; 715 424; 714 425; 713 425; 711 427; 711 428; 706 433; 705 433; 705 434; 704 435; 704 438; 705 438; 706 439; 707 439; 708 440; 709 440; 711 442; 711 444; 712 445; 714 445; 716 447; 717 447; 718 448; 719 447; 728 447; 729 448; 732 448; 733 449; 734 449; 735 450; 740 450; 741 449; 741 440; 740 439; 740 436; 739 435; 739 432; 738 431; 738 429; 737 428; 737 423; 736 422; 736 419; 735 418; 735 416; 734 415; 734 413; 733 412
65; 949 421; 948 422; 948 433; 949 434; 949 446; 950 447; 950 455; 951 456; 951 457; 952 458; 952 460; 954 462; 956 462; 957 461; 958 461; 959 460; 960 460; 964 456; 965 456; 965 455; 971 449; 972 449; 975 446; 976 446; 977 445; 978 445; 981 442; 982 442; 982 441; 983 440; 983 438; 982 437; 981 437; 979 435; 978 435; 977 434; 976 434; 974 432; 973 432; 972 431; 970 431; 969 430; 968 430; 967 429; 966 429; 965 428; 964 428; 961 425; 960 425; 959 424; 958 424; 957 423; 956 423; 955 422; 954 422; 953 421
66; 783 431; 783 440; 784 441; 784 444; 785 445; 784 446; 784 453; 786 455; 787 455; 788 456; 788 458; 789 459; 789 462; 790 463; 790 466; 791 467; 791 468; 793 470; 795 470; 796 469; 797 469; 799 467; 799 466; 804 461; 805 461; 816 450; 817 450; 820 447; 820 446; 821 445; 821 442; 819 440; 818 440; 817 439; 813 439; 812 438; 809 438; 808 437; 805 437; 804 436; 801 436; 800 435; 797 435; 796 434; 793 434; 792 433; 788 433; 787 432; 786 432; 785 431
67; 323 440; 321 442; 321 446; 322 447; 322 449; 323 450; 323 453; 324 454; 324 457; 325 458; 325 465; 326 466; 326 471; 327 472; 327 476; 328 477; 332 477; 333 476; 334 476; 335 475; 336 475; 340 471; 341 471; 346 466; 347 466; 348 465; 349 465; 352 462; 353 462; 357 458; 358 458; 360 456; 360 452; 359 451; 358 451; 357 450; 354 450; 353 449; 352 449; 351 448; 350 448; 349 447; 347 447; 343 443; 342 443; 341 442; 337 442; 336 441; 334 441; 333 440
68; 678 442; 676 444; 680 448; 680 450; 681 451; 681 453; 682 454; 682 455; 683 456; 683 458; 684 459; 684 463; 689 468; 689 469; 690 470; 690 473; 691 474; 691 475; 692 476; 692 477; 693 478; 693 479; 697 479; 699 477; 699 476; 704 471; 704 470; 706 468; 706 467; 707 466; 707 465; 708 464; 708 463; 711 460; 711 459; 715 455; 715 454; 716 453; 716 452; 717 451; 717 448; 716 448; 714 446; 712 446; 711 445; 703 445; 702 444; 694 444; 693 443; 688 443; 687 442
69; 670 448; 669 449; 668 449; 667 450; 666 450; 664 452; 663 452; 661 454; 660 454; 659 455; 658 455; 655 458; 654 458; 653 459; 652 459; 651 460; 650 460; 648 462; 647 462; 645 464; 644 464; 643 465; 642 465; 639 468; 639 470; 642 473; 643 473; 644 474; 646 474; 647 475; 649 475; 650 476; 651 476; 653 478; 654 478; 657 481; 658 481; 659 482; 661 482; 662 483; 664 483; 666 485; 667 485; 668 486; 669 486; 670 487; 671 487; 672 488; 676 488; 676 464; 675 463; 675 450; 673 448
70; 781 453; 780 454; 778 454; 777 455; 775 455; 774 456; 773 456; 772 457; 771 457; 770 458; 769 458; 767 460; 766 460; 765 461; 764 461; 762 463; 761 463; 760 464; 758 464; 756 466; 755 466; 754 467; 753 467; 750 470; 749 470; 746 473; 746 475; 747 476; 751 476; 754 479; 755 479; 756 480; 758 480; 759 481; 761 481; 766 486; 766 487; 767 488; 767 490; 770 490; 771 489; 771 488; 772 487; 774 487; 775 488; 775 489; 776 490; 779 490; 779 489; 780 488; 780 481; 781 480; 781 475; 782 474; 782 466; 783 465; 783 458; 784 457; 784 454; 783 453
71; 192 459; 192 460; 191 461; 191 462; 187 466; 187 468; 186 469; 186 470; 185 471; 185 472; 180 477; 179 477; 179 478; 175 482; 175 486; 176 486; 177 487; 178 487; 179 488; 181 488; 182 489; 183 489; 184 490; 188 490; 189 491; 198 491; 199 492; 202 492; 203 493; 205 493; 208 496; 213 496; 213 491; 212 490; 212 487; 211 486; 211 484; 210 483; 210 482; 209 481; 209 479; 207 477; 207 476; 203 472; 203 471; 199 467; 199 466; 198 465; 198 464; 197 463; 197 462; 195 460; 195 459
72; 896 465; 895 466; 894 466; 889 471; 888 471; 886 473; 885 473; 884 474; 883 474; 880 477; 880 478; 879 479; 879 480; 875 484; 874 484; 872 486; 871 486; 870 487; 869 487; 868 488; 868 491; 869 492; 870 492; 871 493; 873 493; 874 494; 875 494; 876 495; 878 495; 879 496; 880 496; 881 497; 883 497; 884 498; 885 498; 886 499; 888 499; 889 500; 890 500; 891 501; 893 501; 894 502; 897 502; 898 503; 899 503; 900 504; 905 504; 905 503; 906 502; 906 493; 905 492; 905 490; 904 489; 904 485; 903 484; 903 480; 902 479; 902 473; 901 472; 901 469; 900 468; 900 467; 898 465
73; 268 475; 267 476; 266 476; 266 481; 267 482; 267 484; 268 485; 268 491; 269 492; 268 493; 268 496; 269 497; 269 499; 270 500; 270 501; 271 502; 271 505; 272 506; 272 509; 273 510; 273 512; 274 513; 277 513; 278 512; 279 512; 281 510; 282 510; 284 508; 285 508; 291 502; 291 501; 296 496; 297 496; 298 495; 298 494; 301 491; 302 491; 304 489; 304 486; 303 485; 302 485; 301 484; 299 484; 298 483; 295 483; 294 482; 292 482; 291 481; 288 481; 287 480; 285 480; 284 479; 282 479; 281 478; 279 478; 278 477; 276 477; 275 476; 274 476; 273 475
74; 741 483; 740 484; 740 494; 741 495; 741 498; 740 499; 740 500; 739 501; 739 507; 740 508; 740 520; 742 522; 745 522; 746 521; 749 521; 750 520; 751 520; 753 518; 754 518; 756 516; 757 516; 760 513; 761 513; 762 512; 763 512; 765 510; 766 510; 767 509; 768 509; 769 508; 770 508; 772 506; 773 506; 776 503; 776 501; 774 499; 773 499; 772 498; 771 498; 768 495; 767 495; 766 494; 764 494; 762 492; 761 492; 760 491; 759 491; 758 490; 757 490; 756 489; 755 489; 754 488; 752 488; 751 487; 750 487; 747 484; 746 484; 745 483
75; 613 484; 612 485; 611 485; 609 487; 607 487; 606 488; 605 488; 604 489; 603 489; 601 491; 600 491; 599 492; 598 492; 597 493; 596 493; 592 497; 591 497; 590 498; 589 498; 588 499; 587 499; 584 502; 583 502; 581 504; 581 505; 582 506; 582 507; 583 507; 584 508; 585 508; 586 509; 587 509; 588 510; 589 510; 591 512; 593 512; 594 513; 595 513; 596 514; 597 514; 598 515; 599 515; 601 517; 602 517; 603 518; 604 518; 606 520; 608 520; 609 521; 610 521; 611 522; 612 522; 613 523; 617 523; 617 522; 618 521; 618 514; 617 513; 617 496; 618 495; 618 486; 617 485; 616 485; 615 484
76; 628 486; 626 488; 626 493; 627 494; 627 499; 628 500; 628 501; 627 502; 627 506; 628 507; 628 514; 629 515; 629 519; 630 520; 630 521; 631 522; 631 524; 632 525; 636 525; 641 520; 642 520; 644 518; 645 518; 646 517; 648 517; 649 516; 650 516; 652 514; 652 513; 654 511; 655 511; 661 505; 662 505; 663 504; 663 501; 661 499; 660 499; 658 497; 656 497; 655 496; 654 496; 653 495; 651 495; 650 494; 649 494; 648 493; 645 493; 644 492; 642 492; 641 491; 640 491; 639 490; 638 490; 637 489; 636 489; 635 488; 634 488; 633 487; 632 487; 631 486
77; 680 490; 679 491; 679 492; 678 493; 678 496; 679 497; 679 501; 680 502; 680 504; 681 505; 681 507; 682 508; 682 509; 683 510; 683 512; 684 513; 684 516; 685 517; 685 520; 686 521; 686 523; 687 524; 687 526; 688 527; 688 529; 689 529; 690 530; 691 530; 692 529; 692 527; 698 521; 699 521; 701 519; 702 519; 703 518; 704 518; 704 517; 706 515; 706 514; 717 503; 717 501; 716 500; 716 499; 715 499; 714 498; 712 498; 711 497; 708 497; 707 496; 703 496; 702 495; 698 495; 697 494; 695 494; 694 493; 691 493; 690 492; 688 492; 687 491; 683 491; 682 490
78; 541 492; 540 493; 540 497; 541 498; 541 499; 542 500; 542 504; 543 505; 543 509; 544 510; 544 514; 545 515; 545 518; 546 519; 546 524; 547 525; 547 527; 548 528; 548 529; 549 530; 554 530; 562 522; 563 522; 564 521; 565 521; 566 520; 566 519; 573 512; 574 512; 578 508; 579 508; 580 507; 581 507; 581 506; 580 505; 580 504; 579 503; 577 503; 576 502; 575 502; 574 501; 572 501; 571 500; 568 500; 567 499; 566 499; 563 496; 562 496; 561 495; 556 495; 555 494; 552 494; 551 493; 549 493; 548 492
79; 208 497; 208 498; 207 499; 207 500; 203 504; 203 505; 193 515; 192 515; 185 522; 185 526; 186 527; 187 527; 188 528; 192 528; 193 529; 198 529; 199 530; 200 530; 201 531; 203 531; 204 532; 205 532; 209 536; 216 536; 217 535; 218 535; 219 536; 221 536; 222 535; 223 535; 224 534; 224 533; 225 532; 225 526; 224 525; 224 519; 223 520; 222 520; 220 518; 220 513; 219 512; 219 511; 218 510; 218 509; 217 508; 217 507; 216 506; 216 505; 215 504; 215 503; 214 502; 214 501; 213 500; 213 497
80; 1016 508; 1010 514; 1009 514; 1007 516; 1006 516; 1004 518; 1003 518; 1001 520; 1001 521; 1000 522; 1000 523; 999 524; 999 527; 1000 528; 1003 528; 1004 529; 1007 529; 1008 530; 1011 530; 1012 531; 1013 531; 1016 534; 1018 534; 1019 535; 1023 535; 1023 525; 1022 525; 1021 526; 1018 526; 1017 525; 1016 525; 1015 524; 1015 520; 1018 517; 1023 517; 1023 508
81; 225 519; 225 525; 226 526; 226 531; 227 531; 228 532; 228 533; 229 534; 229 537; 230 538; 230 539; 231 540; 231 541; 232 542; 232 543; 233 544; 233 545; 234 546; 234 551; 235 552; 235 553; 236 554; 236 555; 238 557; 240 557; 241 556; 242 556; 243 555; 243 554; 245 552; 245 551; 250 546; 251 546; 253 544; 253 542; 255 540; 255 539; 258 536; 259 536; 261 534; 262 534; 263 533; 263 531; 264 530; 264 527; 263 526; 262 526; 261 525; 259 525; 258 524; 254 524; 253 523; 250 523; 249 522; 245 522; 244 521; 240 521; 239 520; 231 520; 230 519
82; 292 515; 291 516; 290 516; 285 521; 284 521; 280 525; 279 525; 278 526; 277 526; 276 527; 275 527; 273 529; 272 529; 270 531; 269 531; 268 532; 267 532; 266 533; 264 533; 263 534; 263 538; 264 538; 267 541; 268 541; 269 542; 270 542; 271 543; 272 543; 273 544; 274 544; 275 545; 277 545; 278 546; 279 546; 280 547; 281 547; 282 548; 283 548; 284 549; 285 549; 286 550; 287 550; 288 551; 289 551; 290 552; 291 552; 293 554; 294 554; 295 555; 299 555; 300 554; 300 549; 299 548; 299 538; 300 537; 300 535; 299 534; 299 532; 298 531; 298 518; 297 517; 297 516; 296 515
83; 823 518; 822 519; 821 519; 817 523; 816 523; 816 524; 813 527; 812 527; 810 529; 809 529; 808 530; 807 530; 804 533; 804 534; 796 542; 796 546; 797 547; 799 547; 800 548; 801 548; 802 549; 804 549; 805 550; 810 550; 811 551; 812 551; 813 552; 815 552; 816 553; 817 553; 818 554; 819 554; 820 555; 822 555; 823 556; 824 556; 825 557; 832 557; 832 552; 831 551; 831 548; 830 547; 830 535; 829 534; 829 532; 828 531; 828 527; 827 526; 827 521; 826 520; 826 519; 825 518
84; 951 525; 951 527; 952 528; 953 528; 955 530; 956 530; 959 533; 960 533; 961 534; 961 537; 957 541; 957 545; 962 545; 963 546; 965 546; 966 547; 967 547; 968 548; 969 548; 970 549; 974 549; 976 547; 976 539; 975 538; 975 537; 973 535; 973 534; 971 532; 970 532; 968 530; 967 530; 963 526; 961 526; 960 525
85; 433 530; 432 531; 418 531; 417 532; 409 532; 406 535; 406 538; 407 538; 412 543; 412 544; 415 547; 415 548; 416 549; 416 552; 420 556; 421 556; 425 560; 425 561; 426 562; 433 562; 437 558; 437 555; 438 554; 438 552; 439 551; 439 550; 440 549; 440 547; 442 545; 442 543; 443 542; 443 541; 444 540; 444 539; 445 538; 445 537; 446 536; 446 535; 447 534; 447 532; 445 530
86; 206 536; 205 537; 193 537; 192 538; 189 538; 188 539; 179 539; 178 540; 175 540; 174 541; 174 544; 175 545; 175 546; 178 549; 178 550; 179 551; 179 552; 181 554; 181 555; 182 556; 182 557; 184 559; 184 560; 186 562; 186 563; 187 564; 187 565; 190 568; 190 569; 191 570; 191 572; 198 572; 199 571; 199 570; 200 569; 200 568; 201 567; 201 565; 202 564; 202 562; 205 559; 205 558; 207 556; 207 555; 208 554; 208 553; 209 552; 209 551; 210 550; 210 548; 211 547; 211 545; 212 544; 212 543; 213 542; 213 541; 214 540; 214 537; 209 537; 208 536
87; 688 530; 688 531; 683 536; 682 536; 681 537; 680 537; 678 539; 677 539; 676 540; 675 540; 668 547; 667 547; 665 549; 664 549; 664 550; 660 554; 660 557; 662 559; 663 559; 664 560; 666 560; 667 561; 668 561; 669 562; 670 562; 671 563; 672 563; 676 567; 677 566; 681 566; 682 567; 683 567; 684 568; 686 568; 687 569; 691 569; 692 570; 694 570; 695 571; 697 571; 697 570; 698 569; 698 567; 697 566; 697 565; 696 564; 696 558; 695 557; 695 549; 694 548; 694 546; 693 545; 693 543; 692 542; 692 532; 691 531; 690 531; 689 530
88; 400 538; 397 541; 397 542; 395 544; 395 545; 392 548; 391 548; 389 550; 388 550; 387 551; 387 552; 386 553; 386 554; 385 555; 385 556; 378 563; 378 564; 377 565; 377 568; 378 569; 380 569; 381 570; 383 570; 384 571; 387 571; 388 572; 392 572; 393 573; 399 573; 400 574; 402 574; 403 575; 405 575; 406 576; 414 576; 416 574; 416 570; 415 569; 415 567; 414 566; 414 565; 413 564; 413 562; 411 560; 411 558; 410 557; 410 554; 409 553; 409 552; 408 551; 408 549; 407 548; 407 547; 406 546; 406 545; 405 544; 405 542; 404 541; 404 539; 403 538
89; 452 544; 449 547; 449 548; 442 555; 442 556; 439 559; 437 559; 433 563; 427 563; 430 566; 430 570; 429 571; 429 573; 431 575; 432 575; 433 576; 435 576; 436 577; 439 577; 440 578; 443 578; 444 579; 445 579; 446 580; 460 580; 461 581; 463 581; 468 576; 466 574; 466 573; 464 571; 464 568; 463 567; 463 563; 462 562; 462 559; 461 558; 461 557; 460 556; 460 555; 459 554; 459 552; 458 551; 458 550; 457 549; 457 548; 456 547; 456 546; 454 544
90; 758 555; 757 556; 757 559; 758 560; 758 562; 759 563; 759 564; 760 565; 760 566; 761 567; 761 570; 762 571; 762 575; 763 576; 763 578; 766 581; 766 582; 767 583; 767 585; 769 587; 769 588; 770 589; 770 591; 771 592; 774 592; 778 588; 778 587; 780 585; 781 585; 781 584; 782 583; 782 582; 786 578; 786 577; 792 571; 792 570; 797 565; 797 562; 796 561; 793 561; 792 560; 790 560; 789 559; 786 559; 785 558; 779 558; 778 557; 771 557; 770 556; 764 556; 763 555
91; 269 559; 268 560; 268 562; 269 563; 269 565; 271 567; 271 568; 272 569; 272 570; 273 571; 273 572; 274 573; 274 574; 278 578; 279 578; 284 583; 285 583; 290 588; 290 589; 291 590; 291 591; 293 593; 295 593; 296 592; 296 590; 297 589; 297 588; 298 587; 298 586; 299 585; 299 579; 301 577; 301 576; 302 575; 302 574; 304 572; 304 571; 307 568; 307 565; 304 562; 296 562; 295 561; 281 561; 280 560; 273 560; 272 559
92; 674 567; 670 571; 670 572; 656 586; 656 587; 649 594; 649 598; 650 598; 652 600; 654 600; 655 601; 662 601; 663 602; 665 602; 666 603; 667 603; 668 604; 674 604; 675 605; 678 605; 679 606; 682 606; 683 607; 685 607; 686 606; 687 606; 687 605; 688 604; 688 600; 687 599; 687 597; 686 596; 686 594; 685 593; 685 590; 684 589; 684 588; 683 587; 683 586; 682 585; 682 583; 681 582; 681 580; 680 579; 680 578; 679 577; 679 576; 677 574; 677 571; 676 570; 676 568; 675 567
93; 182 572; 181 573; 181 585; 176 590; 173 590; 172 591; 171 591; 171 593; 177 593; 180 596; 180 597; 181 598; 181 602; 182 603; 182 605; 183 606; 183 608; 185 610; 188 610; 190 608; 191 608; 196 603; 197 603; 200 600; 200 596; 199 595; 200 594; 200 593; 203 590; 204 590; 204 587; 199 587; 198 586; 198 583; 199 582; 199 581; 200 580; 200 576; 199 576; 197 574; 197 573; 188 573; 187 572
94; 243 577; 242 578; 241 578; 240 579; 239 579; 238 580; 237 580; 236 581; 234 581; 233 582; 232 582; 230 584; 229 584; 227 586; 226 586; 225 587; 224 587; 222 589; 221 589; 219 591; 218 591; 214 595; 214 597; 216 597; 217 596; 219 596; 220 595; 221 595; 223 597; 223 600; 222 601; 222 604; 223 605; 223 606; 224 607; 224 609; 225 609; 226 610; 227 610; 228 609; 230 609; 231 610; 232 610; 233 611; 234 611; 235 612; 236 612; 237 613; 238 613; 239 614; 241 614; 242 615; 245 615; 245 609; 246 608; 246 603; 248 601; 248 600; 247 599; 247 597; 248 596; 248 578; 247 577
95; 461 607; 457 616; 457 638; 465 640; 477 629; 490 612; 491 609; 491 601
96; 491 601; 489 595; 490 585; 488 575; 485 571; 481 572; 472 579; 468 577; 463 582; 464 585; 453 595; 453 599; 461 607
97; 710 573; 699 575; 701 589; 700 602; 705 619; 736 599; 733 593; 711 583; 707 577; 711 573
98; 711 573; 714 573; 732 584; 740 550; 736 550; 732 553; 729 566; 726 570; 717 564; 704 560; 704 563; 711 571; 710 573
99; 18 587; 18 588; 17 589; 17 592; 18 593; 18 596; 19 597; 19 602; 20 603; 20 605; 21 606; 21 608; 22 609; 22 615; 23 616; 23 620; 24 621; 24 624; 25 625; 27 625; 29 623; 30 623; 31 622; 32 622; 36 618; 37 618; 42 613; 43 613; 54 602; 54 601; 55 600; 55 598; 53 596; 52 596; 51 595; 48 595; 47 594; 45 594; 44 593; 43 593; 42 592; 41 592; 40 591; 35 591; 34 590; 32 590; 31 589; 29 589; 28 588; 26 588; 25 587
100; 1000 608; 999 609; 999 620; 998 621; 998 623; 999 624; 999 625; 1002 625; 1003 626; 1006 626; 1006 624; 1007 623; 1007 622; 1008 621; 1010 621; 1011 622; 1012 622; 1013 623; 1014 623; 1015 624; 1016 624; 1017 625; 1023 625; 1023 617; 1016 617; 1013 614; 1012 614; 1009 611; 1008 611; 1006 609; 1005 609; 1004 608
101; 847 599; 846 600; 846 636; 847 637; 847 638; 848 639; 851 639; 852 638; 853 638; 854 637; 855 637; 856 636; 857 636; 858 635; 859 635; 861 633; 862 633; 867 628; 868 628; 869 627; 870 627; 871 626; 872 626; 873 625; 874 625; 875 624; 876 624; 877 623; 878 623; 879 622; 880 622; 881 621; 881 618; 879 616; 878 616; 877 615; 876 615; 874 613; 873 613; 872 612; 871 612; 869 610; 869 609; 868 609; 866 607; 864 607; 863 606; 862 606; 861 605; 860 605; 859 604; 858 604; 857 603; 855 603; 854 602; 853 602; 851 600; 850 600; 849 599
102; 600 605; 599 606; 598 606; 598 612; 599 613; 599 620; 600 621; 600 626; 601 627; 601 631; 602 632; 602 634; 603 635; 603 636; 604 637; 604 643; 605 644; 608 644; 609 643; 610 643; 613 640; 614 640; 615 639; 615 638; 617 636; 618 636; 623 631; 624 631; 627 628; 628 628; 629 627; 630 627; 630 626; 635 621; 635 618; 633 616; 631 616; 630 615; 628 615; 627 614; 625 614; 624 613; 623 613; 622 612; 621 612; 619 610; 618 610; 617 609; 612 609; 611 608; 609 608; 608 607; 606 607; 605 606; 603 606; 602 605
103; 252 601; 251 602; 248 602; 247 603; 247 608; 246 609; 246 615; 245 616; 246 617; 246 624; 247 625; 247 628; 246 629; 246 639; 247 640; 252 640; 254 638; 257 638; 258 637; 260 637; 261 636; 264 636; 265 637; 268 637; 269 636; 270 636; 271 635; 271 634; 273 632; 274 632; 275 631; 276 631; 279 628; 280 628; 281 627; 282 627; 284 625; 284 623; 282 621; 281 621; 279 619; 278 619; 277 618; 276 618; 275 617; 274 617; 272 615; 271 615; 265 609; 265 608; 264 607; 263 607; 261 605; 260 605; 259 604; 258 604; 257 603; 256 603; 254 601
104; 208 602; 207 603; 206 603; 205 604; 205 612; 206 613; 206 623; 207 624; 207 629; 208 630; 208 634; 209 635; 209 642; 215 642; 216 641; 221 641; 221 640; 222 639; 222 638; 223 637; 224 637; 225 636; 226 636; 227 635; 228 635; 230 633; 231 633; 233 631; 234 631; 234 630; 237 627; 238 627; 239 626; 240 626; 242 624; 242 622; 240 620; 239 620; 238 619; 237 619; 235 617; 234 617; 233 616; 232 616; 231 615; 230 615; 229 614; 228 614; 227 613; 227 612; 225 610; 224 610; 223 611; 220 611; 219 610; 218 610; 217 609; 216 609; 215 608; 214 608; 210 604; 210 602
105; 739 612; 738 613; 735 613; 734 614; 725 614; 723 616; 723 618; 724 619; 724 620; 725 621; 725 622; 726 623; 726 624; 728 626; 728 627; 729 628; 729 629; 730 630; 730 631; 731 632; 731 633; 732 634; 732 636; 734 638; 734 639; 736 641; 736 642; 738 644; 738 645; 740 647; 740 648; 741 649; 744 649; 746 647; 746 646; 747 645; 747 644; 749 642; 749 641; 751 639; 751 638; 753 636; 753 635; 754 634; 754 633; 755 632; 755 631; 756 630; 756 628; 757 627; 757 626; 759 624; 759 623; 761 621; 761 619; 762 618; 762 615; 761 615; 760 614; 747 614; 746 613; 742 613; 741 612
106; 796 610; 787 619; 787 620; 785 622; 785 623; 779 629; 779 630; 772 637; 772 639; 773 640; 773 641; 775 641; 776 642; 780 642; 781 643; 784 643; 785 644; 786 644; 787 645; 789 645; 790 646; 800 646; 801 647; 806 647; 807 648; 809 648; 812 645; 812 642; 811 641; 811 639; 810 638; 810 637; 809 636; 809 634; 808 633; 808 631; 807 630; 807 629; 806 628; 806 627; 805 626; 805 625; 804 624; 804 623; 803 622; 803 620; 802 619; 802 617; 801 616; 801 615; 800 614; 800 612; 798 610
107; 999 626; 998 627; 998 640; 999 641; 999 646; 1000 647; 1003 647; 1004 646; 1005 646; 1006 645; 1007 645; 1008 644; 1009 644; 1010 643; 1012 643; 1014 641; 1015 641; 1016 640; 1023 640; 1023 630; 1018 630; 1017 631; 1016 631; 1015 632; 1014 632; 1013 633; 1012 633; 1011 634; 1010 634; 1009 635; 1007 635; 1006 634; 1006 631; 1005 630; 1006 629; 1006 627; 1003 627; 1002 626
108; 271 636; 270 637; 269 637; 268 638; 266 638; 266 639; 267 640; 267 642; 268 643; 268 646; 269 647; 269 650; 270 651; 270 658; 271 659; 271 660; 273 662; 273 663; 274 664; 274 666; 275 667; 275 669; 276 670; 276 671; 283 671; 284 670; 289 670; 290 669; 290 666; 291 665; 291 664; 295 660; 295 659; 305 649; 305 645; 304 644; 302 644; 301 643; 299 643; 298 642; 296 642; 295 641; 292 641; 291 640; 287 640; 286 639; 283 639; 282 638; 277 638; 276 637; 274 637; 273 636
109; 247 641; 246 642; 244 642; 243 643; 235 643; 234 642; 232 642; 232 651; 231 652; 231 663; 233 665; 233 666; 235 668; 235 669; 237 671; 237 672; 241 676; 241 677; 242 678; 242 679; 247 679; 248 678; 248 677; 249 676; 249 675; 250 674; 250 673; 251 672; 251 671; 253 669; 253 668; 254 667; 254 666; 255 665; 255 663; 257 661; 257 660; 258 659; 258 658; 259 657; 259 656; 260 655; 260 654; 261 653; 261 652; 263 650; 263 645; 262 644; 260 644; 259 643; 253 643; 251 641
110; 405 640; 404 641; 404 644; 405 645; 405 650; 406 651; 406 654; 407 655; 407 662; 408 663; 408 667; 409 668; 409 675; 411 677; 415 677; 419 673; 420 673; 422 671; 423 671; 424 670; 425 670; 426 669; 427 669; 432 664; 432 663; 433 662; 434 662; 439 657; 440 657; 441 656; 443 656; 443 654; 444 653; 444 650; 440 650; 439 649; 435 649; 434 648; 433 648; 432 647; 431 647; 430 646; 428 646; 427 645; 424 645; 423 644; 421 644; 419 642; 417 642; 416 641; 412 641; 411 640
111; 216 642; 215 643; 210 643; 210 647; 207 650; 206 650; 205 651; 204 651; 203 652; 202 652; 201 653; 200 653; 199 654; 198 654; 197 655; 196 655; 195 656; 194 656; 192 658; 191 658; 189 660; 189 662; 192 665; 194 665; 197 668; 198 668; 200 670; 201 670; 203 672; 203 673; 204 673; 205 674; 207 674; 208 675; 209 675; 210 676; 211 676; 215 680; 216 680; 218 682; 219 682; 220 683; 223 683; 224 682; 224 674; 225 673; 225 665; 226 664; 226 662; 228 660; 230 662; 230 652; 231 651; 231 642
112; 445 650; 445 653; 444 654; 444 657; 446 659; 446 660; 447 661; 447 662; 448 663; 448 664; 449 665; 449 667; 450 668; 450 669; 451 670; 451 673; 452 674; 452 675; 453 676; 453 677; 454 678; 454 679; 455 680; 455 681; 456 682; 456 683; 457 684; 457 685; 458 686; 458 687; 459 688; 460 688; 461 689; 462 688; 463 688; 464 687; 465 687; 466 686; 466 685; 468 683; 468 682; 469 681; 469 680; 470 679; 470 678; 475 673; 475 672; 477 670; 477 669; 480 666; 480 665; 483 662; 483 660; 484 659; 484 657; 483 656; 483 655; 482 654; 470 654; 469 653; 466 653; 465 652; 453 652; 452 651; 446 651
113; 566 659; 564 661; 564 689; 565 690; 565 697; 566 698; 566 699; 571 699; 573 697; 574 697; 576 695; 577 695; 578 694; 579 694; 580 693; 581 693; 582 692; 583 692; 585 690; 586 690; 588 688; 589 688; 591 686; 592 686; 594 684; 595 684; 596 683; 597 683; 600 680; 600 678; 597 675; 596 675; 592 671; 591 671; 590 670; 588 670; 583 665; 579 665; 578 664; 577 664; 576 663; 574 663; 572 661; 571 661; 570 660; 569 660; 568 659
114; 305 664; 303 666; 302 666; 301 667; 300 667; 298 669; 297 669; 296 670; 290 670; 289 671; 284 671; 283 672; 276 672; 278 674; 278 677; 275 680; 275 684; 280 689; 281 689; 282 690; 283 690; 284 691; 285 691; 286 692; 288 692; 290 694; 291 694; 292 695; 293 695; 296 698; 297 698; 299 700; 301 700; 303 702; 304 702; 305 703; 309 703; 311 701; 311 691; 310 690; 310 684; 311 683; 311 666; 310 665; 310 664
115; 866 667; 864 669; 864 670; 863 671; 863 704; 864 705; 864 706; 866 708; 868 708; 871 705; 872 705; 873 704; 874 704; 875 703; 876 703; 878 701; 879 701; 882 698; 883 698; 884 697; 885 697; 886 696; 887 696; 888 695; 889 695; 890 694; 891 694; 892 693; 893 693; 894 692; 895 692; 897 690; 898 690; 900 688; 900 685; 898 683; 897 683; 896 682; 895 682; 894 681; 893 681; 891 679; 889 679; 887 677; 886 677; 884 675; 883 675; 882 674; 881 674; 880 673; 879 673; 878 672; 876 672; 874 670; 873 670; 872 669; 871 669; 870 668; 869 668; 868 667
116; 128 676; 126 678; 125 678; 113 690; 112 690; 106 696; 105 696; 101 700; 101 704; 102 705; 103 705; 104 706; 107 706; 108 707; 110 707; 111 708; 112 708; 113 709; 115 709; 116 710; 117 710; 118 711; 119 711; 120 712; 127 712; 128 713; 132 713; 133 714; 135 714; 136 715; 140 715; 141 716; 141 710; 140 709; 140 708; 139 707; 139 702; 138 701; 138 698; 137 697; 137 696; 136 695; 136 692; 135 691; 135 689; 134 688; 134 684; 133 683; 133 681; 132 680; 132 678; 130 676
117; 473 683; 472 684; 471 684; 469 686; 468 686; 467 687; 466 687; 465 688; 464 688; 463 689; 462 689; 462 690; 460 692; 460 693; 453 700; 452 700; 451 701; 451 702; 446 707; 446 711; 448 713; 450 713; 451 714; 452 714; 453 715; 456 715; 457 716; 459 716; 460 717; 463 717; 464 718; 467 718; 468 719; 469 719; 470 720; 472 720; 473 721; 474 721; 475 722; 477 722; 478 723; 482 723; 483 722; 483 709; 482 708; 482 705; 481 704; 481 701; 480 700; 480 696; 479 695; 479 693; 478 692; 478 690; 477 689; 477 686; 476 685; 476 684; 475 683
118; 173 691; 172 692; 171 692; 169 694; 168 694; 166 696; 165 696; 163 698; 162 698; 161 699; 160 699; 159 700; 158 700; 157 701; 156 701; 149 708; 148 708; 145 711; 142 711; 142 716; 143 717; 144 717; 145 718; 146 718; 147 719; 148 719; 149 720; 151 720; 152 721; 153 721; 154 722; 155 722; 156 723; 157 723; 158 724; 159 724; 160 725; 161 725; 162 726; 164 726; 165 727; 166 727; 167 728; 169 728; 170 729; 171 729; 173 731; 174 731; 175 732; 178 732; 180 730; 180 720; 179 719; 179 713; 180 712; 180 707; 179 706; 179 700; 178 699; 178 694; 175 691
119; 799 700; 797 702; 796 702; 794 704; 793 704; 792 705; 791 705; 790 706; 789 706; 788 707; 786 707; 785 708; 782 708; 779 711; 778 711; 776 713; 775 713; 774 714; 773 714; 772 715; 771 715; 770 716; 769 716; 768 717; 768 721; 772 725; 773 725; 775 727; 776 727; 777 728; 778 728; 779 729; 780 729; 781 730; 782 730; 784 732; 785 732; 786 733; 787 733; 788 734; 789 734; 791 736; 792 736; 794 738; 795 738; 797 740; 802 740; 803 739; 803 737; 804 736; 804 720; 803 719; 803 715; 804 714; 804 702; 802 700
120; 940 735; 927 742; 925 747; 920 751; 918 765; 919 789; 923 789; 932 785; 949 775
121; 949 775; 968 776; 967 761; 965 762; 963 760; 964 744; 962 741; 961 725; 956 725; 944 731; 940 735
122; 992 739; 989 742; 988 742; 980 750; 979 750; 977 752; 976 752; 974 754; 974 755; 968 761; 968 765; 969 766; 969 770; 975 770; 976 771; 979 771; 980 772; 982 772; 983 773; 986 773; 987 774; 988 774; 989 775; 991 775; 992 776; 993 776; 994 777; 996 777; 997 778; 1002 778; 1004 776; 1005 776; 1005 774; 1006 773; 1006 770; 1004 768; 1004 767; 1003 766; 1003 765; 1002 764; 1002 763; 1001 762; 1001 760; 1000 759; 1000 752; 999 751; 999 747; 998 746; 998 743; 997 742; 997 741; 996 740; 996 739
123; 68 742; 65 745; 64 745; 62 747; 61 747; 59 749; 58 749; 57 750; 56 750; 55 751; 52 751; 48 755; 47 755; 45 757; 44 757; 43 758; 42 758; 41 759; 40 759; 38 761; 38 764; 43 769; 44 769; 45 770; 46 770; 47 771; 49 771; 50 772; 51 772; 52 773; 53 773; 54 774; 55 774; 56 775; 57 775; 58 776; 59 776; 61 778; 62 778; 63 779; 65 779; 66 780; 67 780; 68 781; 69 781; 70 782; 72 782; 74 780; 74 771; 73 770; 74 769; 74 760; 73 759; 73 754; 74 753; 74 745; 73 744; 73 743; 72 742
124; 416 757; 415 758; 413 758; 412 759; 411 759; 408 762; 407 762; 406 763; 404 763; 403 764; 399 764; 398 765; 397 765; 394 768; 393 768; 391 770; 390 770; 388 772; 387 772; 386 773; 385 773; 385 777; 386 778; 387 778; 388 779; 389 779; 390 780; 391 780; 396 785; 397 785; 399 787; 400 787; 402 789; 403 789; 406 792; 407 792; 408 793; 409 793; 410 794; 411 794; 414 797; 416 797; 417 796; 417 795; 418 794; 418 791; 419 790; 419 779; 420 778; 420 770; 421 769; 421 759; 420 758; 419 758; 418 757
125; 195 759; 186 768; 185 768; 184 769; 184 770; 181 773; 181 774; 178 777; 177 777; 175 779; 175 780; 172 783; 172 786; 174 788; 176 788; 177 789; 178 789; 179 790; 184 790; 185 791; 188 791; 189 792; 191 792; 192 793; 194 793; 195 794; 196 794; 197 795; 200 795; 201 796; 205 796; 206 797; 209 797; 211 795; 211 792; 209 790; 209 787; 208 786; 208 784; 207 783; 207 781; 206 780; 206 779; 205 778; 205 774; 204 773; 204 769; 203 768; 203 766; 202 765; 202 763; 201 762; 201 760; 200 759
126; 594 760; 593 761; 592 761; 590 763; 589 763; 587 765; 586 765; 584 767; 583 767; 582 768; 581 768; 580 769; 579 769; 577 771; 576 771; 575 772; 574 772; 572 774; 571 774; 564 781; 564 783; 567 786; 568 786; 569 787; 571 787; 572 788; 574 788; 575 789; 576 789; 577 790; 578 790; 581 793; 584 793; 585 794; 587 794; 588 795; 589 795; 591 797; 592 797; 594 799; 599 799; 600 798; 600 788; 599 787; 599 785; 600 784; 600 780; 599 779; 599 762; 597 760
127; 953 777; 947 783; 947 784; 937 794; 937 796; 938 797; 938 798; 939 798; 941 800; 947 800; 948 801; 953 801; 954 802; 955 802; 956 803; 957 803; 958 804; 964 804; 965 805; 967 805; 968 806; 976 806; 976 805; 977 804; 977 801; 976 800; 976 798; 975 797; 975 796; 974 795; 974 793; 973 792; 973 787; 972 786; 972 785; 971 784; 971 783; 970 782; 970 780; 969 779; 969 778; 968 777
128; 94 772; 92 774; 92 778; 93 779; 93 782; 94 783; 94 788; 95 789; 95 793; 96 794; 96 797; 95 798; 95 804; 96 805; 96 807; 97 808; 97 810; 99 812; 102 812; 107 807; 108 807; 115 800; 116 800; 120 796; 122 796; 128 790; 128 789; 129 788; 129 786; 128 785; 127 785; 126 784; 125 784; 124 783; 123 783; 122 782; 120 782; 119 781; 118 781; 117 780; 116 780; 113 777; 112 777; 111 776; 106 776; 105 775; 103 775; 102 774; 99 774; 98 773; 97 773; 96 772
129; 223 771; 222 772; 222 783; 223 784; 223 786; 222 787; 222 791; 223 792; 223 795; 224 796; 224 809; 226 811; 228 811; 229 810; 230 810; 231 809; 232 809; 234 807; 235 807; 237 805; 238 805; 241 802; 242 802; 244 800; 246 800; 249 797; 250 797; 258 789; 258 787; 256 785; 255 785; 253 783; 252 783; 251 782; 250 782; 249 781; 248 781; 247 780; 246 780; 245 779; 243 779; 242 778; 240 778; 239 777; 237 777; 236 776; 235 776; 234 775; 233 775; 232 774; 231 774; 229 772; 227 772; 226 771
130; 900 782; 899 783; 898 783; 897 784; 896 784; 894 786; 893 786; 892 787; 891 787; 890 788; 888 788; 887 789; 886 789; 885 790; 884 790; 883 791; 882 791; 881 792; 880 792; 878 794; 877 794; 874 797; 873 797; 870 800; 870 802; 872 804; 874 804; 875 805; 876 805; 877 806; 878 806; 880 808; 881 808; 882 809; 882 810; 885 813; 888 813; 889 814; 890 814; 896 820; 898 820; 899 821; 903 821; 904 820; 904 819; 905 818; 905 805; 906 804; 906 783; 905 782
131; 313 786; 311 788; 311 789; 309 791; 308 791; 304 795; 303 795; 302 796; 301 796; 300 797; 299 797; 291 805; 290 805; 286 809; 286 811; 288 813; 289 813; 290 814; 292 814; 293 815; 294 815; 295 816; 296 816; 297 817; 298 817; 299 818; 302 818; 303 819; 305 819; 306 820; 307 820; 308 821; 310 821; 311 822; 312 822; 313 823; 316 823; 317 824; 319 824; 320 825; 324 825; 325 824; 325 815; 324 814; 324 810; 323 809; 323 806; 322 805; 322 801; 321 800; 321 797; 320 796; 320 794; 319 793; 319 790; 318 789; 318 787; 317 786
132; 927 797; 926 798; 925 798; 924 799; 924 807; 925 808; 925 810; 926 811; 926 816; 927 817; 927 822; 928 823; 928 829; 929 830; 929 831; 930 832; 930 834; 931 835; 931 836; 932 837; 934 837; 938 833; 939 833; 941 831; 942 831; 945 828; 946 828; 954 820; 955 820; 958 817; 959 817; 960 816; 961 816; 962 817; 962 814; 963 813; 963 810; 962 809; 961 809; 960 808; 959 808; 957 806; 953 806; 952 805; 949 805; 948 804; 946 804; 945 803; 944 803; 943 802; 942 802; 939 799; 934 799; 933 798; 930 798; 929 797
133; 964 810; 964 813; 963 814; 963 818; 964 819; 964 822; 965 823; 965 826; 966 827; 966 834; 967 835; 967 841; 968 842; 968 844; 969 845; 969 847; 970 848; 970 849; 971 850; 975 850; 984 841; 985 841; 990 836; 991 836; 994 833; 995 833; 1001 827; 1001 823; 1000 822; 998 822; 997 821; 994 821; 993 820; 991 820; 990 819; 989 819; 988 818; 987 818; 986 817; 985 817; 983 815; 979 815; 978 814; 975 814; 974 813; 973 813; 972 812; 971 812; 970 811; 966 811; 965 810
134; 349 815; 347 817; 346 817; 345 818; 344 818; 343 819; 342 819; 341 820; 340 820; 339 821; 338 821; 337 822; 334 822; 334 823; 328 829; 327 829; 324 832; 323 832; 322 833; 321 833; 320 834; 320 837; 321 838; 322 838; 323 839; 324 839; 325 840; 326 840; 327 841; 328 841; 330 843; 331 843; 332 844; 333 844; 334 845; 335 845; 336 846; 337 846; 338 847; 339 847; 340 848; 341 848; 342 849; 343 849; 344 850; 345 850; 346 851; 347 851; 349 853; 350 853; 351 854; 355 854; 356 853; 356 838; 355 837; 355 816; 354 815
135; 425 813; 424 814; 424 815; 422 817; 422 818; 421 819; 421 820; 419 822; 419 823; 418 824; 418 825; 416 827; 416 828; 415 829; 415 831; 414 832; 414 833; 413 834; 413 835; 412 836; 412 837; 410 839; 410 840; 409 841; 409 842; 408 843; 408 847; 411 850; 422 850; 423 849; 447 849; 447 844; 445 842; 445 841; 444 840; 444 839; 443 838; 443 837; 442 836; 442 833; 441 832; 441 831; 437 827; 437 826; 436 825; 436 824; 435 823; 435 822; 432 819; 432 818; 431 817; 431 816; 430 815; 430 814; 429 814; 428 813
136; 476 821; 475 822; 474 822; 473 823; 473 824; 470 827; 469 827; 466 830; 465 830; 461 834; 461 835; 452 844; 451 844; 450 845; 448 845; 448 849; 450 849; 451 850; 454 850; 455 851; 456 851; 457 852; 458 852; 459 853; 461 853; 462 854; 465 854; 466 855; 467 855; 468 856; 470 856; 472 858; 479 858; 480 859; 482 859; 483 860; 488 860; 489 859; 489 853; 488 852; 488 849; 487 848; 487 845; 486 844; 486 841; 485 840; 485 838; 484 837; 484 834; 483 833; 483 828; 482 827; 482 826; 481 825; 481 824; 478 821
137; 735 822; 735 823; 734 824; 734 845; 733 846; 733 851; 732 852; 732 858; 733 859; 733 860; 734 861; 738 861; 739 860; 740 860; 742 858; 743 858; 744 857; 746 857; 747 856; 748 856; 749 855; 752 855; 753 854; 754 854; 759 849; 761 849; 762 848; 763 848; 766 845; 767 845; 769 843; 769 839; 768 839; 767 838; 766 838; 765 837; 764 837; 762 835; 761 835; 760 834; 759 834; 758 833; 757 833; 755 831; 754 831; 750 827; 749 827; 748 826; 747 826; 745 824; 744 824; 743 823; 742 823; 741 822
138; 614 827; 614 828; 613 829; 613 832; 614 833; 614 835; 615 836; 615 839; 616 840; 616 842; 617 843; 617 848; 618 849; 618 851; 619 852; 619 853; 620 854; 620 856; 621 857; 621 860; 622 861; 622 863; 623 864; 623 865; 624 866; 627 866; 628 865; 629 865; 631 863; 631 862; 643 850; 643 849; 644 848; 645 848; 646 847; 646 846; 649 843; 649 842; 651 840; 651 839; 652 838; 652 836; 650 834; 646 834; 645 833; 640 833; 639 832; 637 832; 636 831; 633 831; 632 830; 630 830; 629 829; 624 829; 623 828; 620 828; 619 827
139; 105 827; 99 833; 98 833; 95 836; 94 836; 92 838; 91 838; 89 840; 89 841; 85 845; 84 845; 79 850; 79 854; 80 855; 81 855; 82 856; 83 856; 84 857; 86 857; 87 858; 89 858; 90 859; 91 859; 92 860; 94 860; 95 861; 96 861; 97 862; 99 862; 100 863; 103 863; 104 864; 106 864; 107 865; 108 865; 109 866; 112 866; 113 867; 116 867; 117 866; 117 865; 118 864; 118 860; 117 859; 117 856; 116 855; 116 853; 115 852; 115 850; 114 849; 114 844; 113 843; 113 839; 112 838; 112 836; 111 835; 111 831; 110 830; 110 828; 109 827
140; 48 857; 47 858; 47 859; 46 860; 46 863; 45 864; 45 874; 44 875; 44 896; 46 898; 49 898; 50 897; 51 897; 52 896; 53 896; 54 895; 55 895; 56 894; 57 894; 58 893; 59 893; 60 892; 61 892; 62 891; 63 891; 64 890; 65 890; 66 889; 67 889; 68 888; 70 888; 71 887; 73 887; 75 885; 76 885; 79 882; 80 882; 81 881; 81 877; 79 875; 78 875; 77 874; 76 874; 75 873; 74 873; 72 871; 71 871; 69 869; 68 869; 64 865; 63 865; 61 863; 60 863; 58 861; 57 861; 55 859; 54 859; 53 858; 52 858; 51 857
141; 139 858; 138 859; 136 859; 133 862; 132 862; 130 864; 130 865; 127 868; 126 868; 117 877; 116 877; 111 882; 111 887; 114 890; 119 890; 120 891; 123 891; 126 894; 133 894; 134 895; 136 895; 137 896; 139 896; 141 898; 142 898; 143 899; 144 899; 145 900; 148 900; 148 897; 149 896; 149 888; 148 887; 148 885; 147 884; 147 877; 146 876; 146 875; 145 874; 145 870; 144 869; 144 865; 143 864; 143 861; 142 860; 142 859; 141 858
142; 800 879; 799 880; 798 880; 798 888; 799 889; 799 891; 800 892; 800 894; 801 895; 801 903; 802 904; 802 905; 803 906; 803 907; 804 908; 804 911; 805 912; 805 914; 806 915; 806 917; 808 919; 811 919; 813 917; 814 917; 817 914; 817 913; 822 908; 823 908; 837 894; 837 890; 835 888; 833 888; 832 887; 829 887; 828 886; 826 886; 825 885; 822 885; 821 884; 818 884; 817 883; 814 883; 813 882; 809 882; 808 881; 807 881; 806 880; 805 880; 804 879
143; 758 884; 758 885; 757 886; 757 904; 758 905; 758 920; 759 921; 759 923; 758 924; 758 925; 760 925; 761 926; 763 926; 766 923; 767 923; 770 920; 771 920; 774 917; 775 917; 776 916; 777 916; 779 914; 780 914; 781 913; 782 913; 784 911; 785 911; 789 907; 790 907; 792 905; 793 905; 794 904; 794 901; 792 899; 791 899; 790 898; 789 898; 788 897; 786 897; 785 896; 784 896; 783 895; 782 895; 780 893; 779 893; 778 892; 777 892; 776 891; 775 891; 774 890; 772 890; 771 889; 770 889; 769 888; 768 888; 767 887; 766 887; 765 886; 764 886; 762 884
144; 479 891; 477 893; 477 896; 478 897; 478 900; 479 901; 479 903; 480 904; 480 909; 481 910; 481 912; 482 913; 482 915; 483 916; 483 922; 484 923; 484 927; 485 928; 485 929; 486 930; 490 930; 491 929; 492 929; 503 918; 504 918; 514 908; 514 907; 516 905; 516 903; 513 900; 510 900; 509 899; 508 899; 507 898; 504 898; 503 897; 501 897; 499 895; 497 895; 496 894; 488 894; 487 893; 485 893; 484 892; 482 892; 481 891
145; 169 899; 168 900; 167 900; 166 901; 148 901; 148 905; 150 907; 150 908; 151 909; 151 910; 152 911; 152 914; 151 915; 152 916; 152 917; 154 919; 154 920; 155 921; 157 921; 160 924; 160 925; 161 926; 161 927; 162 928; 162 929; 164 931; 164 932; 166 934; 166 935; 167 936; 171 936; 172 935; 172 934; 173 933; 173 932; 174 931; 174 930; 175 929; 175 928; 178 925; 178 924; 181 921; 181 920; 182 919; 182 918; 184 916; 184 915; 187 912; 187 911; 189 909; 189 908; 190 907; 190 905; 189 904; 189 903; 188 903; 187 902; 186 902; 185 901; 177 901; 176 900; 174 900; 173 899
146; 105 909; 104 910; 103 910; 100 913; 99 913; 98 914; 97 914; 96 915; 95 915; 92 918; 91 918; 90 919; 89 919; 88 920; 87 920; 85 922; 84 922; 82 924; 81 924; 79 926; 78 926; 74 930; 74 932; 76 934; 78 934; 80 936; 81 936; 83 938; 84 938; 86 940; 87 940; 88 941; 89 941; 91 943; 93 943; 94 944; 97 944; 98 945; 99 945; 100 946; 101 946; 102 947; 103 947; 105 949; 106 949; 107 950; 110 950; 112 948; 112 946; 111 945; 111 939; 110 938; 110 912; 109 911; 109 910; 108 909
147; 149 916; 147 918; 146 918; 144 920; 143 920; 142 921; 141 921; 140 922; 139 922; 138 923; 137 923; 136 924; 135 924; 133 926; 133 927; 126 934; 125 934; 124 935; 123 935; 122 936; 121 936; 121 939; 123 941; 124 941; 126 943; 127 943; 128 944; 129 944; 130 945; 131 945; 132 946; 133 946; 134 947; 135 947; 136 948; 137 948; 138 949; 139 949; 140 950; 141 950; 142 951; 143 951; 144 952; 145 952; 146 953; 148 953; 149 954; 150 954; 151 955; 153 955; 154 956; 156 956; 158 954; 158 946; 157 945; 157 942; 156 941; 156 929; 155 928; 155 924; 154 923; 155 922; 153 920; 153 919; 151 917; 151 916
148; 249 916; 248 917; 247 917; 246 918; 246 919; 240 925; 239 925; 238 926; 237 926; 224 939; 224 940; 223 941; 223 944; 225 946; 228 946; 229 947; 231 947; 232 948; 234 948; 235 949; 236 949; 237 950; 240 950; 241 951; 243 951; 244 952; 245 952; 246 953; 249 953; 250 954; 253 954; 254 955; 259 955; 260 954; 260 948; 259 947; 259 943; 258 942; 258 941; 257 940; 257 932; 256 931; 256 930; 255 929; 255 922; 254 921; 254 919; 253 918; 253 917; 252 917; 251 916
149; 638 921; 636 923; 635 923; 634 924; 633 924; 631 926; 630 926; 625 931; 624 931; 619 936; 618 936; 615 939; 614 939; 612 941; 611 941; 610 942; 607 942; 607 945; 608 946; 609 946; 610 947; 611 947; 612 948; 613 948; 614 949; 615 949; 616 950; 618 950; 619 951; 620 951; 621 952; 622 952; 624 954; 625 954; 626 955; 629 955; 630 956; 631 956; 632 957; 633 957; 635 959; 636 959; 637 960; 638 960; 639 961; 644 961; 645 960; 645 958; 646 957; 646 953; 645 952; 645 948; 644 947; 644 936; 643 935; 643 933; 644 932; 644 927; 643 926; 643 924; 642 923; 642 922; 641 922; 640 921
150; 568 926; 568 931; 569 932; 569 936; 570 937; 570 950; 571 951; 571 961; 572 962; 572 963; 574 965; 578 965; 581 962; 582 962; 584 960; 585 960; 587 958; 589 958; 590 957; 591 957; 592 958; 593 958; 595 956; 594 955; 595 954; 595 953; 599 949; 600 949; 602 947; 603 947; 604 946; 605 946; 606 945; 606 942; 605 941; 603 941; 602 940; 599 940; 598 939; 597 939; 596 938; 595 938; 593 936; 592 936; 591 935; 590 935; 588 933; 587 933; 586 932; 585 932; 584 931; 583 931; 582 930; 581 930; 580 929; 579 929; 578 928; 576 928; 575 927; 574 927; 573 926
151; 758 926; 757 927; 757 928; 755 930; 755 931; 754 932; 754 933; 751 936; 751 937; 750 938; 750 939; 749 940; 749 941; 746 944; 746 945; 743 948; 743 949; 742 950; 742 951; 741 952; 741 953; 739 955; 739 960; 740 961; 746 961; 747 962; 751 962; 752 963; 754 963; 755 964; 757 964; 758 963; 760 963; 761 962; 771 962; 772 963; 776 963; 778 961; 778 959; 777 958; 777 957; 776 956; 776 954; 775 953; 775 952; 774 951; 774 950; 773 949; 773 948; 772 947; 772 946; 771 945; 771 944; 770 943; 770 942; 769 941; 769 940; 767 938; 767 937; 765 935; 765 934; 764 933; 764 932; 763 931; 763 927; 761 927; 760 926
152; 509 931; 507 933; 507 940; 508 941; 508 944; 509 945; 509 950; 510 951; 510 955; 511 956; 511 959; 512 960; 512 963; 513 964; 513 968; 516 971; 519 971; 520 970; 522 970; 522 968; 523 967; 523 966; 528 961; 529 961; 530 960; 531 960; 532 959; 533 959; 533 958; 534 957; 534 956; 537 953; 538 953; 545 946; 545 944; 543 942; 540 942; 539 941; 537 941; 536 940; 534 940; 533 939; 530 939; 529 938; 527 938; 526 937; 524 937; 523 936; 521 936; 520 935; 518 935; 517 934; 515 934; 514 933; 513 933; 511 931
153; 113 948; 111 950; 111 951; 113 953; 113 955; 114 956; 114 959; 113 960; 113 963; 114 964; 114 966; 115 967; 115 968; 116 969; 116 971; 117 972; 117 974; 118 975; 118 976; 119 977; 119 978; 120 979; 120 985; 119 986; 119 989; 122 989; 123 988; 124 988; 125 987; 126 987; 127 986; 128 986; 129 985; 130 985; 130 984; 131 983; 131 982; 134 979; 135 979; 138 976; 139 976; 140 975; 141 975; 142 974; 143 974; 144 973; 145 973; 147 971; 147 968; 144 965; 143 965; 139 961; 138 961; 137 960; 136 960; 134 958; 131 958; 130 957; 129 957; 128 956; 127 956; 125 954; 124 954; 122 952; 121 952; 119 950; 118 950; 117 949; 116 949; 115 948
154; 1015 995; 999 1016; 997 1023; 1023 1023; 1023 1018; 1013 1017; 1011 1015; 1018 1005
155; 1018 1005; 1023 1005; 1023 951; 1019 957; 1015 950; 1009 952; 985 971; 987 976; 1017 989; 1015 995
156; 53 952; 52 953; 51 953; 49 955; 48 955; 46 957; 45 957; 42 960; 41 960; 37 964; 36 964; 33 967; 32 967; 26 973; 26 974; 25 975; 25 977; 26 978; 29 978; 30 979; 32 979; 33 980; 34 980; 35 981; 36 981; 37 982; 38 982; 43 987; 49 987; 50 988; 51 988; 53 990; 54 990; 55 991; 56 991; 57 992; 62 992; 64 990; 64 986; 63 985; 63 984; 62 983; 62 981; 61 980; 61 977; 60 976; 60 969; 59 968; 59 961; 58 960; 58 955; 57 954; 57 953; 56 952
157; 595 957; 593 959; 594 960; 594 965; 595 966; 595 970; 596 971; 596 972; 597 973; 597 974; 598 975; 598 977; 599 978; 599 987; 600 988; 600 992; 601 993; 601 995; 602 996; 605 996; 607 994; 608 994; 610 992; 611 992; 613 990; 614 990; 615 989; 615 988; 617 986; 618 986; 619 985; 620 985; 623 982; 623 980; 626 977; 627 977; 632 972; 632 968; 631 968; 630 967; 628 967; 627 966; 625 966; 624 965; 622 965; 621 964; 619 964; 618 963; 614 963; 613 962; 611 962; 610 961; 608 961; 607 960; 603 960; 602 959; 601 959; 600 958; 599 958; 598 957
158; 968 961; 966 963; 966 964; 963 967; 963 968; 962 969; 962 970; 960 972; 960 973; 958 975; 958 976; 957 977; 957 978; 955 980; 955 981; 953 983; 953 984; 951 986; 951 987; 949 989; 949 993; 950 994; 956 994; 957 995; 963 995; 964 996; 967 996; 968 997; 981 997; 982 998; 986 998; 988 996; 988 991; 987 990; 987 989; 986 988; 986 987; 984 985; 984 984; 983 983; 983 982; 982 981; 982 980; 981 979; 981 974; 978 971; 978 970; 977 969; 977 968; 976 967; 976 966; 975 965; 975 964; 974 963; 974 962; 973 961
159; 481 969; 480 970; 478 970; 477 971; 471 971; 470 972; 467 972; 466 973; 465 973; 461 977; 460 977; 459 978; 458 978; 457 979; 455 979; 454 980; 453 980; 451 982; 450 982; 448 984; 448 989; 449 990; 450 990; 451 991; 452 991; 453 992; 454 992; 455 993; 456 993; 457 994; 458 994; 459 995; 460 995; 463 998; 464 998; 465 999; 469 999; 470 1000; 471 1000; 473 1002; 474 1002; 475 1003; 476 1003; 478 1005; 480 1005; 481 1006; 482 1006; 484 1004; 484 995; 483 994; 483 986; 484 985; 484 977; 485 976; 485 974; 486 973; 486 969
160; 701 969; 700 970; 700 977; 701 978; 701 980; 702 981; 702 983; 703 984; 703 985; 702 986; 702 990; 704 992; 704 993; 705 994; 705 998; 706 999; 706 1003; 707 1004; 707 1006; 708 1007; 708 1011; 701 1018; 700 1018; 697 1021; 697 1023; 713 1023; 713 1017; 712 1016; 712 1014; 711 1013; 711 1012; 713 1010; 713 1009; 716 1006; 716 1005; 719 1002; 720 1002; 722 1000; 722 999; 723 998; 724 998; 731 991; 731 990; 738 983; 738 981; 736 979; 735 979; 734 978; 732 978; 731 977; 728 977; 727 976; 724 976; 723 975; 720 975; 719 974; 717 974; 716 973; 715 973; 714 972; 713 972; 712 971; 708 971; 707 970; 704 970; 703 969
161; 513 1011; 506 1007; 485 1004; 483 1007; 488 1023; 496 1023; 495 1018; 497 1016; 506 1017
162; 506 1017; 509 1020; 509 1023; 521 1023; 524 1018; 527 993; 527 972; 517 972; 514 976; 503 981; 499 981; 491 987; 495 993; 516 1010; 513 1011
