0; 919 0; 919 2; 924 7; 924 8; 926 10; 926 11; 928 13; 928 14; 938 24; 938 25; 941 28; 941 29; 943 31; 943 32; 944 33; 944 34; 948 34; 949 33; 949 32; 950 31; 950 30; 951 29; 951 24; 952 23; 952 21; 954 19; 954 18; 955 17; 955 11; 956 10; 956 5; 957 4; 957 0
1; 966 0; 966 2; 967 3; 967 4; 968 5; 968 6; 970 8; 970 9; 979 18; 979 19; 982 22; 982 23; 985 26; 985 27; 986 28; 989 28; 990 27; 990 26; 991 25; 991 19; 992 18; 992 17; 993 16; 993 14; 994 13; 994 11; 995 10; 995 8; 996 7; 996 6; 997 5; 997 2; 998 1; 998 0; 990 0; 990 2; 989 3; 989 5; 988 6; 988 7; 987 8; 987 10; 984 13; 981 10; 981 9; 973 1; 973 0
2; 270 4; 269 5; 268 5; 266 7; 265 7; 260 12; 259 12; 256 15; 255 15; 254 16; 253 16; 251 18; 250 18; 249 19; 248 19; 247 20; 246 20; 244 22; 244 24; 243 25; 243 27; 244 28; 244 29; 247 32; 248 32; 249 33; 250 33; 252 35; 254 35; 255 36; 256 36; 257 37; 258 37; 259 38; 261 38; 263 40; 264 40; 265 41; 267 41; 268 42; 269 42; 270 43; 272 43; 273 44; 274 44; 275 45; 277 45; 278 44; 278 23; 276 21; 276 17; 275 16; 275 13; 274 12; 274 6; 272 4
3; 137 3; 137 15; 136 16; 136 23; 135 24; 135 26; 136 27; 136 36; 135 37; 135 45; 137 45; 138 44; 139 44; 140 43; 141 43; 142 42; 144 42; 145 41; 147 41; 148 40; 150 40; 151 39; 152 39; 153 38; 154 38; 155 37; 156 37; 157 36; 158 36; 159 35; 161 35; 162 34; 164 34; 165 33; 167 33; 170 30; 170 26; 167 23; 166 23; 163 20; 162 20; 160 18; 159 18; 156 15; 155 15; 152 12; 151 12; 145 6; 144 6; 141 3
4; 456 0; 456 5; 457 6; 456 7; 456 9; 455 10; 455 12; 454 13; 454 15; 452 17; 452 18; 451 19; 451 21; 450 22; 450 24; 447 27; 447 28; 446 29; 446 30; 445 31; 445 32; 443 34; 442 34; 440 36; 440 38; 441 39; 445 39; 446 38; 447 38; 449 36; 450 36; 451 35; 453 35; 454 36; 454 39; 455 40; 455 41; 458 44; 463 44; 464 45; 468 45; 469 44; 471 44; 472 43; 474 43; 475 42; 481 42; 482 41; 482 39; 475 32; 475 31; 473 29; 473 28; 472 27; 472 24; 471 23; 471 22; 462 13; 462 12; 461 11; 461 9; 460 8; 460 4; 461 3; 461 0
5; 835 15; 835 16; 834 17; 834 18; 833 19; 833 20; 832 21; 832 23; 831 24; 831 26; 830 27; 830 28; 829 29; 829 30; 827 32; 827 34; 826 35; 826 36; 825 37; 825 38; 824 39; 824 40; 823 41; 823 43; 822 44; 822 45; 821 46; 821 47; 820 48; 820 50; 822 52; 826 52; 827 51; 828 52; 832 52; 833 51; 846 51; 847 50; 857 50; 858 49; 858 45; 857 44; 857 43; 856 42; 856 40; 853 37; 853 36; 851 34; 851 32; 850 31; 850 30; 849 29; 849 28; 846 25; 846 24; 845 24; 840 19; 840 18; 839 17; 839 16; 838 15
6; 415 17; 413 19; 412 19; 399 32; 398 32; 397 33; 397 34; 395 36; 395 37; 390 42; 390 46; 393 46; 394 47; 396 47; 397 48; 399 48; 400 49; 402 49; 404 51; 405 51; 407 53; 413 53; 414 54; 418 54; 419 55; 422 55; 423 56; 426 56; 427 55; 427 52; 426 51; 426 50; 425 49; 425 48; 424 47; 424 40; 423 39; 423 35; 422 34; 422 28; 421 27; 421 26; 420 25; 420 23; 419 22; 419 19; 418 18; 418 17
7; 866 21; 866 22; 865 23; 865 40; 866 41; 866 44; 867 45; 867 54; 868 55; 868 60; 869 61; 869 62; 871 62; 873 60; 874 60; 876 58; 877 58; 879 56; 880 56; 882 54; 883 54; 884 53; 885 53; 886 52; 887 52; 888 51; 888 50; 893 45; 894 45; 897 42; 898 42; 900 40; 900 37; 899 36; 897 36; 896 35; 895 35; 894 34; 893 34; 892 33; 891 33; 890 32; 888 32; 887 31; 886 31; 885 30; 883 30; 882 29; 881 29; 880 28; 879 28; 877 26; 876 26; 873 23; 872 23; 870 21
8; 669 27; 663 33; 662 33; 661 34; 660 34; 659 35; 658 35; 657 36; 656 36; 655 37; 654 37; 653 38; 652 38; 651 39; 650 39; 648 41; 647 41; 646 42; 643 42; 642 43; 641 43; 641 46; 643 48; 644 48; 654 58; 655 58; 656 59; 657 59; 658 60; 659 60; 660 61; 661 61; 664 64; 665 64; 666 65; 667 65; 670 68; 673 68; 674 67; 674 59; 675 58; 675 43; 676 42; 676 29; 675 28; 673 28; 672 27
9; 106 42; 105 43; 103 43; 102 44; 94 44; 93 45; 91 45; 90 46; 90 49; 91 50; 91 52; 93 54; 93 55; 95 57; 95 58; 98 61; 98 62; 100 64; 100 65; 102 67; 102 68; 106 72; 106 73; 108 75; 108 77; 110 79; 112 79; 112 78; 114 76; 114 75; 115 74; 115 73; 116 72; 116 70; 117 69; 117 67; 118 66; 118 65; 119 64; 119 63; 121 61; 121 60; 122 59; 122 58; 123 57; 123 55; 124 54; 124 52; 125 51; 125 48; 126 47; 126 43; 111 43; 110 42
10; 176 38; 175 39; 171 39; 170 40; 168 40; 167 41; 166 41; 165 42; 164 42; 163 43; 161 43; 160 44; 157 44; 156 45; 154 45; 153 46; 152 46; 151 47; 149 47; 148 48; 146 48; 145 49; 144 49; 144 52; 145 53; 146 53; 158 65; 159 65; 161 67; 162 67; 166 71; 166 72; 170 76; 172 76; 173 75; 173 74; 174 73; 174 71; 175 70; 175 68; 176 67; 176 61; 177 60; 177 55; 178 54; 178 51; 179 50; 179 45; 180 44; 180 38
11; 56 44; 55 45; 43 45; 42 46; 38 46; 37 45; 29 45; 28 46; 25 46; 24 47; 24 51; 26 53; 26 54; 27 55; 27 56; 30 59; 30 60; 33 63; 33 64; 35 66; 35 67; 36 68; 36 69; 39 72; 39 73; 42 76; 42 77; 43 78; 44 78; 45 79; 46 79; 48 77; 48 76; 49 75; 49 73; 50 72; 50 71; 52 69; 52 68; 53 67; 53 66; 54 65; 54 64; 55 63; 55 61; 56 60; 56 58; 57 57; 57 56; 58 55; 58 53; 59 52; 59 51; 61 49; 61 44
12; 465 48; 464 49; 463 49; 462 50; 459 50; 458 51; 456 51; 455 52; 452 52; 451 53; 450 53; 449 54; 447 54; 446 55; 445 55; 444 56; 442 56; 441 57; 439 57; 438 58; 437 58; 436 59; 434 59; 433 60; 433 62; 435 64; 435 65; 441 71; 442 71; 451 80; 451 81; 458 88; 461 88; 461 87; 462 86; 462 85; 463 84; 463 82; 464 81; 464 76; 465 75; 465 74; 467 72; 467 62; 468 61; 468 49; 467 48
13; 133 48; 132 49; 132 52; 131 53; 131 55; 130 56; 130 57; 129 58; 129 59; 126 62; 126 64; 125 65; 125 68; 124 69; 124 71; 123 72; 123 73; 122 74; 122 75; 121 76; 121 78; 120 79; 120 80; 119 81; 119 85; 120 85; 121 86; 125 86; 126 85; 136 85; 137 84; 141 84; 142 83; 156 83; 157 82; 157 78; 156 77; 156 76; 153 73; 153 72; 151 70; 151 69; 148 66; 148 65; 146 63; 146 62; 143 59; 143 58; 140 55; 140 54; 136 50; 136 48
14; 618 54; 618 55; 617 56; 617 58; 618 59; 618 62; 619 63; 619 66; 620 67; 620 69; 621 70; 621 73; 622 74; 622 77; 623 78; 623 80; 624 81; 624 84; 625 85; 625 87; 626 88; 626 93; 630 93; 630 92; 632 90; 633 90; 639 84; 640 84; 645 79; 645 78; 653 70; 654 70; 655 69; 655 66; 653 64; 652 64; 651 63; 648 63; 647 62; 644 62; 643 61; 641 61; 640 60; 638 60; 637 59; 635 59; 634 58; 632 58; 631 57; 629 57; 628 56; 626 56; 625 55; 623 55; 622 54
15; 889 54; 889 63; 888 64; 888 69; 887 70; 887 73; 886 74; 886 76; 887 77; 887 80; 886 81; 886 86; 885 87; 885 91; 884 92; 884 94; 885 94; 886 95; 888 95; 892 91; 893 91; 894 90; 895 90; 896 89; 898 89; 899 88; 901 88; 902 87; 904 87; 905 86; 908 86; 910 84; 911 84; 912 83; 914 83; 915 82; 917 82; 918 81; 919 81; 920 80; 921 80; 922 79; 922 76; 921 75; 919 75; 911 67; 910 67; 905 62; 904 62; 900 58; 899 58; 897 56; 896 56; 895 55; 894 55; 893 54
16; 489 62; 488 63; 488 64; 487 65; 487 71; 488 72; 488 95; 489 96; 489 101; 490 102; 492 102; 493 101; 494 101; 496 99; 497 99; 499 97; 500 97; 501 96; 502 96; 503 95; 504 95; 505 94; 507 94; 512 89; 513 89; 515 87; 516 87; 520 83; 521 83; 522 82; 522 78; 521 78; 520 77; 518 77; 517 76; 516 76; 515 75; 514 75; 512 73; 511 73; 509 71; 508 71; 507 70; 505 70; 503 68; 502 68; 500 66; 498 66; 497 65; 496 65; 495 64; 494 64; 493 63; 492 63; 491 62
17; 359 75; 355 84; 361 90; 366 90; 384 106; 388 106; 401 70; 376 71; 374 69
18; 374 69; 376 53; 355 58; 345 62; 359 75
19; 355 58; 349 51; 341 50; 324 38; 321 38; 318 57; 325 79; 329 80; 333 73; 345 62
20; 10 67; 9 68; 9 72; 10 73; 10 87; 11 88; 11 95; 10 96; 10 100; 11 101; 11 104; 12 105; 12 106; 13 107; 16 107; 17 106; 18 106; 20 104; 21 104; 24 101; 25 101; 27 99; 30 99; 37 92; 38 92; 42 88; 43 88; 46 85; 46 80; 45 80; 44 79; 42 79; 41 80; 39 80; 38 79; 36 79; 35 78; 34 78; 33 77; 32 77; 31 76; 29 76; 28 75; 27 75; 26 74; 24 74; 23 73; 22 73; 21 72; 20 72; 19 71; 18 71; 17 70; 16 70; 14 68; 13 68; 12 67
21; 984 83; 983 84; 979 84; 978 85; 969 85; 968 86; 966 86; 965 87; 964 87; 963 88; 961 88; 960 89; 957 89; 956 90; 953 90; 952 91; 952 93; 959 100; 959 101; 960 102; 960 103; 961 104; 961 105; 963 107; 963 108; 965 110; 966 110; 970 114; 970 115; 976 121; 980 121; 980 120; 981 119; 981 117; 982 116; 982 115; 983 114; 983 111; 984 110; 984 108; 985 107; 985 105; 986 104; 986 102; 987 101; 987 98; 988 97; 988 92; 989 91; 989 90; 990 89; 990 88; 991 87; 991 84; 990 83
22; 354 84; 352 86; 343 86; 342 87; 339 87; 338 88; 335 88; 334 89; 330 89; 329 90; 326 90; 325 91; 323 91; 323 95; 329 101; 329 102; 333 106; 333 107; 334 107; 338 111; 338 112; 340 114; 340 115; 344 119; 344 120; 347 123; 349 123; 351 121; 351 119; 352 118; 352 117; 353 116; 353 114; 354 113; 354 111; 355 110; 355 107; 356 106; 356 104; 357 103; 357 99; 358 98; 358 96; 359 95; 359 94; 360 93; 360 92; 361 91
23; 998 93; 997 94; 997 95; 996 96; 996 97; 995 98; 995 99; 994 100; 994 101; 993 102; 993 104; 992 105; 992 106; 991 107; 991 108; 990 109; 990 110; 989 111; 989 113; 988 114; 988 116; 987 117; 987 118; 986 119; 986 120; 985 121; 985 123; 983 125; 983 127; 981 129; 983 131; 984 130; 1004 130; 1005 129; 1006 129; 1007 128; 1008 128; 1009 127; 1023 127; 1023 116; 1021 116; 1020 117; 1019 117; 1017 115; 1017 113; 1016 112; 1016 111; 1015 110; 1015 109; 1005 99; 1005 98; 1003 96; 1003 95; 1001 93
24; 884 95; 883 96; 883 97; 882 98; 882 99; 881 100; 881 101; 875 107; 875 108; 873 110; 873 112; 872 113; 872 115; 871 116; 871 117; 868 120; 868 121; 867 122; 867 123; 866 124; 866 125; 864 127; 864 131; 865 132; 879 132; 880 133; 896 133; 897 134; 903 134; 903 129; 902 128; 902 126; 901 125; 901 123; 899 121; 899 119; 897 117; 897 116; 896 115; 896 114; 895 113; 895 112; 893 110; 893 109; 892 108; 892 107; 891 106; 891 105; 889 103; 889 101; 888 100; 888 99; 887 98; 887 96; 886 96; 885 95
25; 717 106; 716 107; 715 107; 712 110; 711 110; 709 112; 708 112; 707 113; 706 113; 704 115; 703 115; 701 117; 700 117; 697 120; 696 120; 692 124; 691 124; 689 126; 688 126; 687 127; 687 131; 688 131; 689 132; 690 132; 691 133; 692 133; 693 134; 695 134; 696 135; 697 135; 698 136; 699 136; 703 140; 704 140; 705 141; 709 141; 710 142; 711 142; 712 143; 713 143; 714 144; 715 144; 716 145; 717 145; 719 147; 723 147; 724 146; 724 143; 723 142; 723 130; 722 129; 722 121; 721 120; 721 108; 719 106
26; 947 109; 946 110; 946 122; 945 123; 945 131; 944 132; 944 142; 943 143; 943 148; 944 149; 948 149; 949 148; 950 148; 951 147; 953 147; 954 146; 956 146; 957 145; 958 145; 959 144; 962 144; 963 143; 965 143; 968 140; 969 140; 971 138; 972 138; 973 137; 975 137; 976 136; 978 136; 982 132; 982 131; 981 130; 979 130; 978 129; 977 129; 976 128; 975 128; 972 125; 971 125; 966 120; 965 120; 962 117; 961 117; 959 115; 958 115; 954 111; 953 111; 951 109
27; 639 136; 638 137; 638 140; 639 141; 639 142; 640 143; 640 144; 641 145; 641 148; 642 149; 642 150; 643 151; 643 154; 644 155; 644 158; 645 159; 645 160; 646 161; 646 162; 648 164; 648 165; 649 166; 649 169; 650 170; 650 171; 651 172; 651 173; 655 173; 657 171; 657 170; 660 167; 660 166; 666 160; 666 159; 667 158; 668 158; 668 157; 675 150; 675 149; 678 146; 678 143; 677 142; 676 142; 675 141; 670 141; 669 140; 665 140; 664 139; 658 139; 657 138; 654 138; 653 137; 649 137; 648 136
28; 569 132; 568 133; 567 133; 562 138; 561 138; 560 139; 559 139; 558 140; 557 140; 556 141; 555 141; 553 143; 552 143; 546 149; 545 149; 541 153; 540 153; 540 158; 541 159; 543 159; 544 160; 545 160; 546 161; 548 161; 549 162; 551 162; 552 163; 554 163; 555 164; 556 164; 557 165; 558 165; 559 166; 560 166; 561 167; 563 167; 565 169; 567 169; 568 170; 569 170; 570 171; 571 171; 572 172; 574 172; 575 171; 576 171; 577 170; 577 165; 576 164; 576 157; 575 156; 575 150; 574 149; 574 143; 573 142; 573 134; 571 132
29; 127 139; 122 144; 121 144; 118 147; 117 147; 116 148; 115 148; 113 150; 112 150; 109 153; 108 153; 99 162; 99 165; 100 165; 101 166; 102 166; 103 167; 105 167; 106 168; 108 168; 109 169; 111 169; 112 170; 113 170; 114 171; 115 171; 116 172; 117 172; 118 173; 120 173; 121 174; 123 174; 124 175; 125 175; 126 176; 128 176; 129 177; 131 177; 132 178; 136 178; 136 171; 135 170; 135 166; 134 165; 134 163; 135 162; 135 158; 134 157; 134 155; 133 154; 133 149; 132 148; 132 143; 131 142; 131 140; 130 139
30; 593 138; 593 140; 592 141; 592 143; 591 144; 591 145; 590 146; 590 148; 589 149; 589 150; 588 151; 588 152; 587 153; 587 154; 586 155; 586 156; 585 157; 585 165; 584 166; 584 168; 583 169; 583 171; 582 172; 582 173; 581 174; 581 175; 580 176; 582 178; 583 178; 584 177; 586 177; 587 176; 589 176; 590 175; 598 175; 599 174; 602 174; 603 173; 606 173; 607 172; 610 172; 611 171; 617 171; 618 170; 620 170; 621 169; 621 165; 620 165; 615 160; 615 159; 612 156; 612 155; 611 155; 607 151; 607 150; 600 143; 600 142; 598 140; 598 139; 597 138
31; 383 160; 382 161; 368 161; 367 162; 365 162; 365 167; 369 171; 369 172; 370 173; 370 174; 371 175; 371 176; 372 177; 372 178; 373 179; 373 181; 375 183; 375 184; 376 185; 376 186; 377 187; 377 188; 378 189; 378 190; 380 192; 380 193; 382 195; 382 196; 383 197; 386 197; 386 196; 387 195; 387 193; 388 192; 388 191; 392 187; 392 186; 395 183; 395 182; 397 180; 397 179; 398 178; 398 177; 399 176; 399 175; 400 174; 400 173; 401 172; 401 170; 402 169; 402 168; 404 166; 404 162; 392 162; 391 161; 389 161; 388 160
32; 893 159; 892 160; 892 167; 893 168; 893 174; 892 175; 892 178; 893 179; 893 181; 894 182; 894 187; 895 188; 895 197; 896 198; 896 199; 897 200; 900 200; 902 198; 903 198; 908 193; 909 193; 912 190; 913 190; 914 189; 915 189; 919 185; 920 185; 923 182; 924 182; 928 178; 928 175; 927 174; 926 174; 925 173; 924 173; 923 172; 922 172; 921 171; 920 171; 919 170; 918 170; 917 169; 916 169; 915 168; 913 168; 911 166; 909 166; 908 165; 907 165; 906 164; 904 164; 902 162; 901 162; 899 160; 897 160; 896 159
33; 541 171; 541 178; 542 179; 542 181; 543 182; 543 183; 544 184; 544 186; 545 187; 545 190; 546 191; 546 194; 547 195; 547 197; 548 198; 548 200; 549 201; 549 202; 550 203; 550 206; 551 207; 551 208; 552 209; 555 209; 558 206; 559 206; 559 205; 564 200; 564 199; 567 196; 568 196; 568 195; 570 193; 570 192; 571 191; 571 190; 574 187; 574 186; 576 184; 577 184; 580 181; 580 180; 581 179; 581 178; 580 177; 571 177; 570 176; 568 176; 567 175; 565 175; 564 174; 562 174; 561 173; 554 173; 553 172; 550 172; 549 171
34; 355 174; 354 175; 354 177; 353 178; 353 180; 352 181; 352 182; 351 183; 351 185; 350 186; 350 187; 349 188; 349 189; 346 192; 346 193; 345 194; 345 199; 344 200; 344 204; 343 205; 343 206; 342 207; 342 209; 341 210; 341 212; 342 213; 344 213; 345 212; 348 212; 349 211; 350 212; 359 212; 360 211; 362 211; 363 210; 366 210; 367 209; 371 209; 372 208; 375 208; 376 207; 379 207; 381 205; 381 203; 378 200; 378 199; 373 194; 373 193; 364 184; 364 183; 361 180; 361 179; 359 177; 359 176; 357 174
35; 745 180; 744 181; 744 189; 745 190; 745 206; 746 207; 746 212; 747 213; 747 219; 748 220; 748 221; 751 221; 753 219; 754 219; 756 217; 757 217; 760 214; 761 214; 765 210; 766 210; 768 208; 769 208; 773 204; 774 204; 775 203; 776 203; 780 199; 780 197; 777 194; 777 193; 775 193; 774 192; 772 192; 771 191; 769 191; 766 188; 765 188; 763 186; 760 186; 759 185; 757 185; 756 184; 755 184; 754 183; 753 183; 752 182; 750 182; 749 181; 748 181; 747 180
36; 597 183; 595 185; 595 188; 594 189; 594 195; 593 196; 593 207; 592 208; 592 212; 591 213; 591 216; 590 217; 590 220; 591 221; 591 222; 595 222; 596 221; 597 221; 598 220; 602 220; 603 219; 605 219; 606 218; 607 218; 608 217; 610 217; 611 216; 612 216; 613 215; 614 215; 616 213; 622 213; 623 212; 626 212; 626 209; 628 207; 628 204; 626 202; 625 202; 623 200; 622 200; 621 199; 620 199; 615 194; 614 194; 613 193; 612 193; 610 191; 609 191; 605 187; 604 187; 602 185; 601 185; 599 183
37; 60 193; 60 194; 59 195; 59 210; 58 211; 58 232; 62 232; 63 231; 65 231; 67 229; 69 229; 70 228; 72 228; 73 227; 74 227; 75 226; 76 226; 78 224; 79 224; 80 223; 81 223; 82 222; 83 222; 85 220; 86 220; 88 218; 89 218; 90 217; 92 217; 94 215; 94 213; 92 211; 91 211; 90 210; 89 210; 88 209; 87 209; 86 208; 85 208; 81 204; 80 204; 77 201; 76 201; 75 200; 74 200; 72 198; 71 198; 68 195; 66 195; 64 193
38; 623 213; 622 214; 619 214; 619 215; 617 217; 615 217; 614 218; 613 218; 612 219; 610 219; 608 221; 606 221; 605 222; 604 222; 602 224; 601 224; 600 225; 599 225; 598 226; 597 226; 596 227; 595 227; 594 228; 593 228; 592 229; 592 232; 594 234; 595 234; 599 238; 600 238; 601 239; 602 239; 603 240; 604 240; 608 244; 609 244; 612 247; 613 247; 615 249; 616 249; 617 250; 618 250; 620 252; 621 252; 622 253; 625 253; 626 252; 626 240; 627 239; 627 235; 628 234; 628 232; 627 231; 627 220; 628 219; 628 214; 627 213
39; 822 214; 818 218; 817 218; 815 220; 813 220; 812 221; 811 221; 810 222; 809 222; 808 223; 807 223; 804 226; 803 226; 800 229; 799 229; 798 230; 796 230; 795 231; 794 231; 792 233; 792 236; 794 238; 795 238; 796 239; 797 239; 798 240; 799 240; 800 241; 801 241; 802 242; 803 242; 805 244; 806 244; 809 247; 810 247; 811 248; 813 248; 814 249; 815 249; 817 251; 818 251; 819 252; 821 252; 823 254; 828 254; 828 243; 829 242; 829 234; 828 233; 828 231; 827 230; 827 216; 826 215; 826 214
40; 661 218; 659 220; 658 220; 656 222; 655 222; 648 229; 647 229; 645 231; 644 231; 643 232; 642 232; 641 233; 640 233; 639 234; 638 234; 635 237; 634 237; 632 239; 632 241; 633 242; 634 242; 636 244; 637 244; 638 245; 639 245; 640 246; 641 246; 642 247; 643 247; 644 248; 645 248; 646 249; 648 249; 649 250; 651 250; 652 251; 653 251; 655 253; 656 253; 657 254; 658 254; 659 255; 660 255; 661 256; 662 256; 664 258; 665 258; 666 259; 669 259; 670 258; 670 255; 669 254; 669 239; 668 238; 668 228; 667 227; 667 224; 666 223; 666 218
41; 406 221; 404 223; 404 226; 403 227; 403 231; 402 232; 402 234; 401 235; 401 237; 400 238; 400 244; 399 245; 399 246; 398 247; 398 249; 397 250; 397 253; 396 254; 396 258; 398 260; 402 260; 403 259; 405 259; 406 258; 408 258; 409 257; 412 257; 413 256; 415 256; 416 255; 418 255; 419 254; 423 254; 424 253; 425 253; 426 252; 428 252; 429 251; 431 251; 432 250; 434 250; 435 249; 435 246; 433 244; 432 244; 426 238; 426 237; 425 236; 425 235; 423 233; 422 233; 420 231; 419 231; 416 228; 415 228; 408 221
42; 460 227; 459 228; 458 228; 458 229; 455 232; 455 233; 449 239; 449 240; 447 242; 447 244; 446 245; 446 246; 443 249; 443 250; 442 251; 442 252; 438 256; 438 259; 439 260; 442 260; 443 261; 450 261; 451 262; 458 262; 459 263; 466 263; 467 264; 471 264; 472 265; 477 265; 478 264; 478 262; 477 261; 477 259; 476 258; 476 256; 475 255; 475 254; 474 253; 474 252; 473 251; 473 250; 472 249; 472 246; 471 245; 471 244; 470 243; 470 241; 469 240; 469 238; 468 237; 468 236; 467 235; 467 234; 464 231; 464 230; 463 229; 463 228; 462 227
43; 72 250; 71 251; 70 251; 69 252; 68 252; 67 253; 66 253; 65 254; 64 254; 63 255; 62 255; 59 258; 58 258; 56 260; 55 260; 54 261; 53 261; 52 262; 51 262; 49 264; 48 264; 47 265; 46 265; 45 266; 44 266; 42 268; 42 271; 43 272; 44 272; 46 274; 48 274; 49 275; 50 275; 52 277; 53 277; 54 278; 55 278; 57 280; 58 280; 61 283; 63 283; 64 284; 65 284; 66 285; 67 285; 68 286; 69 286; 70 287; 71 287; 73 289; 76 289; 77 288; 77 272; 78 271; 78 258; 77 257; 78 256; 78 252; 77 251; 77 250
44; 225 252; 224 253; 224 257; 223 258; 223 262; 222 263; 222 265; 223 266; 223 271; 222 272; 222 290; 221 291; 221 294; 222 295; 223 295; 227 291; 228 291; 229 290; 230 290; 231 289; 233 289; 234 288; 235 288; 236 287; 239 287; 240 286; 241 286; 242 285; 243 285; 247 281; 248 281; 250 279; 251 279; 252 278; 254 278; 255 277; 258 277; 258 273; 256 271; 255 271; 254 270; 253 270; 251 268; 250 268; 247 265; 246 265; 242 261; 241 261; 240 260; 239 260; 238 259; 237 259; 235 257; 234 257; 230 253; 229 253; 228 252
45; 616 259; 615 260; 614 260; 612 262; 611 262; 605 268; 604 268; 601 271; 600 271; 600 272; 598 274; 598 275; 595 278; 595 279; 591 283; 590 283; 589 284; 588 284; 588 287; 589 288; 595 288; 596 289; 598 289; 599 290; 600 290; 601 291; 602 291; 603 292; 604 292; 605 293; 607 293; 608 294; 611 294; 612 295; 615 295; 616 296; 617 296; 618 297; 622 297; 623 298; 626 298; 628 296; 628 292; 627 291; 627 289; 626 288; 626 285; 625 284; 625 281; 624 280; 624 278; 623 277; 623 276; 622 275; 623 274; 623 272; 622 271; 622 268; 621 267; 621 264; 620 263; 620 261; 618 259
46; 549 270; 548 271; 548 279; 549 280; 549 288; 550 289; 550 296; 551 297; 551 306; 552 307; 552 308; 553 309; 557 309; 560 306; 561 306; 563 304; 564 304; 566 302; 567 302; 568 301; 569 301; 570 300; 572 300; 575 297; 575 296; 579 292; 580 292; 581 291; 582 291; 585 288; 587 288; 587 284; 582 284; 581 283; 580 283; 579 282; 578 282; 577 281; 576 281; 575 280; 574 280; 573 279; 572 279; 571 278; 569 278; 567 276; 565 276; 563 274; 562 274; 561 273; 559 273; 558 272; 556 272; 555 271; 554 271; 553 270
47; 427 272; 426 273; 424 273; 423 274; 421 274; 420 275; 419 275; 417 277; 416 277; 415 278; 414 278; 413 279; 412 279; 411 280; 410 280; 408 282; 407 282; 406 283; 405 283; 404 284; 403 284; 400 287; 399 287; 398 288; 397 288; 396 289; 395 289; 395 293; 396 293; 397 294; 398 294; 402 298; 403 298; 409 304; 410 304; 411 305; 412 305; 413 306; 415 306; 416 307; 417 307; 419 309; 421 309; 422 310; 423 310; 424 311; 430 311; 430 292; 429 291; 429 283; 430 282; 430 277; 431 276; 431 274; 429 272
48; 961 288; 959 290; 959 292; 958 293; 958 295; 957 296; 957 297; 956 298; 956 299; 955 300; 955 301; 953 303; 953 304; 952 305; 952 307; 951 308; 951 309; 950 310; 950 311; 949 312; 949 313; 948 314; 948 315; 947 316; 947 318; 946 319; 946 322; 947 323; 961 323; 962 322; 971 322; 972 321; 983 321; 984 320; 984 318; 983 317; 983 316; 981 314; 981 313; 980 312; 980 311; 979 310; 979 309; 978 308; 978 307; 977 306; 977 304; 976 303; 976 302; 975 302; 974 301; 974 300; 966 292; 966 291; 965 290; 965 289; 964 288
49; 35 294; 35 296; 34 297; 34 303; 35 304; 35 306; 34 307; 34 312; 33 313; 33 316; 34 317; 34 319; 35 320; 35 324; 34 325; 34 334; 36 334; 37 333; 38 333; 40 331; 41 331; 43 329; 44 329; 45 328; 46 328; 48 326; 50 326; 52 324; 54 324; 55 323; 57 323; 58 322; 59 322; 60 321; 61 321; 62 320; 63 320; 67 316; 68 316; 69 315; 69 312; 68 312; 66 310; 65 310; 64 309; 62 309; 60 307; 59 307; 57 305; 56 305; 54 303; 53 303; 52 302; 51 302; 50 301; 49 301; 47 299; 46 299; 45 298; 44 298; 43 297; 42 297; 39 294
50; 933 295; 932 296; 931 296; 928 299; 927 299; 926 300; 925 300; 916 309; 915 309; 908 316; 908 317; 906 319; 906 322; 907 322; 908 323; 911 323; 912 324; 913 324; 914 325; 916 325; 917 326; 919 326; 921 328; 922 328; 923 329; 924 329; 925 330; 929 330; 930 331; 931 331; 932 332; 933 332; 934 333; 936 333; 937 334; 942 334; 943 333; 943 329; 942 328; 942 326; 941 325; 941 324; 940 323; 940 318; 939 317; 939 308; 938 307; 938 301; 937 300; 937 296; 936 295
51; 220 295; 217 298; 217 299; 212 304; 211 304; 210 305; 209 305; 208 306; 207 306; 204 309; 203 309; 203 310; 202 311; 201 311; 199 313; 198 313; 195 316; 195 317; 193 319; 192 319; 192 322; 193 322; 194 323; 195 323; 196 324; 197 324; 198 325; 201 325; 202 326; 203 326; 204 327; 205 327; 206 328; 207 328; 208 329; 210 329; 211 330; 213 330; 214 331; 216 331; 217 332; 218 332; 219 333; 220 333; 221 334; 223 334; 224 335; 228 335; 228 324; 227 323; 227 317; 226 316; 226 314; 225 313; 225 306; 224 305; 224 301; 223 300; 223 297; 221 295
52; 892 304; 891 305; 890 305; 889 306; 888 306; 887 307; 886 307; 885 308; 884 308; 883 309; 881 309; 880 310; 876 310; 873 313; 872 313; 869 316; 868 316; 867 317; 866 317; 865 318; 864 318; 863 319; 862 319; 862 322; 863 323; 864 323; 865 324; 866 324; 869 327; 870 327; 873 330; 874 330; 882 338; 883 338; 885 340; 886 340; 887 341; 889 341; 890 342; 895 342; 895 335; 896 334; 896 321; 897 320; 897 316; 898 315; 898 313; 897 312; 897 311; 898 310; 898 305; 897 304
53; 801 305; 800 306; 800 307; 799 308; 799 311; 800 312; 800 314; 801 315; 801 317; 802 318; 802 327; 803 328; 803 331; 804 332; 804 334; 805 335; 805 344; 806 345; 810 345; 811 344; 811 343; 816 338; 817 338; 818 337; 820 337; 826 331; 826 330; 833 323; 834 323; 836 321; 836 318; 835 317; 834 317; 833 316; 831 316; 830 315; 828 315; 827 314; 825 314; 824 313; 822 313; 821 312; 820 312; 819 311; 818 311; 817 310; 815 310; 814 309; 812 309; 811 308; 809 308; 808 307; 806 307; 805 306; 804 306; 803 305
54; 536 310; 536 314; 537 315; 537 317; 538 318; 538 319; 539 320; 539 322; 540 323; 540 331; 541 332; 541 333; 542 334; 542 335; 543 336; 543 339; 544 340; 544 346; 545 347; 545 348; 548 348; 554 342; 555 342; 563 334; 563 333; 565 331; 566 331; 574 323; 574 321; 573 321; 572 320; 571 320; 570 319; 569 319; 568 318; 565 318; 564 317; 562 317; 561 316; 560 316; 559 315; 556 315; 555 314; 551 314; 550 313; 547 313; 546 312; 545 312; 544 311; 542 311; 541 310
55; 991 314; 990 315; 990 318; 989 319; 989 330; 987 332; 987 333; 988 334; 988 342; 987 343; 987 345; 986 346; 986 351; 987 352; 987 353; 991 353; 992 352; 993 352; 995 350; 997 350; 998 349; 1003 349; 1004 348; 1005 348; 1006 347; 1007 347; 1008 346; 1009 346; 1011 344; 1012 344; 1013 343; 1014 343; 1016 341; 1017 341; 1018 340; 1023 340; 1023 332; 1017 332; 1012 327; 1011 327; 1010 326; 1009 326; 1007 324; 1006 324; 1004 322; 1003 322; 1002 321; 1001 321; 999 319; 998 319; 993 314
56; 139 317; 138 318; 136 318; 135 319; 134 319; 132 321; 131 321; 127 325; 126 325; 124 327; 123 327; 122 328; 121 328; 120 329; 119 329; 118 330; 117 330; 114 333; 113 333; 112 334; 111 334; 110 335; 110 337; 112 339; 113 339; 114 340; 115 340; 117 342; 118 342; 119 343; 120 343; 121 344; 122 344; 124 346; 125 346; 127 348; 128 348; 130 350; 131 350; 133 352; 134 352; 136 354; 137 354; 139 356; 141 356; 142 357; 145 357; 145 354; 144 353; 144 349; 145 348; 145 343; 146 342; 146 336; 145 335; 145 333; 144 332; 144 330; 145 329; 145 323; 144 322; 144 318; 143 317
57; 726 320; 711 335; 711 336; 709 338; 708 338; 706 340; 706 341; 705 342; 705 343; 703 345; 703 349; 704 349; 705 350; 707 350; 708 351; 713 351; 714 352; 717 352; 718 353; 725 353; 726 354; 729 354; 730 355; 733 355; 734 356; 741 356; 741 350; 740 349; 740 346; 739 345; 739 344; 738 343; 738 341; 737 340; 737 335; 735 333; 735 332; 733 330; 733 328; 732 327; 732 325; 731 324; 731 323; 729 321; 729 320
58; 67 322; 64 325; 63 325; 61 327; 60 327; 58 329; 57 329; 55 331; 54 331; 52 333; 51 333; 48 336; 47 336; 42 341; 41 341; 40 342; 39 342; 38 343; 38 345; 39 346; 40 346; 42 348; 43 348; 44 349; 47 349; 48 350; 50 350; 51 351; 52 351; 53 352; 54 352; 55 353; 56 353; 57 354; 58 354; 60 356; 61 356; 62 357; 63 357; 64 358; 66 358; 68 360; 70 360; 71 361; 75 361; 75 355; 74 354; 74 339; 73 338; 73 336; 72 335; 72 332; 71 331; 71 324; 69 322
59; 981 327; 980 328; 979 328; 978 329; 976 329; 975 330; 969 330; 968 331; 967 331; 966 332; 965 332; 964 333; 962 333; 961 334; 956 334; 955 335; 953 335; 952 336; 951 336; 950 337; 948 337; 947 338; 947 341; 948 341; 952 345; 953 345; 959 351; 959 352; 963 356; 964 356; 968 360; 969 360; 975 366; 978 366; 979 365; 979 356; 980 355; 980 351; 981 350; 981 349; 982 348; 982 347; 983 346; 983 337; 984 336; 984 335; 985 334; 985 333; 987 331; 986 330; 986 329; 985 328; 984 328; 983 327
60; 238 329; 236 331; 236 332; 234 334; 234 335; 233 336; 232 336; 230 338; 230 339; 229 340; 229 341; 227 343; 227 344; 226 345; 226 347; 225 348; 225 349; 224 350; 224 351; 221 354; 221 355; 220 356; 220 357; 219 358; 219 362; 230 362; 231 363; 235 363; 236 362; 241 362; 242 363; 253 363; 254 364; 256 364; 257 363; 258 363; 258 358; 256 356; 256 355; 255 354; 255 353; 254 352; 254 351; 253 350; 253 349; 252 348; 252 347; 250 345; 250 343; 249 342; 249 341; 248 340; 248 339; 246 337; 246 336; 245 336; 243 334; 243 333; 242 332; 242 330; 241 329
61; 29 337; 28 338; 27 338; 26 339; 25 339; 23 341; 22 341; 21 342; 18 342; 17 343; 16 343; 14 345; 13 345; 13 346; 8 351; 7 351; 5 353; 3 353; 2 354; 0 354; 0 360; 2 360; 3 361; 4 361; 5 362; 6 362; 7 363; 9 363; 12 366; 13 366; 15 368; 16 368; 18 370; 19 370; 20 371; 21 371; 22 372; 23 372; 24 373; 26 373; 27 374; 28 374; 29 375; 30 375; 31 376; 34 376; 36 374; 36 367; 35 366; 35 360; 34 359; 34 348; 35 347; 35 346; 36 345; 36 343; 34 341; 34 340; 33 339; 33 338; 32 337
62; 527 349; 523 353; 522 353; 521 354; 520 354; 519 355; 518 355; 517 356; 516 356; 514 358; 513 358; 510 361; 509 361; 507 363; 506 363; 505 364; 504 364; 503 365; 502 365; 501 366; 500 366; 497 369; 497 371; 499 373; 500 373; 501 374; 503 374; 504 375; 505 375; 507 377; 508 377; 509 378; 510 378; 511 379; 513 379; 514 380; 515 380; 517 382; 518 382; 519 383; 520 383; 521 384; 522 384; 523 385; 524 385; 525 386; 526 386; 527 387; 528 387; 529 388; 530 388; 531 389; 534 389; 535 388; 535 381; 534 380; 534 371; 535 370; 535 365; 533 363; 533 361; 532 360; 532 356; 531 355; 532 354; 532 350; 531 349
63; 146 357; 146 360; 147 361; 147 367; 148 368; 148 370; 149 371; 149 377; 150 378; 150 381; 151 382; 151 386; 152 387; 152 392; 153 393; 153 395; 155 397; 158 397; 162 393; 163 393; 165 391; 165 390; 167 388; 168 388; 178 378; 178 377; 179 376; 180 376; 185 371; 185 369; 184 368; 183 368; 182 367; 180 367; 179 366; 178 366; 177 365; 174 365; 173 364; 170 364; 169 363; 167 363; 166 362; 165 362; 164 361; 163 361; 162 360; 158 360; 157 359; 155 359; 154 358; 152 358; 151 357
64; 954 373; 953 374; 953 397; 954 398; 954 407; 955 408; 955 412; 957 414; 959 414; 960 413; 961 413; 963 411; 964 411; 966 409; 967 409; 969 407; 970 407; 972 405; 973 405; 975 403; 976 403; 978 401; 979 401; 981 399; 982 399; 984 397; 985 397; 987 395; 988 395; 989 394; 990 394; 990 390; 989 389; 987 389; 986 388; 985 388; 984 387; 983 387; 982 386; 981 386; 980 385; 979 385; 978 384; 977 384; 975 382; 974 382; 973 381; 971 381; 970 380; 969 380; 968 379; 967 379; 966 378; 964 378; 963 377; 962 377; 959 374; 958 374; 957 373
65; 425 379; 424 380; 420 380; 419 381; 409 381; 408 382; 405 382; 404 383; 394 383; 393 384; 391 384; 390 385; 389 385; 388 386; 388 389; 396 397; 396 398; 397 399; 397 400; 398 401; 398 402; 400 404; 400 406; 399 407; 403 411; 404 410; 405 410; 406 411; 407 411; 408 412; 408 413; 410 415; 410 416; 411 417; 413 417; 417 413; 417 412; 418 411; 418 407; 419 406; 419 405; 420 404; 420 402; 421 401; 421 400; 423 398; 423 397; 424 396; 424 395; 425 394; 425 392; 426 391; 426 389; 427 388; 427 387; 428 386; 428 385; 429 384; 429 381; 427 379
66; 505 402; 505 406; 507 408; 507 410; 508 411; 508 412; 510 414; 510 415; 511 416; 511 417; 512 418; 512 421; 513 422; 513 423; 514 424; 514 425; 515 426; 515 427; 517 429; 517 430; 518 431; 518 432; 519 433; 519 436; 520 437; 520 438; 525 438; 525 437; 526 436; 526 435; 527 434; 527 433; 529 431; 529 430; 532 427; 532 426; 534 424; 534 423; 535 422; 535 421; 536 420; 536 419; 542 413; 542 412; 544 410; 544 406; 543 405; 535 405; 534 404; 527 404; 526 403; 522 403; 521 402
67; 676 394; 676 395; 673 398; 673 399; 668 404; 667 404; 666 405; 666 406; 660 412; 659 412; 653 418; 653 419; 652 420; 652 424; 653 424; 654 425; 658 425; 659 426; 663 426; 664 427; 667 427; 668 428; 669 428; 670 429; 672 429; 673 430; 677 430; 678 431; 683 431; 684 432; 685 432; 686 433; 689 433; 689 427; 688 426; 688 421; 687 420; 687 417; 686 416; 686 412; 685 411; 685 409; 684 408; 684 406; 683 405; 683 403; 682 402; 682 400; 681 399; 681 395; 680 394
68; 924 405; 923 406; 919 406; 918 407; 906 407; 906 411; 908 413; 908 414; 910 416; 910 417; 912 419; 912 420; 913 421; 913 422; 914 423; 914 424; 916 426; 916 427; 917 428; 917 430; 918 431; 918 432; 919 433; 919 435; 922 438; 922 439; 923 440; 926 440; 932 434; 932 433; 934 431; 934 430; 935 429; 935 428; 936 427; 936 426; 937 425; 937 423; 938 422; 938 421; 942 417; 942 416; 943 415; 943 414; 946 411; 946 408; 945 407; 940 407; 939 406; 929 406; 928 405
69; 398 408; 397 409; 396 409; 395 410; 392 410; 391 411; 389 411; 388 412; 385 412; 384 413; 382 413; 381 414; 379 414; 378 415; 376 415; 375 416; 373 416; 372 417; 370 417; 369 418; 366 418; 365 419; 364 419; 364 422; 369 427; 369 428; 375 434; 375 435; 379 439; 380 439; 381 440; 382 440; 389 447; 392 447; 392 446; 393 445; 393 444; 394 443; 394 442; 395 441; 395 435; 396 434; 396 432; 397 431; 397 430; 399 428; 399 425; 400 424; 400 421; 401 420; 401 418; 402 417; 402 411; 399 408
70; 969 416; 968 417; 967 417; 966 418; 957 418; 956 419; 955 419; 954 420; 954 423; 955 424; 955 425; 956 426; 956 427; 957 428; 957 429; 959 431; 959 432; 960 433; 960 435; 961 435; 962 436; 962 437; 964 439; 964 440; 966 442; 966 443; 967 444; 967 445; 972 450; 972 451; 976 451; 979 448; 979 447; 980 446; 980 445; 981 444; 981 443; 982 442; 982 441; 983 440; 983 439; 985 437; 985 435; 986 434; 986 432; 987 431; 987 430; 989 428; 989 427; 990 426; 990 424; 991 423; 991 422; 992 421; 992 417; 991 416; 986 416; 985 417; 975 417; 974 416
71; 344 410; 342 412; 342 414; 341 415; 341 419; 340 420; 340 422; 338 424; 338 425; 337 426; 337 427; 336 428; 336 435; 335 436; 335 439; 334 440; 334 447; 335 448; 341 448; 342 447; 347 447; 348 446; 354 446; 355 445; 358 445; 359 444; 362 444; 363 443; 364 443; 365 442; 367 442; 368 441; 369 441; 369 440; 370 439; 370 437; 359 426; 359 425; 357 423; 357 422; 356 421; 356 420; 353 417; 352 417; 350 415; 350 414; 347 411; 347 410
72; 85 432; 84 433; 84 437; 85 438; 85 439; 86 440; 86 441; 87 442; 87 443; 88 444; 88 445; 89 446; 89 447; 90 448; 90 449; 92 451; 92 452; 93 453; 93 454; 94 455; 94 456; 95 457; 95 458; 96 459; 96 460; 98 462; 100 462; 101 461; 101 456; 100 455; 100 453; 97 450; 97 449; 96 448; 96 447; 95 446; 95 445; 93 443; 93 440; 94 439; 101 439; 102 438; 107 438; 108 439; 109 439; 111 441; 111 443; 113 443; 114 444; 116 444; 117 443; 117 442; 118 441; 118 439; 119 438; 120 438; 121 437; 123 437; 125 435; 126 435; 126 434; 125 434; 124 433; 123 433; 122 432; 115 432; 114 433; 106 433; 105 432; 99 432; 98 433; 96 433; 95 432
73; 879 417; 879 440; 878 441; 878 450; 879 451; 879 456; 883 456; 885 454; 886 454; 888 452; 889 452; 891 450; 892 450; 893 449; 894 449; 895 448; 896 448; 897 447; 899 447; 900 446; 901 446; 903 444; 904 444; 907 441; 908 441; 909 440; 910 440; 911 439; 912 439; 913 438; 913 435; 912 435; 911 434; 910 434; 909 433; 907 433; 905 431; 904 431; 902 429; 901 429; 898 426; 897 426; 895 424; 893 424; 892 423; 891 423; 890 422; 889 422; 887 420; 886 420; 885 419; 884 419; 882 417
74; 464 420; 462 422; 461 422; 459 424; 458 424; 457 425; 456 425; 450 431; 449 431; 448 432; 447 432; 445 434; 444 434; 442 436; 441 436; 438 439; 437 439; 436 440; 436 443; 437 444; 438 444; 440 446; 441 446; 442 447; 443 447; 444 448; 445 448; 447 450; 448 450; 449 451; 450 451; 451 452; 452 452; 453 453; 455 453; 456 454; 457 454; 458 455; 459 455; 460 456; 461 456; 463 458; 464 458; 465 459; 466 459; 467 460; 469 460; 469 439; 468 438; 468 435; 467 434; 467 432; 468 431; 468 423; 467 422; 467 420
75; 944 421; 943 422; 943 424; 941 426; 941 427; 939 429; 939 430; 938 431; 938 433; 936 435; 936 436; 934 438; 934 439; 933 440; 933 441; 932 442; 932 443; 931 444; 931 446; 930 447; 930 448; 929 449; 929 451; 928 452; 928 455; 929 456; 930 456; 931 457; 937 457; 939 459; 944 459; 944 457; 945 456; 948 456; 949 455; 958 455; 959 454; 961 454; 962 453; 965 453; 966 452; 966 449; 964 447; 964 446; 960 442; 960 441; 959 440; 959 439; 956 436; 956 435; 955 434; 955 433; 953 431; 953 430; 951 428; 951 427; 950 426; 950 425; 949 424; 949 423; 947 421
76; 410 422; 409 423; 409 424; 408 425; 408 427; 406 429; 406 431; 405 432; 405 434; 404 435; 404 436; 403 437; 403 438; 402 439; 402 440; 401 441; 401 443; 400 444; 400 446; 399 447; 399 448; 398 449; 398 451; 397 452; 397 453; 396 454; 396 455; 395 456; 395 458; 396 459; 400 459; 401 458; 410 458; 411 457; 420 457; 421 458; 423 458; 424 457; 426 457; 429 454; 431 454; 432 453; 433 453; 433 451; 432 450; 432 449; 431 448; 431 447; 430 446; 430 445; 426 441; 426 440; 420 434; 420 433; 418 431; 418 430; 415 427; 415 426; 414 425; 414 424; 412 422
77; 644 434; 643 435; 643 438; 644 439; 644 441; 645 442; 645 443; 646 444; 646 445; 647 446; 647 447; 648 448; 648 449; 649 450; 649 451; 650 452; 650 454; 651 455; 651 456; 652 457; 652 458; 653 459; 653 460; 654 461; 654 462; 655 463; 655 464; 657 466; 657 467; 658 468; 661 468; 662 467; 662 466; 667 461; 667 460; 673 454; 673 453; 674 452; 674 450; 677 447; 677 446; 680 443; 680 442; 681 441; 681 439; 680 439; 679 438; 677 438; 676 437; 673 437; 672 436; 669 436; 668 435; 653 435; 652 434
78; 125 436; 123 438; 124 439; 124 440; 125 441; 124 442; 124 447; 123 448; 123 455; 122 456; 122 459; 121 460; 121 474; 125 474; 126 473; 127 473; 128 472; 129 472; 130 471; 132 471; 133 470; 134 470; 135 469; 136 469; 137 468; 138 468; 139 467; 141 467; 142 466; 143 466; 144 465; 145 465; 146 464; 148 464; 149 463; 152 463; 153 462; 154 462; 156 460; 156 458; 155 457; 154 457; 149 452; 148 452; 145 449; 145 448; 142 445; 141 445; 140 444; 139 444; 137 442; 136 442; 135 441; 134 441; 131 438; 130 438; 128 436
79; 821 438; 811 448; 810 448; 801 457; 800 457; 799 458; 799 459; 796 462; 796 465; 799 465; 800 466; 801 466; 803 468; 805 468; 806 469; 808 469; 809 470; 813 470; 814 471; 816 471; 817 472; 821 472; 822 473; 824 473; 825 474; 827 474; 828 475; 833 475; 835 473; 834 472; 834 471; 833 470; 833 468; 832 467; 832 464; 831 463; 831 460; 830 459; 830 456; 829 455; 829 452; 828 451; 828 449; 827 448; 827 445; 826 444; 826 442; 825 441; 825 440; 824 439; 824 438
80; 687 440; 686 441; 686 443; 685 444; 685 445; 684 446; 684 447; 683 448; 683 449; 682 450; 682 451; 680 453; 680 454; 678 456; 678 458; 677 459; 677 461; 676 462; 676 463; 675 464; 675 465; 673 467; 673 473; 674 473; 675 474; 677 474; 678 475; 683 475; 684 474; 693 474; 694 473; 696 473; 697 472; 702 472; 703 471; 710 471; 711 470; 711 468; 710 467; 710 466; 706 462; 706 461; 703 458; 703 457; 701 455; 701 454; 698 451; 698 450; 697 449; 697 448; 690 441; 690 440
81; 496 473; 504 482; 520 478; 527 474; 537 474; 537 471; 534 468; 530 457; 520 444; 519 440; 515 441; 510 453; 507 456
82; 507 456; 505 455; 504 438; 502 436; 500 436; 491 445; 487 447; 480 456; 473 460; 474 463; 484 466; 496 473
83; 361 450; 354 457; 353 457; 350 460; 350 461; 348 463; 348 464; 342 470; 342 471; 338 475; 337 475; 337 477; 339 479; 342 479; 343 480; 347 480; 348 481; 351 481; 352 482; 353 482; 354 483; 355 483; 356 484; 361 484; 362 485; 366 485; 367 486; 375 486; 376 485; 376 483; 375 482; 375 480; 374 479; 374 478; 373 477; 373 475; 372 474; 372 472; 371 471; 371 469; 370 468; 370 467; 369 466; 369 465; 368 464; 368 461; 367 460; 367 458; 366 457; 366 455; 365 454; 365 453; 364 452; 364 451; 363 450
84; 424 458; 423 459; 421 459; 419 461; 416 461; 415 462; 411 462; 410 463; 408 463; 407 464; 404 464; 403 465; 401 465; 400 466; 395 466; 394 467; 393 467; 392 468; 391 468; 391 471; 392 472; 392 475; 391 476; 393 476; 396 479; 397 479; 399 481; 399 483; 400 483; 401 484; 402 484; 405 487; 406 487; 410 491; 410 492; 415 497; 418 497; 419 496; 419 495; 420 494; 420 490; 421 489; 421 486; 422 485; 422 484; 423 483; 423 481; 424 480; 424 478; 425 477; 425 473; 426 472; 426 466; 427 465; 427 459; 426 458
85; 846 454; 845 455; 845 456; 844 457; 844 459; 843 460; 843 461; 842 462; 842 463; 841 464; 841 465; 840 466; 840 468; 839 469; 839 470; 838 471; 838 472; 836 474; 835 474; 834 475; 834 476; 835 477; 835 483; 834 484; 834 485; 833 486; 833 492; 836 492; 838 490; 839 490; 840 489; 844 489; 845 488; 849 488; 850 487; 855 487; 856 486; 865 486; 866 485; 867 485; 868 484; 870 484; 871 483; 872 483; 872 480; 867 475; 867 474; 860 467; 860 466; 852 458; 852 457; 849 454
86; 940 460; 940 480; 941 481; 941 492; 942 493; 942 498; 943 499; 946 499; 950 495; 951 495; 953 493; 955 493; 956 492; 957 492; 958 491; 959 491; 969 481; 970 481; 971 480; 972 480; 973 479; 974 479; 975 478; 975 476; 973 474; 971 474; 970 473; 968 473; 967 472; 966 472; 964 470; 963 470; 960 467; 959 467; 958 466; 956 466; 955 465; 953 465; 952 464; 951 464; 948 461; 946 461; 945 460
87; 110 444; 110 445; 109 446; 109 448; 108 449; 108 451; 107 452; 107 453; 106 454; 106 456; 105 457; 105 459; 103 461; 102 461; 100 463; 102 465; 102 466; 103 467; 104 467; 105 468; 105 470; 100 475; 100 476; 95 481; 94 481; 91 484; 90 484; 88 486; 87 486; 84 489; 84 491; 86 493; 88 493; 89 494; 90 494; 92 496; 94 496; 95 497; 97 497; 98 498; 99 498; 100 499; 103 499; 104 500; 108 500; 109 501; 111 501; 112 502; 114 502; 116 504; 120 504; 121 503; 121 497; 120 496; 120 486; 119 485; 119 484; 118 483; 118 482; 117 481; 117 477; 116 476; 116 473; 115 472; 115 470; 114 469; 114 466; 113 466; 112 465; 111 465; 110 464; 110 460; 111 459; 111 457; 112 456; 112 454; 113 453; 113 452; 114 451; 114 450; 115 449; 115 447; 116 446; 116 445; 114 445; 113 444
88; 71 474; 70 475; 60 475; 59 476; 55 476; 54 477; 49 477; 48 478; 40 478; 39 479; 39 482; 41 484; 41 485; 43 487; 43 488; 44 489; 44 490; 45 491; 45 492; 46 493; 46 494; 47 495; 47 496; 55 504; 55 505; 59 509; 59 510; 60 511; 62 511; 63 510; 63 508; 64 507; 64 506; 65 505; 65 504; 66 503; 66 502; 67 501; 67 500; 68 499; 68 497; 69 496; 69 495; 70 494; 70 493; 72 491; 72 490; 73 489; 73 488; 74 487; 74 484; 75 483; 75 481; 76 480; 76 479; 77 478; 77 475; 76 474
89; 390 477; 390 478; 389 479; 389 480; 387 482; 387 483; 384 486; 384 487; 382 489; 382 490; 380 492; 380 493; 379 494; 379 496; 378 497; 378 498; 377 499; 377 500; 375 502; 375 504; 373 506; 373 507; 372 508; 372 511; 374 511; 375 512; 393 512; 394 513; 407 513; 408 512; 412 512; 412 510; 409 507; 409 506; 408 505; 408 504; 407 503; 407 501; 406 500; 406 499; 405 498; 405 497; 402 494; 402 492; 399 489; 399 488; 398 487; 398 483; 396 481; 396 480; 393 477
90; 512 483; 512 484; 509 487; 508 487; 506 489; 505 489; 503 491; 502 491; 500 493; 499 493; 492 500; 491 500; 490 501; 489 501; 488 502; 487 502; 485 504; 485 506; 486 507; 487 507; 488 508; 489 508; 490 509; 491 509; 492 510; 493 510; 494 511; 495 511; 496 512; 497 512; 498 513; 499 513; 500 514; 501 514; 503 516; 505 516; 506 517; 507 517; 508 518; 510 518; 511 519; 512 519; 513 520; 515 520; 516 521; 517 521; 518 522; 520 522; 521 521; 522 521; 522 516; 521 515; 521 513; 520 512; 520 507; 519 506; 519 488; 518 487; 518 486; 517 485; 517 484; 516 483
91; 573 488; 572 489; 572 492; 573 493; 573 494; 574 495; 574 499; 575 500; 575 501; 576 502; 576 505; 577 506; 577 508; 578 509; 578 510; 579 511; 579 512; 580 513; 580 518; 581 519; 581 521; 583 523; 583 524; 585 526; 587 526; 589 524; 589 523; 595 517; 595 516; 596 515; 596 514; 601 509; 601 508; 606 503; 606 502; 609 499; 609 498; 610 497; 610 495; 609 494; 607 494; 606 493; 603 493; 602 492; 594 492; 593 491; 588 491; 587 490; 585 490; 584 489; 581 489; 580 488
92; 445 493; 443 495; 442 495; 441 496; 440 496; 438 498; 437 498; 436 499; 435 499; 434 500; 433 500; 432 501; 431 501; 430 502; 429 502; 426 505; 425 505; 424 506; 423 506; 422 507; 420 507; 419 508; 418 508; 417 509; 415 509; 414 510; 413 510; 413 512; 414 513; 415 513; 416 514; 418 514; 420 516; 421 516; 423 518; 424 518; 428 522; 429 522; 431 524; 432 524; 434 526; 435 526; 437 528; 438 528; 439 529; 440 529; 444 533; 445 533; 446 534; 448 534; 448 520; 449 519; 449 502; 448 501; 448 500; 449 499; 449 494; 448 493
93; 833 493; 833 500; 834 501; 834 505; 835 506; 835 515; 836 516; 836 518; 837 519; 837 520; 838 521; 838 523; 839 524; 839 527; 840 528; 840 531; 841 532; 841 533; 844 533; 852 525; 853 525; 860 518; 860 517; 870 507; 870 504; 869 504; 868 503; 866 503; 865 502; 862 502; 861 501; 859 501; 858 500; 856 500; 855 499; 850 499; 849 498; 847 498; 846 497; 845 497; 844 496; 841 496; 840 495; 838 495; 837 494; 837 493
94; 965 498; 964 499; 961 499; 960 500; 958 500; 957 501; 951 501; 950 502; 949 502; 948 501; 947 501; 946 500; 943 500; 943 501; 942 502; 941 502; 939 504; 936 504; 935 505; 934 505; 933 506; 933 508; 939 514; 939 515; 946 522; 946 523; 954 531; 954 532; 957 535; 960 535; 964 531; 964 524; 966 522; 966 521; 967 520; 967 515; 968 514; 968 511; 969 510; 969 508; 970 507; 970 506; 971 505; 971 502; 972 501; 972 499; 971 498
95; 547 492; 545 494; 545 497; 544 498; 544 500; 543 501; 543 503; 542 504; 542 506; 541 507; 541 509; 540 510; 540 511; 539 512; 539 514; 538 515; 538 516; 537 517; 537 518; 536 519; 536 520; 535 521; 535 523; 534 524; 534 528; 535 529; 545 529; 546 528; 553 528; 554 527; 560 527; 561 526; 564 526; 565 525; 570 525; 571 524; 572 524; 573 523; 573 520; 567 514; 567 513; 564 510; 564 508; 562 506; 561 506; 552 497; 552 496; 550 494; 550 493; 549 492
96; 117 509; 116 510; 109 510; 108 511; 97 511; 96 512; 90 512; 89 513; 86 513; 85 514; 84 514; 83 515; 83 517; 85 519; 85 520; 89 524; 89 525; 92 528; 92 529; 95 532; 95 533; 96 534; 96 535; 98 537; 98 538; 99 539; 99 540; 100 541; 100 542; 101 543; 101 544; 103 546; 107 546; 108 545; 108 543; 109 542; 109 541; 110 540; 110 539; 111 538; 111 537; 112 536; 112 534; 114 532; 114 531; 115 530; 115 529; 116 528; 116 526; 117 525; 117 524; 118 523; 118 520; 119 519; 119 517; 120 516; 120 515; 121 514; 121 509
97; 362 513; 361 514; 359 514; 358 515; 357 515; 356 516; 355 516; 353 518; 352 518; 351 519; 350 519; 342 527; 341 527; 339 529; 338 529; 334 533; 334 537; 335 538; 336 538; 337 539; 339 539; 340 540; 342 540; 343 541; 344 541; 345 542; 346 542; 347 543; 349 543; 350 544; 351 544; 352 545; 353 545; 354 546; 359 546; 360 547; 361 547; 362 548; 364 548; 365 549; 366 549; 367 550; 370 550; 372 548; 372 546; 371 545; 371 540; 370 539; 370 529; 369 528; 369 521; 368 520; 368 518; 367 517; 367 516; 364 513
98; 997 526; 996 527; 983 527; 982 528; 976 528; 975 529; 972 529; 971 530; 968 530; 967 531; 966 531; 966 533; 967 534; 967 535; 969 537; 969 538; 972 541; 972 542; 974 544; 974 545; 976 547; 976 548; 978 550; 978 551; 986 559; 986 560; 989 563; 992 563; 994 561; 994 559; 995 558; 995 555; 996 554; 996 552; 998 550; 998 549; 999 548; 999 546; 1000 545; 1000 544; 1001 543; 1001 542; 1002 541; 1002 539; 1003 538; 1003 536; 1004 535; 1004 534; 1005 533; 1005 532; 1006 531; 1006 527; 1005 527; 1004 526
99; 449 537; 449 538; 448 539; 448 540; 446 542; 446 543; 444 545; 444 546; 441 549; 441 550; 440 551; 440 552; 438 554; 438 555; 437 556; 437 557; 434 560; 434 561; 432 563; 432 564; 430 566; 430 567; 429 568; 429 570; 430 571; 435 571; 436 572; 445 572; 446 573; 457 573; 458 574; 461 574; 462 575; 467 575; 467 574; 468 573; 468 567; 467 566; 467 565; 466 564; 466 563; 464 561; 464 559; 463 558; 463 555; 462 554; 462 553; 461 552; 461 551; 459 549; 459 548; 457 546; 457 545; 456 544; 456 543; 454 541; 454 539; 452 537
100; 730 562; 729 563; 708 563; 707 564; 702 564; 701 563; 696 563; 695 564; 695 568; 696 569; 696 570; 698 572; 698 573; 699 574; 699 575; 701 577; 701 578; 702 579; 702 582; 703 583; 703 584; 704 585; 704 586; 705 586; 708 589; 708 590; 710 592; 710 593; 711 594; 711 595; 712 596; 712 597; 713 598; 713 599; 715 601; 716 601; 717 600; 718 600; 718 596; 719 595; 719 594; 720 593; 720 592; 723 589; 723 588; 725 586; 725 585; 726 584; 726 583; 728 581; 728 580; 729 579; 729 577; 730 576; 730 574; 731 573; 731 572; 732 571; 732 570; 733 569; 733 568; 735 566; 735 564; 734 563; 734 562
101; 1014 553; 1013 554; 1012 554; 1011 555; 1010 555; 1004 561; 1004 562; 1003 563; 1003 564; 990 577; 990 580; 992 582; 993 582; 994 583; 997 583; 998 584; 1001 584; 1002 585; 1003 585; 1005 587; 1006 587; 1007 588; 1013 588; 1014 589; 1016 589; 1017 590; 1018 590; 1019 591; 1023 591; 1023 581; 1022 581; 1021 580; 1017 580; 1016 581; 1013 581; 1012 580; 1011 580; 1010 579; 1008 579; 1007 578; 1006 578; 1004 576; 1004 575; 1006 573; 1006 572; 1007 571; 1007 570; 1008 569; 1008 567; 1009 566; 1009 565; 1014 560; 1015 560; 1016 561; 1016 565; 1015 566; 1015 571; 1016 572; 1016 573; 1017 574; 1017 575; 1018 576; 1018 577; 1019 578; 1021 578; 1022 577; 1023 577; 1023 560; 1022 560; 1021 559; 1021 557; 1020 556; 1020 555; 1019 555; 1017 553
102; 167 559; 165 561; 165 566; 164 567; 164 569; 163 570; 163 571; 162 572; 162 574; 161 575; 161 576; 160 577; 160 578; 159 579; 159 581; 158 582; 158 584; 157 585; 157 586; 156 587; 156 589; 155 590; 155 597; 156 598; 159 598; 160 597; 163 597; 164 596; 168 596; 169 595; 176 595; 177 594; 181 594; 182 593; 185 593; 186 592; 190 592; 191 591; 192 591; 193 590; 193 586; 187 580; 187 579; 183 575; 183 574; 182 573; 182 572; 178 568; 177 568; 174 565; 174 564; 171 561; 171 560; 170 560; 169 559
103; 260 581; 260 582; 259 583; 259 588; 258 589; 258 592; 257 593; 257 594; 256 595; 256 596; 255 597; 255 598; 254 599; 254 604; 253 605; 253 613; 252 614; 252 617; 255 617; 256 618; 258 618; 259 619; 261 619; 262 618; 264 618; 265 617; 266 617; 267 616; 269 616; 270 615; 275 615; 276 614; 277 614; 278 613; 280 613; 281 612; 286 612; 287 611; 288 611; 289 610; 290 610; 290 607; 288 605; 287 605; 283 601; 283 600; 280 597; 280 596; 277 593; 276 593; 265 582; 265 581
104; 366 586; 362 590; 362 591; 361 592; 361 594; 360 595; 360 597; 358 599; 358 600; 355 603; 355 608; 354 609; 354 611; 353 612; 353 614; 352 615; 352 617; 351 618; 351 619; 350 620; 350 621; 352 621; 353 622; 354 622; 355 623; 360 623; 361 622; 364 622; 365 621; 371 621; 372 620; 377 620; 378 619; 385 619; 386 618; 390 618; 391 617; 391 613; 390 612; 389 612; 387 610; 387 609; 384 606; 384 605; 381 602; 381 601; 378 598; 378 597; 373 592; 373 591; 371 589; 371 588; 369 586
105; 19 595; 18 596; 17 596; 17 600; 18 601; 18 602; 19 603; 19 605; 20 606; 20 609; 21 610; 21 612; 22 613; 22 616; 23 617; 23 620; 24 621; 24 623; 25 624; 25 625; 26 626; 26 628; 27 629; 27 635; 28 636; 29 636; 31 634; 32 634; 33 633; 33 632; 36 629; 36 628; 38 626; 39 626; 41 624; 42 624; 43 623; 44 623; 45 622; 45 621; 47 619; 47 618; 52 613; 53 613; 53 612; 56 609; 56 608; 57 607; 57 605; 56 604; 55 604; 54 603; 49 603; 48 602; 47 602; 46 601; 42 601; 41 600; 39 600; 38 599; 35 599; 34 598; 32 598; 31 597; 29 597; 28 596; 25 596; 24 595
106; 717 601; 716 602; 715 602; 716 603; 716 623; 717 624; 717 627; 718 628; 718 637; 719 638; 719 641; 720 642; 720 643; 721 644; 723 644; 724 643; 724 642; 728 638; 729 638; 731 636; 732 636; 734 634; 735 634; 737 632; 738 632; 740 630; 741 630; 744 627; 745 627; 747 625; 748 625; 749 624; 750 624; 751 623; 752 623; 754 621; 754 619; 753 618; 752 618; 750 616; 749 616; 748 615; 746 615; 745 614; 743 614; 741 612; 739 612; 738 611; 737 611; 735 609; 734 609; 733 608; 732 608; 731 607; 730 607; 727 604; 726 604; 725 603; 723 603; 722 602; 720 602; 719 601
107; 251 618; 251 620; 250 621; 250 624; 251 625; 251 626; 253 628; 253 629; 254 630; 254 631; 255 632; 255 635; 256 636; 256 637; 257 638; 257 642; 261 646; 261 647; 263 649; 263 650; 264 651; 264 652; 265 653; 265 654; 266 655; 266 656; 268 658; 270 658; 272 656; 272 655; 274 653; 274 652; 276 650; 276 649; 278 647; 278 646; 279 645; 279 644; 281 642; 281 641; 284 638; 284 637; 287 634; 287 633; 291 629; 291 625; 289 625; 288 624; 278 624; 277 623; 274 623; 273 622; 261 622; 258 619; 256 619; 255 618
108; 349 622; 349 624; 348 625; 348 631; 347 632; 347 636; 348 637; 347 638; 347 642; 346 643; 346 644; 345 645; 345 657; 344 658; 344 664; 349 664; 350 663; 352 663; 353 662; 355 662; 356 661; 357 661; 358 660; 360 660; 361 659; 363 659; 364 658; 365 658; 366 657; 368 657; 369 656; 371 656; 372 655; 373 655; 374 654; 375 654; 376 653; 377 653; 378 652; 381 652; 382 651; 382 648; 380 646; 379 646; 376 643; 375 643; 369 637; 368 637; 366 635; 365 635; 362 632; 361 632; 357 628; 356 628; 355 627; 355 624; 354 623; 353 623; 352 622
109; 655 625; 653 627; 653 628; 652 629; 652 630; 651 631; 651 632; 650 633; 650 634; 649 635; 649 636; 645 640; 645 641; 643 643; 643 645; 642 646; 642 647; 641 648; 641 649; 640 650; 640 651; 639 652; 639 653; 636 656; 636 659; 637 660; 640 660; 641 661; 668 661; 669 662; 674 662; 676 660; 676 657; 674 655; 674 654; 672 652; 672 651; 671 650; 671 649; 670 648; 670 646; 669 645; 669 644; 668 643; 668 642; 667 641; 667 640; 666 639; 666 637; 665 636; 665 634; 660 629; 660 628; 657 625
110; 25 636; 24 637; 23 637; 19 641; 18 641; 16 643; 15 643; 13 645; 12 645; 9 648; 8 648; 7 649; 6 649; 4 651; 3 651; 2 652; 0 652; 0 665; 2 665; 3 666; 4 666; 5 667; 6 667; 7 668; 8 668; 9 669; 11 669; 13 671; 15 671; 16 672; 17 672; 18 673; 19 673; 20 674; 21 674; 22 675; 23 675; 24 676; 25 676; 26 677; 31 677; 31 665; 30 664; 30 651; 29 650; 29 649; 28 648; 28 637; 27 636
111; 447 637; 446 638; 445 638; 444 639; 443 639; 441 641; 440 641; 436 645; 433 645; 432 646; 430 646; 427 649; 427 650; 425 652; 424 652; 423 653; 422 653; 421 654; 420 654; 418 656; 417 656; 417 660; 418 660; 419 661; 420 661; 421 662; 422 662; 423 663; 424 663; 426 665; 427 665; 430 668; 431 668; 432 669; 433 669; 435 671; 436 671; 437 672; 438 672; 440 674; 441 674; 442 675; 443 675; 444 676; 445 676; 446 677; 447 677; 448 678; 451 678; 452 677; 452 668; 451 667; 451 661; 452 660; 452 654; 453 653; 453 646; 452 645; 452 637
112; 721 645; 721 646; 720 647; 720 648; 709 659; 708 659; 695 672; 695 675; 696 676; 697 676; 698 677; 700 677; 701 678; 705 678; 706 679; 707 679; 708 680; 709 680; 710 681; 711 681; 713 683; 715 683; 716 684; 723 684; 724 685; 730 685; 731 686; 733 686; 735 684; 735 681; 733 679; 733 678; 732 677; 732 674; 731 673; 731 670; 730 669; 730 666; 729 665; 729 661; 728 660; 728 659; 727 658; 727 656; 726 655; 726 652; 725 651; 725 648; 723 646; 723 645
113; 769 666; 768 667; 767 667; 762 672; 761 672; 760 673; 759 673; 757 675; 754 675; 753 676; 751 676; 746 681; 745 681; 744 682; 742 682; 741 683; 736 683; 736 684; 734 686; 734 687; 735 688; 736 688; 738 690; 740 690; 742 692; 743 692; 746 695; 747 695; 748 696; 754 696; 755 695; 757 695; 760 692; 761 692; 764 689; 765 689; 767 691; 767 693; 768 694; 768 696; 769 697; 769 698; 770 699; 770 700; 774 704; 776 704; 776 693; 775 692; 775 683; 774 682; 774 673; 773 672; 773 667; 772 666
114; 509 693; 508 694; 507 694; 504 697; 503 697; 502 698; 501 698; 500 699; 498 699; 497 700; 496 700; 495 701; 494 701; 492 703; 491 703; 490 704; 489 704; 488 705; 487 705; 486 706; 485 706; 483 708; 482 708; 479 711; 478 711; 478 712; 477 713; 477 716; 479 716; 480 717; 481 717; 482 718; 483 718; 484 719; 485 719; 486 720; 487 720; 489 722; 490 722; 493 725; 494 725; 495 726; 497 726; 498 727; 499 727; 501 729; 502 729; 503 730; 504 730; 505 731; 506 731; 508 733; 512 733; 513 732; 513 715; 514 714; 514 694; 513 693
115; 39 703; 37 705; 37 707; 39 709; 39 710; 41 712; 41 713; 43 715; 43 716; 44 717; 44 718; 45 719; 45 721; 46 722; 46 723; 47 724; 47 725; 50 728; 50 729; 52 731; 52 732; 55 735; 55 736; 56 737; 56 738; 58 740; 60 740; 62 738; 62 735; 64 733; 64 732; 65 731; 65 730; 66 729; 66 728; 68 726; 68 725; 69 724; 69 723; 70 722; 70 721; 72 719; 72 718; 74 716; 74 715; 75 714; 75 713; 76 712; 76 710; 78 708; 79 708; 79 706; 77 704; 43 704; 42 703
116; 900 700; 876 724; 875 724; 874 725; 874 726; 873 727; 873 729; 874 730; 875 730; 876 731; 879 731; 880 732; 883 732; 884 733; 887 733; 889 735; 890 735; 891 736; 892 736; 893 737; 900 737; 901 738; 904 738; 905 739; 906 739; 908 741; 911 741; 913 739; 913 737; 912 736; 912 734; 911 733; 911 731; 910 730; 910 727; 909 726; 909 718; 908 717; 908 714; 907 713; 907 708; 906 707; 906 706; 905 705; 905 702; 903 700
117; 471 716; 466 721; 466 722; 465 723; 464 723; 459 728; 458 728; 446 740; 446 741; 444 743; 444 746; 445 746; 446 747; 448 747; 449 748; 450 748; 451 749; 452 749; 453 750; 455 750; 456 751; 458 751; 459 752; 461 752; 462 753; 464 753; 465 754; 472 754; 473 755; 476 755; 477 756; 483 756; 483 750; 482 749; 482 747; 481 746; 481 744; 480 743; 480 741; 479 740; 479 736; 478 735; 478 733; 477 732; 477 730; 476 729; 476 728; 475 727; 475 726; 474 725; 474 721; 475 720; 475 717; 474 716
118; 108 736; 110 740; 96 751; 96 755; 118 763; 125 768; 133 768; 131 753; 122 738; 124 730; 113 730
119; 113 730; 103 720; 97 718; 93 711; 81 708; 77 748; 89 745; 108 736
120; 33 738; 32 739; 32 746; 33 747; 33 761; 34 762; 34 763; 35 764; 35 765; 36 766; 36 770; 37 771; 37 776; 39 778; 43 778; 47 774; 47 773; 48 772; 49 772; 52 769; 53 769; 57 765; 58 765; 64 759; 65 759; 67 757; 68 757; 70 755; 70 752; 69 751; 68 751; 67 750; 65 750; 64 749; 63 749; 62 748; 60 748; 58 746; 57 746; 56 745; 54 745; 53 744; 49 744; 48 743; 44 743; 43 742; 42 742; 41 741; 40 741; 39 740; 38 740; 37 739; 36 739; 35 738
121; 864 752; 862 754; 861 754; 861 755; 858 758; 858 759; 852 765; 851 765; 850 766; 850 767; 849 768; 849 769; 841 777; 840 777; 838 779; 838 781; 839 781; 840 782; 841 782; 843 784; 844 784; 845 785; 850 785; 851 786; 855 786; 856 787; 858 787; 859 788; 861 788; 862 789; 867 789; 868 790; 874 790; 875 791; 878 791; 879 790; 879 785; 878 784; 878 783; 877 782; 877 781; 876 780; 876 777; 875 776; 875 772; 874 771; 874 769; 873 768; 873 767; 872 766; 872 765; 871 764; 871 758; 870 757; 870 756; 869 755; 869 754; 867 752
122; 83 753; 82 754; 82 756; 81 757; 81 759; 80 760; 80 762; 79 763; 79 764; 77 766; 77 767; 76 768; 76 770; 75 771; 75 773; 74 774; 74 776; 72 778; 72 781; 71 782; 71 785; 70 786; 70 787; 69 788; 69 790; 71 792; 76 792; 77 791; 80 791; 81 790; 93 790; 94 789; 97 789; 98 788; 103 788; 104 787; 109 787; 109 786; 111 784; 111 782; 109 782; 108 781; 107 781; 106 780; 106 779; 104 777; 104 776; 102 774; 102 773; 101 772; 101 771; 100 770; 100 769; 90 759; 90 758; 88 756; 88 755; 86 753
123; 146 764; 145 765; 144 765; 143 766; 142 766; 140 768; 139 768; 138 769; 126 769; 127 770; 126 771; 126 772; 123 775; 122 775; 121 776; 120 776; 119 777; 118 777; 116 779; 115 779; 114 780; 113 780; 112 781; 112 784; 113 784; 114 785; 115 785; 117 787; 118 787; 120 789; 121 789; 126 794; 127 794; 129 796; 130 796; 132 798; 133 798; 137 802; 138 802; 139 803; 140 803; 142 805; 145 805; 146 804; 146 793; 147 792; 147 787; 148 786; 148 776; 149 775; 149 773; 150 772; 150 769; 149 768; 149 766; 148 765; 148 764
124; 796 773; 795 774; 795 778; 796 779; 796 780; 797 781; 797 782; 798 783; 798 784; 799 785; 799 787; 800 788; 800 790; 801 791; 801 792; 802 793; 802 795; 804 797; 804 798; 805 799; 805 801; 806 802; 806 804; 807 805; 807 808; 808 809; 808 810; 810 812; 812 812; 817 807; 817 806; 818 805; 818 804; 819 803; 819 802; 822 799; 823 799; 824 798; 824 797; 825 796; 825 795; 831 789; 831 788; 832 787; 832 785; 836 781; 836 779; 835 778; 828 778; 827 777; 822 777; 821 776; 820 776; 819 775; 817 775; 816 774; 813 774; 812 775; 805 775; 804 774; 801 774; 800 773
125; 107 788; 107 789; 103 793; 101 793; 100 794; 98 794; 96 796; 95 796; 92 799; 91 799; 89 801; 88 801; 86 803; 85 803; 84 804; 82 804; 81 805; 80 805; 76 809; 76 812; 77 813; 78 813; 80 815; 81 815; 82 816; 84 816; 86 818; 88 818; 91 821; 92 821; 94 823; 95 823; 97 825; 98 825; 99 826; 100 826; 101 827; 103 827; 104 828; 105 828; 106 829; 107 829; 108 830; 110 830; 112 828; 112 825; 111 824; 111 811; 112 810; 112 806; 111 805; 111 802; 110 801; 111 800; 111 790; 109 788
126; 627 793; 627 798; 628 799; 628 801; 629 802; 629 805; 630 806; 630 813; 631 814; 631 815; 632 816; 632 817; 633 818; 633 819; 634 820; 634 823; 635 824; 635 827; 636 828; 636 830; 638 832; 640 832; 643 829; 644 829; 651 822; 652 822; 654 820; 654 819; 656 817; 656 816; 663 809; 663 808; 664 807; 665 807; 666 806; 666 801; 663 801; 662 800; 657 800; 656 799; 654 799; 653 798; 650 798; 649 797; 648 797; 647 796; 641 796; 640 795; 637 795; 636 794; 634 794; 633 793
127; 327 812; 326 813; 326 814; 325 815; 325 819; 326 820; 326 824; 327 825; 327 831; 328 832; 328 835; 329 836; 329 838; 328 839; 328 843; 329 844; 329 850; 330 851; 330 852; 329 853; 331 853; 332 854; 335 854; 335 853; 339 849; 340 849; 342 847; 343 847; 345 845; 347 845; 354 838; 355 838; 356 837; 357 837; 363 831; 363 828; 362 827; 361 827; 360 826; 358 826; 357 825; 355 825; 354 824; 353 824; 351 822; 350 822; 349 821; 347 821; 346 820; 345 820; 344 819; 343 819; 342 818; 341 818; 340 817; 339 817; 338 816; 337 816; 335 814; 334 814; 333 813; 332 813; 331 812
128; 905 813; 904 814; 903 814; 903 850; 904 851; 904 852; 905 853; 905 854; 907 854; 908 853; 909 853; 910 852; 911 852; 914 849; 915 849; 917 847; 919 847; 920 846; 921 846; 922 845; 923 845; 924 844; 925 844; 926 843; 927 843; 929 841; 930 841; 931 840; 932 840; 933 839; 934 839; 935 838; 936 838; 937 837; 938 837; 940 835; 940 832; 939 831; 938 831; 937 830; 936 830; 935 829; 934 829; 933 828; 932 828; 930 826; 929 826; 928 825; 927 825; 922 820; 919 820; 918 819; 916 819; 914 817; 913 817; 911 815; 910 815; 909 814; 908 814; 907 813
129; 556 818; 554 820; 554 822; 555 823; 555 826; 556 827; 556 829; 557 830; 557 832; 558 833; 558 836; 559 837; 559 842; 560 843; 560 845; 561 846; 561 849; 562 850; 562 853; 563 854; 563 857; 564 858; 567 858; 575 850; 576 850; 576 849; 578 847; 579 847; 579 846; 582 843; 583 843; 585 841; 586 841; 590 837; 591 837; 591 836; 594 833; 594 830; 593 829; 592 829; 591 828; 589 828; 588 827; 585 827; 584 826; 580 826; 579 825; 576 825; 575 824; 574 824; 573 823; 571 823; 570 822; 567 822; 566 821; 564 821; 563 820; 562 820; 560 818
130; 423 829; 422 830; 421 830; 421 840; 422 841; 422 852; 423 853; 423 854; 424 855; 424 857; 425 858; 425 861; 426 862; 426 869; 430 869; 436 863; 437 863; 438 862; 439 862; 440 861; 441 861; 444 858; 444 857; 446 855; 447 855; 450 852; 451 852; 452 851; 453 851; 458 846; 458 843; 457 842; 456 842; 454 840; 453 840; 452 839; 450 839; 449 838; 446 838; 445 837; 444 837; 443 836; 441 836; 440 835; 439 835; 438 834; 436 834; 435 833; 434 833; 433 832; 432 832; 431 831; 430 831; 429 830; 427 830; 426 829
131; 597 836; 595 838; 594 838; 592 840; 592 841; 590 843; 590 844; 581 853; 580 853; 574 859; 574 860; 573 861; 573 864; 574 865; 575 865; 576 866; 577 866; 578 867; 581 867; 582 868; 584 868; 585 869; 586 869; 587 870; 591 870; 592 871; 599 871; 600 872; 601 872; 602 873; 606 873; 607 874; 612 874; 613 873; 613 870; 612 869; 612 867; 611 866; 611 864; 610 863; 610 861; 609 860; 609 857; 608 856; 608 854; 607 853; 607 852; 606 851; 606 849; 605 848; 605 846; 604 845; 604 843; 603 842; 603 840; 602 839; 602 837; 601 836
132; 741 849; 739 851; 739 854; 740 855; 740 856; 741 857; 741 861; 742 862; 742 864; 743 865; 743 866; 744 867; 744 869; 745 870; 745 871; 746 872; 746 874; 747 875; 747 877; 748 878; 748 881; 749 882; 749 884; 750 885; 750 886; 751 887; 751 888; 752 889; 756 889; 760 885; 760 884; 766 878; 767 878; 769 876; 769 875; 770 874; 770 872; 771 871; 771 870; 773 868; 773 867; 779 861; 779 858; 778 857; 770 857; 769 856; 765 856; 764 855; 763 855; 762 854; 759 854; 758 853; 755 853; 754 852; 751 852; 750 851; 747 851; 746 850; 744 850; 743 849
133; 329 854; 327 856; 326 856; 324 858; 323 858; 322 859; 321 859; 319 861; 318 861; 317 862; 315 862; 314 863; 312 863; 311 864; 310 864; 306 868; 305 868; 304 869; 303 869; 302 870; 301 870; 300 871; 298 871; 295 874; 295 876; 296 877; 298 877; 299 878; 300 878; 301 879; 302 879; 303 880; 304 880; 307 883; 308 883; 311 886; 312 886; 313 887; 314 887; 315 888; 316 888; 318 890; 319 890; 320 891; 321 891; 323 893; 324 893; 325 894; 326 894; 328 896; 330 896; 331 895; 332 895; 332 881; 334 879; 334 877; 333 876; 333 874; 332 873; 332 865; 333 864; 333 862; 332 861; 332 860; 333 859; 333 856; 334 855; 332 855; 331 854
134; 287 874; 286 875; 286 876; 282 880; 282 881; 277 886; 276 886; 273 889; 273 890; 272 891; 272 892; 266 898; 266 899; 264 901; 264 905; 265 905; 266 906; 268 906; 269 907; 275 907; 276 908; 279 908; 280 909; 281 909; 282 910; 283 910; 284 911; 286 911; 287 912; 293 912; 294 913; 302 913; 303 912; 303 906; 302 905; 302 902; 301 901; 301 900; 300 899; 300 897; 299 896; 299 894; 298 893; 298 891; 297 890; 297 888; 296 887; 296 884; 295 883; 295 882; 294 881; 294 879; 293 878; 293 876; 291 874
135; 310 896; 306 900; 306 904; 307 905; 307 908; 308 909; 308 911; 309 912; 309 916; 310 917; 310 920; 311 921; 311 922; 312 923; 312 925; 313 926; 313 930; 314 931; 314 933; 315 934; 315 936; 317 938; 319 938; 321 936; 321 935; 322 934; 323 934; 328 929; 329 929; 334 924; 334 923; 346 911; 346 909; 344 907; 342 907; 341 906; 340 906; 339 905; 336 905; 335 904; 333 904; 332 903; 331 903; 330 902; 327 902; 326 901; 324 901; 323 900; 321 900; 320 899; 319 899; 318 898; 317 898; 316 897; 314 897; 313 896
136; 566 896; 563 899; 562 899; 560 901; 559 901; 558 902; 557 902; 555 904; 553 904; 552 905; 551 905; 549 907; 548 907; 545 910; 544 910; 543 911; 542 911; 541 912; 540 912; 538 914; 537 914; 536 915; 536 918; 538 920; 539 920; 541 922; 542 922; 543 923; 544 923; 546 925; 547 925; 548 926; 549 926; 550 927; 552 927; 553 928; 554 928; 556 930; 557 930; 559 932; 560 932; 561 933; 563 933; 564 934; 565 934; 568 937; 571 937; 572 936; 572 913; 571 912; 571 898; 570 897; 570 896
137; 226 911; 225 912; 225 917; 224 918; 224 921; 223 922; 223 925; 222 926; 222 928; 221 929; 221 935; 220 936; 220 940; 219 941; 219 942; 218 943; 218 945; 217 946; 217 948; 218 949; 218 950; 223 950; 224 949; 227 949; 228 948; 231 948; 232 947; 234 947; 235 946; 236 946; 237 945; 241 945; 242 944; 244 944; 245 943; 249 943; 250 944; 253 944; 255 942; 256 942; 257 941; 257 938; 256 938; 252 934; 252 933; 247 928; 247 927; 245 925; 245 924; 243 922; 242 922; 240 920; 239 920; 230 911
138; 292 924; 291 925; 289 925; 288 926; 287 926; 286 927; 285 927; 284 928; 282 928; 281 929; 276 929; 273 932; 272 932; 270 934; 269 934; 268 935; 267 935; 266 936; 264 936; 263 937; 261 937; 260 938; 258 938; 258 941; 259 942; 260 942; 261 943; 262 943; 264 945; 265 945; 272 952; 273 952; 274 953; 275 953; 282 960; 283 960; 286 963; 287 963; 288 964; 291 964; 292 963; 292 954; 293 953; 293 950; 294 949; 294 947; 295 946; 295 939; 296 938; 296 935; 297 934; 297 924
139; 346 926; 342 930; 341 930; 339 932; 337 932; 336 933; 334 933; 333 934; 331 934; 329 936; 328 936; 326 938; 325 938; 324 939; 323 939; 322 940; 319 940; 318 941; 317 941; 314 944; 314 946; 317 949; 318 949; 320 951; 321 951; 323 953; 324 953; 326 955; 327 955; 329 957; 330 957; 332 959; 333 959; 335 961; 337 961; 339 963; 340 963; 341 964; 342 964; 344 966; 349 966; 349 965; 350 964; 350 961; 349 960; 350 959; 351 959; 351 957; 350 956; 350 953; 349 952; 349 927; 348 926
140; 384 932; 383 933; 383 937; 384 938; 384 939; 385 940; 385 943; 386 944; 386 947; 387 948; 387 950; 388 951; 388 952; 389 953; 389 954; 390 955; 390 956; 391 957; 391 963; 392 964; 392 967; 393 968; 393 970; 394 971; 397 971; 402 966; 402 965; 411 956; 412 956; 414 954; 414 953; 417 950; 417 949; 422 944; 422 941; 421 940; 419 940; 418 939; 413 939; 412 938; 409 938; 407 936; 406 936; 405 935; 398 935; 397 934; 394 934; 393 933; 390 933; 389 932
141; 545 931; 541 935; 540 935; 540 936; 534 942; 533 942; 529 946; 529 947; 525 951; 524 951; 519 956; 519 959; 520 959; 521 960; 523 960; 524 961; 525 961; 526 962; 528 962; 529 963; 531 963; 532 964; 537 964; 538 965; 539 965; 540 966; 542 966; 544 968; 548 968; 549 969; 550 969; 551 970; 556 970; 556 969; 557 968; 557 962; 556 961; 556 958; 555 957; 555 952; 554 951; 554 949; 553 948; 553 947; 552 946; 552 945; 551 944; 551 942; 550 941; 550 932; 549 931
142; 353 956; 352 957; 352 962; 353 963; 353 966; 354 967; 354 981; 355 982; 355 983; 354 984; 354 987; 353 988; 353 990; 354 991; 354 993; 355 993; 357 995; 360 995; 361 994; 362 994; 363 993; 364 993; 369 988; 370 988; 371 987; 372 987; 373 986; 375 986; 376 985; 377 985; 388 974; 388 971; 387 970; 386 970; 385 969; 383 969; 382 968; 381 968; 380 967; 379 967; 378 966; 377 966; 375 964; 374 964; 373 963; 372 963; 371 962; 370 962; 369 961; 368 961; 367 960; 366 960; 365 959; 363 959; 361 957; 359 957; 358 956
143; 311 967; 310 968; 308 968; 307 969; 306 969; 305 970; 297 970; 296 971; 294 971; 293 972; 293 974; 296 977; 296 978; 297 978; 298 979; 298 980; 299 981; 299 982; 301 984; 301 986; 303 988; 303 989; 305 991; 305 992; 307 994; 307 995; 316 1004; 317 1004; 318 1003; 319 1003; 320 1002; 320 1001; 321 1000; 321 996; 322 995; 322 993; 323 992; 323 990; 324 989; 324 988; 325 987; 325 985; 326 984; 326 982; 327 981; 327 979; 328 978; 328 977; 329 976; 329 975; 330 974; 330 972; 331 971; 331 967
144; 119 960; 118 961; 118 963; 117 964; 117 966; 116 967; 116 971; 115 972; 115 976; 114 977; 114 980; 113 981; 113 983; 112 984; 112 985; 111 986; 111 988; 110 989; 110 993; 109 994; 109 996; 110 997; 110 998; 115 998; 116 997; 118 997; 119 996; 121 996; 122 995; 125 995; 126 994; 129 994; 130 993; 133 993; 134 992; 135 992; 136 991; 137 991; 138 990; 140 990; 141 989; 143 989; 144 988; 148 988; 149 987; 150 987; 150 986; 149 985; 149 984; 148 984; 147 983; 146 983; 144 981; 143 981; 142 980; 142 979; 136 973; 136 972; 127 963; 126 963; 123 960
145; 538 1001; 542 1023; 569 1023; 570 1017; 574 1013; 574 1008; 548 1002; 539 997
146; 539 997; 545 990; 546 986; 556 976; 556 971; 550 972; 517 965; 517 970; 528 1003; 531 1004; 535 1000; 538 1001
147; 178 962; 170 970; 169 970; 168 971; 167 971; 165 973; 164 973; 155 982; 154 982; 153 983; 152 983; 151 984; 150 984; 150 985; 151 986; 151 987; 154 987; 155 988; 156 988; 157 989; 158 989; 159 990; 160 990; 161 991; 163 991; 164 992; 165 992; 167 994; 168 994; 169 995; 170 995; 171 996; 172 996; 173 997; 177 997; 178 998; 180 998; 181 999; 182 999; 183 1000; 187 1000; 189 998; 189 994; 188 993; 188 992; 187 991; 187 988; 186 987; 186 981; 185 980; 185 975; 184 974; 184 968; 183 967; 183 965; 182 964; 182 962
148; 268 1012; 260 1010; 255 1004; 237 996; 235 997; 234 1023; 241 1023; 244 1007; 257 1015; 251 1023; 264 1023; 272 1016
149; 278 975; 284 970; 284 967; 255 946; 252 946; 250 952; 247 994
150; 247 994; 268 1012; 272 1016; 279 1014; 283 998; 284 979; 278 975
151; 352 988; 351 989; 349 989; 348 990; 347 990; 346 991; 345 991; 344 992; 343 992; 341 994; 340 994; 338 996; 337 996; 336 997; 335 997; 333 999; 332 999; 331 1000; 330 1000; 328 1002; 327 1002; 326 1003; 325 1003; 323 1005; 321 1005; 320 1004; 318 1004; 317 1005; 316 1005; 317 1006; 317 1010; 319 1012; 320 1012; 324 1016; 325 1016; 326 1017; 327 1017; 328 1018; 329 1018; 333 1022; 333 1023; 352 1023; 352 995; 353 994; 353 991; 352 990
