0; 547 0; 547 1; 548 2; 548 3; 551 6; 551 7; 554 10; 554 11; 556 13; 556 14; 558 16; 558 17; 560 19; 560 20; 561 21; 561 23; 562 24; 562 25; 563 26; 567 26; 567 25; 568 24; 568 23; 569 22; 569 20; 570 19; 570 17; 571 16; 571 15; 572 14; 572 13; 573 12; 573 11; 575 9; 576 9; 578 7; 578 0; 570 0; 570 1; 569 2; 569 4; 565 8; 563 8; 560 5; 560 4; 559 3; 559 0
1; 862 0; 862 1; 863 2; 863 10; 862 11; 862 15; 861 16; 861 22; 865 22; 866 21; 867 21; 868 20; 869 20; 870 19; 871 19; 872 18; 873 18; 874 17; 875 17; 876 16; 877 16; 878 15; 879 15; 880 14; 889 14; 891 12; 891 11; 895 7; 896 7; 897 6; 899 6; 900 5; 902 5; 903 4; 904 4; 904 2; 905 1; 905 0; 889 0; 889 1; 884 6; 883 6; 882 7; 880 7; 879 8; 877 8; 876 9; 872 9; 870 7; 870 0
2; 23 3; 21 5; 21 6; 14 13; 13 13; 6 20; 5 20; 2 23; 1 23; 0 24; 0 39; 3 39; 4 40; 6 40; 7 41; 9 41; 10 42; 14 42; 15 43; 18 43; 19 44; 22 44; 23 45; 28 45; 29 46; 32 46; 33 47; 34 47; 35 48; 38 48; 39 47; 39 43; 38 42; 38 41; 36 39; 36 38; 35 37; 35 34; 34 33; 34 22; 33 21; 33 20; 30 17; 30 16; 29 15; 29 13; 28 12; 28 9; 27 8; 27 5; 25 3
3; 924 0; 924 2; 922 4; 921 4; 919 6; 918 6; 917 7; 916 7; 914 9; 914 10; 913 11; 913 12; 908 17; 908 18; 906 20; 906 21; 901 26; 901 27; 899 29; 898 29; 896 31; 895 31; 894 32; 892 32; 891 33; 891 36; 892 37; 894 37; 895 38; 897 38; 898 39; 900 39; 901 40; 902 40; 903 41; 905 41; 906 42; 909 42; 910 43; 913 43; 914 44; 918 44; 919 45; 925 45; 926 46; 930 46; 931 47; 933 47; 934 48; 937 48; 938 47; 938 45; 937 44; 937 43; 936 42; 936 41; 935 40; 935 39; 934 38; 934 34; 933 33; 933 30; 932 29; 932 25; 933 24; 933 21; 932 20; 931 20; 929 18; 929 17; 928 16; 928 15; 927 14; 927 13; 926 12; 926 10; 925 9; 925 3; 926 2; 926 0
4; 457 12; 455 14; 455 15; 453 17; 453 18; 452 19; 452 20; 451 21; 451 22; 446 27; 445 27; 444 28; 443 28; 442 29; 442 34; 440 36; 440 37; 437 40; 437 41; 430 48; 430 52; 431 52; 432 53; 436 53; 437 52; 439 52; 440 51; 445 51; 446 52; 450 52; 451 53; 461 53; 462 54; 471 54; 472 55; 475 55; 476 56; 478 56; 479 55; 480 55; 480 50; 479 49; 479 48; 474 43; 474 41; 473 40; 473 38; 472 37; 472 36; 470 34; 470 33; 469 32; 469 31; 468 30; 468 29; 467 28; 467 27; 465 25; 465 24; 464 23; 464 22; 463 21; 463 20; 462 19; 462 17; 461 16; 461 14; 459 12
5; 819 24; 818 25; 817 25; 813 29; 813 30; 807 36; 806 36; 805 37; 804 37; 803 38; 803 39; 802 40; 802 41; 801 42; 801 43; 793 51; 792 51; 786 57; 786 59; 787 60; 789 60; 790 59; 797 59; 798 60; 802 60; 803 61; 805 61; 806 62; 808 62; 809 63; 811 63; 812 64; 814 64; 815 65; 819 65; 820 66; 826 66; 827 67; 829 67; 830 68; 831 68; 832 69; 835 69; 836 68; 836 64; 835 63; 835 62; 834 61; 834 60; 833 59; 833 57; 832 56; 832 50; 831 49; 831 48; 830 47; 830 46; 829 45; 829 43; 828 42; 828 40; 827 39; 827 37; 826 36; 826 35; 825 34; 825 32; 824 31; 824 30; 823 29; 823 26; 821 24
6; 176 48; 175 49; 174 49; 172 51; 171 51; 170 52; 167 52; 166 51; 164 51; 159 56; 158 56; 157 57; 156 57; 155 58; 154 58; 153 59; 152 59; 151 60; 150 60; 149 61; 148 61; 147 62; 146 62; 145 63; 143 63; 142 64; 140 64; 139 65; 137 65; 136 66; 135 66; 135 70; 137 72; 140 72; 141 73; 144 73; 149 78; 149 80; 150 81; 150 84; 151 85; 155 85; 156 84; 157 85; 159 85; 160 86; 161 86; 163 88; 164 88; 167 91; 168 91; 169 92; 170 92; 174 96; 178 96; 179 95; 180 95; 181 94; 182 94; 182 93; 183 92; 183 89; 182 88; 179 88; 177 86; 177 77; 178 76; 178 61; 179 60; 179 58; 180 57; 180 50; 178 48
7; 632 52; 631 53; 631 57; 632 58; 632 61; 633 62; 633 67; 632 68; 632 72; 633 73; 633 88; 634 89; 634 98; 636 98; 637 99; 641 99; 644 96; 645 96; 646 95; 649 95; 650 94; 653 94; 654 93; 655 93; 657 91; 658 91; 662 87; 663 87; 666 84; 667 84; 669 82; 670 82; 672 80; 673 80; 675 78; 676 78; 677 77; 677 74; 675 72; 672 72; 671 71; 670 71; 669 70; 668 70; 666 68; 665 68; 664 67; 663 67; 662 66; 660 66; 656 62; 655 62; 654 61; 649 61; 648 60; 646 60; 645 59; 644 59; 643 58; 642 58; 641 57; 640 57; 638 55; 637 55; 636 54; 636 53; 635 53; 634 52
8; 62 69; 54 77; 53 77; 50 80; 49 80; 47 82; 45 82; 44 83; 42 83; 40 85; 40 86; 39 87; 39 88; 33 94; 32 94; 30 96; 29 96; 27 98; 27 101; 28 102; 33 102; 34 103; 36 103; 37 104; 39 104; 40 105; 41 105; 42 106; 44 106; 45 107; 47 107; 48 108; 49 108; 50 109; 51 109; 52 110; 53 110; 54 111; 55 111; 56 112; 57 112; 60 115; 60 116; 59 117; 62 117; 63 118; 66 118; 67 117; 71 117; 72 116; 72 113; 71 112; 71 102; 70 101; 70 95; 69 94; 69 92; 68 91; 68 88; 67 87; 67 84; 66 83; 66 80; 65 79; 65 69
9; 919 71; 919 72; 917 74; 917 75; 913 79; 912 79; 912 80; 911 81; 911 82; 910 83; 910 84; 909 85; 909 86; 904 91; 904 92; 901 95; 901 96; 898 99; 898 100; 894 104; 894 107; 895 108; 897 108; 898 109; 901 109; 902 108; 910 108; 911 109; 912 109; 913 110; 914 110; 915 111; 918 111; 919 110; 923 110; 924 111; 930 111; 931 112; 934 112; 935 113; 936 113; 937 114; 939 114; 940 113; 940 109; 939 108; 939 107; 938 106; 938 105; 937 104; 937 103; 936 102; 936 97; 935 96; 935 95; 934 94; 934 93; 933 92; 933 91; 931 89; 931 87; 930 86; 930 85; 929 84; 929 83; 928 82; 928 81; 926 79; 926 78; 925 77; 925 76; 924 75; 924 73; 922 71
10; 565 91; 564 92; 564 96; 565 97; 565 99; 566 100; 566 102; 567 103; 567 117; 566 118; 566 119; 565 120; 565 123; 570 128; 570 130; 571 131; 571 132; 570 133; 570 139; 574 139; 575 138; 576 138; 578 136; 579 136; 584 131; 585 131; 586 130; 587 130; 588 129; 589 129; 590 128; 592 128; 593 129; 595 129; 595 125; 596 124; 596 123; 597 122; 598 122; 599 121; 600 121; 601 120; 602 120; 606 116; 607 116; 609 114; 611 114; 612 113; 612 111; 613 110; 613 108; 612 108; 611 107; 602 107; 601 106; 599 106; 598 105; 597 105; 596 104; 595 104; 593 102; 591 102; 590 101; 588 101; 587 100; 586 100; 585 99; 583 99; 582 98; 581 98; 580 97; 579 97; 578 96; 576 96; 575 95; 574 95; 572 93; 571 93; 569 91
11; 633 99; 633 101; 632 102; 632 104; 630 106; 629 106; 628 107; 616 107; 615 108; 614 108; 614 110; 613 111; 613 113; 614 113; 615 114; 616 114; 622 120; 622 121; 624 123; 624 124; 625 125; 625 127; 626 128; 627 128; 628 129; 629 129; 630 130; 631 130; 636 135; 636 136; 640 140; 640 141; 641 142; 641 148; 642 149; 645 149; 646 148; 646 146; 647 145; 647 143; 648 142; 648 139; 649 138; 649 137; 650 136; 650 135; 651 134; 651 133; 652 132; 652 131; 653 130; 653 129; 654 128; 654 127; 655 126; 655 124; 656 123; 656 122; 657 121; 657 117; 658 116; 658 111; 659 110; 659 109; 660 108; 660 107; 661 106; 661 105; 662 104; 662 102; 661 101; 660 101; 659 100; 652 100; 651 101; 650 101; 649 102; 647 102; 646 103; 641 103; 639 101; 640 100; 637 100; 636 99
12; 59 118; 58 119; 58 122; 57 123; 57 131; 56 132; 56 134; 53 137; 53 143; 52 144; 52 145; 51 146; 51 148; 50 149; 50 156; 52 158; 52 159; 55 162; 56 162; 57 163; 58 163; 59 164; 60 164; 61 165; 64 165; 67 162; 67 160; 69 158; 70 158; 71 157; 72 157; 73 156; 74 156; 75 155; 80 155; 81 154; 82 154; 86 150; 88 150; 89 149; 94 149; 95 148; 96 148; 96 145; 94 143; 93 143; 88 138; 87 138; 80 131; 79 131; 77 129; 76 129; 74 127; 73 127; 71 125; 70 125; 65 120; 65 119; 63 119; 62 118
13; 115 126; 114 127; 114 130; 115 131; 115 132; 118 135; 118 136; 119 137; 119 139; 120 140; 120 145; 119 146; 119 147; 117 149; 117 154; 118 154; 121 157; 121 158; 122 159; 122 161; 123 162; 123 166; 122 167; 122 170; 123 171; 126 171; 127 170; 128 170; 131 167; 132 167; 135 164; 136 164; 137 163; 138 163; 139 162; 140 162; 142 160; 143 160; 146 157; 147 157; 149 155; 150 155; 155 150; 156 150; 158 148; 159 148; 162 145; 162 143; 161 143; 160 142; 158 142; 157 141; 155 141; 154 140; 153 140; 152 139; 151 139; 150 138; 149 138; 147 136; 146 136; 145 135; 144 135; 143 134; 139 134; 138 133; 136 133; 135 132; 133 132; 132 131; 130 131; 129 130; 127 130; 126 129; 124 129; 123 128; 122 128; 121 127; 119 127; 118 126
14; 260 136; 259 137; 259 142; 264 147; 264 148; 265 149; 265 150; 267 152; 267 153; 269 155; 269 156; 271 158; 271 159; 273 161; 273 162; 275 164; 275 165; 276 166; 276 167; 278 169; 278 170; 279 171; 279 172; 281 174; 281 175; 282 176; 282 177; 284 179; 287 179; 288 178; 288 176; 289 175; 289 173; 290 172; 290 171; 291 170; 291 169; 292 168; 293 168; 295 166; 296 166; 296 165; 297 164; 297 161; 298 160; 298 158; 300 156; 300 155; 302 153; 302 151; 303 150; 303 149; 304 148; 304 146; 305 145; 305 144; 306 143; 306 142; 307 141; 307 137; 301 137; 300 138; 288 138; 287 137; 285 137; 284 136; 281 136; 280 137; 278 137; 277 138; 266 138; 265 137; 264 137; 263 136
15; 981 136; 981 137; 980 138; 980 139; 979 140; 979 141; 974 146; 973 146; 966 153; 965 153; 964 154; 964 155; 962 157; 962 158; 961 159; 961 160; 958 163; 958 164; 956 166; 955 166; 953 168; 953 170; 954 170; 955 171; 962 171; 963 172; 966 172; 967 173; 968 173; 969 174; 970 174; 971 175; 972 175; 973 176; 976 176; 977 175; 986 175; 987 176; 991 176; 992 177; 993 177; 995 179; 996 179; 997 180; 999 180; 1000 179; 1000 176; 999 175; 999 174; 998 173; 998 172; 997 171; 997 170; 996 169; 996 162; 995 161; 995 160; 993 158; 993 157; 992 156; 992 155; 991 154; 991 153; 990 152; 990 151; 989 150; 989 148; 988 147; 988 146; 987 145; 987 143; 986 142; 986 140; 985 139; 985 138; 984 137; 984 136
16; 546 145; 545 146; 544 146; 543 147; 542 147; 541 148; 540 148; 539 149; 537 149; 536 150; 534 150; 533 151; 526 151; 525 152; 525 153; 523 155; 522 155; 521 156; 520 156; 519 157; 518 157; 517 158; 516 158; 515 159; 514 159; 513 160; 512 160; 511 161; 510 161; 509 162; 507 162; 506 163; 505 163; 505 166; 506 166; 507 167; 508 167; 509 168; 510 168; 511 169; 512 169; 513 170; 514 170; 518 174; 519 174; 521 176; 522 176; 529 183; 532 183; 533 184; 534 184; 540 190; 540 191; 541 191; 542 192; 545 192; 546 191; 546 184; 547 183; 547 178; 548 177; 548 172; 549 171; 549 169; 550 168; 550 167; 553 164; 553 161; 552 160; 552 159; 551 158; 551 157; 550 156; 550 146; 549 145
17; 83 161; 82 162; 77 162; 76 163; 72 163; 71 164; 70 164; 69 163; 67 163; 64 166; 62 166; 63 167; 63 168; 65 170; 65 171; 67 173; 67 174; 69 176; 69 177; 71 179; 71 180; 73 182; 73 183; 74 184; 74 185; 76 187; 76 188; 82 194; 82 195; 83 196; 83 197; 85 199; 85 200; 89 204; 92 204; 93 203; 93 198; 94 197; 94 195; 95 194; 95 192; 96 191; 96 189; 97 188; 97 187; 99 185; 99 184; 101 182; 101 181; 102 180; 102 179; 103 178; 103 176; 104 175; 104 174; 105 173; 105 172; 107 170; 107 169; 108 168; 108 166; 109 165; 109 161; 98 161; 97 162; 93 162; 92 161
18; 556 168; 556 175; 557 176; 557 181; 556 182; 556 199; 557 200; 557 214; 558 215; 561 215; 562 214; 563 214; 566 211; 567 211; 568 210; 569 210; 570 209; 571 209; 572 208; 576 208; 577 209; 580 209; 581 208; 581 205; 582 204; 582 203; 585 200; 586 200; 588 198; 589 198; 590 197; 591 197; 592 196; 593 196; 594 195; 597 195; 598 194; 599 194; 600 193; 600 190; 598 188; 596 188; 595 187; 593 187; 592 186; 591 186; 590 185; 589 185; 588 184; 587 184; 585 182; 584 182; 583 181; 582 181; 580 179; 579 179; 578 178; 577 178; 576 177; 575 177; 573 175; 572 175; 571 174; 569 174; 568 173; 567 173; 566 172; 565 172; 563 170; 562 170; 561 169; 560 169; 559 168
19; 37 174; 35 176; 35 179; 37 181; 37 182; 38 183; 38 186; 37 187; 37 190; 36 191; 36 205; 37 206; 37 211; 36 212; 36 216; 35 217; 35 221; 39 221; 43 217; 44 217; 45 216; 46 216; 47 215; 49 215; 50 214; 52 214; 53 213; 54 213; 55 212; 57 212; 58 211; 59 211; 60 210; 61 210; 62 209; 63 209; 64 208; 65 208; 66 207; 67 207; 69 205; 71 205; 72 204; 74 204; 75 203; 78 203; 80 201; 80 199; 78 197; 77 197; 76 196; 75 196; 74 195; 73 195; 71 193; 70 193; 68 191; 67 191; 64 188; 64 187; 62 185; 59 185; 58 184; 57 184; 56 183; 55 183; 53 181; 52 181; 50 179; 49 179; 47 177; 46 177; 44 175; 43 175; 42 174
20; 129 179; 128 180; 127 180; 119 188; 118 188; 117 189; 115 189; 111 193; 111 194; 108 197; 107 197; 105 199; 104 199; 103 200; 102 200; 101 201; 100 201; 99 202; 98 202; 96 204; 96 208; 97 208; 99 210; 100 210; 101 211; 105 211; 106 212; 108 212; 109 213; 110 213; 111 214; 113 214; 114 215; 115 215; 116 216; 118 216; 119 217; 120 217; 121 218; 123 218; 124 219; 125 219; 126 220; 128 220; 129 221; 131 221; 132 222; 134 222; 135 223; 136 223; 137 224; 138 224; 139 225; 141 225; 142 224; 142 221; 141 220; 141 218; 139 216; 139 214; 138 213; 138 198; 137 197; 137 195; 136 194; 136 192; 135 191; 135 182; 134 181; 134 179
21; 402 183; 400 185; 400 188; 399 189; 399 193; 398 194; 398 195; 395 198; 395 199; 394 200; 394 212; 393 213; 393 217; 392 218; 392 219; 391 220; 391 221; 390 222; 390 223; 389 224; 389 229; 395 229; 396 228; 397 228; 398 227; 400 227; 401 226; 402 226; 403 225; 406 225; 407 224; 413 224; 414 225; 415 225; 417 227; 420 227; 422 225; 422 224; 427 219; 429 219; 430 218; 436 218; 437 217; 438 217; 439 216; 439 213; 437 211; 435 211; 434 210; 432 210; 423 201; 423 200; 421 198; 420 198; 418 196; 418 195; 417 194; 417 193; 418 192; 418 191; 419 190; 419 188; 417 186; 413 186; 412 187; 409 187; 408 186; 407 186; 404 183
22; 510 202; 509 203; 509 205; 506 208; 504 208; 503 209; 502 209; 502 211; 503 212; 504 212; 505 213; 506 213; 507 214; 508 214; 510 216; 511 216; 512 217; 513 217; 514 218; 518 218; 519 219; 520 219; 521 220; 526 220; 527 221; 528 221; 529 222; 529 227; 528 228; 528 229; 526 231; 526 232; 525 233; 525 234; 524 235; 524 236; 523 237; 523 239; 522 240; 522 241; 521 242; 521 244; 522 245; 522 247; 523 248; 523 250; 526 250; 526 249; 527 248; 527 247; 528 246; 528 245; 529 244; 529 243; 530 242; 530 241; 532 239; 532 238; 533 237; 533 236; 535 234; 535 233; 536 232; 537 232; 540 229; 540 225; 541 224; 541 222; 545 218; 546 218; 549 215; 550 215; 550 211; 547 211; 546 212; 537 212; 536 211; 521 211; 520 210; 517 210; 516 209; 515 209; 514 208; 514 207; 513 206; 513 202
23; 912 202; 904 210; 903 210; 902 211; 901 211; 900 212; 899 212; 893 218; 892 218; 888 222; 887 222; 885 224; 883 224; 882 225; 881 225; 880 226; 879 226; 878 227; 877 227; 877 229; 878 230; 879 230; 880 231; 883 231; 884 232; 886 232; 887 233; 888 233; 889 234; 890 234; 891 235; 892 235; 894 237; 896 237; 897 238; 899 238; 900 239; 902 239; 903 240; 904 240; 905 241; 906 241; 907 242; 908 242; 909 243; 910 243; 911 244; 912 244; 916 248; 916 249; 917 250; 917 251; 920 251; 923 248; 923 245; 922 244; 922 243; 921 242; 921 224; 920 223; 920 222; 919 221; 919 220; 918 219; 918 217; 917 216; 917 210; 916 209; 916 203; 915 202
24; 273 201; 273 205; 274 206; 274 209; 275 210; 275 216; 274 217; 274 220; 273 221; 273 226; 272 227; 272 244; 271 245; 271 248; 272 249; 276 249; 278 247; 279 247; 281 245; 282 245; 283 244; 285 244; 286 243; 288 243; 289 242; 292 242; 293 241; 297 241; 302 236; 303 236; 305 234; 306 234; 307 233; 309 233; 310 232; 313 232; 314 231; 315 231; 316 230; 316 228; 315 227; 314 227; 313 226; 312 226; 310 224; 309 224; 307 222; 306 222; 305 221; 304 221; 302 219; 301 219; 299 217; 298 217; 295 214; 294 214; 290 210; 289 210; 288 209; 287 209; 285 207; 284 207; 283 206; 282 206; 280 204; 279 204; 276 201
25; 343 212; 341 214; 341 218; 345 222; 345 224; 346 225; 346 228; 347 229; 347 238; 346 239; 346 248; 347 249; 347 260; 346 261; 349 264; 352 264; 356 260; 357 260; 359 258; 361 258; 362 257; 368 257; 369 258; 369 259; 370 260; 375 260; 375 259; 376 258; 376 256; 375 255; 375 251; 378 248; 379 248; 380 247; 381 247; 382 246; 384 246; 386 244; 387 244; 388 243; 389 243; 390 242; 390 239; 389 238; 388 238; 387 237; 386 237; 381 232; 380 232; 379 231; 376 231; 375 230; 373 230; 372 229; 370 229; 369 228; 367 228; 366 227; 365 227; 361 223; 359 223; 358 222; 355 222; 354 221; 352 221; 349 218; 349 216; 348 215; 348 213; 347 212
26; 801 226; 799 228; 798 228; 797 229; 796 229; 795 230; 782 230; 780 232; 779 232; 778 233; 776 233; 775 234; 767 234; 766 235; 765 235; 764 236; 763 236; 762 237; 760 237; 759 238; 759 242; 760 243; 762 243; 766 247; 766 248; 767 249; 767 250; 768 251; 768 252; 771 255; 771 257; 772 258; 776 258; 777 259; 778 259; 787 268; 787 269; 791 273; 793 273; 793 272; 794 271; 794 269; 795 268; 795 266; 796 265; 796 264; 797 263; 797 258; 798 257; 798 254; 799 253; 799 250; 800 249; 800 245; 801 244; 801 240; 802 239; 802 238; 803 237; 803 236; 804 235; 804 234; 808 230; 808 227; 807 226
27; 1003 250; 1003 253; 1004 254; 1004 264; 1003 265; 1003 274; 1004 275; 1004 276; 1005 277; 1005 278; 1006 279; 1006 281; 1007 282; 1007 295; 1008 296; 1011 296; 1014 293; 1015 293; 1016 292; 1017 292; 1020 289; 1021 289; 1022 288; 1023 288; 1023 280; 1021 280; 1020 281; 1019 281; 1017 283; 1015 283; 1012 280; 1012 278; 1011 277; 1011 272; 1010 271; 1010 265; 1013 262; 1015 262; 1016 263; 1017 263; 1018 264; 1020 264; 1021 265; 1023 265; 1023 258; 1021 258; 1020 257; 1019 257; 1018 256; 1016 256; 1015 255; 1014 255; 1013 254; 1012 254; 1010 252; 1009 252; 1007 250
28; 157 227; 154 230; 154 233; 156 235; 156 236; 155 237; 153 237; 151 235; 148 235; 146 237; 145 237; 141 241; 140 241; 139 242; 138 242; 137 241; 135 241; 135 244; 136 245; 136 246; 135 247; 135 248; 134 249; 134 251; 133 252; 133 253; 130 256; 129 256; 127 258; 127 261; 128 262; 131 262; 132 263; 134 263; 135 264; 137 264; 138 265; 140 265; 141 266; 146 266; 147 267; 151 267; 152 268; 154 268; 155 269; 158 269; 159 270; 162 270; 163 271; 166 271; 167 272; 172 272; 173 271; 173 268; 172 267; 172 265; 171 264; 171 261; 169 259; 169 258; 168 257; 168 255; 167 254; 167 251; 166 250; 166 247; 165 246; 165 244; 164 243; 164 242; 163 241; 163 239; 162 238; 162 235; 161 234; 161 231; 160 230; 160 227
29; 333 241; 329 245; 329 246; 327 248; 326 248; 323 251; 322 251; 319 254; 318 254; 317 255; 317 256; 308 265; 308 266; 305 269; 304 269; 302 271; 302 274; 303 275; 305 275; 306 276; 308 276; 309 277; 313 277; 314 278; 316 278; 317 279; 318 279; 319 280; 320 280; 321 281; 331 281; 332 282; 335 282; 336 283; 338 283; 342 287; 342 289; 344 289; 345 288; 346 288; 347 287; 348 287; 348 283; 347 282; 347 280; 346 279; 346 277; 345 276; 345 270; 347 268; 348 268; 349 267; 350 267; 350 266; 351 265; 349 265; 346 262; 344 262; 342 260; 342 258; 341 257; 341 250; 340 249; 340 245; 336 241
30; 17 249; 16 250; 16 252; 17 253; 17 254; 19 256; 19 257; 20 258; 20 262; 21 263; 21 266; 22 267; 22 269; 21 270; 21 273; 25 277; 25 278; 26 279; 26 280; 27 281; 27 283; 28 284; 28 286; 29 287; 29 293; 30 294; 33 294; 54 273; 54 272; 55 271; 55 270; 60 265; 61 265; 62 264; 63 264; 63 261; 62 260; 61 260; 60 259; 57 259; 56 258; 52 258; 51 257; 49 257; 48 256; 46 256; 45 255; 43 255; 42 254; 40 254; 39 253; 37 253; 36 252; 32 252; 31 251; 28 251; 27 250; 23 250; 22 249
31; 830 245; 828 247; 828 248; 821 255; 819 255; 817 257; 816 257; 816 258; 815 259; 815 260; 814 261; 814 262; 813 263; 813 264; 809 268; 809 269; 808 270; 807 270; 805 272; 804 272; 800 276; 800 280; 801 280; 802 281; 807 281; 808 282; 812 282; 813 283; 815 283; 816 284; 818 284; 819 285; 822 285; 823 286; 828 286; 829 287; 836 287; 837 288; 840 288; 841 289; 843 289; 844 290; 846 290; 847 289; 847 286; 846 285; 846 284; 844 282; 844 281; 843 280; 843 279; 842 278; 842 277; 841 276; 841 273; 840 272; 840 264; 839 263; 839 262; 836 259; 836 258; 835 257; 835 253; 834 252; 834 248; 833 247; 833 246; 832 245
32; 917 261; 916 262; 916 266; 915 267; 915 269; 914 270; 914 278; 913 279; 913 299; 912 300; 912 303; 911 304; 911 308; 916 308; 917 307; 918 307; 920 305; 921 305; 923 303; 924 303; 925 302; 926 302; 927 301; 929 301; 930 300; 932 300; 933 299; 934 299; 935 298; 937 298; 938 297; 939 297; 940 296; 941 296; 942 295; 943 295; 945 293; 946 293; 947 292; 948 292; 949 291; 955 291; 956 290; 956 287; 955 286; 954 286; 953 285; 952 285; 951 284; 950 284; 949 283; 948 283; 943 278; 942 278; 940 276; 939 276; 937 274; 936 274; 934 272; 933 272; 932 271; 931 271; 929 269; 928 269; 926 267; 925 267; 919 261
33; 898 268; 897 269; 896 269; 895 270; 894 270; 893 271; 892 271; 891 272; 889 272; 888 273; 884 273; 883 274; 880 274; 879 275; 876 275; 875 276; 872 276; 871 277; 869 277; 868 278; 867 278; 866 279; 865 279; 864 280; 862 280; 861 281; 857 281; 856 282; 855 282; 855 284; 858 287; 859 287; 861 289; 862 289; 863 290; 864 290; 878 304; 879 304; 886 311; 886 312; 889 315; 891 315; 893 313; 893 310; 894 309; 894 305; 895 304; 895 303; 898 300; 902 300; 903 299; 903 297; 902 296; 902 295; 898 291; 898 280; 899 279; 899 278; 900 277; 900 276; 902 274; 902 269; 901 268
34; 983 284; 982 285; 981 285; 980 286; 979 286; 978 287; 977 287; 976 288; 975 288; 974 289; 973 289; 972 290; 970 290; 969 291; 968 291; 967 292; 966 292; 965 293; 964 293; 963 294; 962 294; 956 300; 955 300; 954 301; 953 301; 952 302; 951 302; 951 305; 952 306; 952 309; 953 309; 954 310; 956 310; 957 311; 958 311; 959 312; 960 312; 961 313; 962 313; 967 318; 971 318; 972 319; 975 319; 976 320; 977 320; 978 321; 979 321; 980 322; 981 322; 983 324; 984 324; 988 328; 989 328; 991 326; 991 324; 990 323; 990 319; 989 318; 989 315; 988 314; 988 305; 989 304; 989 298; 988 297; 988 292; 989 291; 989 284
35; 950 302; 949 303; 946 303; 945 304; 944 304; 942 306; 942 309; 941 310; 941 311; 939 313; 939 314; 936 317; 936 318; 934 320; 933 320; 932 321; 931 321; 930 322; 929 322; 928 323; 928 326; 927 327; 927 329; 926 330; 926 331; 925 332; 925 333; 924 334; 924 335; 917 342; 917 345; 929 345; 930 346; 935 346; 936 347; 942 347; 943 348; 952 348; 953 349; 957 349; 958 350; 965 350; 965 348; 962 345; 962 344; 961 343; 961 342; 960 341; 960 340; 959 339; 959 337; 958 336; 958 334; 957 333; 957 332; 956 331; 956 330; 955 329; 955 327; 954 326; 954 325; 953 324; 953 323; 952 322; 952 320; 951 319; 951 318; 950 317; 950 315; 949 314; 949 312; 951 310; 951 306; 950 305
36; 798 311; 797 312; 796 312; 796 315; 799 318; 799 319; 800 320; 800 322; 801 323; 801 332; 800 333; 800 335; 799 336; 799 341; 801 343; 801 345; 802 346; 802 349; 803 350; 803 353; 804 354; 804 357; 805 358; 805 359; 806 360; 806 363; 811 363; 812 362; 813 362; 815 360; 815 354; 818 351; 819 351; 821 349; 825 349; 826 348; 826 346; 831 341; 832 341; 834 339; 835 339; 836 338; 837 338; 838 337; 839 337; 840 336; 842 336; 843 335; 843 332; 842 332; 839 329; 837 329; 836 328; 834 328; 833 327; 832 327; 831 326; 830 326; 829 325; 827 325; 826 324; 825 324; 823 322; 822 322; 821 321; 820 321; 819 320; 818 320; 817 319; 816 319; 815 318; 813 318; 812 317; 811 317; 809 315; 808 315; 806 313; 805 313; 804 312; 803 312; 802 311
37; 1021 314; 1019 316; 1018 316; 1017 317; 1016 317; 1015 318; 1014 318; 1013 319; 1012 319; 1011 320; 1010 320; 1009 321; 1008 321; 1007 322; 1006 322; 1005 323; 1001 323; 997 327; 996 327; 995 328; 994 328; 993 327; 991 327; 989 329; 989 330; 984 335; 984 337; 985 338; 988 338; 989 339; 990 339; 991 340; 992 340; 994 342; 995 342; 997 344; 998 344; 999 345; 1000 345; 1001 346; 1002 346; 1005 349; 1006 349; 1007 350; 1008 350; 1010 352; 1011 352; 1012 353; 1013 353; 1014 354; 1015 354; 1016 355; 1017 355; 1021 359; 1023 359; 1023 314
38; 871 327; 868 330; 868 331; 866 333; 866 334; 865 335; 865 336; 863 338; 863 339; 859 343; 858 343; 855 346; 855 348; 854 349; 854 350; 853 351; 853 352; 852 353; 852 354; 850 356; 850 357; 842 365; 842 367; 844 367; 845 368; 849 368; 850 367; 858 367; 859 368; 863 368; 864 369; 870 369; 871 370; 877 370; 878 369; 884 369; 885 370; 888 370; 889 371; 890 371; 891 372; 893 372; 893 369; 889 365; 889 364; 888 363; 888 362; 887 361; 887 355; 886 354; 886 353; 883 350; 883 349; 882 348; 882 347; 881 346; 881 345; 879 343; 879 342; 877 340; 877 338; 876 337; 876 333; 877 332; 877 328; 876 327
39; 178 337; 177 338; 177 339; 176 340; 176 350; 175 351; 175 378; 174 379; 174 380; 173 381; 173 386; 176 386; 177 385; 178 385; 179 384; 181 384; 182 383; 184 383; 185 382; 187 382; 188 381; 189 381; 191 379; 192 379; 193 378; 194 378; 195 377; 196 377; 198 375; 199 375; 200 374; 201 374; 202 373; 203 373; 204 372; 205 372; 206 371; 207 371; 208 370; 211 370; 212 369; 214 369; 215 368; 216 368; 216 365; 215 365; 214 364; 212 364; 210 362; 209 362; 201 354; 200 354; 194 348; 193 348; 192 347; 191 347; 190 346; 189 346; 188 345; 187 345; 184 342; 184 340; 183 339; 183 338; 182 337
40; 775 341; 774 342; 773 342; 771 344; 770 344; 767 347; 766 347; 765 348; 764 348; 763 349; 761 349; 760 350; 759 350; 758 351; 757 351; 756 352; 755 352; 753 354; 752 354; 751 355; 750 355; 748 357; 747 357; 745 359; 744 359; 742 361; 741 361; 740 362; 739 362; 738 363; 737 363; 736 364; 736 367; 737 368; 739 368; 740 369; 743 369; 744 370; 746 370; 748 372; 749 372; 752 375; 753 375; 755 377; 756 377; 758 379; 759 379; 760 380; 761 380; 763 382; 764 382; 765 383; 766 383; 771 388; 772 388; 774 390; 777 390; 778 389; 778 378; 779 377; 779 369; 781 367; 783 367; 783 361; 781 361; 780 360; 780 359; 779 358; 779 356; 778 355; 778 346; 779 345; 779 343; 778 342; 778 341
41; 357 360; 354 360; 352 354; 349 354; 340 362; 330 365; 325 372; 313 380; 314 383; 320 384; 336 392; 342 397; 354 401; 358 400; 357 389; 361 384
42; 361 384; 368 387; 392 387; 381 366; 374 345; 371 345; 357 360
43; 784 361; 784 368; 786 370; 786 371; 787 372; 787 386; 788 387; 788 388; 791 391; 791 392; 792 393; 792 395; 793 396; 793 403; 792 404; 792 410; 793 411; 793 413; 795 415; 797 415; 799 413; 799 409; 798 408; 798 406; 820 384; 821 384; 826 379; 827 379; 828 378; 829 378; 830 377; 830 375; 828 373; 827 373; 826 372; 825 372; 824 371; 816 371; 815 370; 814 370; 810 366; 810 364; 805 364; 804 365; 801 365; 800 364; 796 364; 795 363; 793 363; 792 362; 790 362; 789 361
44; 841 368; 841 372; 840 373; 840 375; 839 376; 839 377; 838 378; 838 379; 837 380; 837 381; 836 382; 836 383; 835 384; 835 386; 833 388; 833 389; 830 392; 830 399; 829 400; 829 402; 828 403; 828 404; 827 405; 827 408; 826 409; 826 413; 831 413; 832 412; 834 412; 835 411; 843 411; 844 410; 846 410; 847 409; 849 409; 850 408; 857 408; 858 407; 862 407; 863 406; 872 406; 872 402; 869 399; 869 398; 868 397; 867 397; 864 394; 864 393; 860 389; 860 388; 855 383; 855 382; 854 381; 854 380; 848 374; 848 373; 847 372; 847 370; 848 369; 845 369; 844 368
45; 592 373; 591 374; 591 382; 590 383; 590 384; 589 385; 589 387; 588 388; 588 391; 587 392; 587 394; 586 395; 586 397; 585 398; 585 399; 584 400; 584 404; 583 405; 583 409; 582 410; 582 411; 581 412; 581 418; 593 418; 595 416; 597 416; 598 415; 607 415; 608 414; 609 414; 612 411; 613 411; 614 410; 616 410; 617 409; 619 409; 620 408; 626 408; 627 409; 629 409; 630 410; 632 410; 633 409; 633 406; 632 405; 630 405; 629 404; 628 404; 624 400; 623 400; 609 386; 609 385; 602 378; 601 378; 596 373
46; 720 387; 719 388; 718 388; 717 389; 714 389; 713 390; 709 390; 708 389; 705 389; 704 390; 702 390; 701 391; 701 393; 703 395; 703 396; 708 401; 708 402; 709 403; 709 404; 710 405; 710 406; 715 411; 715 412; 716 413; 716 414; 717 415; 717 416; 719 418; 720 418; 723 421; 723 422; 724 423; 724 425; 725 426; 725 427; 726 428; 726 429; 727 430; 729 430; 731 428; 731 427; 732 426; 732 425; 733 424; 733 422; 734 421; 734 420; 735 419; 735 418; 736 417; 736 416; 738 414; 738 413; 742 409; 742 407; 743 406; 743 402; 744 401; 744 400; 745 399; 745 397; 746 396; 746 394; 747 393; 747 392; 748 391; 748 390; 749 389; 749 387; 731 387; 730 388; 729 388; 728 387
47; 503 385; 503 391; 504 392; 504 397; 505 398; 505 404; 504 405; 504 413; 505 414; 505 416; 506 417; 506 420; 507 421; 507 429; 508 430; 508 433; 509 434; 512 434; 513 433; 514 433; 522 425; 523 425; 524 424; 525 424; 526 423; 527 423; 529 421; 530 421; 533 418; 534 418; 537 415; 538 415; 540 413; 541 413; 543 411; 544 411; 546 409; 547 409; 549 407; 549 402; 541 402; 540 401; 539 401; 537 399; 536 399; 534 397; 534 396; 533 395; 529 395; 528 394; 525 394; 524 393; 521 393; 520 392; 518 392; 517 391; 516 391; 515 390; 513 390; 508 385
48; 700 409; 699 410; 697 410; 696 411; 692 411; 691 412; 689 412; 688 411; 683 411; 682 412; 680 412; 679 413; 678 413; 677 414; 675 414; 674 415; 672 415; 671 416; 662 416; 661 417; 658 417; 657 418; 657 420; 668 431; 668 432; 672 436; 672 437; 674 439; 674 440; 678 444; 679 444; 688 453; 688 454; 689 454; 690 455; 692 455; 694 453; 694 445; 695 444; 695 442; 696 441; 696 440; 697 439; 697 438; 698 437; 698 436; 699 435; 699 434; 703 430; 703 428; 702 427; 702 419; 703 418; 703 416; 704 415; 704 413; 705 412; 705 409
49; 547 427; 545 429; 544 429; 543 430; 542 430; 541 431; 540 431; 539 432; 538 432; 537 433; 536 433; 535 434; 534 434; 532 436; 531 436; 526 441; 525 441; 524 442; 523 442; 521 444; 520 444; 519 445; 517 445; 516 446; 512 446; 511 447; 510 447; 510 448; 509 449; 509 452; 511 454; 513 454; 514 455; 515 455; 516 456; 517 456; 518 457; 520 457; 521 458; 523 458; 524 459; 525 459; 532 466; 534 466; 535 467; 537 467; 538 468; 540 468; 541 469; 542 469; 544 471; 545 471; 546 472; 547 472; 549 474; 554 474; 554 473; 555 472; 555 469; 554 468; 554 464; 553 463; 553 446; 552 445; 552 438; 553 437; 553 436; 554 435; 554 434; 556 432; 556 428; 555 427
50; 22 424; 21 425; 21 429; 22 430; 23 430; 26 433; 26 436; 27 437; 27 464; 28 465; 28 476; 30 478; 32 478; 33 477; 34 477; 35 476; 37 476; 38 477; 38 479; 42 479; 43 478; 43 477; 44 476; 44 475; 45 474; 45 470; 46 469; 46 468; 47 467; 48 467; 49 466; 52 466; 53 465; 53 464; 54 463; 54 462; 58 458; 59 458; 61 456; 62 456; 63 455; 64 455; 65 454; 66 454; 67 453; 68 453; 70 451; 70 449; 69 449; 68 448; 67 448; 66 447; 64 447; 63 446; 62 446; 61 445; 60 445; 59 444; 58 444; 56 442; 55 442; 54 441; 52 441; 51 440; 50 440; 49 439; 48 439; 47 438; 46 438; 45 437; 44 437; 43 436; 41 436; 40 435; 39 435; 37 433; 36 433; 33 430; 32 430; 26 424
51; 986 441; 982 445; 981 445; 980 446; 979 446; 978 447; 977 447; 976 448; 973 448; 972 449; 968 449; 967 450; 965 450; 964 451; 962 451; 961 452; 959 452; 958 453; 957 453; 956 454; 955 454; 954 455; 953 455; 952 456; 950 456; 949 457; 944 457; 943 458; 943 460; 945 462; 946 462; 947 463; 948 463; 950 465; 951 465; 959 473; 959 474; 960 475; 960 476; 961 477; 965 477; 966 478; 967 478; 972 483; 972 484; 974 486; 975 486; 978 489; 981 489; 982 488; 982 480; 983 479; 983 474; 984 473; 984 470; 985 469; 985 465; 986 464; 986 459; 987 458; 987 452; 988 451; 988 447; 989 446; 989 441
52; 496 451; 496 452; 495 453; 495 464; 494 465; 494 467; 493 468; 493 469; 492 470; 492 478; 493 479; 493 481; 492 482; 492 487; 491 488; 491 490; 490 491; 490 492; 489 493; 489 494; 488 495; 488 497; 490 499; 493 499; 494 498; 495 498; 496 497; 497 497; 498 496; 500 496; 501 495; 502 495; 503 494; 504 494; 505 493; 507 493; 508 492; 510 492; 511 491; 512 491; 513 490; 514 490; 515 489; 517 489; 518 488; 520 488; 521 487; 523 487; 524 486; 526 486; 527 485; 530 485; 531 484; 532 484; 533 483; 535 483; 537 481; 537 479; 535 477; 534 477; 532 475; 531 475; 529 473; 528 473; 525 470; 524 470; 522 468; 521 468; 518 465; 517 465; 514 462; 513 462; 509 458; 508 458; 505 455; 504 455; 501 452; 500 452; 499 451
53; 37 480; 35 482; 35 483; 34 484; 33 484; 29 488; 28 488; 26 490; 25 490; 24 491; 22 491; 21 492; 19 492; 17 494; 16 494; 14 496; 14 497; 13 498; 12 498; 10 500; 9 500; 8 501; 7 501; 6 502; 5 502; 4 503; 2 503; 1 504; 0 504; 0 509; 1 509; 2 510; 5 510; 6 511; 8 511; 9 512; 10 512; 11 513; 12 513; 13 514; 14 514; 16 516; 17 516; 18 517; 19 517; 20 518; 22 518; 23 519; 24 519; 25 520; 26 520; 30 524; 33 524; 34 525; 36 525; 37 526; 38 526; 42 530; 44 530; 46 528; 46 525; 45 524; 45 509; 44 508; 44 504; 43 503; 43 499; 42 498; 42 492; 41 491; 41 489; 42 488; 42 480
54; 802 482; 801 483; 801 486; 802 487; 802 489; 803 490; 803 499; 802 500; 802 502; 801 503; 801 504; 800 505; 799 505; 799 507; 800 508; 801 508; 803 510; 803 511; 804 512; 804 529; 805 530; 809 530; 813 526; 814 526; 815 525; 816 525; 817 524; 818 524; 819 523; 820 523; 822 521; 823 521; 826 518; 827 518; 831 514; 832 514; 836 510; 838 510; 839 509; 841 509; 842 508; 844 508; 846 506; 846 503; 845 503; 843 501; 841 501; 839 499; 838 499; 836 497; 835 497; 833 495; 832 495; 831 494; 830 494; 829 493; 828 493; 826 491; 825 491; 824 490; 822 490; 821 489; 820 489; 819 488; 817 488; 816 487; 815 487; 814 486; 813 486; 812 485; 811 485; 810 484; 809 484; 808 483; 807 483; 806 482
55; 64 491; 63 492; 63 495; 64 496; 64 497; 65 498; 65 500; 66 501; 66 503; 67 504; 67 509; 68 510; 68 519; 69 520; 69 524; 70 525; 70 530; 71 531; 71 536; 70 537; 70 538; 69 539; 69 541; 77 541; 79 539; 79 537; 80 536; 80 535; 82 533; 83 533; 85 531; 86 531; 87 530; 88 530; 105 513; 106 513; 109 510; 109 508; 108 507; 107 507; 106 506; 104 506; 103 505; 102 505; 101 504; 100 504; 98 502; 97 502; 96 501; 94 501; 93 500; 92 500; 91 499; 90 499; 89 498; 82 498; 81 497; 79 497; 78 496; 76 496; 75 495; 74 495; 73 494; 72 494; 71 493; 70 493; 69 492; 68 492; 67 491
56; 570 503; 569 504; 568 504; 568 505; 566 507; 566 508; 563 511; 563 512; 559 516; 559 517; 557 519; 557 520; 556 521; 556 522; 555 523; 555 524; 554 525; 554 526; 552 528; 552 529; 551 530; 551 531; 550 532; 550 533; 549 534; 549 535; 546 538; 546 539; 544 541; 544 542; 543 543; 543 547; 544 548; 547 548; 549 546; 550 546; 551 545; 559 545; 563 549; 563 550; 564 551; 566 551; 567 550; 569 550; 568 549; 570 547; 584 547; 585 548; 587 548; 588 549; 591 549; 592 548; 592 545; 591 544; 591 541; 590 540; 590 537; 588 535; 588 534; 586 532; 586 531; 585 530; 585 529; 584 528; 584 521; 583 520; 582 520; 579 517; 579 516; 578 515; 578 514; 577 513; 577 511; 576 510; 577 509; 577 505; 575 503
57; 895 519; 895 523; 898 526; 898 527; 899 528; 899 529; 900 530; 900 533; 901 534; 901 536; 902 537; 902 539; 903 540; 903 541; 904 542; 904 543; 905 544; 905 545; 906 546; 906 547; 907 548; 907 550; 908 551; 908 552; 909 553; 909 554; 910 555; 910 556; 911 557; 911 558; 912 559; 912 561; 914 563; 917 563; 920 560; 920 559; 921 558; 921 557; 922 556; 922 555; 923 554; 923 553; 926 550; 926 549; 928 547; 928 546; 929 545; 929 544; 932 541; 932 540; 935 537; 935 536; 938 533; 938 532; 942 528; 942 524; 930 524; 929 523; 924 523; 923 522; 921 522; 920 521; 918 521; 917 520; 915 520; 914 521; 908 521; 907 520; 903 520; 902 519
58; 230 529; 228 531; 228 532; 222 538; 221 538; 220 539; 219 539; 218 540; 217 540; 210 547; 209 547; 207 549; 205 549; 202 552; 202 553; 196 559; 195 559; 194 560; 194 563; 195 563; 196 564; 200 564; 201 565; 204 565; 205 566; 206 566; 207 567; 209 567; 210 568; 211 568; 212 569; 213 569; 215 571; 215 573; 216 574; 216 575; 217 576; 219 576; 222 573; 224 573; 225 574; 227 574; 228 575; 230 575; 231 576; 232 576; 233 577; 234 577; 235 578; 236 578; 238 580; 239 580; 240 581; 242 581; 242 577; 241 576; 241 575; 240 574; 240 573; 239 572; 239 568; 238 567; 238 558; 237 557; 237 553; 236 552; 236 548; 235 547; 235 531; 234 530; 234 529
59; 567 551; 566 552; 564 552; 564 560; 561 563; 560 563; 559 564; 557 564; 556 565; 555 565; 554 566; 553 566; 552 567; 552 568; 550 570; 550 571; 548 573; 548 574; 547 575; 546 575; 545 576; 543 576; 542 577; 541 577; 540 578; 540 582; 541 583; 545 583; 548 580; 549 580; 551 582; 551 584; 552 585; 552 589; 551 590; 551 593; 550 594; 550 600; 551 601; 555 601; 558 598; 558 596; 559 595; 559 594; 562 591; 563 591; 564 590; 566 590; 567 589; 572 589; 573 590; 576 590; 577 589; 578 589; 579 588; 580 588; 581 587; 583 587; 584 586; 585 586; 586 585; 588 585; 589 584; 593 584; 594 585; 595 585; 596 586; 598 586; 599 585; 600 585; 601 584; 601 581; 598 578; 597 578; 572 553; 571 553; 569 551
60; 418 561; 418 562; 417 563; 417 565; 418 566; 418 568; 419 569; 419 570; 420 571; 420 572; 421 573; 421 575; 422 576; 422 581; 423 582; 423 587; 424 588; 424 590; 425 591; 425 592; 426 593; 426 598; 427 599; 427 600; 428 601; 428 602; 429 603; 429 604; 430 605; 430 607; 431 608; 431 611; 433 611; 434 610; 435 610; 435 609; 436 608; 436 607; 442 601; 443 601; 444 600; 445 600; 449 596; 450 596; 451 595; 451 594; 452 593; 452 591; 454 589; 454 588; 457 585; 457 584; 464 577; 465 577; 465 573; 464 572; 460 572; 459 571; 457 571; 456 570; 453 570; 452 569; 446 569; 445 568; 443 568; 442 567; 439 567; 438 566; 436 566; 435 565; 432 565; 431 564; 427 564; 426 563; 424 563; 423 562; 422 562; 421 561
61; 177 554; 176 555; 175 555; 174 556; 174 557; 173 558; 173 563; 174 564; 174 566; 173 567; 173 573; 174 574; 174 613; 175 614; 177 614; 178 613; 179 613; 181 611; 182 611; 186 607; 187 607; 188 606; 189 606; 190 605; 195 605; 199 601; 200 601; 205 596; 206 596; 207 595; 208 595; 209 594; 210 594; 211 593; 213 593; 214 592; 218 592; 219 593; 219 592; 221 590; 221 587; 220 586; 220 585; 219 584; 219 583; 216 583; 215 584; 214 584; 213 585; 212 585; 211 586; 210 585; 208 585; 207 584; 206 584; 204 582; 203 582; 201 580; 200 580; 199 579; 198 579; 197 578; 196 578; 194 576; 193 576; 192 575; 191 575; 190 574; 189 574; 188 573; 187 573; 186 572; 185 572; 183 570; 182 570; 178 566; 178 564; 181 561; 181 556; 179 554
62; 269 579; 267 581; 267 582; 266 583; 265 583; 264 584; 259 584; 258 583; 257 583; 256 582; 253 582; 252 583; 251 583; 249 585; 243 585; 242 586; 241 586; 240 587; 238 587; 237 588; 234 588; 233 589; 223 589; 222 588; 222 590; 220 592; 220 594; 221 594; 226 599; 226 600; 228 602; 228 603; 230 605; 230 606; 231 607; 231 608; 232 609; 232 610; 233 610; 234 611; 235 611; 236 612; 237 612; 240 615; 240 616; 244 620; 244 621; 247 624; 247 625; 248 626; 248 627; 249 628; 252 628; 253 627; 253 625; 254 624; 254 622; 257 619; 261 619; 261 617; 258 614; 258 609; 259 608; 259 607; 260 606; 260 605; 261 604; 261 602; 262 601; 262 598; 263 597; 263 593; 264 592; 264 591; 266 589; 266 588; 271 583; 271 579
63; 7 577; 6 578; 6 587; 7 588; 7 593; 6 594; 6 603; 7 604; 7 611; 8 612; 8 624; 9 625; 9 626; 12 626; 13 625; 14 625; 21 618; 22 618; 23 617; 25 617; 26 616; 27 616; 28 615; 29 615; 32 612; 33 612; 34 611; 35 611; 36 610; 37 610; 44 603; 45 603; 46 602; 48 602; 49 601; 49 598; 48 597; 47 597; 46 596; 45 596; 44 595; 42 595; 41 594; 40 594; 39 593; 38 593; 37 592; 36 592; 35 591; 33 591; 32 590; 31 590; 28 587; 24 587; 23 586; 22 586; 21 585; 19 585; 18 584; 17 584; 11 578; 10 578; 9 577
64; 780 596; 778 598; 778 599; 775 602; 774 602; 773 603; 772 603; 770 605; 770 607; 769 608; 769 611; 762 618; 762 619; 756 625; 756 629; 758 629; 759 628; 760 628; 761 627; 766 627; 771 622; 771 621; 773 619; 773 618; 777 614; 777 613; 780 610; 780 609; 781 608; 781 606; 782 605; 782 602; 783 601; 783 596
65; 147 605; 146 606; 143 606; 142 607; 129 607; 128 608; 123 608; 122 609; 119 609; 118 610; 115 610; 114 611; 104 611; 103 612; 103 614; 111 622; 111 623; 113 625; 113 626; 114 627; 114 628; 115 629; 115 631; 116 632; 116 633; 117 634; 117 635; 118 635; 121 638; 122 638; 124 640; 124 641; 127 644; 127 645; 128 646; 128 649; 129 650; 129 652; 130 653; 133 653; 134 652; 134 651; 135 650; 135 647; 136 646; 136 643; 137 642; 137 640; 138 639; 138 638; 139 637; 139 635; 140 634; 140 633; 141 632; 141 631; 142 630; 142 629; 143 628; 143 626; 144 625; 144 624; 145 623; 145 621; 146 620; 146 617; 147 616; 147 614; 148 613; 148 612; 150 610; 150 609; 151 608; 151 606; 150 605
66; 891 599; 889 601; 889 603; 890 604; 890 607; 887 610; 886 610; 884 612; 883 612; 881 614; 880 614; 875 619; 874 619; 871 622; 870 622; 868 624; 866 624; 865 625; 862 625; 861 626; 861 628; 863 630; 864 630; 865 631; 866 631; 867 632; 868 632; 869 633; 870 633; 871 634; 872 634; 873 635; 874 635; 877 638; 877 640; 878 641; 878 642; 882 642; 883 641; 886 641; 887 642; 888 642; 889 643; 890 643; 891 644; 894 644; 895 645; 896 645; 897 646; 898 646; 901 649; 902 649; 904 651; 906 651; 908 649; 908 646; 907 645; 907 643; 906 642; 906 629; 905 628; 905 625; 904 624; 904 616; 903 615; 903 612; 902 611; 902 605; 903 604; 903 602; 901 600; 895 600; 894 599
67; 434 611; 433 612; 432 612; 432 614; 431 615; 431 616; 428 619; 427 619; 426 620; 425 620; 421 624; 420 624; 417 627; 416 627; 415 628; 414 628; 413 629; 412 629; 411 630; 405 630; 404 631; 403 631; 401 633; 401 637; 403 639; 404 639; 405 640; 406 640; 407 641; 408 641; 409 642; 410 642; 411 643; 412 643; 413 644; 414 644; 416 646; 417 646; 418 647; 419 647; 422 650; 423 650; 424 651; 425 651; 426 652; 428 652; 429 653; 430 653; 431 654; 432 654; 436 658; 436 659; 437 660; 437 662; 441 662; 442 661; 446 661; 446 657; 445 656; 445 649; 444 648; 444 643; 445 642; 445 630; 444 629; 444 624; 443 623; 444 622; 444 616; 443 615; 443 612; 442 611
68; 1004 611; 1004 612; 1003 613; 1000 613; 1000 648; 999 649; 999 656; 1000 657; 1002 657; 1004 655; 1005 655; 1005 654; 1006 653; 1007 653; 1010 650; 1011 650; 1012 649; 1013 649; 1014 648; 1016 648; 1017 647; 1023 647; 1023 637; 1020 637; 1018 639; 1017 639; 1016 640; 1014 640; 1013 641; 1010 641; 1008 639; 1008 634; 1009 633; 1009 629; 1008 628; 1008 626; 1009 625; 1009 624; 1010 623; 1011 623; 1012 622; 1013 623; 1015 623; 1016 624; 1017 624; 1018 625; 1019 625; 1020 626; 1023 626; 1023 619; 1021 619; 1020 618; 1019 618; 1018 617; 1016 617; 1015 616; 1014 616; 1012 614; 1011 614; 1009 612; 1008 612; 1007 611
69; 442 662; 441 663; 437 663; 437 676; 436 677; 436 680; 435 681; 435 683; 434 684; 434 688; 435 689; 435 690; 436 691; 436 700; 435 701; 435 710; 436 711; 438 711; 439 710; 440 710; 441 709; 442 709; 444 707; 445 707; 446 706; 447 706; 448 705; 449 705; 450 704; 451 704; 452 703; 453 703; 454 702; 455 702; 457 700; 458 700; 460 698; 461 698; 463 696; 464 696; 466 694; 467 694; 468 693; 469 693; 470 692; 471 692; 472 691; 474 691; 475 690; 477 690; 478 689; 479 689; 479 685; 478 684; 477 684; 476 683; 475 683; 474 682; 473 682; 471 680; 470 680; 468 678; 467 678; 465 676; 464 676; 461 673; 460 673; 459 672; 458 672; 457 671; 456 671; 455 670; 454 670; 453 669; 452 669; 450 667; 449 667; 446 664; 446 662
70; 137 675; 132 680; 132 681; 128 685; 127 685; 124 688; 123 688; 122 689; 121 689; 120 690; 119 690; 116 693; 116 695; 114 697; 114 698; 110 702; 109 702; 106 705; 105 705; 104 706; 104 709; 105 710; 106 710; 107 711; 111 711; 112 712; 114 712; 115 713; 116 713; 117 714; 118 714; 119 715; 120 715; 121 716; 127 716; 128 717; 131 717; 132 718; 133 718; 134 719; 135 719; 136 720; 138 720; 139 721; 141 721; 142 722; 144 722; 145 723; 149 723; 150 722; 150 721; 151 720; 151 713; 150 712; 150 711; 148 709; 148 708; 147 707; 147 705; 146 704; 146 698; 145 697; 145 694; 144 693; 144 692; 143 691; 143 689; 142 688; 142 685; 141 684; 141 677; 140 676; 140 675
71; 890 687; 889 688; 888 688; 885 691; 884 691; 880 695; 879 695; 877 697; 876 697; 875 698; 870 698; 868 700; 868 701; 867 702; 867 703; 860 710; 859 710; 858 711; 857 711; 856 712; 854 712; 852 714; 852 716; 854 718; 855 718; 856 719; 856 720; 855 721; 855 722; 854 723; 854 726; 855 727; 857 727; 859 725; 859 721; 860 720; 863 720; 864 721; 865 721; 866 722; 868 722; 869 723; 870 723; 872 725; 873 725; 874 726; 876 726; 877 727; 878 727; 879 728; 880 728; 881 729; 882 729; 883 730; 884 730; 885 731; 886 731; 887 732; 888 732; 889 733; 890 733; 892 735; 893 735; 894 736; 898 736; 898 731; 897 730; 897 729; 896 728; 896 724; 897 723; 897 721; 898 720; 898 716; 897 715; 897 713; 896 712; 896 708; 895 707; 895 699; 896 698; 896 696; 895 695; 895 692; 894 691; 894 688; 893 687
72; 0 714; 0 724; 3 724; 6 727; 6 730; 3 733; 1 733; 0 734; 0 743; 2 743; 5 740; 6 740; 7 739; 8 739; 9 738; 10 738; 11 737; 14 737; 15 736; 16 736; 18 734; 19 734; 20 733; 21 733; 22 732; 23 732; 24 731; 25 731; 25 728; 24 727; 23 727; 22 726; 21 726; 19 724; 18 724; 15 721; 14 721; 12 719; 11 719; 10 718; 9 718; 8 717; 7 717; 6 716; 5 716; 4 715; 3 715; 2 714
73; 196 704; 195 705; 195 713; 196 714; 196 716; 197 717; 197 724; 196 725; 196 731; 197 732; 197 742; 198 743; 198 744; 197 745; 197 747; 198 748; 198 752; 199 753; 199 754; 202 754; 204 752; 205 752; 208 749; 209 749; 211 747; 212 747; 215 744; 216 744; 217 743; 219 743; 220 742; 221 742; 228 735; 228 734; 231 731; 232 731; 233 730; 234 730; 235 729; 236 729; 237 728; 238 728; 239 727; 239 725; 237 723; 235 723; 234 722; 232 722; 231 721; 230 721; 229 720; 228 720; 227 719; 226 719; 225 718; 224 718; 223 717; 222 717; 221 716; 220 716; 218 714; 216 714; 215 713; 214 713; 213 712; 212 712; 211 711; 210 711; 209 710; 207 710; 206 709; 205 709; 203 707; 202 707; 200 705; 199 705; 198 704
74; 410 715; 409 716; 409 719; 410 720; 410 721; 411 722; 411 723; 412 724; 412 725; 413 726; 413 728; 414 729; 414 734; 415 735; 415 737; 416 738; 416 749; 422 755; 422 756; 423 757; 423 761; 424 762; 424 765; 425 766; 427 766; 428 765; 430 765; 431 766; 432 766; 433 767; 435 767; 437 765; 437 762; 436 761; 435 761; 433 759; 433 756; 435 754; 435 753; 438 750; 439 750; 440 749; 441 749; 442 748; 445 748; 445 742; 446 741; 446 740; 452 734; 452 733; 455 730; 456 730; 457 729; 458 729; 459 728; 459 725; 458 724; 452 724; 451 723; 446 723; 445 722; 442 722; 441 721; 439 721; 438 720; 432 720; 431 719; 428 719; 427 718; 425 718; 424 717; 419 717; 418 716; 415 716; 414 715
75; 703 717; 702 718; 701 718; 701 724; 702 725; 702 726; 703 727; 703 729; 704 730; 704 732; 705 733; 705 734; 706 735; 706 736; 707 737; 707 738; 708 739; 708 740; 709 741; 709 742; 710 743; 710 745; 711 746; 711 749; 712 750; 712 751; 716 755; 716 756; 718 758; 718 759; 719 760; 719 762; 720 763; 720 764; 721 765; 721 766; 722 767; 722 768; 724 770; 727 770; 728 769; 728 767; 729 766; 729 763; 730 762; 730 760; 737 753; 737 748; 738 747; 738 745; 739 744; 739 743; 741 741; 741 740; 742 739; 742 738; 746 734; 746 733; 748 731; 748 730; 749 729; 749 728; 750 727; 750 725; 745 725; 744 726; 729 726; 728 725; 725 725; 724 724; 712 724; 710 722; 710 721; 709 720; 709 719; 707 717
76; 795 729; 794 730; 794 737; 795 738; 795 745; 794 746; 794 764; 795 765; 795 774; 794 775; 794 778; 795 779; 795 780; 799 780; 800 779; 802 779; 803 778; 804 778; 805 777; 806 777; 810 773; 811 773; 812 772; 813 772; 814 771; 816 771; 817 770; 818 770; 819 769; 819 768; 822 765; 823 765; 825 763; 826 763; 828 761; 829 761; 831 759; 832 759; 833 758; 834 758; 835 757; 836 757; 838 755; 838 752; 837 752; 836 751; 834 751; 833 750; 832 750; 831 749; 830 749; 829 748; 828 748; 827 747; 826 747; 824 745; 823 745; 821 743; 820 743; 818 741; 817 741; 816 740; 815 740; 814 739; 813 739; 812 738; 811 738; 809 736; 808 736; 807 735; 806 735; 805 734; 804 734; 801 731; 800 731; 798 729
77; 280 735; 280 748; 279 749; 279 751; 280 752; 280 753; 281 753; 283 755; 283 756; 284 757; 284 759; 285 760; 285 764; 286 765; 286 769; 285 770; 285 775; 286 776; 285 777; 285 779; 284 780; 284 784; 285 785; 285 786; 288 789; 291 789; 296 784; 297 784; 299 782; 300 782; 302 780; 303 780; 307 776; 308 776; 311 773; 312 773; 315 770; 316 770; 319 767; 320 767; 322 765; 322 764; 326 760; 327 760; 328 759; 328 755; 324 755; 323 754; 322 754; 321 753; 320 753; 319 752; 317 752; 316 751; 314 751; 313 750; 311 750; 309 748; 308 748; 307 747; 307 746; 306 745; 296 745; 295 744; 294 744; 293 743; 291 743; 290 742; 289 742; 288 741; 287 741; 283 737; 283 736; 282 735
78; 602 775; 601 776; 600 776; 600 779; 599 780; 599 781; 598 782; 596 782; 596 786; 597 787; 597 789; 598 790; 599 790; 602 793; 602 797; 600 799; 603 802; 603 803; 604 804; 604 806; 605 807; 605 812; 604 813; 604 823; 605 824; 609 824; 610 823; 611 823; 612 822; 613 822; 614 821; 615 821; 616 820; 618 820; 620 818; 621 818; 625 814; 626 814; 628 812; 629 812; 631 810; 632 810; 637 805; 638 805; 640 803; 641 803; 643 801; 644 801; 645 800; 646 800; 646 796; 645 795; 642 795; 641 794; 640 794; 639 793; 637 793; 635 791; 634 791; 631 788; 630 788; 629 787; 629 786; 628 785; 628 780; 626 780; 623 783; 619 783; 618 782; 617 782; 616 781; 615 781; 614 780; 613 780; 612 779; 611 779; 609 777; 608 777; 607 776; 606 776; 605 775
79; 759 780; 759 781; 756 784; 756 785; 751 790; 750 790; 745 795; 744 795; 743 796; 737 796; 737 799; 738 800; 737 801; 737 803; 731 809; 730 809; 729 810; 726 810; 725 811; 725 813; 727 815; 729 815; 730 816; 735 816; 736 817; 737 817; 738 818; 739 818; 740 819; 742 819; 743 820; 744 820; 749 825; 760 825; 761 826; 764 826; 765 827; 767 827; 770 830; 775 830; 776 829; 776 827; 775 826; 775 825; 774 824; 774 823; 773 822; 773 821; 772 820; 772 818; 771 817; 771 810; 770 809; 770 807; 769 806; 769 803; 768 802; 768 797; 767 796; 767 794; 766 793; 766 790; 765 789; 765 783; 764 782; 764 780
80; 594 783; 593 784; 592 784; 590 786; 589 786; 588 787; 587 787; 585 789; 584 789; 582 791; 581 791; 579 793; 575 793; 571 797; 571 798; 566 803; 565 803; 562 806; 561 806; 559 808; 558 808; 557 809; 556 809; 554 811; 553 811; 553 813; 554 814; 555 814; 556 815; 557 815; 558 816; 560 816; 561 817; 563 817; 564 818; 565 818; 566 819; 567 819; 569 821; 570 821; 571 822; 571 823; 574 826; 574 827; 575 828; 578 828; 580 826; 585 826; 586 827; 587 827; 589 829; 590 829; 594 833; 595 833; 596 834; 598 834; 599 833; 599 829; 598 828; 598 824; 597 823; 597 816; 596 815; 596 807; 597 806; 597 805; 599 803; 599 802; 600 801; 600 800; 599 799; 599 798; 597 796; 597 795; 596 794; 596 793; 597 792; 597 790; 596 789; 596 787; 595 786; 595 783
81; 996 797; 995 798; 993 798; 992 799; 990 799; 989 800; 985 800; 984 801; 980 801; 979 800; 971 800; 970 801; 969 801; 968 802; 966 802; 965 803; 953 803; 952 804; 952 807; 959 814; 959 815; 960 816; 960 817; 961 818; 961 819; 962 820; 962 821; 965 824; 965 825; 968 828; 968 829; 974 835; 974 836; 975 837; 975 838; 976 839; 976 848; 977 849; 979 849; 980 848; 980 844; 981 843; 981 842; 982 841; 982 840; 983 839; 983 838; 984 837; 984 835; 985 834; 985 832; 986 831; 986 830; 987 829; 987 827; 988 826; 988 825; 989 824; 989 822; 990 821; 990 820; 991 819; 991 817; 992 816; 992 814; 993 813; 993 812; 994 811; 994 809; 995 808; 995 806; 997 804; 997 803; 998 802; 998 801; 999 800; 999 798; 998 797
82; 812 786; 811 787; 811 788; 809 790; 809 791; 807 793; 807 794; 801 800; 801 801; 800 802; 800 803; 798 805; 798 806; 791 813; 790 813; 789 814; 788 814; 787 815; 786 815; 786 816; 785 817; 785 819; 784 820; 784 821; 783 822; 783 825; 784 826; 789 826; 790 827; 794 827; 795 828; 797 828; 798 829; 799 829; 801 831; 801 832; 802 833; 802 834; 805 834; 808 831; 815 831; 816 832; 820 832; 821 833; 822 833; 823 834; 824 834; 827 837; 830 837; 831 836; 831 832; 830 831; 830 830; 829 829; 829 828; 828 827; 828 825; 827 824; 827 823; 826 822; 826 820; 825 819; 825 818; 824 817; 824 815; 823 814; 823 811; 822 810; 822 807; 821 806; 821 803; 820 802; 820 800; 819 799; 819 796; 818 795; 818 793; 817 792; 817 791; 816 790; 816 788; 814 786
83; 937 788; 934 791; 934 792; 933 793; 933 794; 927 800; 926 800; 925 801; 924 801; 923 802; 920 802; 919 803; 919 806; 918 807; 918 808; 912 814; 912 815; 911 816; 910 816; 908 818; 907 818; 905 820; 905 823; 906 824; 908 824; 909 825; 913 825; 914 826; 917 826; 918 827; 919 827; 920 828; 921 828; 922 829; 923 829; 924 830; 927 830; 928 831; 930 831; 931 832; 934 832; 935 833; 937 833; 938 834; 939 834; 941 836; 942 836; 945 839; 948 839; 949 838; 949 833; 948 832; 948 830; 947 829; 947 827; 946 826; 946 825; 945 824; 945 817; 944 816; 944 808; 943 807; 943 805; 942 804; 942 801; 941 800; 941 789; 940 788
84; 393 804; 389 808; 388 808; 380 816; 379 816; 378 817; 376 817; 375 818; 375 820; 374 821; 374 822; 372 824; 372 825; 370 827; 369 827; 366 830; 366 831; 365 832; 364 832; 363 833; 362 833; 361 834; 360 834; 359 835; 359 836; 356 839; 359 842; 360 842; 361 841; 371 841; 372 842; 374 842; 375 843; 377 843; 378 844; 380 844; 381 845; 384 845; 385 846; 388 846; 389 847; 391 847; 392 848; 394 848; 395 849; 397 849; 398 850; 399 850; 400 851; 401 851; 402 852; 403 852; 404 853; 405 853; 406 854; 408 854; 408 851; 407 850; 407 848; 406 847; 406 845; 405 844; 405 842; 404 841; 404 840; 403 839; 403 835; 402 834; 402 829; 401 828; 401 814; 400 813; 400 812; 398 810; 398 808; 397 807; 397 805; 396 804
85; 472 810; 472 816; 473 817; 473 820; 474 821; 474 834; 475 835; 475 846; 476 847; 476 851; 477 852; 477 860; 481 860; 482 859; 483 859; 486 856; 487 856; 492 851; 493 851; 494 850; 497 850; 498 851; 501 851; 501 845; 506 840; 507 840; 509 838; 510 838; 512 836; 513 836; 514 835; 515 835; 516 834; 517 834; 518 833; 518 829; 517 828; 516 828; 515 827; 513 827; 512 828; 510 828; 509 827; 507 827; 506 826; 505 826; 504 825; 503 825; 501 823; 500 823; 499 822; 498 822; 497 821; 496 821; 495 820; 494 820; 493 819; 492 819; 491 818; 490 818; 489 817; 487 817; 486 816; 485 816; 484 815; 483 815; 481 813; 480 813; 479 812; 478 812; 477 811; 476 811; 475 810
86; 90 813; 88 815; 88 818; 87 819; 87 820; 86 821; 86 822; 84 824; 78 824; 77 825; 77 828; 78 829; 78 830; 79 831; 78 832; 78 833; 77 834; 77 835; 73 839; 72 839; 71 840; 71 841; 70 842; 70 845; 69 846; 69 847; 68 848; 68 849; 67 850; 67 851; 66 852; 66 853; 65 854; 65 856; 66 857; 71 857; 72 856; 76 856; 77 857; 80 857; 81 858; 82 858; 83 859; 89 859; 90 858; 103 858; 104 859; 107 859; 108 860; 110 860; 111 859; 112 859; 113 858; 113 855; 108 850; 108 849; 107 848; 107 846; 106 845; 106 843; 105 842; 105 839; 104 838; 104 835; 103 834; 103 832; 102 831; 102 830; 95 823; 95 821; 94 820; 94 815; 92 813
87; 28 832; 26 834; 26 835; 21 840; 20 840; 19 841; 17 841; 16 842; 14 842; 13 843; 12 843; 11 844; 11 845; 3 853; 2 853; 1 854; 0 854; 0 866; 1 866; 2 867; 4 867; 5 868; 6 868; 8 870; 9 870; 15 876; 15 880; 16 881; 16 883; 17 883; 18 884; 20 884; 21 883; 22 883; 22 880; 23 879; 26 879; 28 881; 29 881; 30 882; 31 882; 33 884; 33 886; 34 887; 34 888; 36 888; 37 887; 37 884; 36 883; 36 880; 35 879; 35 874; 34 873; 34 860; 35 859; 35 854; 33 852; 33 850; 32 849; 32 838; 33 837; 33 834; 32 833; 32 832
88; 355 840; 354 841; 353 841; 352 842; 350 842; 349 843; 344 843; 343 844; 335 844; 334 843; 333 843; 332 842; 329 842; 328 843; 328 844; 327 845; 326 845; 324 847; 323 847; 322 848; 319 848; 318 849; 311 849; 310 850; 310 852; 313 855; 313 856; 318 861; 318 862; 321 865; 321 866; 325 870; 325 871; 329 875; 330 875; 335 880; 335 881; 337 883; 337 885; 338 886; 338 890; 337 891; 337 893; 338 894; 338 895; 341 895; 343 893; 343 892; 344 891; 344 883; 345 882; 345 880; 346 879; 346 878; 347 877; 347 876; 348 875; 348 873; 349 872; 349 869; 350 868; 350 865; 351 864; 351 861; 352 860; 352 858; 353 857; 353 856; 354 855; 354 853; 355 852; 355 850; 356 849; 356 847; 357 846; 357 845; 358 844; 358 842; 356 840
89; 858 846; 858 851; 859 852; 859 853; 860 854; 860 857; 861 858; 861 860; 860 861; 860 870; 861 871; 861 874; 862 875; 862 880; 863 881; 863 884; 864 885; 864 892; 863 893; 863 895; 864 896; 864 897; 868 897; 872 893; 872 892; 874 890; 875 890; 876 889; 881 889; 882 888; 882 887; 883 886; 883 885; 884 884; 884 883; 890 877; 891 877; 896 872; 897 872; 899 870; 900 870; 901 869; 902 869; 903 868; 903 865; 902 864; 901 864; 900 863; 898 863; 897 862; 896 862; 894 860; 892 860; 891 859; 889 859; 888 858; 887 858; 882 853; 875 853; 874 852; 873 852; 872 851; 871 851; 870 850; 868 850; 867 849; 866 849; 865 848; 864 848; 863 847; 862 847; 861 846
90; 205 844; 204 845; 204 857; 203 858; 203 863; 202 864; 202 865; 200 867; 199 867; 198 868; 195 868; 195 873; 199 873; 201 875; 201 879; 200 880; 200 883; 199 884; 199 885; 198 886; 198 888; 196 890; 196 894; 201 894; 202 893; 203 893; 204 892; 205 892; 206 891; 207 891; 208 890; 210 890; 211 889; 213 889; 214 888; 216 888; 217 887; 218 887; 219 886; 220 886; 221 885; 222 885; 223 884; 224 884; 225 883; 232 883; 233 882; 234 882; 240 876; 241 876; 242 875; 243 875; 244 874; 244 872; 242 870; 241 870; 240 869; 238 869; 236 867; 235 867; 230 862; 229 862; 225 858; 224 858; 221 855; 220 855; 218 853; 217 853; 216 852; 215 852; 207 844
91; 154 848; 153 849; 153 853; 152 854; 152 858; 151 859; 151 868; 150 869; 150 874; 151 875; 151 877; 152 878; 152 890; 151 891; 151 893; 150 894; 150 897; 151 898; 155 898; 156 897; 157 897; 160 894; 161 894; 162 893; 163 893; 164 892; 165 892; 166 891; 167 891; 168 890; 169 890; 171 888; 172 888; 174 886; 175 886; 177 884; 178 884; 179 883; 180 883; 183 880; 184 880; 187 877; 188 877; 190 875; 191 875; 192 874; 194 874; 194 869; 190 869; 189 868; 188 868; 187 867; 185 867; 181 863; 181 862; 180 861; 180 859; 178 857; 175 857; 174 858; 171 858; 170 857; 168 857; 167 856; 166 856; 165 855; 164 855; 162 853; 161 853; 156 848
92; 0 888; 0 896; 4 896; 5 895; 8 895; 9 896; 10 896; 12 898; 12 899; 14 901; 14 902; 15 903; 15 904; 16 905; 16 907; 17 908; 17 909; 18 910; 18 911; 19 912; 19 914; 20 915; 20 916; 21 917; 21 918; 22 919; 22 922; 23 923; 23 926; 22 927; 22 931; 24 933; 25 933; 28 936; 28 937; 29 938; 29 939; 31 939; 33 937; 33 935; 34 934; 34 933; 35 932; 35 931; 36 930; 36 929; 44 921; 44 920; 47 917; 47 916; 49 914; 49 913; 51 911; 51 910; 53 908; 56 908; 57 909; 59 909; 60 908; 60 905; 59 904; 59 900; 60 899; 60 897; 59 896; 54 896; 53 895; 42 895; 41 894; 38 894; 36 892; 32 892; 31 893; 22 893; 21 892; 20 892; 19 891; 15 891; 14 890; 8 890; 7 889; 5 889; 4 888
93; 959 888; 958 889; 958 897; 959 898; 959 902; 958 903; 958 904; 956 906; 955 906; 955 910; 957 910; 958 911; 958 915; 957 916; 957 924; 956 925; 956 930; 957 931; 957 937; 958 938; 958 939; 959 940; 961 940; 964 937; 965 937; 969 933; 970 933; 972 931; 974 931; 975 930; 978 930; 985 923; 986 923; 989 920; 990 920; 991 919; 992 919; 994 917; 995 917; 997 915; 998 915; 999 914; 1000 914; 1001 913; 1001 911; 1000 910; 998 910; 997 909; 995 909; 994 908; 993 908; 992 907; 991 907; 989 905; 988 905; 986 903; 985 903; 983 901; 982 901; 979 898; 978 898; 977 897; 976 897; 975 896; 974 896; 973 895; 972 895; 971 894; 970 894; 969 893; 968 893; 966 891; 965 891; 962 888
94; 904 897; 902 899; 902 901; 907 906; 907 907; 908 908; 908 910; 909 911; 909 914; 910 915; 910 917; 911 918; 911 920; 912 921; 912 922; 913 923; 913 924; 914 925; 914 926; 915 927; 915 928; 916 929; 916 930; 917 931; 917 932; 918 933; 918 935; 919 936; 919 937; 920 938; 920 940; 921 941; 921 943; 922 944; 922 947; 923 948; 923 950; 927 950; 927 949; 928 948; 928 947; 929 946; 929 944; 930 943; 930 942; 931 941; 931 940; 933 938; 933 937; 936 934; 941 934; 941 930; 940 929; 941 928; 941 927; 942 926; 942 925; 945 922; 945 921; 947 919; 947 918; 951 914; 951 913; 954 910; 954 906; 943 906; 942 905; 941 905; 940 904; 938 904; 937 903; 929 903; 928 904; 919 904; 918 903; 916 903; 915 902; 913 902; 912 901; 911 901; 908 898; 907 898; 906 897
95; 168 907; 167 908; 167 917; 166 918; 166 923; 165 924; 165 928; 164 929; 164 930; 163 931; 163 952; 162 953; 162 955; 161 956; 161 960; 165 960; 167 958; 168 958; 169 957; 170 957; 171 956; 187 956; 187 955; 188 954; 188 953; 189 952; 190 952; 192 950; 192 949; 196 945; 197 945; 198 944; 199 944; 200 943; 202 943; 203 942; 205 942; 206 941; 206 939; 202 935; 201 935; 200 934; 199 934; 196 931; 195 931; 189 925; 188 925; 181 918; 180 918; 179 917; 178 917; 175 914; 175 913; 174 912; 174 911; 173 910; 173 909; 172 908; 172 907
96; 882 920; 881 921; 881 922; 880 923; 880 924; 876 928; 875 928; 871 932; 870 932; 869 933; 868 933; 863 938; 862 938; 860 940; 860 941; 859 942; 859 943; 853 949; 852 949; 850 951; 849 951; 848 952; 847 952; 846 953; 846 956; 847 957; 848 957; 849 958; 853 958; 854 959; 856 959; 857 960; 858 960; 863 965; 871 965; 872 966; 874 966; 875 967; 876 967; 877 968; 878 968; 879 969; 880 969; 881 970; 882 970; 884 972; 885 972; 886 973; 887 973; 888 974; 890 974; 891 973; 891 969; 890 968; 890 964; 889 963; 889 960; 890 959; 890 949; 889 948; 889 942; 888 941; 888 934; 887 933; 887 930; 886 929; 886 923; 885 922; 885 921; 884 920
97; 53 927; 53 928; 52 929; 52 932; 55 935; 55 937; 53 939; 52 939; 50 941; 49 941; 48 942; 47 942; 46 943; 45 943; 43 945; 42 945; 41 946; 39 946; 38 947; 30 947; 29 948; 29 950; 31 952; 31 953; 33 955; 34 955; 37 958; 38 958; 39 959; 40 959; 46 965; 47 965; 54 972; 55 972; 56 973; 57 973; 62 978; 62 979; 63 980; 63 982; 64 983; 64 985; 66 985; 67 984; 67 983; 68 982; 68 981; 69 980; 69 968; 70 967; 70 964; 74 960; 74 953; 73 952; 73 951; 74 950; 74 942; 75 941; 75 937; 76 936; 76 934; 77 933; 77 930; 73 930; 72 931; 71 931; 69 933; 68 933; 67 934; 66 934; 65 935; 61 935; 59 933; 59 928; 58 927
98; 992 930; 992 931; 991 932; 991 934; 990 935; 990 938; 989 939; 989 941; 988 942; 988 944; 987 945; 987 947; 983 951; 983 959; 982 960; 975 960; 975 963; 976 964; 976 966; 980 966; 982 968; 982 971; 981 972; 981 974; 980 975; 980 980; 982 980; 983 979; 985 979; 986 978; 988 978; 989 977; 990 977; 991 976; 994 976; 995 975; 998 975; 999 974; 1004 974; 1005 973; 1006 973; 1007 972; 1008 972; 1009 971; 1010 971; 1011 970; 1012 970; 1013 969; 1015 969; 1016 968; 1021 968; 1022 969; 1023 969; 1023 961; 1022 960; 1021 960; 1017 956; 1017 955; 1016 954; 1016 953; 1014 951; 1014 950; 1003 939; 1002 939; 999 936; 999 935; 994 930
99; 939 957; 938 958; 932 958; 932 960; 931 961; 931 963; 935 967; 935 968; 936 969; 936 980; 938 982; 939 982; 942 985; 942 986; 943 987; 943 989; 944 990; 944 991; 945 992; 945 995; 946 996; 946 998; 947 999; 947 1000; 948 1001; 948 1003; 949 1004; 949 1006; 951 1006; 954 1003; 954 1001; 955 1000; 955 999; 956 998; 956 997; 958 995; 958 994; 960 992; 961 992; 964 989; 964 986; 965 985; 965 983; 970 978; 970 977; 971 976; 971 972; 972 971; 972 970; 975 967; 975 964; 974 963; 974 960; 973 961; 968 961; 967 960; 961 960; 960 959; 954 959; 953 958; 947 958; 946 957
100; 677 951; 674 954; 673 954; 670 957; 669 957; 666 960; 665 960; 663 962; 662 962; 661 963; 660 963; 659 964; 658 964; 656 966; 655 966; 653 968; 652 968; 648 972; 647 972; 646 973; 645 973; 644 974; 643 974; 641 976; 640 976; 639 977; 638 977; 637 978; 636 978; 635 979; 633 979; 632 980; 632 984; 633 985; 635 985; 636 984; 637 984; 638 983; 643 983; 644 984; 645 984; 646 985; 647 985; 649 987; 650 987; 653 990; 654 990; 655 991; 656 991; 657 992; 658 992; 659 993; 660 993; 661 994; 662 994; 664 996; 665 996; 668 999; 669 999; 671 1001; 672 1001; 674 1003; 675 1003; 677 1005; 681 1005; 681 998; 680 997; 680 982; 681 981; 681 980; 683 978; 683 974; 681 972; 681 971; 680 970; 680 957; 681 956; 681 952; 680 951
101; 805 957; 804 958; 803 958; 801 960; 799 960; 798 961; 789 961; 787 963; 786 963; 784 965; 782 965; 781 966; 775 966; 773 968; 772 968; 771 969; 770 969; 769 970; 766 970; 765 971; 763 971; 762 972; 762 975; 770 983; 770 984; 773 987; 773 988; 774 989; 774 990; 775 991; 775 992; 776 993; 777 993; 778 994; 780 994; 781 995; 782 995; 788 1001; 788 1002; 790 1004; 790 1005; 791 1006; 791 1007; 792 1008; 792 1009; 794 1011; 797 1011; 797 1010; 798 1009; 798 1003; 799 1002; 799 998; 800 997; 800 993; 801 992; 801 989; 802 988; 802 986; 803 985; 803 982; 804 981; 804 973; 805 972; 805 969; 806 968; 806 966; 807 965; 807 964; 808 963; 808 962; 809 961; 809 957
102; 923 951; 923 954; 922 955; 922 956; 916 962; 915 962; 913 964; 912 964; 910 966; 909 966; 908 967; 907 967; 906 968; 905 968; 904 969; 903 969; 903 970; 902 971; 902 972; 897 977; 896 977; 895 978; 894 978; 886 986; 886 988; 887 989; 889 989; 890 990; 893 990; 894 991; 896 991; 897 992; 898 992; 899 993; 900 993; 901 994; 902 994; 903 995; 904 995; 905 996; 907 996; 908 997; 909 997; 910 998; 912 998; 913 999; 916 999; 917 1000; 918 1000; 919 1001; 920 1001; 926 1007; 930 1007; 930 999; 929 998; 929 975; 928 974; 928 971; 927 970; 927 965; 929 963; 930 963; 930 961; 931 960; 931 958; 930 958; 928 956; 928 955; 927 954; 927 951
103; 818 964; 817 965; 817 969; 818 970; 818 971; 819 972; 819 975; 820 976; 820 979; 821 980; 821 984; 822 985; 822 988; 823 989; 823 993; 824 994; 824 998; 825 999; 825 1002; 826 1003; 826 1005; 827 1006; 827 1012; 828 1013; 828 1016; 829 1017; 831 1017; 833 1015; 833 1014; 834 1013; 834 1012; 836 1010; 836 1009; 841 1004; 842 1004; 844 1002; 845 1002; 846 1001; 847 1001; 847 1000; 848 999; 848 998; 849 997; 849 994; 851 992; 851 991; 856 986; 856 985; 858 983; 858 982; 860 980; 860 979; 861 978; 861 977; 862 976; 862 973; 850 973; 849 972; 846 972; 845 971; 842 971; 841 970; 839 970; 838 969; 837 969; 836 968; 833 968; 832 967; 828 967; 827 966; 824 966; 823 965; 821 965; 820 964
104; 585 957; 585 958; 584 959; 584 969; 583 970; 583 973; 581 975; 581 976; 580 977; 580 985; 579 986; 579 989; 578 990; 578 994; 577 995; 577 999; 576 1000; 576 1002; 575 1003; 575 1004; 574 1005; 574 1007; 573 1008; 573 1011; 576 1011; 577 1010; 578 1010; 579 1009; 580 1009; 581 1008; 582 1008; 583 1007; 586 1007; 590 1011; 593 1011; 594 1010; 595 1010; 595 1008; 596 1007; 596 1004; 598 1002; 599 1002; 600 1001; 601 1001; 602 1000; 605 1000; 606 999; 609 999; 610 998; 612 998; 613 997; 615 997; 616 996; 618 996; 621 993; 621 991; 619 989; 618 989; 611 982; 611 981; 608 978; 608 977; 607 976; 607 975; 605 973; 604 973; 598 967; 597 967; 596 966; 596 965; 593 962; 593 961; 589 957
105; 289 988; 289 989; 288 990; 288 992; 289 993; 289 1000; 290 1001; 290 1003; 289 1004; 289 1009; 288 1010; 288 1013; 287 1014; 287 1015; 286 1016; 286 1017; 285 1018; 285 1019; 284 1020; 284 1023; 294 1023; 294 1020; 297 1017; 298 1017; 298 1012; 297 1011; 297 1007; 299 1005; 301 1005; 304 1008; 305 1008; 306 1009; 307 1009; 309 1011; 310 1011; 311 1012; 312 1012; 313 1013; 313 1015; 311 1017; 310 1017; 307 1020; 306 1020; 305 1021; 305 1023; 325 1023; 325 1021; 328 1018; 328 1017; 329 1016; 329 1015; 330 1014; 330 1011; 329 1011; 328 1010; 323 1010; 320 1007; 320 1003; 319 1002; 317 1002; 316 1003; 313 1003; 312 1002; 311 1002; 310 1001; 309 1001; 308 1000; 307 1000; 304 997; 303 997; 302 996; 301 996; 298 993; 297 993; 293 989; 292 989; 291 988
106; 863 989; 861 991; 861 995; 862 996; 862 997; 863 998; 863 999; 864 1000; 864 1004; 863 1005; 863 1008; 862 1009; 862 1023; 870 1023; 870 1011; 871 1010; 871 1009; 873 1007; 876 1007; 877 1008; 878 1008; 883 1013; 885 1013; 888 1016; 888 1017; 887 1018; 887 1019; 886 1020; 885 1020; 884 1021; 884 1023; 901 1023; 901 1022; 906 1017; 906 1015; 904 1013; 902 1013; 901 1012; 900 1012; 899 1011; 898 1011; 896 1009; 895 1009; 893 1007; 892 1007; 890 1005; 889 1005; 887 1003; 886 1003; 884 1001; 883 1001; 880 998; 879 998; 878 997; 877 997; 876 996; 875 996; 874 995; 873 995; 872 994; 871 994; 867 990; 866 990; 865 989
107; 130 983; 130 988; 131 989; 131 993; 132 994; 132 1003; 131 1004; 131 1010; 132 1011; 132 1012; 133 1013; 133 1014; 134 1015; 134 1018; 135 1019; 135 1023; 155 1023; 155 1021; 156 1020; 156 1019; 162 1013; 162 1012; 164 1010; 165 1010; 170 1005; 170 1003; 167 1000; 167 999; 164 996; 163 996; 162 995; 161 995; 160 994; 159 994; 158 993; 157 993; 156 992; 154 992; 153 991; 151 991; 150 990; 147 990; 146 989; 143 989; 142 988; 140 988; 139 987; 138 987; 134 983
