0; 174 0; 174 1; 172 3; 171 3; 170 4; 169 4; 167 6; 166 6; 165 7; 164 7; 163 8; 162 8; 160 10; 159 10; 158 11; 157 11; 156 12; 154 12; 153 13; 151 13; 150 14; 149 14; 149 17; 150 17; 151 18; 152 18; 153 19; 154 19; 155 20; 156 20; 157 21; 158 21; 161 24; 161 25; 162 26; 162 30; 165 30; 166 29; 167 29; 168 30; 169 30; 170 31; 171 31; 173 33; 174 33; 176 35; 177 35; 179 37; 180 37; 186 43; 189 43; 191 41; 191 40; 192 39; 197 39; 198 38; 199 38; 200 37; 200 35; 199 34; 192 34; 190 32; 190 31; 189 30; 189 26; 190 25; 190 21; 191 20; 191 19; 192 18; 192 4; 193 3; 193 0
1; 693 0; 692 1; 692 2; 689 5; 688 5; 687 6; 686 6; 685 7; 684 7; 683 8; 682 8; 681 9; 676 9; 675 8; 673 8; 673 12; 674 12; 675 13; 676 13; 677 14; 678 14; 680 16; 681 16; 682 17; 683 17; 684 18; 685 18; 692 25; 692 26; 694 28; 694 29; 697 32; 698 32; 699 33; 704 33; 706 35; 706 36; 711 41; 715 41; 716 40; 716 26; 717 25; 717 17; 718 16; 718 0
2; 269 0; 269 4; 268 5; 268 7; 267 8; 267 11; 269 13; 269 17; 270 18; 270 22; 269 23; 269 24; 268 25; 268 26; 267 27; 267 30; 270 30; 271 29; 273 29; 274 28; 278 28; 279 29; 281 29; 283 27; 283 26; 285 24; 286 24; 287 23; 288 23; 289 22; 290 22; 292 20; 293 20; 294 19; 295 19; 296 18; 297 18; 298 17; 300 17; 301 16; 303 16; 304 15; 305 15; 306 14; 307 14; 308 13; 310 13; 311 12; 312 12; 312 8; 311 8; 310 7; 308 7; 307 6; 306 6; 304 4; 303 4; 301 2; 301 1; 300 0; 284 0; 284 1; 286 3; 287 3; 288 4; 289 4; 290 5; 291 5; 295 9; 294 10; 294 11; 293 12; 287 12; 284 15; 282 15; 280 13; 281 12; 281 11; 282 10; 282 8; 281 7; 281 6; 277 2; 277 0
3; 988 0; 988 2; 991 5; 991 6; 992 7; 995 7; 997 9; 997 12; 996 13; 996 14; 994 16; 994 17; 992 19; 992 20; 991 21; 991 24; 990 25; 990 26; 989 27; 989 28; 986 31; 986 32; 985 33; 985 35; 984 36; 984 38; 980 42; 980 45; 1003 45; 1004 44; 1012 44; 1013 45; 1014 45; 1017 48; 1019 48; 1020 47; 1021 47; 1022 46; 1023 46; 1023 34; 1022 34; 1019 31; 1019 30; 1018 29; 1018 26; 1017 25; 1017 24; 1012 19; 1012 18; 1010 16; 1010 15; 1009 14; 1009 13; 1007 11; 1007 10; 1006 9; 1006 8; 1004 6; 1004 5; 1003 4; 1003 3; 1002 2; 1002 0
4; 0 0; 0 4; 8 4; 9 5; 10 5; 16 11; 16 12; 17 13; 17 15; 15 17; 13 17; 12 16; 9 16; 7 18; 6 18; 5 19; 3 19; 2 20; 0 20; 0 41; 1 42; 2 42; 3 43; 3 44; 5 46; 5 47; 8 50; 8 51; 11 54; 12 54; 14 56; 14 57; 18 61; 22 61; 22 55; 21 54; 21 52; 22 51; 22 50; 23 49; 23 47; 24 46; 24 44; 25 43; 25 41; 26 40; 26 38; 27 37; 27 35; 28 34; 28 27; 29 26; 29 24; 30 23; 30 21; 31 20; 31 19; 32 18; 32 17; 33 16; 33 15; 36 12; 36 7; 31 7; 30 8; 30 10; 29 11; 29 12; 28 13; 27 13; 24 10; 25 9; 25 6; 26 5; 26 0
5; 613 9; 612 10; 612 14; 613 15; 613 25; 612 26; 612 27; 609 30; 609 33; 610 34; 610 35; 611 36; 611 37; 615 41; 615 43; 616 44; 616 58; 621 58; 629 50; 630 50; 632 48; 634 48; 635 47; 637 47; 640 44; 641 44; 642 43; 642 42; 643 41; 644 41; 647 38; 648 38; 650 36; 651 36; 652 35; 653 35; 654 34; 655 34; 656 33; 656 31; 654 29; 653 29; 652 28; 650 28; 649 27; 648 27; 647 26; 646 26; 645 25; 644 25; 643 24; 642 24; 641 23; 640 23; 639 22; 638 22; 634 18; 634 13; 632 13; 630 15; 625 15; 624 14; 623 14; 622 13; 621 13; 620 12; 619 12; 616 9
6; 867 11; 866 12; 864 12; 863 13; 862 13; 861 14; 860 14; 859 15; 855 15; 854 16; 853 16; 852 17; 851 17; 850 18; 848 18; 847 19; 843 19; 840 22; 839 22; 838 23; 837 23; 836 24; 835 24; 834 25; 829 25; 828 26; 826 26; 826 29; 828 31; 829 31; 834 36; 835 36; 839 40; 839 41; 842 44; 842 45; 844 47; 844 48; 845 49; 846 49; 847 50; 848 50; 854 56; 855 56; 856 57; 856 58; 859 61; 862 61; 863 60; 863 51; 864 50; 864 46; 865 45; 865 42; 866 41; 866 39; 867 38; 867 34; 868 33; 868 30; 869 29; 869 22; 870 21; 870 18; 871 17; 871 16; 872 15; 872 13; 871 12; 870 12; 869 11
7; 960 9; 959 10; 959 13; 961 15; 961 16; 960 17; 959 17; 955 21; 954 21; 952 23; 950 23; 948 25; 947 25; 946 26; 945 26; 944 27; 942 27; 941 28; 937 28; 936 29; 935 29; 935 32; 939 36; 940 36; 945 41; 946 41; 947 42; 947 43; 948 43; 955 50; 956 50; 961 55; 962 55; 965 58; 965 59; 967 61; 969 61; 970 60; 970 55; 971 54; 971 48; 972 47; 972 46; 973 45; 973 44; 974 43; 974 36; 975 35; 975 21; 976 20; 976 19; 977 18; 977 17; 978 16; 978 13; 974 13; 973 14; 972 14; 971 15; 969 15; 968 16; 964 16; 962 14; 963 13; 963 10; 962 9
8; 781 9; 775 15; 773 15; 772 16; 771 16; 766 21; 765 21; 764 22; 763 22; 762 23; 761 23; 760 24; 756 24; 755 25; 755 26; 749 32; 748 32; 747 33; 745 33; 744 34; 739 34; 739 38; 740 38; 741 39; 742 39; 743 40; 747 40; 748 41; 750 41; 751 42; 752 42; 754 44; 754 45; 757 48; 758 48; 759 49; 762 49; 763 50; 766 50; 767 51; 768 51; 769 52; 770 52; 771 53; 772 53; 776 57; 776 58; 777 59; 777 60; 784 60; 785 59; 785 57; 784 56; 784 53; 783 52; 783 43; 784 42; 784 40; 785 39; 785 35; 784 34; 784 32; 783 31; 783 28; 782 27; 782 18; 783 17; 783 14; 784 13; 784 11; 783 10; 783 9
9; 506 22; 505 23; 504 23; 503 24; 501 24; 501 26; 504 29; 504 30; 507 33; 507 34; 508 35; 508 36; 509 37; 509 38; 510 39; 510 40; 511 41; 511 42; 519 50; 519 51; 521 53; 521 56; 522 57; 522 59; 528 65; 528 66; 530 68; 534 68; 535 67; 535 62; 536 61; 536 60; 537 59; 537 58; 538 57; 538 56; 539 55; 539 53; 541 51; 541 50; 545 46; 545 41; 546 40; 546 38; 547 37; 547 35; 548 34; 548 32; 549 31; 549 29; 552 26; 552 24; 551 23; 550 23; 549 22; 546 22; 545 23; 537 23; 536 24; 535 24; 534 25; 533 25; 532 26; 529 26; 528 27; 526 27; 525 26; 521 26; 520 27; 518 27; 517 28; 516 28; 515 27; 514 27; 513 26; 513 25; 512 24; 512 23; 511 22
10; 557 16; 557 17; 556 18; 556 27; 557 28; 557 34; 556 35; 556 52; 554 54; 554 59; 555 60; 555 69; 557 69; 560 66; 561 66; 562 67; 563 67; 564 66; 566 66; 567 65; 568 65; 570 63; 569 62; 576 55; 577 55; 579 53; 580 53; 582 51; 583 51; 585 49; 586 49; 587 48; 588 48; 589 47; 590 47; 591 46; 592 46; 593 45; 595 45; 596 44; 597 44; 597 41; 596 41; 595 40; 594 40; 592 38; 591 38; 590 37; 590 31; 589 30; 585 30; 584 31; 583 31; 582 32; 581 31; 580 31; 575 26; 571 26; 570 25; 569 25; 568 24; 567 24; 562 19; 562 18; 560 16
11; 919 29; 918 30; 917 30; 915 32; 914 32; 913 33; 911 33; 910 34; 902 34; 901 35; 900 35; 899 36; 898 36; 897 37; 896 37; 895 38; 890 38; 889 39; 886 39; 885 40; 884 40; 883 39; 878 39; 877 40; 876 40; 876 44; 886 54; 886 55; 906 75; 906 76; 907 77; 910 77; 910 68; 911 67; 911 64; 912 63; 912 62; 913 61; 913 60; 915 58; 915 57; 916 56; 916 49; 917 48; 917 43; 918 42; 918 39; 919 38; 919 37; 921 35; 921 34; 923 32; 923 29
12; 659 40; 658 41; 657 41; 656 42; 654 42; 653 43; 652 43; 652 47; 658 47; 660 49; 660 50; 661 51; 661 60; 662 61; 662 65; 663 66; 663 71; 664 72; 664 86; 665 87; 665 88; 669 88; 670 87; 672 89; 672 90; 674 92; 678 92; 679 91; 680 91; 680 86; 679 85; 677 85; 675 83; 681 77; 683 77; 684 76; 685 76; 686 77; 690 77; 691 76; 691 71; 695 67; 696 67; 698 65; 699 65; 700 64; 701 64; 702 63; 703 63; 704 62; 705 62; 705 59; 704 59; 703 58; 702 58; 701 57; 699 57; 698 56; 696 56; 695 55; 694 55; 693 54; 691 54; 690 53; 689 53; 688 52; 686 52; 685 51; 684 51; 683 50; 682 50; 681 49; 680 49; 679 48; 678 48; 677 47; 675 47; 674 46; 672 46; 671 45; 669 45; 668 44; 667 44; 666 43; 665 43; 663 41; 662 41; 661 40
13; 251 41; 251 45; 250 46; 250 48; 249 49; 249 50; 248 51; 248 53; 247 54; 247 55; 246 56; 246 57; 245 58; 245 60; 244 61; 244 62; 241 65; 238 65; 236 67; 236 69; 237 70; 238 70; 240 72; 240 74; 239 75; 239 77; 238 78; 238 79; 237 80; 237 81; 234 84; 234 87; 235 87; 236 88; 243 88; 245 86; 246 86; 247 85; 255 85; 256 86; 260 86; 260 85; 264 81; 272 81; 273 80; 276 80; 277 79; 282 79; 282 75; 276 69; 276 68; 275 67; 275 66; 276 65; 278 65; 279 64; 279 61; 277 61; 275 63; 275 64; 274 65; 273 65; 272 64; 271 64; 270 63; 270 62; 268 60; 268 59; 264 55; 264 54; 262 52; 262 51; 260 49; 260 48; 259 47; 259 46; 254 41
14; 924 39; 924 44; 925 45; 925 47; 924 48; 924 54; 923 55; 923 56; 921 58; 921 59; 920 60; 920 68; 919 69; 919 71; 918 72; 918 75; 917 76; 917 77; 916 78; 916 79; 914 81; 914 83; 913 84; 913 87; 914 88; 917 88; 918 87; 925 87; 926 86; 933 86; 934 85; 936 85; 937 84; 938 84; 939 83; 940 83; 941 82; 942 82; 943 81; 945 81; 946 80; 952 80; 953 79; 955 79; 956 78; 958 78; 959 77; 962 77; 962 75; 961 75; 960 74; 958 74; 957 73; 956 73; 949 66; 949 65; 945 61; 945 60; 943 58; 943 57; 941 55; 940 55; 938 53; 937 53; 928 44; 928 43; 927 42; 927 40; 926 39
15; 97 43; 97 47; 98 48; 98 49; 99 50; 98 51; 98 52; 97 53; 96 53; 94 55; 93 55; 91 57; 90 57; 89 58; 87 58; 86 59; 85 59; 84 60; 82 60; 81 61; 79 61; 78 62; 76 62; 75 63; 74 63; 73 64; 72 64; 71 65; 68 65; 67 66; 64 66; 62 68; 61 68; 60 69; 60 74; 62 76; 62 77; 63 78; 69 78; 70 79; 71 79; 73 81; 74 81; 76 83; 76 84; 78 86; 78 87; 79 88; 79 90; 80 91; 80 93; 81 94; 84 94; 85 93; 88 93; 89 94; 90 94; 95 99; 98 99; 99 98; 99 87; 100 86; 100 84; 101 83; 101 82; 103 80; 104 80; 105 79; 105 77; 104 76; 104 71; 106 69; 106 67; 103 64; 103 46; 100 43
16; 1003 48; 1002 49; 1001 49; 998 52; 993 52; 991 54; 991 56; 987 60; 985 60; 984 61; 982 61; 981 62; 981 63; 976 68; 975 68; 974 69; 974 70; 971 73; 970 73; 969 74; 968 74; 967 75; 966 75; 965 76; 964 76; 964 78; 966 78; 968 80; 969 80; 970 81; 972 81; 973 82; 974 82; 975 83; 976 83; 977 84; 978 84; 979 85; 980 85; 981 86; 982 86; 984 88; 985 88; 987 90; 988 90; 991 93; 992 93; 993 94; 996 94; 997 95; 998 95; 999 96; 1001 96; 1003 98; 1007 98; 1008 97; 1008 95; 1007 94; 1007 93; 1006 92; 1006 89; 1005 88; 1005 78; 1004 77; 1004 75; 1003 74; 1003 68; 1004 67; 1004 62; 1003 61; 1003 60; 1002 59; 1002 56; 1005 53; 1006 53; 1007 52; 1007 49; 1006 48
17; 719 48; 718 49; 718 51; 716 53; 714 53; 713 54; 713 56; 712 57; 712 58; 710 60; 710 65; 711 66; 711 69; 710 70; 710 72; 709 73; 709 75; 708 76; 708 78; 707 79; 707 80; 706 81; 706 82; 705 83; 705 84; 701 88; 700 88; 700 91; 701 92; 705 92; 706 91; 713 91; 714 92; 721 92; 722 91; 729 91; 730 90; 731 90; 732 89; 743 89; 744 88; 748 88; 749 87; 749 84; 743 78; 743 76; 742 75; 742 73; 741 72; 741 71; 737 67; 736 67; 730 61; 730 54; 728 52; 726 52; 722 48
18; 467 62; 464 65; 461 65; 460 66; 454 66; 453 65; 450 65; 449 66; 446 66; 444 68; 443 68; 442 69; 440 69; 439 70; 437 70; 436 71; 434 71; 433 72; 422 72; 422 75; 424 77; 425 77; 427 79; 428 79; 431 82; 431 83; 432 84; 432 85; 434 87; 434 88; 440 94; 440 95; 443 98; 443 100; 444 101; 444 102; 448 106; 448 107; 451 110; 457 110; 457 105; 458 104; 458 103; 459 102; 459 100; 460 99; 460 95; 461 94; 461 93; 462 92; 462 91; 464 89; 464 81; 465 80; 465 77; 466 76; 466 73; 468 71; 468 70; 471 67; 471 63; 470 62
19; 43 59; 42 60; 42 64; 41 65; 41 66; 40 67; 40 68; 39 69; 32 69; 31 70; 31 73; 32 73; 34 75; 34 79; 33 80; 33 84; 32 85; 32 86; 31 87; 31 88; 29 90; 29 92; 28 93; 28 95; 27 96; 27 97; 25 99; 25 100; 24 101; 24 104; 37 104; 38 103; 55 103; 56 102; 62 102; 63 101; 64 101; 65 102; 68 102; 69 101; 73 101; 73 97; 71 95; 70 95; 67 92; 67 91; 65 89; 65 88; 63 86; 63 85; 62 84; 62 80; 63 79; 61 77; 61 76; 59 74; 59 70; 57 72; 55 72; 51 68; 51 67; 49 65; 49 64; 48 63; 48 61; 46 59
20; 574 63; 573 64; 570 64; 568 66; 567 66; 566 67; 564 67; 563 68; 564 69; 564 70; 565 71; 566 71; 568 73; 568 77; 566 79; 566 80; 554 92; 554 93; 553 94; 553 95; 550 98; 550 99; 549 100; 548 100; 545 103; 544 103; 544 105; 550 105; 551 106; 555 106; 556 107; 559 107; 560 108; 562 108; 563 107; 568 107; 569 108; 570 108; 571 109; 583 109; 584 110; 587 110; 588 111; 593 111; 597 115; 601 115; 602 114; 602 110; 601 110; 600 109; 599 109; 598 108; 597 108; 596 107; 596 106; 594 104; 594 103; 593 102; 593 95; 591 93; 591 92; 590 91; 590 90; 589 89; 589 88; 588 87; 588 86; 587 85; 587 84; 586 83; 586 82; 585 81; 585 79; 584 78; 584 77; 583 76; 583 74; 582 73; 582 72; 580 70; 580 68; 579 67; 579 63
21; 214 89; 214 90; 213 91; 213 92; 212 93; 212 94; 211 95; 210 95; 209 96; 208 96; 207 97; 206 97; 205 98; 204 98; 203 99; 202 99; 201 100; 200 100; 199 101; 197 101; 196 102; 194 102; 193 103; 193 104; 191 106; 190 106; 188 108; 187 108; 186 109; 185 109; 184 110; 183 110; 182 111; 181 111; 180 112; 179 112; 178 113; 177 113; 176 114; 176 117; 177 118; 178 118; 179 119; 180 119; 181 120; 182 120; 183 121; 184 121; 186 123; 187 123; 190 126; 192 126; 194 128; 195 128; 197 130; 197 131; 199 133; 201 133; 202 134; 204 134; 205 135; 206 135; 209 138; 209 140; 210 141; 210 142; 212 144; 215 144; 217 142; 217 139; 216 138; 216 128; 217 127; 217 108; 218 107; 218 102; 217 101; 217 100; 218 99; 218 89
22; 494 93; 494 98; 495 99; 495 106; 494 107; 494 113; 495 114; 495 115; 496 116; 496 117; 497 118; 497 127; 495 129; 494 129; 493 130; 493 134; 497 138; 497 140; 498 141; 498 142; 499 143; 506 143; 509 140; 510 140; 509 139; 509 138; 510 137; 510 136; 515 131; 516 131; 517 130; 519 130; 520 129; 521 129; 531 119; 532 119; 533 118; 534 118; 535 117; 537 117; 539 115; 539 112; 538 112; 537 111; 534 111; 533 110; 531 110; 530 109; 529 109; 528 108; 527 108; 526 107; 524 107; 523 106; 522 106; 517 101; 517 100; 516 99; 509 99; 508 98; 507 98; 505 96; 505 95; 504 94; 504 93
23; 931 95; 930 96; 930 97; 929 98; 929 99; 926 102; 925 102; 924 103; 923 103; 922 104; 913 104; 910 107; 909 107; 908 106; 903 106; 902 107; 902 108; 900 110; 900 113; 902 115; 903 115; 904 116; 905 116; 911 122; 911 123; 912 124; 912 125; 913 126; 914 126; 915 127; 916 127; 917 128; 918 128; 921 131; 921 132; 925 136; 926 136; 931 141; 931 142; 934 145; 937 145; 937 136; 938 135; 938 130; 939 129; 939 126; 940 125; 940 124; 941 123; 941 122; 943 120; 943 116; 942 115; 942 110; 943 109; 943 108; 945 106; 947 106; 948 107; 951 107; 951 103; 948 103; 947 102; 947 101; 946 100; 946 99; 944 97; 938 97; 936 95
24; 790 93; 790 98; 791 99; 791 103; 790 104; 790 106; 789 107; 789 109; 788 110; 788 120; 787 121; 787 122; 785 124; 785 125; 784 126; 784 133; 783 134; 783 141; 787 141; 788 140; 790 140; 791 139; 792 139; 793 138; 796 138; 797 137; 800 137; 801 136; 809 136; 810 135; 811 135; 812 136; 816 136; 817 135; 818 135; 818 134; 817 133; 819 131; 820 131; 821 130; 824 130; 825 131; 828 131; 828 128; 826 126; 826 125; 824 123; 824 122; 823 121; 823 118; 822 117; 822 116; 821 116; 820 115; 818 115; 817 114; 816 114; 805 103; 805 102; 804 101; 803 101; 801 99; 800 99; 795 94; 794 94; 793 93
25; 968 90; 966 92; 966 94; 965 95; 965 97; 966 98; 966 102; 965 103; 965 106; 964 107; 964 109; 963 110; 963 111; 962 112; 962 114; 961 115; 961 117; 960 118; 960 119; 959 120; 959 124; 958 125; 958 126; 957 127; 957 132; 956 133; 956 136; 955 137; 955 142; 956 143; 958 143; 959 142; 960 142; 961 141; 963 141; 964 140; 968 140; 969 139; 972 139; 973 138; 976 138; 977 137; 979 137; 980 136; 982 136; 983 135; 985 135; 986 134; 989 134; 990 133; 992 133; 993 132; 996 132; 997 131; 998 131; 998 128; 997 127; 997 126; 994 123; 994 122; 993 122; 988 117; 988 116; 979 107; 979 106; 976 103; 976 102; 975 102; 972 99; 972 98; 971 97; 971 94; 972 93; 972 91; 971 90
26; 451 111; 451 116; 450 117; 449 117; 448 118; 447 118; 446 119; 441 119; 438 116; 438 115; 437 114; 434 114; 434 115; 433 116; 433 117; 431 119; 430 119; 429 120; 426 120; 426 123; 427 124; 427 126; 428 127; 428 129; 429 130; 430 130; 431 131; 432 131; 436 135; 436 136; 438 138; 438 139; 439 140; 439 141; 441 143; 441 144; 443 146; 443 147; 444 148; 444 149; 446 151; 446 152; 448 154; 448 155; 455 162; 457 162; 457 161; 458 160; 458 153; 464 147; 464 140; 465 139; 465 137; 466 136; 466 135; 468 133; 468 132; 469 131; 469 130; 470 129; 470 128; 471 127; 471 126; 472 125; 472 124; 473 123; 473 122; 474 121; 474 118; 463 118; 458 113; 458 112; 457 111
27; 549 118; 545 122; 544 122; 542 124; 541 124; 539 126; 538 126; 537 127; 536 127; 534 129; 533 129; 532 130; 531 130; 529 132; 528 132; 523 137; 522 137; 521 138; 520 138; 519 139; 518 139; 517 140; 515 140; 514 141; 509 141; 506 144; 506 146; 507 147; 510 147; 511 148; 512 148; 515 151; 516 151; 517 152; 518 152; 520 154; 521 154; 524 157; 524 158; 526 160; 526 161; 525 162; 525 164; 526 165; 526 166; 527 167; 527 168; 528 168; 529 169; 531 169; 531 167; 532 166; 532 165; 534 163; 537 163; 538 164; 539 164; 540 165; 541 165; 542 166; 543 166; 547 170; 548 170; 549 171; 552 171; 552 165; 551 164; 551 163; 550 162; 550 153; 551 152; 551 149; 552 148; 552 146; 551 145; 551 144; 549 142; 549 136; 548 135; 548 129; 549 128; 549 126; 550 125; 550 124; 551 123; 551 122; 552 121; 552 119; 551 118
28; 745 112; 744 113; 743 113; 740 116; 740 118; 739 119; 739 125; 740 126; 740 134; 739 135; 739 141; 738 142; 738 144; 737 145; 737 149; 738 150; 738 155; 737 156; 737 158; 738 159; 738 160; 737 161; 737 165; 736 166; 736 169; 737 170; 737 171; 738 172; 742 172; 747 167; 748 167; 750 165; 751 165; 752 164; 755 164; 756 163; 757 163; 761 159; 762 159; 763 158; 764 158; 765 157; 767 157; 768 156; 769 156; 770 157; 774 157; 774 156; 777 153; 778 153; 779 152; 779 149; 776 146; 775 146; 773 144; 772 144; 770 142; 769 142; 765 138; 764 138; 760 134; 759 134; 755 130; 754 130; 753 129; 752 129; 750 127; 749 127; 745 123; 745 120; 747 118; 748 118; 749 117; 749 113; 748 113; 747 112
29; 184 129; 183 130; 182 130; 181 131; 179 131; 178 132; 175 132; 174 133; 171 133; 170 134; 167 134; 166 135; 164 135; 163 136; 160 136; 159 137; 157 137; 156 138; 155 138; 154 139; 153 139; 152 140; 150 140; 149 141; 146 141; 145 140; 140 140; 139 141; 139 144; 143 148; 144 148; 147 151; 148 151; 150 153; 152 153; 154 155; 154 156; 157 159; 157 160; 158 161; 158 162; 159 163; 159 166; 164 166; 168 170; 169 170; 170 171; 170 172; 176 178; 180 178; 180 176; 179 175; 179 174; 180 173; 180 162; 181 161; 181 160; 182 159; 182 158; 183 157; 183 150; 184 149; 184 141; 185 140; 185 139; 186 138; 186 136; 187 135; 187 133; 188 132; 188 130; 187 129
30; 105 120; 104 121; 104 125; 103 126; 103 133; 102 134; 102 135; 101 136; 101 137; 100 138; 100 141; 99 142; 99 143; 96 146; 96 147; 95 148; 95 152; 96 153; 96 154; 95 155; 95 157; 94 158; 94 159; 93 160; 93 162; 92 163; 92 164; 91 165; 91 169; 94 172; 96 172; 96 171; 97 170; 98 170; 99 169; 100 169; 101 168; 103 168; 104 167; 107 167; 108 166; 113 166; 114 165; 116 165; 117 164; 118 164; 119 163; 122 163; 123 162; 126 162; 127 163; 129 163; 130 164; 133 164; 136 161; 137 161; 138 160; 138 156; 136 154; 135 154; 134 153; 134 152; 130 148; 130 147; 124 141; 124 140; 123 139; 123 137; 121 135; 121 132; 122 131; 123 131; 125 129; 125 126; 124 125; 121 125; 119 127; 119 128; 118 129; 116 129; 112 125; 112 124; 110 122; 110 121; 109 120
31; 598 135; 597 136; 597 138; 598 139; 598 141; 599 142; 598 143; 598 145; 597 146; 597 149; 596 150; 596 153; 595 154; 595 156; 594 157; 594 163; 592 165; 592 166; 590 168; 590 172; 591 173; 591 176; 590 177; 590 178; 589 179; 588 179; 587 180; 587 183; 588 183; 589 184; 591 184; 592 185; 595 185; 596 184; 597 184; 598 183; 599 183; 601 181; 603 181; 604 180; 607 180; 608 179; 609 179; 610 178; 612 178; 613 177; 619 177; 620 176; 622 176; 623 175; 625 175; 626 174; 631 174; 632 175; 633 174; 634 174; 636 172; 636 171; 635 170; 635 169; 634 168; 634 167; 633 166; 633 165; 632 164; 632 163; 631 162; 630 162; 629 161; 628 161; 627 160; 626 160; 625 159; 625 158; 620 153; 620 150; 619 149; 619 148; 618 147; 615 147; 614 146; 613 146; 605 138; 605 137; 604 136; 603 136; 602 135
32; 810 145; 809 146; 807 146; 806 147; 804 147; 803 148; 802 148; 801 149; 800 149; 799 150; 797 150; 796 151; 793 151; 792 152; 791 152; 789 154; 788 154; 786 156; 785 156; 784 157; 783 157; 782 158; 781 158; 780 159; 776 159; 775 158; 772 158; 769 161; 769 164; 772 167; 773 167; 777 171; 778 171; 781 174; 782 174; 785 177; 785 178; 786 179; 786 180; 787 181; 787 182; 789 184; 791 184; 792 185; 793 185; 794 186; 795 186; 798 189; 799 189; 805 195; 807 195; 809 193; 810 193; 811 192; 815 192; 817 190; 817 188; 816 187; 812 187; 811 188; 810 188; 809 187; 809 186; 808 185; 808 183; 809 182; 809 177; 810 176; 810 168; 812 166; 812 165; 813 164; 813 162; 811 160; 811 154; 812 153; 812 151; 813 150; 813 149; 814 148; 814 145
33; 817 136; 816 137; 814 137; 814 138; 815 139; 815 140; 816 141; 816 144; 818 144; 821 147; 821 148; 822 149; 822 150; 823 151; 823 152; 825 154; 825 155; 827 157; 827 158; 828 159; 828 160; 829 161; 829 165; 834 170; 834 171; 835 172; 835 173; 836 174; 836 176; 837 177; 837 180; 840 180; 841 179; 841 178; 842 177; 842 176; 844 174; 844 173; 846 171; 847 171; 848 170; 848 167; 849 166; 849 163; 850 162; 850 160; 851 159; 851 158; 852 157; 852 156; 854 154; 854 153; 856 151; 856 150; 857 149; 857 148; 858 147; 858 146; 859 145; 859 143; 858 143; 857 142; 856 142; 853 145; 853 146; 852 147; 852 149; 848 153; 847 153; 845 155; 845 156; 844 157; 844 158; 841 161; 838 161; 834 157; 834 156; 833 155; 833 154; 832 153; 832 152; 831 151; 831 150; 830 149; 830 146; 832 144; 833 144; 834 143; 836 143; 837 142; 838 142; 838 138; 837 137; 832 137; 831 136; 828 136; 827 137; 825 137; 824 138; 823 138; 822 137; 821 137; 820 136
34; 338 142; 336 144; 336 145; 335 146; 335 155; 334 156; 334 161; 335 162; 335 163; 334 164; 334 167; 333 168; 333 175; 332 176; 332 179; 331 180; 331 182; 330 183; 330 184; 329 185; 329 187; 328 188; 328 192; 331 192; 332 191; 338 191; 340 189; 341 189; 342 188; 343 188; 344 187; 345 187; 346 186; 347 186; 348 185; 349 185; 350 184; 360 184; 360 183; 363 180; 366 180; 368 178; 370 178; 371 177; 375 177; 375 175; 371 171; 371 170; 366 165; 365 165; 359 159; 359 158; 358 157; 358 156; 357 155; 356 155; 352 151; 352 150; 350 148; 349 148; 348 147; 347 147; 344 144; 343 144; 341 142
35; 662 165; 661 166; 659 166; 658 167; 655 167; 653 169; 652 169; 650 171; 649 171; 648 172; 641 172; 640 173; 636 173; 634 175; 633 175; 633 177; 631 179; 630 179; 629 180; 628 180; 627 181; 622 181; 621 182; 620 182; 620 186; 621 187; 622 187; 623 188; 624 188; 625 189; 626 189; 627 190; 628 190; 629 191; 630 191; 636 197; 637 197; 638 198; 638 199; 642 203; 642 204; 643 205; 644 205; 645 206; 646 206; 647 207; 648 207; 650 209; 651 209; 656 214; 659 214; 660 213; 662 213; 661 212; 661 208; 660 207; 660 201; 661 200; 661 199; 663 197; 663 186; 664 185; 664 182; 666 180; 666 165
36; 977 160; 977 163; 976 164; 976 169; 975 170; 975 172; 974 173; 974 174; 971 177; 970 177; 970 180; 969 181; 969 182; 968 183; 967 183; 966 184; 965 184; 964 185; 964 187; 965 188; 965 189; 966 190; 966 194; 965 195; 965 197; 964 198; 964 200; 962 202; 962 203; 961 204; 961 207; 963 209; 966 209; 970 205; 981 205; 982 204; 983 204; 984 203; 985 203; 986 202; 988 202; 989 201; 996 201; 997 200; 1008 200; 1009 199; 1009 197; 1008 196; 1008 194; 1006 192; 1005 192; 1003 190; 1002 190; 1000 188; 1000 187; 997 184; 997 183; 992 178; 992 177; 987 172; 987 171; 986 170; 986 169; 985 168; 985 167; 981 163; 981 162; 979 160
37; 144 162; 143 163; 143 170; 142 171; 142 177; 141 178; 141 180; 140 181; 140 182; 138 184; 138 185; 137 186; 137 187; 136 188; 136 196; 135 197; 135 198; 134 199; 134 200; 132 202; 131 202; 130 203; 129 203; 129 206; 130 207; 130 208; 131 209; 131 210; 132 211; 135 211; 136 210; 137 210; 138 209; 144 209; 145 208; 146 208; 147 207; 148 207; 149 206; 150 206; 151 205; 153 205; 154 204; 158 204; 159 205; 163 205; 165 203; 165 202; 166 201; 168 201; 169 200; 176 200; 177 199; 178 199; 179 198; 179 196; 178 196; 173 191; 173 190; 170 187; 170 186; 166 182; 166 181; 165 180; 164 180; 161 177; 160 177; 158 175; 158 174; 157 173; 157 168; 153 168; 152 167; 151 167; 150 166; 150 165; 147 162
38; 477 171; 476 172; 475 172; 474 173; 472 173; 471 174; 471 175; 470 176; 470 178; 472 180; 472 186; 471 187; 471 194; 470 195; 470 198; 469 199; 469 200; 468 201; 468 202; 467 203; 467 205; 466 206; 466 211; 465 212; 465 213; 464 214; 464 216; 461 219; 459 219; 456 216; 451 216; 451 219; 452 220; 452 221; 453 221; 458 226; 458 228; 459 229; 461 229; 461 226; 462 225; 462 224; 463 223; 463 222; 464 221; 465 221; 466 220; 467 220; 468 219; 470 219; 471 218; 479 218; 480 217; 485 217; 486 218; 490 218; 490 217; 493 214; 495 214; 496 213; 503 213; 504 212; 511 212; 511 210; 509 208; 509 207; 500 198; 500 197; 497 194; 497 193; 496 192; 496 191; 493 188; 493 187; 492 186; 492 183; 494 181; 494 178; 493 177; 491 177; 489 179; 486 179; 482 175; 482 173; 481 172; 481 171
39; 246 180; 245 181; 245 182; 244 183; 244 185; 245 186; 245 187; 244 188; 244 189; 242 191; 242 194; 243 195; 243 196; 244 197; 244 199; 243 200; 243 201; 242 202; 242 208; 243 209; 243 211; 242 212; 242 227; 241 228; 241 231; 242 232; 242 233; 243 233; 244 232; 245 232; 248 229; 249 229; 250 228; 251 228; 252 227; 253 227; 254 226; 256 226; 257 225; 258 225; 259 224; 260 224; 261 223; 267 223; 268 222; 268 221; 272 217; 273 217; 274 216; 276 216; 277 215; 278 215; 281 212; 282 212; 285 209; 285 207; 280 202; 278 202; 276 200; 275 200; 272 197; 271 197; 270 196; 267 196; 266 195; 265 195; 260 190; 259 190; 255 186; 254 186; 248 180
40; 314 189; 313 190; 313 193; 314 194; 314 195; 315 196; 315 202; 316 203; 316 204; 317 205; 317 207; 318 208; 318 211; 319 212; 319 215; 320 216; 320 218; 321 219; 321 222; 322 223; 322 226; 323 227; 323 230; 322 231; 322 234; 323 235; 323 236; 326 239; 326 241; 330 241; 331 240; 332 240; 333 239; 335 239; 337 237; 337 231; 338 230; 338 229; 339 228; 339 227; 341 225; 342 225; 344 223; 345 223; 346 222; 347 222; 348 221; 349 221; 350 222; 351 222; 353 220; 353 219; 352 218; 352 216; 355 213; 357 213; 358 212; 360 212; 361 211; 361 208; 359 206; 358 206; 357 205; 356 205; 355 204; 354 204; 352 202; 351 202; 350 201; 349 201; 348 200; 345 200; 344 199; 342 199; 341 198; 340 198; 339 197; 334 197; 333 196; 332 196; 330 194; 330 193; 326 193; 325 194; 323 194; 322 193; 321 193; 320 192; 319 192; 316 189
41; 698 201; 698 202; 696 204; 695 204; 694 205; 692 205; 689 208; 688 208; 687 209; 686 209; 685 210; 683 210; 682 211; 678 211; 677 212; 672 212; 671 213; 670 213; 668 215; 667 215; 666 216; 665 216; 664 215; 663 215; 662 214; 660 214; 659 215; 657 215; 657 218; 656 219; 655 219; 652 222; 651 222; 649 224; 649 228; 650 228; 651 229; 654 229; 655 230; 656 230; 658 232; 659 232; 662 235; 663 235; 672 244; 673 244; 674 245; 675 245; 676 246; 677 246; 679 248; 679 249; 680 250; 680 252; 679 253; 679 255; 681 257; 685 257; 686 256; 689 256; 690 257; 693 257; 694 256; 696 256; 696 253; 697 252; 697 248; 696 247; 695 247; 694 246; 693 246; 691 244; 691 240; 693 238; 693 234; 692 233; 692 231; 691 230; 691 225; 692 224; 692 222; 693 221; 693 220; 697 216; 697 215; 699 213; 699 207; 701 205; 701 201
42; 214 201; 213 202; 213 205; 215 207; 215 208; 216 209; 215 210; 215 212; 214 213; 214 215; 213 216; 213 217; 212 218; 212 219; 205 226; 205 228; 206 229; 206 230; 205 231; 205 232; 204 233; 204 235; 203 236; 203 238; 202 239; 202 240; 197 245; 196 245; 196 250; 201 250; 202 249; 203 249; 204 250; 206 250; 207 251; 212 251; 213 252; 217 252; 219 250; 220 250; 221 249; 222 249; 225 252; 225 253; 228 253; 229 252; 229 251; 231 249; 236 249; 237 250; 238 250; 240 252; 243 252; 244 251; 244 247; 243 246; 243 245; 242 244; 242 243; 241 242; 241 241; 240 240; 240 235; 241 234; 241 232; 240 231; 237 231; 235 229; 235 228; 233 226; 233 225; 232 224; 232 223; 231 222; 231 220; 230 219; 230 218; 228 216; 228 215; 226 213; 226 212; 223 209; 223 208; 222 207; 222 206; 220 204; 220 203; 219 202; 218 202; 217 201
43; 839 208; 837 210; 837 216; 836 217; 830 217; 829 216; 826 216; 825 215; 822 215; 821 216; 821 218; 822 219; 822 220; 823 221; 823 222; 824 223; 824 224; 825 225; 825 227; 826 228; 826 229; 827 230; 827 231; 828 232; 828 234; 829 235; 829 244; 833 248; 833 249; 835 251; 835 252; 836 253; 836 258; 837 259; 837 264; 839 264; 840 265; 843 265; 843 262; 844 261; 844 259; 845 258; 845 257; 846 256; 846 255; 849 252; 849 251; 852 248; 853 248; 855 246; 856 246; 859 243; 860 244; 860 245; 861 246; 863 246; 863 243; 861 241; 861 234; 862 233; 862 232; 867 227; 868 227; 869 226; 869 224; 868 223; 867 223; 866 222; 857 222; 856 221; 855 221; 854 220; 853 220; 852 219; 851 219; 850 218; 847 218; 846 219; 843 219; 842 218; 841 218; 840 217; 840 215; 841 214; 841 208
44; 761 210; 760 211; 759 211; 759 212; 758 213; 758 216; 757 217; 757 218; 755 220; 754 220; 752 222; 751 222; 747 226; 746 226; 744 228; 743 228; 741 230; 740 230; 739 231; 737 231; 730 238; 729 238; 725 242; 725 244; 726 245; 732 245; 733 246; 734 246; 735 247; 736 247; 737 248; 738 248; 739 249; 741 249; 742 250; 743 250; 746 253; 747 253; 748 254; 752 254; 753 255; 754 255; 755 256; 756 256; 757 257; 758 257; 759 258; 760 258; 761 259; 762 259; 763 260; 764 260; 765 261; 766 261; 770 265; 773 265; 773 258; 772 257; 772 254; 771 253; 771 252; 770 251; 770 246; 771 245; 771 239; 770 238; 770 235; 769 234; 769 232; 768 231; 768 229; 767 228; 767 224; 766 223; 766 211; 765 210
45; 353 221; 351 223; 352 224; 352 232; 351 233; 351 235; 350 236; 350 241; 351 242; 351 247; 352 248; 352 255; 351 256; 351 263; 350 264; 350 265; 347 268; 347 271; 348 272; 357 272; 358 271; 359 271; 361 269; 362 269; 364 267; 365 267; 366 266; 368 266; 369 265; 371 265; 376 260; 377 260; 378 259; 379 259; 380 258; 383 258; 384 257; 387 257; 389 255; 390 255; 392 253; 392 250; 391 249; 390 249; 389 248; 388 248; 386 246; 385 246; 382 243; 381 243; 375 237; 375 236; 374 235; 374 234; 371 231; 370 231; 369 230; 367 230; 366 229; 365 229; 362 226; 362 225; 361 224; 360 224; 359 223; 358 223; 357 222; 356 222; 355 221
46; 611 225; 611 229; 610 230; 610 232; 609 233; 609 238; 607 240; 607 241; 604 244; 604 245; 602 247; 602 248; 600 250; 600 251; 597 254; 596 254; 595 253; 595 252; 594 251; 590 251; 590 254; 591 255; 592 255; 593 256; 594 256; 595 257; 595 259; 593 261; 584 261; 582 259; 582 257; 579 257; 579 259; 581 261; 581 262; 580 263; 580 264; 579 265; 579 267; 580 268; 587 268; 588 269; 588 273; 589 273; 590 274; 594 274; 595 273; 606 273; 607 274; 608 274; 610 276; 610 278; 611 279; 612 279; 613 278; 613 277; 615 275; 616 275; 617 274; 632 274; 633 275; 639 275; 639 271; 638 270; 638 269; 636 267; 636 266; 634 264; 634 263; 635 262; 635 260; 636 259; 636 257; 635 256; 633 256; 632 255; 630 255; 627 252; 627 250; 626 249; 626 246; 625 245; 625 244; 620 239; 620 238; 619 237; 619 236; 618 235; 618 233; 617 232; 617 230; 616 229; 616 228; 615 227; 615 226; 614 225
47; 694 257; 693 258; 691 258; 691 261; 690 262; 690 264; 680 274; 680 280; 679 281; 679 282; 676 285; 676 286; 674 288; 674 290; 673 291; 673 293; 672 294; 672 295; 669 298; 669 299; 667 301; 667 303; 669 303; 670 302; 671 302; 672 301; 675 301; 676 300; 683 300; 684 301; 693 301; 694 302; 698 302; 699 303; 700 303; 701 304; 704 304; 705 303; 706 303; 707 302; 708 302; 709 301; 720 301; 720 299; 718 297; 718 296; 716 294; 716 291; 715 290; 715 288; 714 287; 714 286; 713 285; 713 284; 712 283; 712 282; 708 278; 708 277; 706 275; 706 274; 705 273; 705 272; 703 270; 703 269; 702 268; 702 267; 701 266; 701 262; 697 258; 697 257
48; 837 265; 836 266; 836 267; 834 269; 834 270; 831 273; 830 273; 827 276; 826 276; 815 287; 811 287; 810 286; 807 286; 806 287; 806 289; 808 291; 808 293; 804 297; 803 297; 802 298; 801 298; 800 299; 800 301; 801 302; 802 302; 803 303; 808 303; 809 304; 811 304; 812 305; 813 305; 816 308; 817 308; 819 310; 820 310; 821 311; 822 311; 823 312; 824 312; 825 313; 826 313; 829 316; 829 319; 831 319; 831 317; 832 316; 837 316; 838 317; 839 317; 842 320; 847 320; 847 315; 846 314; 846 313; 844 311; 844 300; 846 298; 847 298; 848 299; 848 296; 849 295; 849 293; 850 292; 849 291; 849 290; 848 289; 847 289; 843 285; 843 280; 842 279; 843 278; 843 273; 842 272; 842 266; 840 266; 839 265
49; 885 268; 883 270; 883 271; 877 277; 876 277; 873 280; 872 280; 870 282; 869 282; 868 283; 867 283; 865 285; 864 285; 861 288; 860 288; 857 291; 856 291; 854 293; 850 293; 850 295; 849 296; 849 300; 850 300; 851 301; 853 301; 854 302; 855 302; 863 310; 864 310; 865 311; 866 311; 867 312; 869 312; 870 313; 874 313; 875 314; 876 314; 877 315; 878 315; 879 316; 880 316; 882 318; 883 318; 888 323; 888 324; 889 325; 889 329; 890 330; 890 331; 892 331; 892 330; 893 329; 893 328; 894 327; 894 322; 893 321; 893 320; 892 319; 892 317; 891 316; 891 309; 890 308; 890 294; 889 293; 889 269; 888 268
50; 609 279; 609 281; 608 282; 608 283; 606 285; 601 285; 600 284; 597 284; 591 290; 588 290; 587 291; 582 291; 581 292; 581 295; 585 299; 585 300; 586 301; 586 304; 587 305; 587 306; 588 307; 589 307; 590 308; 591 308; 593 310; 593 311; 600 318; 600 319; 606 325; 606 326; 607 327; 607 328; 608 329; 608 330; 609 331; 609 332; 611 334; 614 334; 615 333; 615 328; 616 327; 616 324; 617 323; 617 322; 618 321; 618 320; 623 315; 623 313; 622 312; 622 306; 623 305; 623 304; 625 302; 625 301; 626 300; 629 300; 630 301; 632 301; 632 297; 631 296; 630 296; 629 295; 629 291; 630 290; 630 289; 631 288; 631 285; 629 283; 627 283; 626 284; 624 284; 623 285; 620 285; 619 286; 617 286; 616 285; 613 285; 611 283; 611 281; 612 280; 611 280; 610 279
51; 376 295; 375 296; 368 296; 365 299; 364 299; 363 300; 361 300; 360 301; 358 301; 357 302; 348 302; 347 303; 346 303; 345 304; 344 304; 343 305; 340 305; 339 306; 334 306; 333 307; 331 307; 329 309; 328 309; 325 312; 325 314; 328 314; 329 315; 332 315; 333 316; 334 315; 336 315; 342 321; 342 322; 345 325; 345 326; 348 329; 348 330; 351 333; 351 334; 354 337; 354 342; 356 344; 357 344; 358 345; 360 345; 362 347; 365 347; 367 345; 367 343; 368 342; 368 333; 369 332; 369 329; 370 328; 370 327; 373 324; 373 318; 374 317; 374 313; 375 312; 375 310; 376 309; 376 307; 378 305; 378 304; 379 303; 379 299; 380 298; 380 296; 379 295
52; 792 287; 790 289; 790 294; 788 296; 787 296; 786 297; 786 300; 787 301; 788 301; 791 304; 791 305; 792 306; 792 317; 791 318; 791 319; 790 320; 790 327; 791 328; 791 338; 790 339; 790 345; 791 346; 791 348; 790 349; 790 350; 788 352; 787 352; 786 351; 784 351; 783 352; 783 354; 788 354; 790 356; 795 356; 798 353; 799 353; 800 352; 801 352; 805 348; 806 348; 807 347; 813 347; 813 345; 815 343; 815 342; 816 341; 817 341; 819 339; 820 339; 821 338; 822 338; 824 336; 825 336; 826 335; 835 335; 835 333; 834 332; 834 331; 828 325; 828 324; 824 324; 822 322; 821 322; 817 318; 816 318; 811 313; 810 313; 809 312; 808 312; 807 311; 806 311; 805 310; 804 310; 800 306; 800 302; 797 302; 796 301; 793 301; 792 300; 792 299; 791 298; 791 295; 792 294; 793 294; 794 293; 795 293; 796 292; 796 290; 795 289; 795 288; 794 287
53; 944 302; 942 304; 942 305; 941 306; 941 308; 939 310; 939 311; 938 312; 938 313; 937 314; 937 319; 936 320; 936 321; 934 323; 934 324; 933 325; 933 330; 932 331; 932 334; 931 335; 931 337; 930 338; 930 340; 929 341; 929 342; 928 343; 928 345; 926 347; 926 348; 924 350; 924 353; 926 355; 929 355; 930 354; 932 354; 933 353; 934 353; 935 352; 937 352; 938 351; 947 351; 948 352; 951 352; 952 351; 954 351; 955 350; 956 351; 958 351; 959 352; 961 352; 962 351; 963 351; 964 350; 965 350; 966 349; 969 349; 970 348; 973 348; 974 347; 974 344; 973 343; 973 342; 972 341; 971 341; 969 339; 969 338; 966 335; 966 334; 963 331; 963 330; 956 323; 956 322; 954 320; 954 319; 953 318; 953 317; 952 316; 952 311; 953 310; 953 308; 947 302
54; 631 307; 631 308; 630 309; 630 312; 629 313; 629 314; 628 315; 628 316; 627 317; 627 321; 626 322; 626 324; 625 325; 625 326; 624 327; 624 332; 623 333; 623 334; 622 335; 622 336; 621 337; 621 338; 620 339; 620 342; 619 343; 619 346; 618 347; 618 349; 617 350; 617 351; 616 352; 616 353; 614 355; 614 359; 615 359; 616 360; 621 360; 622 361; 621 362; 621 363; 620 364; 620 367; 621 368; 622 368; 623 369; 624 369; 627 372; 629 372; 631 370; 631 367; 630 366; 630 365; 629 364; 629 363; 630 362; 633 362; 635 360; 635 358; 638 355; 643 355; 644 354; 645 354; 646 353; 647 353; 648 352; 649 352; 650 351; 653 351; 654 350; 664 350; 664 347; 663 346; 662 346; 657 341; 657 339; 650 332; 650 331; 648 329; 648 328; 647 327; 647 323; 650 320; 650 316; 649 316; 648 315; 645 315; 644 316; 644 317; 642 319; 638 315; 638 314; 635 311; 635 310; 634 309; 634 308; 633 307
55; 324 315; 324 317; 323 318; 319 318; 318 319; 318 321; 317 322; 317 323; 316 324; 316 325; 315 326; 315 332; 314 333; 314 334; 310 338; 310 339; 308 341; 308 342; 298 352; 298 356; 301 356; 302 357; 308 357; 309 358; 313 358; 317 362; 317 363; 318 364; 321 364; 322 363; 323 363; 324 362; 327 362; 328 363; 330 363; 331 364; 332 364; 334 366; 334 367; 335 368; 335 370; 336 371; 338 371; 341 368; 345 368; 346 367; 346 363; 345 362; 345 355; 346 354; 347 354; 347 350; 343 350; 341 348; 341 347; 340 346; 340 344; 339 343; 339 340; 338 339; 338 337; 337 336; 337 334; 336 333; 336 331; 335 330; 335 328; 334 327; 334 326; 333 325; 333 323; 332 322; 332 316; 329 316; 328 315
56; 492 339; 486 345; 485 345; 484 346; 483 346; 481 348; 481 349; 480 350; 479 350; 475 354; 474 354; 473 355; 472 355; 469 358; 469 359; 467 361; 467 362; 462 367; 462 368; 460 370; 459 370; 457 372; 454 372; 453 371; 453 369; 452 368; 452 367; 447 367; 445 369; 445 375; 448 378; 449 378; 452 381; 452 382; 453 382; 454 383; 455 383; 456 384; 458 384; 459 385; 460 385; 461 386; 462 386; 463 387; 465 387; 466 388; 467 388; 468 389; 470 389; 471 390; 472 390; 473 391; 475 391; 476 392; 477 392; 478 393; 480 393; 481 394; 484 394; 485 395; 486 395; 487 396; 489 396; 491 398; 492 398; 493 399; 495 399; 496 398; 496 391; 495 390; 495 389; 494 388; 494 387; 493 386; 493 383; 492 382; 492 373; 493 372; 493 370; 492 369; 492 367; 491 366; 491 365; 490 364; 490 362; 489 361; 489 357; 488 356; 488 349; 489 348; 489 347; 490 346; 492 346; 493 345; 495 345; 495 344; 496 343; 496 341; 494 339
57; 922 360; 921 361; 921 369; 922 370; 922 373; 923 374; 923 413; 924 414; 924 416; 930 416; 931 417; 934 417; 935 416; 935 410; 937 408; 938 408; 939 407; 940 407; 941 406; 943 406; 944 405; 946 405; 947 404; 948 404; 949 403; 949 402; 953 398; 955 398; 956 397; 957 397; 958 396; 959 396; 960 395; 961 395; 963 393; 964 393; 965 392; 965 390; 964 389; 964 388; 963 388; 962 387; 961 387; 960 386; 959 386; 957 384; 956 384; 952 380; 951 380; 949 378; 949 377; 947 375; 947 374; 946 374; 945 373; 943 373; 942 372; 941 372; 940 371; 939 371; 935 367; 934 367; 929 362; 928 362; 926 360
58; 569 368; 567 370; 567 374; 568 375; 568 380; 567 381; 562 381; 561 382; 561 384; 562 385; 564 385; 565 386; 565 388; 562 391; 562 394; 563 395; 563 398; 562 399; 562 401; 561 402; 561 404; 560 405; 560 407; 559 408; 559 411; 558 412; 558 414; 557 415; 557 416; 556 417; 556 418; 559 421; 560 421; 562 419; 564 419; 565 418; 574 418; 575 417; 577 417; 578 416; 579 416; 580 415; 581 415; 583 417; 583 420; 582 421; 581 421; 580 422; 577 422; 577 426; 579 428; 583 428; 583 427; 584 426; 585 426; 587 424; 588 424; 589 423; 589 422; 590 421; 590 414; 591 413; 592 413; 593 412; 595 412; 596 411; 605 411; 605 407; 601 403; 601 402; 600 401; 600 400; 599 399; 599 395; 598 394; 595 394; 591 390; 591 389; 584 382; 584 381; 581 378; 581 377; 574 370; 574 369; 573 368
59; 87 376; 81 382; 79 382; 78 383; 77 383; 76 384; 75 384; 73 386; 66 386; 61 391; 60 391; 58 393; 57 393; 56 394; 55 394; 54 395; 52 395; 51 396; 49 396; 48 397; 47 397; 47 401; 52 406; 53 406; 55 408; 56 408; 57 409; 58 409; 64 415; 65 415; 72 422; 73 422; 74 423; 74 424; 77 427; 78 427; 79 428; 80 428; 83 431; 86 431; 87 430; 87 429; 88 428; 88 426; 87 425; 87 418; 88 417; 88 416; 92 412; 92 410; 91 409; 91 407; 90 406; 90 398; 91 397; 91 383; 92 382; 92 378; 91 377; 91 376
60; 412 369; 411 370; 411 372; 412 372; 413 373; 415 373; 416 374; 416 375; 415 376; 415 377; 414 378; 414 379; 411 382; 411 383; 408 386; 407 386; 406 387; 402 387; 402 392; 396 398; 395 398; 392 401; 392 402; 385 409; 385 411; 386 411; 387 412; 388 412; 389 413; 395 413; 396 414; 399 414; 400 415; 404 415; 405 416; 406 416; 407 417; 408 417; 409 418; 411 418; 412 419; 414 419; 415 420; 417 420; 418 421; 420 421; 421 422; 422 422; 423 423; 429 423; 430 424; 435 424; 437 422; 437 421; 438 420; 438 418; 437 417; 437 416; 436 415; 435 415; 434 414; 433 414; 430 411; 430 409; 429 408; 429 407; 430 406; 430 405; 432 403; 432 402; 435 399; 435 395; 432 395; 431 394; 430 394; 428 392; 428 391; 427 390; 427 389; 426 388; 426 386; 425 385; 425 379; 424 378; 424 374; 423 373; 423 372; 422 371; 422 370; 418 370; 417 371; 415 369
61; 319 397; 317 399; 317 400; 315 402; 314 402; 310 406; 303 406; 301 408; 301 410; 290 421; 283 421; 281 423; 281 427; 282 428; 283 428; 289 434; 289 435; 290 436; 290 437; 291 438; 291 439; 302 439; 304 441; 305 441; 307 443; 308 443; 309 444; 310 444; 311 445; 312 445; 313 446; 313 447; 316 450; 316 455; 320 455; 321 454; 325 454; 327 452; 327 450; 326 449; 326 447; 325 446; 325 430; 324 429; 324 424; 325 423; 325 421; 327 419; 328 419; 329 420; 332 420; 332 417; 331 416; 328 416; 327 417; 325 417; 322 414; 322 407; 323 406; 323 402; 322 401; 322 398; 321 397
62; 537 401; 535 403; 535 404; 534 405; 534 406; 533 407; 533 408; 532 409; 526 409; 526 412; 529 412; 531 414; 531 415; 532 416; 531 417; 531 420; 530 421; 530 423; 528 425; 528 426; 525 429; 525 431; 526 432; 526 436; 525 437; 525 441; 523 443; 523 444; 522 445; 522 446; 521 447; 521 450; 520 451; 520 453; 519 454; 521 456; 523 454; 524 454; 525 453; 533 453; 534 452; 536 452; 537 451; 542 451; 543 450; 544 450; 545 449; 546 449; 547 448; 549 448; 550 447; 553 447; 554 446; 567 446; 567 442; 566 441; 566 440; 563 437; 563 436; 562 435; 562 434; 560 432; 560 431; 558 429; 558 427; 557 426; 557 425; 558 424; 558 421; 556 419; 552 419; 545 412; 545 411; 543 409; 543 408; 542 407; 542 406; 541 405; 541 403; 539 401
63; 173 405; 172 406; 172 407; 171 408; 171 409; 170 410; 170 411; 162 419; 161 419; 159 421; 158 421; 156 423; 155 423; 154 424; 153 424; 152 425; 150 425; 148 427; 148 434; 145 437; 144 437; 140 441; 139 441; 136 444; 136 447; 137 447; 138 448; 142 448; 143 449; 145 449; 146 450; 147 450; 148 451; 149 451; 150 452; 151 452; 152 453; 154 453; 155 454; 158 454; 160 456; 161 456; 162 457; 166 457; 167 458; 170 458; 171 459; 172 459; 173 460; 176 460; 177 461; 179 461; 180 462; 184 462; 184 458; 183 457; 183 454; 182 453; 182 450; 181 449; 181 446; 180 445; 180 442; 179 441; 179 439; 178 438; 178 436; 177 435; 177 430; 176 429; 176 425; 175 424; 175 422; 174 421; 174 415; 175 414; 175 405
64; 803 422; 803 429; 804 430; 804 432; 805 433; 805 435; 808 438; 808 439; 809 440; 809 442; 810 443; 810 447; 809 448; 809 451; 812 454; 812 455; 813 456; 813 457; 814 458; 814 459; 815 460; 815 462; 816 463; 816 470; 817 471; 817 473; 818 474; 818 478; 819 479; 819 482; 818 483; 818 485; 815 488; 815 489; 814 490; 814 494; 815 495; 819 495; 820 494; 820 484; 821 483; 821 482; 822 481; 822 479; 823 478; 823 476; 824 475; 824 474; 826 472; 826 471; 827 470; 827 469; 829 467; 829 466; 832 463; 832 462; 834 460; 834 459; 838 455; 838 454; 845 447; 846 447; 846 446; 847 445; 847 442; 848 441; 848 440; 849 439; 850 439; 851 438; 851 433; 849 431; 846 431; 845 432; 844 432; 843 433; 842 433; 841 434; 839 434; 838 433; 837 433; 833 429; 830 429; 829 430; 823 430; 822 429; 818 429; 817 428; 815 428; 814 427; 813 427; 810 424; 809 424; 808 423; 807 423; 806 422
65; 262 411; 261 412; 261 415; 262 415; 263 416; 265 416; 267 418; 267 420; 266 421; 266 423; 265 424; 265 425; 263 427; 263 428; 262 429; 262 430; 259 433; 259 434; 256 437; 255 437; 254 438; 252 438; 251 439; 250 439; 250 440; 248 442; 248 443; 247 444; 247 445; 246 446; 246 449; 245 450; 245 451; 242 454; 242 455; 241 456; 241 457; 240 458; 240 459; 239 460; 239 461; 238 462; 238 464; 239 465; 241 465; 242 464; 248 464; 249 465; 250 465; 251 466; 252 466; 253 467; 255 467; 256 468; 259 468; 260 467; 261 468; 268 468; 269 469; 271 469; 272 470; 273 470; 274 471; 275 471; 276 472; 277 472; 278 473; 281 473; 282 474; 288 474; 289 473; 289 471; 288 470; 288 469; 287 468; 287 467; 286 466; 286 465; 283 462; 283 461; 282 460; 282 452; 281 451; 281 450; 279 448; 279 447; 277 445; 277 444; 276 443; 276 442; 275 441; 275 438; 274 437; 274 434; 273 433; 273 430; 272 429; 272 419; 267 414; 267 413; 266 412; 266 411
66; 851 415; 851 419; 855 419; 856 420; 859 420; 860 421; 862 421; 863 422; 863 426; 864 427; 864 429; 863 430; 863 439; 862 440; 862 443; 861 444; 861 445; 860 446; 860 448; 859 449; 859 456; 858 457; 858 460; 857 461; 857 464; 856 465; 856 467; 855 468; 855 469; 854 470; 854 473; 859 473; 860 472; 862 472; 863 471; 864 471; 865 470; 866 470; 867 469; 869 469; 870 468; 875 468; 876 469; 880 469; 880 468; 883 465; 884 465; 885 464; 890 464; 891 463; 892 463; 893 462; 894 462; 895 461; 898 461; 899 460; 900 460; 901 459; 901 456; 897 452; 896 452; 895 451; 894 451; 889 446; 889 445; 887 443; 887 442; 881 436; 881 435; 878 432; 878 431; 877 430; 877 429; 870 422; 870 421; 866 417; 865 417; 863 415; 858 415; 857 416; 856 416; 855 415
67; 596 420; 596 421; 595 422; 595 424; 594 425; 594 426; 592 428; 592 429; 589 432; 589 433; 584 438; 583 438; 581 440; 581 443; 579 445; 579 446; 576 449; 576 450; 575 451; 575 452; 571 456; 571 457; 569 459; 569 460; 568 461; 568 462; 567 463; 567 464; 569 466; 570 465; 576 465; 577 466; 579 466; 580 467; 581 467; 582 468; 588 468; 589 469; 590 469; 594 473; 599 473; 600 472; 604 472; 605 473; 608 473; 609 474; 610 474; 611 475; 614 475; 615 474; 615 471; 614 470; 614 468; 613 467; 613 466; 611 464; 611 462; 610 461; 610 450; 608 448; 608 447; 606 445; 606 444; 605 443; 605 442; 604 441; 604 439; 603 438; 603 425; 602 424; 602 423; 601 422; 601 421; 600 420
68; 518 455; 517 456; 516 456; 516 461; 518 463; 518 467; 519 468; 519 471; 520 472; 520 474; 521 475; 521 476; 523 478; 523 480; 524 481; 524 483; 525 484; 525 485; 526 486; 526 487; 527 488; 527 494; 529 496; 530 496; 531 497; 531 499; 529 501; 528 501; 527 502; 526 502; 526 506; 528 508; 529 508; 531 510; 531 511; 532 512; 536 512; 537 511; 538 511; 540 509; 541 509; 543 511; 543 512; 545 514; 548 514; 549 513; 550 513; 551 512; 551 509; 550 508; 549 508; 548 507; 544 507; 543 506; 543 504; 544 503; 544 502; 548 498; 549 498; 551 496; 551 491; 552 490; 552 489; 553 488; 553 487; 558 482; 559 482; 562 485; 565 485; 566 484; 566 481; 565 481; 564 480; 562 480; 561 479; 561 475; 563 473; 563 472; 568 467; 568 466; 566 464; 565 464; 564 465; 563 465; 562 466; 559 466; 558 467; 550 467; 549 466; 545 466; 544 465; 543 465; 542 464; 540 464; 539 463; 534 463; 533 462; 529 462; 528 463; 525 463; 524 462; 523 462; 520 459; 520 456; 519 455
69; 917 452; 913 456; 913 457; 912 458; 912 465; 911 466; 911 471; 910 472; 910 473; 909 474; 909 475; 908 476; 908 478; 907 479; 907 481; 906 482; 906 491; 905 492; 905 493; 903 495; 903 497; 902 498; 902 499; 899 502; 898 502; 898 506; 899 507; 906 507; 907 508; 907 509; 909 509; 910 508; 910 507; 911 506; 912 506; 913 505; 914 505; 915 504; 919 504; 920 503; 923 503; 924 502; 926 502; 927 501; 928 501; 929 500; 931 500; 932 499; 935 499; 936 498; 938 498; 940 500; 941 500; 942 501; 944 501; 948 497; 948 493; 945 490; 945 489; 944 488; 944 485; 942 483; 941 483; 936 478; 936 472; 935 471; 933 471; 932 470; 930 470; 929 469; 928 469; 925 466; 925 465; 923 463; 923 462; 922 461; 922 460; 921 459; 921 458; 920 457; 920 452
70; 506 463; 504 465; 503 465; 502 466; 501 466; 500 467; 499 467; 498 468; 498 469; 495 472; 495 473; 493 475; 490 475; 489 474; 486 474; 486 479; 487 480; 486 481; 486 482; 484 484; 484 485; 481 488; 481 489; 479 491; 479 492; 478 493; 478 494; 476 496; 475 496; 474 497; 473 497; 472 496; 472 499; 473 500; 474 500; 475 501; 476 501; 477 502; 478 502; 480 504; 482 504; 483 505; 484 505; 485 506; 486 506; 488 508; 488 510; 489 511; 491 511; 492 510; 493 510; 494 509; 500 509; 502 511; 503 511; 505 513; 506 513; 507 514; 510 514; 511 515; 513 515; 514 516; 515 516; 517 518; 521 518; 522 517; 522 514; 521 513; 521 510; 519 508; 519 506; 518 505; 518 498; 517 497; 517 494; 516 493; 516 490; 515 489; 515 487; 514 486; 514 482; 515 481; 515 478; 514 477; 514 476; 512 474; 512 473; 511 472; 511 471; 510 470; 510 463
71; 376 466; 375 467; 374 467; 374 469; 373 470; 373 475; 372 476; 372 477; 371 478; 370 478; 369 479; 367 479; 366 480; 362 480; 361 481; 348 481; 348 484; 356 492; 356 493; 358 495; 358 496; 360 498; 360 499; 361 500; 361 501; 362 502; 362 504; 364 506; 364 507; 365 508; 365 509; 366 510; 366 513; 367 514; 367 515; 368 516; 369 516; 374 521; 374 522; 376 524; 376 525; 378 527; 378 528; 379 529; 381 529; 381 527; 382 526; 382 524; 383 523; 383 520; 384 519; 384 515; 385 514; 385 512; 386 511; 386 510; 387 509; 387 507; 388 506; 388 504; 389 503; 389 501; 390 500; 390 497; 391 496; 391 494; 392 493; 392 492; 396 488; 396 487; 397 486; 397 482; 400 479; 400 477; 398 475; 388 475; 387 476; 384 476; 383 477; 379 477; 378 476; 378 473; 380 471; 380 468; 378 466
72; 250 482; 248 484; 248 486; 249 487; 249 488; 250 489; 250 490; 253 493; 253 494; 254 495; 251 498; 250 498; 249 499; 248 499; 246 501; 245 501; 245 502; 244 503; 244 504; 243 505; 243 506; 240 509; 239 509; 235 513; 234 513; 232 515; 230 515; 229 514; 225 514; 223 516; 223 519; 225 521; 227 521; 228 520; 230 520; 231 519; 234 519; 235 520; 237 520; 238 521; 240 521; 241 522; 242 522; 243 523; 245 523; 246 524; 247 524; 251 528; 251 529; 256 529; 257 528; 259 528; 260 529; 262 529; 263 530; 264 530; 265 531; 266 531; 267 532; 268 532; 270 534; 271 534; 277 540; 278 540; 279 541; 281 541; 281 536; 280 535; 280 534; 279 533; 279 531; 278 530; 278 528; 277 527; 277 521; 278 520; 278 513; 277 512; 277 511; 276 510; 276 509; 275 508; 275 507; 274 506; 274 501; 273 500; 273 494; 272 493; 272 485; 271 484; 271 483; 270 482; 268 482; 265 485; 265 486; 264 487; 264 488; 260 492; 256 492; 254 490; 254 484; 252 482
73; 468 496; 467 497; 465 497; 464 498; 461 498; 460 499; 460 500; 457 503; 457 506; 459 508; 459 516; 458 517; 458 521; 457 522; 457 527; 458 528; 458 534; 457 535; 457 536; 456 537; 456 539; 455 540; 455 549; 450 554; 450 558; 451 559; 455 559; 455 558; 457 556; 457 555; 461 551; 462 551; 464 549; 466 549; 467 548; 468 548; 469 547; 472 547; 473 546; 474 546; 475 547; 477 547; 478 546; 479 546; 482 543; 488 543; 489 542; 492 542; 493 541; 494 541; 496 539; 497 539; 499 537; 500 537; 502 535; 502 533; 500 531; 497 531; 496 530; 495 530; 494 529; 494 528; 490 524; 489 524; 488 523; 488 522; 486 520; 486 519; 485 518; 484 518; 483 517; 482 517; 480 515; 479 515; 476 512; 475 512; 470 507; 470 506; 468 504; 468 501; 470 499; 471 499; 471 496
74; 639 502; 637 504; 637 517; 636 518; 636 519; 635 520; 635 521; 632 524; 632 527; 633 528; 633 530; 634 531; 634 533; 632 535; 632 536; 630 538; 630 541; 629 542; 629 544; 628 545; 628 546; 627 547; 627 557; 630 557; 632 555; 633 555; 635 553; 637 553; 638 552; 640 552; 641 551; 648 551; 650 549; 651 549; 652 548; 653 548; 660 555; 660 556; 659 557; 659 558; 658 559; 658 560; 657 561; 657 563; 659 565; 661 565; 663 563; 663 555; 664 554; 664 549; 662 547; 662 546; 665 543; 667 543; 668 542; 670 542; 671 541; 675 541; 675 537; 674 536; 674 535; 672 533; 672 532; 670 530; 669 530; 668 529; 667 529; 655 517; 655 516; 641 502
75; 180 512; 180 514; 176 518; 175 518; 174 519; 172 519; 171 520; 166 520; 163 517; 160 517; 160 521; 161 522; 161 523; 157 527; 156 527; 155 528; 148 528; 147 529; 146 529; 144 531; 143 531; 142 532; 142 535; 143 536; 143 537; 144 538; 144 539; 150 545; 151 545; 158 552; 158 553; 159 554; 159 556; 160 557; 161 557; 162 558; 165 558; 166 559; 167 559; 168 560; 168 561; 170 563; 170 564; 176 570; 178 570; 179 569; 179 568; 181 566; 183 566; 184 567; 186 567; 188 565; 188 560; 187 559; 182 559; 180 557; 180 548; 181 547; 181 545; 182 544; 182 541; 183 540; 183 536; 184 535; 184 526; 185 525; 185 514; 183 512
76; 95 509; 95 510; 94 511; 94 517; 93 518; 93 519; 92 520; 92 521; 90 523; 90 532; 88 534; 88 535; 86 537; 86 539; 85 540; 85 552; 84 553; 84 554; 83 555; 83 556; 82 557; 83 558; 83 561; 84 562; 84 566; 85 566; 86 565; 88 565; 89 564; 94 564; 96 562; 98 562; 99 561; 101 561; 102 562; 106 562; 109 559; 110 559; 112 557; 113 557; 114 556; 116 556; 117 555; 118 555; 119 554; 128 554; 129 555; 132 552; 128 548; 127 548; 122 543; 122 542; 121 541; 121 540; 120 539; 120 537; 119 536; 119 535; 116 532; 116 531; 115 530; 113 530; 112 529; 111 529; 109 527; 108 527; 103 522; 103 521; 102 520; 102 519; 101 518; 101 517; 100 516; 100 513; 99 512; 99 510; 98 509
77; 75 544; 74 545; 70 545; 69 546; 68 546; 67 547; 66 547; 65 548; 64 548; 63 549; 58 549; 57 550; 56 550; 55 551; 54 551; 52 553; 50 553; 49 554; 48 554; 47 555; 45 555; 44 556; 41 556; 38 553; 37 553; 36 552; 34 552; 31 555; 31 563; 33 565; 34 565; 37 568; 38 568; 47 577; 47 578; 50 581; 50 582; 51 583; 51 584; 49 586; 49 587; 48 588; 48 590; 49 591; 51 591; 54 588; 57 588; 58 589; 58 590; 67 599; 67 600; 69 600; 70 599; 70 597; 71 596; 71 594; 72 593; 72 591; 73 590; 73 580; 74 579; 79 579; 79 577; 77 577; 75 575; 75 573; 76 572; 76 570; 77 569; 77 568; 79 566; 83 566; 83 562; 82 561; 82 558; 80 558; 78 556; 78 551; 79 550; 79 548; 80 547; 80 544
78; 849 555; 847 557; 847 559; 846 560; 846 562; 845 563; 845 565; 842 568; 842 569; 840 571; 840 572; 839 573; 839 575; 838 576; 838 577; 836 579; 836 580; 835 581; 835 582; 834 583; 832 581; 832 580; 831 579; 831 578; 828 578; 827 577; 827 576; 828 575; 830 575; 832 573; 832 572; 833 571; 833 567; 832 566; 832 560; 830 558; 826 558; 825 559; 825 560; 824 561; 823 561; 819 557; 816 557; 813 560; 813 564; 814 565; 818 565; 819 564; 820 564; 821 563; 823 563; 824 564; 824 568; 825 569; 825 571; 826 572; 826 574; 825 575; 823 575; 822 576; 821 576; 821 579; 824 582; 824 583; 826 585; 826 586; 827 586; 828 587; 829 587; 830 588; 830 591; 829 592; 829 593; 828 594; 828 595; 827 596; 827 597; 825 599; 823 599; 822 600; 821 600; 819 602; 819 604; 820 605; 820 606; 821 606; 822 607; 824 607; 825 606; 825 604; 826 603; 826 602; 827 601; 830 604; 830 605; 833 605; 834 604; 834 602; 835 601; 835 600; 838 597; 839 597; 840 596; 841 596; 841 594; 840 593; 840 592; 841 591; 841 589; 842 588; 842 586; 843 585; 843 584; 845 582; 845 581; 846 580; 846 579; 849 576; 851 576; 853 578; 853 579; 854 580; 854 581; 856 583; 856 584; 857 585; 857 586; 859 588; 859 590; 860 591; 860 593; 864 593; 865 592; 868 592; 868 590; 867 589; 867 585; 866 584; 866 583; 865 582; 865 581; 864 580; 864 579; 862 577; 862 576; 861 575; 861 574; 860 573; 860 570; 859 569; 859 566; 858 565; 858 564; 854 560; 854 558; 853 557; 853 556; 852 556; 851 555
79; 1017 612; 1003 609; 998 612; 1019 651; 1017 664; 1008 665; 1011 674; 1009 681; 1018 687; 1023 703; 1023 680; 1020 677; 1023 675; 1023 639; 1017 624; 1023 620
80; 1023 620; 1023 580; 1018 586; 1012 582; 1014 573; 1010 568; 1023 564; 1023 554; 1004 556; 991 562; 980 550; 979 556; 991 572; 989 579; 996 577; 1021 608; 1017 612
81; 132 553; 130 555; 130 557; 131 558; 131 566; 130 567; 130 569; 129 570; 129 578; 128 579; 128 583; 129 584; 129 586; 130 587; 130 599; 129 600; 129 602; 128 603; 128 604; 127 605; 127 606; 126 607; 126 608; 125 609; 125 612; 127 614; 130 614; 132 612; 133 612; 135 610; 136 610; 137 609; 138 609; 139 608; 140 608; 141 607; 142 607; 143 606; 145 606; 146 605; 149 605; 153 601; 153 600; 158 595; 159 595; 160 594; 161 594; 162 593; 164 593; 165 592; 167 592; 168 591; 169 591; 171 589; 171 587; 159 575; 159 574; 158 573; 158 571; 157 570; 153 570; 152 569; 151 569; 150 568; 149 568; 146 565; 145 565; 141 561; 141 560; 140 559; 140 557; 139 557; 138 556; 137 556; 135 554; 134 554; 133 553
82; 270 559; 270 563; 269 564; 269 571; 270 572; 270 578; 271 579; 271 581; 272 582; 272 584; 271 585; 271 588; 270 589; 270 591; 271 591; 274 594; 274 596; 275 597; 275 612; 276 613; 276 615; 277 616; 281 616; 284 613; 285 613; 293 605; 294 605; 294 604; 301 597; 302 597; 303 596; 304 596; 306 594; 306 593; 311 588; 312 588; 314 586; 315 586; 315 585; 316 584; 316 580; 314 578; 306 578; 305 577; 304 577; 303 576; 302 576; 301 575; 300 575; 299 574; 298 574; 297 573; 296 573; 292 569; 291 569; 290 568; 289 568; 288 567; 287 567; 286 566; 285 566; 284 565; 283 565; 282 564; 281 564; 280 563; 279 563; 277 561; 276 561; 274 559
83; 765 559; 764 560; 763 560; 759 564; 758 564; 757 565; 756 565; 755 566; 754 566; 753 567; 752 567; 751 568; 746 568; 737 577; 736 577; 735 578; 734 578; 733 579; 728 579; 723 584; 723 587; 726 590; 727 590; 729 592; 730 592; 733 595; 734 595; 743 604; 744 604; 748 608; 749 608; 751 610; 752 610; 753 611; 754 611; 755 612; 756 612; 762 618; 764 618; 767 615; 767 611; 766 610; 766 609; 765 608; 765 599; 766 598; 766 594; 767 593; 767 591; 766 590; 766 586; 767 585; 767 583; 766 582; 766 577; 767 576; 767 566; 768 565; 768 560; 767 559
84; 627 562; 626 563; 625 563; 618 570; 617 570; 615 572; 606 572; 605 573; 605 574; 604 575; 604 578; 603 579; 603 580; 601 582; 600 582; 597 585; 596 585; 595 586; 593 586; 592 587; 588 587; 587 586; 584 586; 582 588; 582 589; 581 590; 581 592; 583 594; 586 594; 587 593; 591 593; 592 594; 594 594; 596 596; 597 596; 606 605; 606 606; 607 607; 607 609; 608 610; 615 610; 617 612; 618 612; 621 615; 622 615; 628 621; 631 621; 632 620; 632 613; 631 612; 631 611; 632 610; 632 604; 633 603; 633 601; 632 600; 632 597; 631 596; 631 582; 630 581; 630 579; 631 578; 631 576; 632 575; 632 574; 637 569; 637 565; 635 563; 632 563; 631 562
85; 92 569; 92 570; 91 571; 91 572; 90 573; 90 574; 89 575; 89 577; 88 578; 88 579; 87 580; 87 582; 86 583; 86 584; 85 585; 85 586; 78 593; 78 597; 77 598; 77 599; 75 601; 75 602; 72 605; 72 606; 71 607; 71 608; 68 611; 68 612; 67 613; 67 614; 66 615; 60 615; 58 617; 58 624; 59 625; 59 626; 61 628; 66 628; 67 627; 67 618; 68 617; 69 617; 70 618; 77 618; 78 617; 88 617; 89 618; 91 618; 92 619; 98 619; 99 618; 108 618; 109 619; 111 619; 112 620; 115 620; 116 619; 116 616; 115 615; 115 613; 114 612; 114 611; 113 610; 113 609; 112 608; 112 607; 111 606; 111 605; 110 604; 110 600; 109 599; 109 598; 108 597; 108 596; 106 594; 106 593; 105 592; 105 588; 104 587; 104 586; 102 584; 102 583; 100 581; 100 579; 99 578; 99 576; 98 575; 98 574; 97 573; 97 572; 96 571; 96 570; 95 569
86; 572 573; 571 574; 570 574; 567 577; 567 578; 562 583; 560 583; 559 584; 557 582; 557 581; 556 580; 556 579; 555 578; 553 578; 550 581; 550 585; 551 586; 551 590; 547 594; 546 594; 544 596; 543 596; 542 597; 541 597; 540 598; 539 598; 538 599; 537 599; 536 600; 535 600; 534 601; 533 601; 531 603; 531 607; 532 608; 533 608; 534 609; 535 609; 536 610; 538 610; 539 611; 540 611; 542 613; 543 613; 544 614; 545 614; 547 616; 548 616; 551 619; 551 620; 553 622; 553 623; 556 623; 557 624; 558 624; 559 625; 560 625; 562 627; 563 627; 565 629; 566 629; 569 632; 569 633; 570 634; 570 636; 571 637; 571 638; 576 638; 576 637; 577 636; 577 632; 576 631; 576 628; 575 627; 575 613; 577 611; 577 610; 578 609; 578 606; 576 604; 576 603; 574 601; 574 592; 573 591; 573 588; 572 587; 572 583; 573 582; 573 580; 574 579; 574 577; 575 576; 575 573
87; 854 614; 849 617; 848 660; 851 660; 854 657; 862 654; 869 654; 873 656; 878 647; 894 643; 897 640; 897 637; 887 633; 882 625; 873 616
88; 873 616; 873 599; 868 593; 861 594; 858 599; 849 600; 849 607; 854 614
89; 837 615; 836 616; 835 616; 834 617; 831 617; 830 618; 827 618; 826 619; 823 619; 822 620; 818 620; 817 621; 813 621; 812 622; 810 622; 809 621; 803 621; 802 622; 799 622; 798 623; 796 623; 795 622; 794 622; 793 621; 790 621; 790 623; 791 624; 793 624; 795 626; 795 627; 798 630; 799 630; 800 631; 801 631; 802 632; 803 632; 812 641; 812 642; 813 643; 813 644; 814 645; 808 651; 808 653; 809 653; 810 654; 816 654; 817 653; 820 653; 826 659; 826 660; 828 662; 828 665; 829 666; 829 667; 833 671; 835 671; 837 669; 839 669; 839 666; 840 665; 840 661; 838 659; 838 654; 839 653; 839 650; 840 649; 840 646; 841 645; 841 644; 842 643; 842 642; 847 637; 848 637; 848 617; 847 617; 846 616; 843 616; 842 615
90; 971 615; 970 616; 970 624; 969 625; 969 627; 968 628; 968 630; 967 631; 967 633; 966 634; 966 636; 965 637; 965 638; 964 639; 964 640; 962 642; 962 645; 963 646; 963 654; 962 655; 962 658; 961 659; 961 660; 959 662; 959 663; 958 664; 958 667; 957 668; 957 671; 960 671; 961 670; 962 670; 963 669; 965 669; 966 668; 971 668; 972 667; 977 667; 978 666; 981 666; 982 665; 985 665; 986 664; 989 664; 990 663; 992 663; 993 662; 994 662; 995 661; 1001 661; 1002 662; 1004 662; 1004 656; 1003 655; 1003 654; 1000 651; 1000 650; 999 649; 999 648; 997 646; 997 645; 996 645; 995 644; 995 643; 993 641; 993 640; 992 639; 992 638; 991 637; 991 636; 990 635; 990 633; 988 631; 987 631; 984 628; 984 626; 985 625; 985 624; 986 623; 986 621; 985 620; 985 619; 984 619; 983 618; 981 618; 980 619; 977 619; 973 615
91; 492 618; 491 619; 490 619; 489 620; 487 620; 486 621; 486 631; 485 632; 485 634; 484 635; 484 636; 482 638; 482 639; 480 641; 480 642; 476 646; 476 647; 469 654; 469 655; 468 656; 468 657; 466 659; 466 660; 462 664; 461 664; 459 666; 455 666; 454 667; 453 667; 452 668; 452 669; 451 670; 451 673; 452 673; 453 674; 456 674; 457 673; 460 673; 461 674; 463 674; 464 675; 466 675; 467 676; 468 676; 469 677; 470 677; 471 678; 473 678; 474 679; 475 679; 477 681; 487 681; 488 682; 490 682; 491 683; 492 683; 495 686; 496 686; 497 687; 499 687; 500 688; 502 688; 503 687; 504 687; 504 683; 503 682; 503 681; 502 680; 502 677; 501 676; 501 670; 503 668; 503 664; 501 662; 500 662; 498 660; 498 658; 497 657; 497 652; 496 651; 496 649; 495 648; 495 646; 494 645; 494 643; 493 642; 493 640; 492 639; 492 635; 491 634; 491 630; 493 628; 495 630; 496 630; 497 631; 501 631; 502 630; 502 629; 503 628; 503 624; 502 623; 502 621; 501 620; 501 619; 500 619; 499 618
92; 654 633; 654 634; 653 635; 653 640; 652 641; 652 646; 651 647; 651 649; 650 650; 650 652; 649 653; 649 655; 648 656; 648 658; 647 659; 647 661; 646 662; 646 664; 645 665; 645 667; 644 668; 644 671; 643 672; 643 676; 642 677; 642 680; 640 682; 640 683; 639 684; 639 686; 638 687; 638 692; 639 693; 642 693; 644 691; 644 690; 648 686; 650 686; 651 685; 659 685; 660 684; 673 684; 674 683; 680 683; 681 682; 683 682; 684 683; 686 683; 686 681; 687 680; 687 677; 679 669; 679 668; 677 666; 677 665; 676 664; 676 662; 677 661; 677 656; 676 655; 676 654; 675 653; 675 650; 674 649; 674 648; 673 647; 667 647; 666 646; 665 646; 663 644; 663 643; 661 641; 661 640; 660 639; 660 638; 659 637; 659 635; 657 633
93; 412 640; 412 652; 411 653; 411 658; 410 659; 410 662; 408 664; 408 665; 406 667; 406 670; 407 671; 407 680; 406 681; 406 683; 405 684; 405 685; 404 686; 404 690; 403 691; 403 695; 411 695; 412 694; 414 694; 415 693; 417 693; 418 692; 419 692; 420 691; 422 691; 423 692; 427 692; 428 691; 428 690; 429 689; 429 688; 432 685; 433 685; 434 684; 439 684; 440 685; 444 685; 445 684; 446 684; 447 683; 448 683; 450 681; 450 674; 449 674; 447 672; 446 672; 444 670; 443 670; 438 665; 438 658; 436 656; 431 656; 430 655; 429 655; 427 653; 427 652; 426 651; 426 645; 420 645; 419 644; 418 644; 417 643; 417 642; 415 640
94; 148 643; 145 646; 145 647; 140 652; 140 653; 138 655; 138 656; 132 662; 132 663; 122 673; 121 673; 120 674; 117 674; 116 673; 115 673; 114 672; 111 672; 111 676; 114 679; 115 679; 117 681; 118 681; 119 682; 120 682; 122 684; 123 684; 125 686; 126 686; 128 688; 129 688; 130 689; 131 689; 132 690; 133 690; 134 691; 136 691; 137 692; 138 692; 142 696; 142 698; 145 698; 146 697; 150 697; 151 698; 152 698; 153 699; 154 699; 155 700; 158 700; 159 699; 160 699; 161 700; 167 700; 169 698; 169 694; 162 694; 160 692; 160 691; 159 690; 159 689; 158 688; 158 685; 157 684; 157 674; 156 673; 156 672; 155 671; 155 666; 154 665; 154 661; 153 660; 153 655; 152 654; 152 649; 153 648; 153 646; 152 645; 152 644; 151 643
95; 695 636; 692 639; 692 646; 693 647; 693 649; 694 650; 694 653; 695 654; 695 660; 694 661; 694 664; 693 665; 693 671; 692 672; 692 676; 690 678; 688 678; 688 680; 687 681; 687 683; 690 686; 690 690; 689 691; 689 695; 688 696; 688 697; 687 698; 687 700; 686 701; 686 705; 690 705; 691 706; 693 706; 694 705; 695 705; 700 700; 702 700; 703 699; 708 699; 710 697; 711 697; 713 695; 714 695; 715 694; 717 694; 718 693; 719 693; 720 692; 722 692; 723 691; 724 691; 725 690; 727 690; 728 689; 729 689; 730 688; 731 688; 736 683; 736 680; 735 679; 733 679; 732 680; 728 680; 725 677; 725 676; 724 675; 724 674; 722 672; 722 671; 721 670; 721 669; 720 668; 720 666; 719 665; 718 665; 717 664; 715 664; 705 654; 705 653; 700 648; 700 645; 701 644; 701 643; 702 642; 702 638; 700 636
96; 76 655; 76 656; 75 657; 75 660; 74 661; 74 671; 73 672; 73 674; 71 676; 71 677; 69 679; 69 681; 70 682; 70 683; 72 685; 72 686; 73 687; 73 690; 72 691; 72 693; 71 694; 71 707; 70 708; 70 710; 69 711; 69 714; 73 714; 74 713; 75 713; 76 712; 77 712; 78 711; 79 711; 80 710; 82 710; 83 711; 84 711; 85 712; 87 712; 88 711; 88 710; 89 709; 89 708; 90 707; 90 706; 91 705; 92 705; 94 703; 96 703; 97 702; 98 702; 99 701; 100 701; 101 700; 102 700; 103 699; 105 699; 106 698; 110 698; 111 699; 114 699; 115 700; 115 698; 116 697; 116 694; 115 694; 114 693; 113 693; 112 692; 110 692; 104 686; 104 685; 101 682; 101 681; 97 677; 97 676; 96 675; 96 673; 97 672; 97 669; 96 668; 92 668; 91 669; 90 669; 84 663; 84 657; 83 656; 82 656; 81 655
97; 841 661; 841 665; 840 666; 840 671; 841 672; 841 677; 842 678; 842 689; 843 690; 843 704; 844 705; 844 712; 843 713; 843 715; 842 716; 842 719; 845 722; 849 722; 849 721; 850 720; 850 719; 852 717; 852 716; 857 711; 858 711; 860 709; 861 709; 862 708; 863 708; 864 707; 865 707; 866 706; 867 706; 869 704; 869 703; 871 701; 871 700; 872 699; 873 699; 876 696; 877 696; 878 695; 880 695; 881 694; 886 694; 886 689; 884 687; 879 687; 878 686; 877 686; 867 676; 867 674; 865 672; 863 672; 862 673; 859 673; 858 672; 857 672; 856 671; 855 671; 852 668; 851 668; 849 666; 849 665; 848 664; 848 661; 846 661; 845 662; 842 662
98; 283 665; 282 666; 281 666; 279 668; 279 669; 275 673; 274 673; 271 676; 270 676; 269 677; 267 677; 265 679; 262 679; 261 680; 260 680; 257 683; 256 683; 255 684; 254 684; 251 687; 250 687; 249 688; 247 688; 246 689; 245 689; 244 690; 243 690; 241 692; 240 692; 240 695; 241 695; 247 701; 248 701; 249 702; 250 702; 251 703; 252 703; 255 706; 256 706; 259 709; 260 709; 261 710; 262 710; 265 713; 266 713; 272 719; 272 720; 274 722; 274 723; 278 727; 279 727; 284 732; 284 733; 285 734; 288 734; 289 733; 289 729; 288 728; 288 727; 287 726; 286 726; 283 723; 283 722; 282 721; 282 719; 285 716; 286 717; 289 717; 292 714; 292 710; 290 708; 284 708; 283 707; 283 706; 282 705; 282 695; 281 694; 281 682; 282 681; 282 677; 283 676; 283 673; 284 672; 284 671; 285 670; 285 669; 286 668; 286 666; 285 665
99; 996 680; 990 686; 984 686; 983 687; 982 687; 981 688; 980 688; 979 689; 978 689; 977 690; 975 690; 974 691; 972 691; 971 692; 968 692; 967 693; 964 693; 963 694; 963 696; 974 707; 974 708; 976 710; 976 711; 977 712; 977 715; 979 717; 980 717; 981 718; 982 718; 985 721; 985 722; 989 726; 989 727; 991 729; 991 730; 989 732; 987 732; 985 734; 985 737; 987 739; 991 739; 991 738; 992 737; 992 735; 993 734; 994 734; 996 736; 999 736; 1000 735; 1000 728; 1001 727; 1001 718; 1002 717; 1002 711; 1003 710; 1003 709; 1004 708; 1004 707; 1006 705; 1006 693; 1007 692; 1007 690; 1008 689; 1008 688; 1010 686; 1010 685; 1011 684; 1008 681; 1007 682; 1004 682; 1003 681; 1002 681; 1001 680
100; 535 684; 535 685; 534 686; 534 689; 535 690; 535 691; 536 692; 536 694; 537 695; 536 696; 536 697; 535 698; 530 698; 528 700; 528 702; 530 704; 531 704; 532 705; 535 705; 538 708; 538 711; 539 712; 539 724; 540 725; 540 728; 541 729; 541 733; 542 734; 542 745; 543 746; 546 746; 547 747; 548 747; 549 748; 554 748; 556 746; 556 738; 558 736; 559 736; 559 735; 560 734; 560 732; 562 730; 562 729; 564 727; 565 727; 566 726; 569 726; 570 727; 574 727; 574 725; 571 722; 571 721; 573 719; 574 719; 576 717; 576 716; 577 715; 577 714; 581 710; 581 707; 578 707; 577 706; 575 706; 574 705; 573 705; 572 704; 571 704; 570 703; 569 703; 566 700; 565 700; 564 699; 564 698; 561 695; 558 695; 557 694; 555 694; 554 693; 552 693; 551 692; 549 692; 548 691; 547 691; 545 689; 544 689; 539 684
101; 117 695; 117 697; 116 698; 116 701; 119 704; 119 705; 121 707; 121 709; 122 710; 122 714; 123 715; 123 716; 126 719; 126 720; 127 720; 130 723; 131 723; 134 726; 134 728; 135 729; 135 730; 137 732; 137 733; 142 738; 143 738; 144 739; 147 739; 148 738; 148 737; 149 736; 149 734; 155 728; 155 727; 156 726; 156 720; 157 719; 157 718; 159 716; 161 716; 162 717; 165 717; 166 716; 167 716; 167 713; 165 711; 164 711; 163 710; 162 710; 160 708; 160 707; 158 705; 151 705; 150 704; 149 704; 148 703; 147 703; 144 700; 144 699; 140 699; 139 700; 136 700; 135 699; 132 699; 131 698; 129 698; 128 697; 123 697; 122 696; 119 696; 118 695
102; 448 691; 446 693; 446 694; 440 700; 439 700; 435 704; 434 704; 433 705; 427 705; 420 712; 419 712; 418 713; 417 713; 416 714; 414 714; 413 715; 412 715; 409 718; 407 718; 406 719; 405 719; 404 720; 404 722; 405 723; 406 723; 408 725; 409 725; 413 729; 413 730; 414 731; 414 732; 415 733; 417 733; 422 738; 423 738; 424 739; 425 739; 426 740; 427 740; 428 741; 429 741; 434 746; 435 746; 436 747; 436 748; 439 751; 439 752; 440 753; 440 754; 442 756; 448 756; 448 749; 447 748; 447 734; 448 733; 448 720; 447 719; 447 703; 448 702; 448 698; 449 697; 449 695; 450 694; 450 691
103; 750 698; 750 700; 749 701; 749 703; 738 714; 737 714; 737 715; 736 716; 735 716; 734 717; 732 717; 730 715; 730 713; 729 712; 730 711; 730 709; 726 709; 725 710; 723 710; 722 711; 722 713; 721 714; 721 717; 722 718; 722 719; 726 723; 726 725; 723 728; 722 728; 719 731; 718 731; 718 732; 717 733; 717 735; 719 737; 721 737; 722 738; 724 738; 725 739; 726 739; 727 740; 728 740; 729 741; 730 741; 731 742; 732 742; 737 747; 737 751; 739 751; 740 750; 744 750; 747 753; 747 757; 748 758; 750 758; 752 756; 755 756; 756 757; 757 757; 760 760; 760 761; 763 764; 764 764; 765 765; 767 765; 767 759; 766 758; 766 757; 765 756; 765 754; 764 753; 764 749; 763 748; 763 742; 762 741; 762 739; 761 738; 761 734; 760 733; 760 731; 759 730; 759 723; 760 722; 760 718; 759 717; 759 716; 757 714; 757 713; 756 712; 756 706; 755 705; 755 701; 754 700; 754 699; 753 698
104; 109 749; 108 750; 106 750; 105 751; 103 751; 101 753; 101 754; 99 756; 98 756; 97 757; 96 757; 95 758; 94 758; 93 759; 91 759; 90 760; 88 760; 86 762; 85 762; 84 763; 83 763; 82 764; 79 764; 78 763; 78 762; 77 761; 77 760; 76 759; 72 759; 70 761; 70 766; 72 768; 72 769; 74 771; 74 772; 75 773; 75 774; 81 780; 81 781; 84 784; 84 785; 85 786; 85 787; 87 789; 88 789; 89 790; 90 790; 92 792; 93 792; 95 794; 95 795; 100 800; 100 801; 108 809; 110 809; 112 807; 112 805; 116 801; 117 801; 118 800; 118 797; 117 796; 116 796; 115 795; 114 795; 112 793; 112 785; 113 784; 113 783; 114 782; 114 768; 115 767; 115 765; 116 764; 116 758; 117 757; 117 755; 118 754; 118 752; 117 751; 117 750; 116 749
105; 21 765; 20 766; 19 766; 17 768; 17 769; 13 773; 12 773; 10 775; 9 775; 7 777; 7 778; 5 780; 5 781; 4 782; 3 782; 2 783; 0 783; 0 799; 2 799; 7 794; 7 793; 9 791; 10 791; 13 794; 16 794; 17 793; 20 793; 20 788; 21 787; 22 787; 23 786; 24 786; 24 781; 23 780; 21 780; 18 777; 18 776; 19 775; 19 774; 21 772; 22 772; 24 770; 24 766; 23 765
106; 593 781; 592 782; 591 782; 591 783; 590 784; 590 785; 589 786; 589 787; 586 790; 585 790; 584 791; 579 791; 578 792; 577 792; 571 798; 571 799; 570 800; 570 802; 569 803; 569 806; 568 807; 568 810; 571 810; 571 809; 572 808; 572 807; 575 804; 576 804; 580 800; 583 800; 584 801; 586 801; 587 800; 588 800; 590 798; 590 797; 594 793; 595 793; 596 792; 605 792; 609 796; 612 796; 614 794; 614 793; 615 792; 615 790; 613 788; 612 788; 611 787; 608 787; 607 786; 606 786; 605 785; 603 785; 602 784; 600 784; 599 783; 598 783; 596 781
107; 496 767; 495 768; 495 769; 494 770; 494 774; 493 775; 490 775; 489 774; 487 774; 486 773; 482 773; 481 772; 477 772; 476 773; 475 773; 472 776; 471 776; 470 777; 469 777; 468 778; 467 778; 466 779; 465 779; 464 780; 463 780; 462 781; 461 781; 459 783; 458 783; 456 785; 454 785; 453 786; 448 786; 447 787; 444 787; 444 791; 457 804; 457 805; 460 808; 460 809; 461 810; 461 811; 462 812; 462 816; 465 819; 466 819; 467 820; 467 821; 468 822; 468 825; 469 826; 469 828; 470 829; 471 829; 473 831; 475 831; 475 828; 474 827; 474 825; 473 824; 473 823; 472 822; 472 818; 473 817; 473 815; 472 814; 471 814; 470 813; 468 813; 466 811; 466 808; 467 807; 467 803; 466 802; 466 801; 462 797; 462 796; 461 795; 461 794; 463 792; 465 792; 466 791; 467 791; 468 790; 469 790; 472 787; 473 787; 478 782; 479 782; 480 781; 481 781; 482 780; 483 780; 484 779; 485 779; 487 781; 488 781; 489 782; 493 782; 493 781; 494 780; 494 776; 495 775; 498 775; 499 774; 500 774; 502 772; 502 769; 500 767
108; 230 763; 229 764; 229 768; 231 770; 234 770; 236 772; 235 773; 235 774; 229 780; 228 780; 227 781; 225 781; 224 782; 223 782; 219 786; 218 786; 215 789; 214 789; 213 790; 212 790; 211 791; 210 791; 209 792; 208 792; 206 794; 206 796; 209 799; 210 799; 211 800; 212 800; 213 801; 214 801; 216 803; 217 803; 218 804; 218 805; 221 808; 221 809; 222 810; 223 810; 224 811; 226 811; 227 812; 228 812; 234 818; 237 818; 238 819; 239 819; 241 821; 242 821; 245 824; 246 824; 247 825; 250 825; 250 805; 251 804; 251 803; 252 802; 252 798; 250 796; 250 795; 249 794; 249 793; 248 792; 248 781; 249 780; 249 768; 248 767; 245 767; 243 769; 242 769; 241 770; 238 770; 237 769; 237 767; 236 766; 236 765; 235 764; 235 763
109; 309 790; 308 791; 308 805; 307 806; 307 808; 306 809; 306 810; 304 812; 303 812; 302 811; 301 811; 300 810; 296 810; 294 812; 294 814; 293 815; 293 816; 292 817; 292 819; 294 819; 296 817; 299 817; 300 816; 302 816; 303 815; 304 815; 307 818; 307 819; 308 820; 308 836; 306 838; 303 838; 302 839; 301 839; 301 840; 300 841; 300 843; 302 845; 303 845; 304 846; 306 846; 307 845; 310 845; 311 844; 313 844; 314 843; 316 843; 318 845; 318 847; 319 848; 319 849; 320 850; 323 850; 325 848; 325 844; 324 843; 324 840; 327 837; 328 837; 329 836; 337 836; 338 835; 341 835; 342 834; 343 834; 344 833; 349 833; 350 832; 350 830; 348 828; 347 828; 346 827; 345 827; 343 825; 343 824; 335 816; 335 815; 334 814; 334 813; 333 812; 333 811; 332 810; 332 809; 331 808; 330 808; 329 807; 329 806; 328 805; 328 804; 327 803; 327 802; 325 800; 320 800; 314 794; 314 793; 311 790
110; 622 802; 622 807; 621 808; 621 813; 620 814; 620 816; 619 817; 619 818; 618 819; 618 821; 617 822; 617 823; 616 824; 616 825; 615 826; 615 827; 614 828; 614 829; 613 830; 613 831; 612 832; 612 834; 611 835; 611 845; 610 846; 610 848; 609 849; 609 850; 608 851; 608 853; 607 854; 607 858; 613 858; 615 856; 617 856; 618 855; 620 855; 621 854; 631 854; 632 853; 639 853; 640 852; 642 852; 643 853; 647 853; 648 852; 649 853; 654 853; 655 852; 656 852; 656 850; 655 849; 655 848; 652 845; 652 844; 647 839; 647 838; 646 837; 646 835; 645 834; 645 831; 644 830; 644 829; 641 826; 640 826; 638 824; 638 823; 637 822; 637 820; 636 819; 636 818; 634 816; 634 809; 630 809; 628 807; 628 806; 627 805; 627 804; 626 803; 626 802
111; 524 839; 512 828; 513 818; 506 814; 506 802; 500 802; 500 806; 503 810; 501 813; 497 813; 490 808; 486 808; 484 813; 489 818; 489 852; 485 861; 485 866; 496 864; 513 857; 516 857
112; 856 823; 851 828; 850 828; 849 829; 843 829; 842 830; 820 830; 819 831; 814 831; 813 832; 812 832; 812 836; 818 842; 818 843; 819 844; 819 845; 823 849; 823 850; 826 853; 826 854; 828 856; 828 857; 831 860; 831 861; 836 866; 836 867; 839 870; 839 871; 841 873; 841 874; 842 875; 842 876; 843 877; 843 878; 844 879; 844 880; 847 880; 847 879; 848 878; 848 876; 849 875; 849 870; 850 869; 850 868; 851 867; 851 865; 852 864; 852 863; 857 858; 857 855; 855 853; 855 852; 854 851; 854 850; 855 849; 855 846; 856 845; 856 842; 857 841; 857 838; 858 837; 858 834; 859 833; 859 831; 860 830; 860 829; 861 828; 861 824; 860 823
113; 34 831; 37 865; 33 871; 26 875; 27 878; 31 878; 66 856; 75 854; 78 849; 55 827; 48 825; 37 815; 34 815; 33 819; 30 820
114; 30 820; 26 815; 23 799; 20 794; 13 795; 12 798; 15 810; 8 812; 0 809; 0 820; 34 831
115; 187 820; 187 821; 186 822; 186 827; 185 828; 185 829; 184 830; 183 830; 182 831; 180 831; 179 832; 178 832; 177 833; 176 833; 175 834; 173 834; 172 835; 171 835; 170 836; 168 836; 167 837; 165 837; 164 838; 158 838; 157 839; 155 839; 155 842; 164 851; 164 852; 165 853; 165 855; 164 856; 164 857; 163 858; 163 859; 162 860; 162 863; 165 863; 168 860; 169 860; 173 864; 174 864; 175 865; 176 865; 183 872; 183 873; 189 879; 189 880; 192 883; 195 883; 196 882; 196 878; 195 877; 195 866; 196 865; 196 862; 197 861; 197 845; 198 844; 198 837; 199 836; 199 834; 200 833; 200 832; 201 831; 201 830; 202 829; 202 826; 198 826; 197 827; 192 827; 190 825; 190 824; 189 823; 189 820
116; 265 831; 264 832; 263 832; 262 833; 261 833; 260 834; 257 834; 256 835; 252 835; 251 836; 247 836; 246 837; 243 837; 242 838; 240 838; 239 839; 237 839; 236 840; 232 840; 231 841; 224 841; 222 843; 222 846; 225 849; 226 849; 228 851; 229 851; 231 853; 231 854; 234 857; 234 858; 236 860; 236 861; 237 862; 237 864; 238 865; 238 866; 239 866; 240 867; 241 867; 242 868; 243 868; 244 869; 244 870; 247 873; 247 874; 249 876; 249 885; 254 885; 256 887; 256 889; 254 891; 254 893; 255 894; 257 894; 257 893; 258 892; 258 889; 261 886; 261 881; 262 880; 262 878; 263 877; 263 865; 264 864; 264 859; 265 858; 265 854; 266 853; 266 849; 267 848; 267 842; 268 841; 268 837; 269 836; 269 833; 267 831
117; 1011 816; 1010 817; 1010 825; 1006 829; 1003 829; 1003 831; 1005 833; 1005 846; 1004 847; 1004 848; 1003 849; 1003 851; 1002 852; 1002 853; 1001 854; 1001 857; 1000 858; 1000 860; 997 863; 996 863; 995 864; 995 867; 996 868; 1000 868; 1001 867; 1013 867; 1014 868; 1016 868; 1017 869; 1019 869; 1022 866; 1023 866; 1023 857; 1017 857; 1013 853; 1013 852; 1012 851; 1013 850; 1013 848; 1014 847; 1014 842; 1013 841; 1013 835; 1015 833; 1018 833; 1021 836; 1023 836; 1023 827; 1019 823; 1019 821; 1017 819; 1017 818; 1015 816
118; 84 848; 81 851; 80 851; 79 850; 79 851; 75 855; 76 856; 76 857; 75 858; 75 859; 70 864; 69 864; 65 868; 64 868; 58 874; 58 875; 56 877; 55 877; 55 878; 51 882; 50 881; 49 881; 47 879; 45 879; 44 880; 44 884; 45 885; 47 885; 48 884; 50 884; 51 885; 52 885; 54 887; 60 887; 61 886; 62 886; 63 885; 64 885; 68 889; 71 889; 72 890; 74 890; 75 891; 76 891; 77 892; 78 892; 81 895; 82 895; 84 897; 85 897; 86 898; 87 898; 88 899; 90 899; 91 900; 92 900; 93 901; 94 901; 97 904; 97 906; 98 907; 98 908; 100 908; 101 907; 103 907; 103 906; 102 905; 102 904; 103 903; 104 903; 104 892; 103 892; 97 886; 97 885; 99 883; 101 883; 103 881; 103 879; 101 877; 101 876; 95 876; 93 874; 93 872; 92 871; 92 869; 91 868; 91 866; 90 865; 90 863; 89 862; 89 861; 88 860; 88 853; 87 852; 87 849; 86 848
119; 581 840; 579 842; 579 845; 580 846; 580 847; 582 849; 582 856; 583 857; 583 858; 585 860; 585 861; 586 862; 586 872; 587 873; 587 879; 588 880; 588 884; 590 886; 590 887; 591 888; 591 889; 592 890; 592 893; 593 894; 593 901; 594 902; 594 903; 595 904; 595 907; 598 907; 599 906; 599 905; 611 893; 611 892; 621 882; 622 882; 624 880; 626 880; 627 879; 628 879; 629 878; 630 878; 632 876; 632 873; 630 873; 629 872; 626 872; 625 871; 624 871; 623 870; 622 870; 621 869; 620 869; 618 867; 617 867; 615 865; 614 865; 611 862; 611 859; 602 859; 601 858; 599 858; 598 857; 597 857; 596 856; 594 856; 593 855; 592 855; 591 854; 590 854; 585 849; 585 841; 584 841; 583 840
120; 137 877; 136 878; 135 878; 134 879; 131 879; 130 880; 129 880; 126 883; 125 883; 124 884; 119 884; 117 886; 116 886; 115 887; 113 887; 108 892; 105 892; 105 903; 106 903; 107 904; 108 904; 117 913; 118 913; 125 920; 126 920; 133 927; 134 927; 138 931; 138 932; 139 933; 141 933; 142 932; 142 926; 143 925; 143 921; 142 920; 142 916; 143 915; 143 909; 142 908; 142 903; 141 902; 142 901; 142 892; 141 891; 141 877
121; 654 875; 653 876; 653 877; 649 881; 648 881; 647 882; 646 882; 645 883; 644 883; 643 884; 641 884; 640 885; 635 885; 632 888; 632 889; 629 892; 628 892; 627 893; 625 893; 624 894; 623 894; 622 895; 621 895; 619 897; 617 897; 616 898; 615 898; 614 899; 614 901; 617 904; 618 904; 620 906; 621 906; 623 908; 625 908; 626 909; 627 909; 629 911; 630 911; 631 912; 632 912; 634 914; 635 914; 638 917; 639 917; 643 921; 644 921; 645 922; 646 922; 648 924; 649 924; 651 926; 652 926; 654 928; 655 928; 657 930; 658 930; 659 931; 660 931; 661 932; 663 932; 664 931; 664 929; 663 928; 663 927; 662 926; 662 924; 661 923; 661 921; 662 920; 662 919; 663 918; 663 913; 662 912; 661 912; 660 911; 660 910; 659 909; 659 907; 658 906; 658 900; 657 899; 657 888; 658 887; 658 886; 659 885; 659 883; 660 882; 660 880; 659 879; 659 877; 657 875
122; 543 869; 543 870; 542 871; 542 872; 538 876; 538 882; 535 885; 529 885; 528 886; 528 888; 527 889; 527 890; 525 892; 524 892; 521 895; 521 897; 520 898; 520 900; 518 902; 518 903; 516 905; 509 905; 508 906; 508 909; 510 911; 510 914; 509 915; 509 919; 512 919; 513 918; 513 916; 514 915; 514 914; 515 913; 520 913; 521 914; 522 914; 523 915; 525 915; 526 916; 527 916; 529 918; 530 918; 534 922; 540 922; 541 923; 543 923; 544 924; 545 924; 547 926; 548 926; 550 928; 550 929; 551 930; 552 930; 553 931; 556 931; 557 932; 561 932; 562 931; 562 929; 561 928; 561 921; 560 920; 560 919; 557 916; 557 914; 556 913; 556 911; 555 910; 555 909; 554 908; 554 906; 553 905; 553 904; 554 903; 554 899; 551 896; 551 895; 550 894; 550 893; 549 892; 549 890; 548 889; 548 887; 547 886; 547 883; 546 882; 546 869
123; 362 883; 358 887; 357 887; 356 888; 354 888; 353 889; 345 889; 344 888; 342 888; 341 887; 338 887; 337 888; 336 888; 334 890; 333 890; 332 891; 324 891; 323 890; 319 890; 319 894; 322 897; 322 898; 323 899; 323 900; 326 903; 326 904; 328 906; 328 907; 330 909; 331 909; 332 910; 332 911; 333 911; 334 912; 334 913; 335 913; 345 923; 345 924; 349 928; 349 929; 351 931; 351 932; 353 934; 353 935; 354 936; 357 936; 357 935; 358 934; 358 933; 359 932; 359 930; 361 928; 361 927; 362 926; 362 907; 363 906; 363 903; 364 902; 364 899; 365 898; 365 894; 366 893; 366 892; 367 891; 367 890; 368 889; 368 886; 367 885; 367 884; 366 884; 365 883
124; 41 897; 41 902; 42 903; 42 904; 43 905; 43 906; 44 907; 44 908; 47 911; 47 912; 48 913; 48 914; 49 915; 49 916; 50 917; 50 920; 49 921; 49 923; 52 926; 52 927; 53 928; 53 933; 54 934; 56 934; 57 935; 58 935; 62 939; 62 940; 63 941; 63 949; 64 950; 65 950; 68 953; 69 953; 70 952; 71 952; 71 951; 70 950; 70 946; 71 945; 71 943; 72 942; 72 940; 74 938; 74 937; 79 932; 79 931; 80 930; 80 928; 81 927; 81 926; 82 925; 82 924; 83 923; 83 922; 84 921; 84 920; 85 919; 85 918; 86 917; 86 916; 87 915; 87 914; 89 912; 89 911; 90 910; 90 908; 89 907; 88 907; 87 906; 75 906; 74 905; 71 905; 70 904; 68 904; 67 903; 66 903; 65 902; 64 902; 63 901; 59 901; 58 900; 54 900; 53 899; 49 899; 48 898; 45 898; 44 897
125; 612 907; 610 909; 609 909; 608 910; 607 910; 606 911; 603 911; 602 912; 601 912; 600 911; 599 911; 598 910; 598 909; 597 908; 595 908; 595 909; 593 911; 592 911; 591 912; 590 911; 589 911; 587 909; 584 909; 584 912; 585 913; 585 914; 586 915; 586 916; 583 919; 580 919; 579 920; 576 920; 575 921; 574 921; 572 923; 572 925; 575 928; 576 928; 579 931; 579 932; 581 934; 581 936; 584 936; 585 937; 586 937; 595 946; 596 946; 597 947; 598 947; 601 950; 602 950; 603 951; 603 952; 607 956; 607 957; 609 959; 609 960; 611 962; 612 962; 613 961; 614 961; 614 946; 615 945; 615 941; 616 940; 616 937; 618 935; 618 930; 617 929; 617 927; 616 926; 616 924; 615 923; 615 916; 614 915; 615 914; 615 908; 614 907
126; 672 893; 672 900; 671 901; 671 904; 670 905; 670 908; 669 909; 669 911; 670 912; 670 918; 669 919; 669 925; 670 926; 670 944; 669 945; 669 948; 670 949; 673 949; 674 948; 675 948; 676 947; 677 947; 678 946; 679 946; 680 945; 682 945; 683 944; 691 944; 692 945; 694 945; 698 941; 700 941; 701 940; 702 940; 703 939; 709 939; 710 938; 715 938; 715 935; 714 934; 714 933; 713 933; 712 932; 711 932; 709 930; 708 930; 707 929; 707 928; 705 926; 704 926; 699 921; 699 920; 698 919; 698 918; 697 917; 697 916; 696 916; 695 915; 691 915; 689 913; 688 913; 685 910; 685 909; 682 906; 682 905; 678 901; 678 900; 676 898; 676 896; 675 895; 675 893
127; 101 908; 100 909; 98 909; 98 911; 97 912; 97 913; 96 914; 96 915; 93 918; 92 918; 90 920; 90 928; 89 929; 89 931; 88 932; 88 933; 87 934; 87 936; 86 937; 86 939; 85 940; 85 942; 84 943; 84 944; 83 945; 83 946; 79 950; 79 953; 82 953; 83 952; 86 952; 87 953; 91 953; 92 954; 96 954; 97 955; 107 955; 108 956; 112 956; 113 957; 115 957; 116 958; 122 958; 123 959; 128 959; 128 955; 126 953; 126 952; 122 948; 122 947; 121 946; 121 944; 120 943; 120 942; 121 941; 121 935; 119 933; 118 933; 117 932; 116 932; 113 929; 113 928; 112 927; 112 926; 109 923; 109 922; 108 921; 108 920; 106 918; 106 917; 105 916; 105 915; 104 914; 104 911; 103 910; 103 908
128; 915 916; 915 919; 918 922; 918 923; 919 924; 919 926; 920 927; 920 928; 922 930; 922 931; 923 932; 923 933; 924 934; 924 935; 925 936; 925 937; 926 938; 926 939; 927 940; 927 941; 928 942; 928 943; 930 945; 930 947; 931 948; 931 951; 932 952; 932 953; 933 954; 934 954; 937 957; 937 958; 938 959; 938 960; 939 961; 939 962; 940 963; 940 964; 939 965; 939 970; 940 971; 944 971; 946 969; 946 968; 947 967; 947 965; 948 964; 948 963; 949 962; 949 961; 950 960; 950 959; 951 958; 951 957; 952 956; 952 955; 953 954; 953 953; 954 952; 954 950; 957 947; 957 946; 958 945; 958 943; 959 942; 959 938; 963 934; 964 934; 965 933; 965 928; 963 928; 962 927; 951 927; 950 926; 946 926; 945 925; 944 925; 943 924; 942 924; 941 923; 936 923; 935 922; 932 922; 931 921; 927 921; 926 920; 925 920; 924 919; 922 919; 920 917; 919 917; 918 916
129; 35 927; 34 928; 33 928; 31 930; 30 930; 28 932; 24 932; 23 933; 22 933; 21 934; 20 934; 19 935; 17 935; 15 937; 15 938; 14 939; 13 939; 12 940; 11 940; 10 941; 9 941; 8 942; 6 942; 5 943; 0 943; 0 952; 1 952; 2 953; 3 953; 4 954; 4 955; 6 957; 7 957; 14 964; 16 964; 17 965; 19 965; 20 966; 21 966; 23 968; 24 968; 25 969; 26 969; 29 972; 30 972; 34 976; 34 977; 36 979; 36 980; 39 983; 41 983; 43 981; 43 978; 42 977; 42 971; 41 970; 41 965; 40 964; 40 963; 41 962; 41 960; 42 959; 42 956; 41 955; 41 954; 40 953; 40 952; 39 951; 39 943; 38 942; 38 937; 39 936; 39 934; 40 933; 40 929; 38 927
130; 338 929; 337 930; 337 931; 332 936; 331 936; 329 938; 328 938; 327 939; 325 939; 324 940; 322 940; 320 942; 320 943; 312 951; 311 951; 310 952; 308 952; 307 953; 306 953; 305 954; 304 954; 304 958; 305 958; 306 959; 308 959; 309 960; 310 960; 320 970; 321 970; 322 971; 326 971; 327 972; 328 972; 329 973; 330 973; 331 974; 332 974; 334 976; 335 976; 336 977; 337 977; 339 979; 340 979; 343 982; 344 982; 348 986; 351 986; 351 985; 352 984; 352 982; 351 981; 351 979; 350 978; 350 977; 349 976; 349 964; 348 963; 348 961; 347 960; 347 958; 346 957; 346 955; 345 954; 345 950; 344 949; 344 946; 343 945; 343 942; 342 941; 342 930; 341 929
131; 579 937; 578 938; 577 938; 576 939; 573 939; 572 940; 569 940; 568 941; 554 941; 553 942; 551 942; 550 943; 547 943; 546 944; 545 944; 544 945; 536 945; 535 946; 534 946; 534 947; 533 948; 533 950; 534 951; 534 952; 538 952; 539 953; 540 953; 549 962; 549 963; 550 964; 550 966; 551 967; 551 968; 552 969; 553 969; 558 974; 559 974; 567 982; 567 983; 569 985; 569 986; 571 988; 571 989; 575 989; 575 988; 576 987; 576 974; 577 973; 577 965; 578 964; 578 961; 579 960; 579 956; 580 955; 580 954; 581 953; 581 948; 580 947; 580 945; 581 944; 581 937
132; 997 939; 993 943; 992 943; 991 944; 990 944; 989 945; 988 945; 987 946; 985 946; 984 947; 983 947; 982 948; 980 948; 978 950; 977 950; 976 951; 975 951; 974 952; 972 952; 971 953; 965 953; 964 954; 962 954; 961 955; 961 957; 963 959; 964 959; 978 973; 978 974; 981 977; 982 977; 986 981; 986 986; 989 986; 990 985; 993 985; 996 988; 996 989; 998 991; 998 992; 999 993; 1001 993; 1003 995; 1005 995; 1005 993; 1003 991; 1003 984; 1002 983; 1002 982; 1003 981; 1003 975; 1004 974; 1004 972; 1005 971; 1005 968; 1004 967; 1004 965; 1003 964; 1003 961; 1002 960; 1002 958; 1001 957; 1002 956; 1002 954; 1003 953; 1003 950; 1002 949; 1002 948; 1001 947; 1001 939
133; 716 938; 716 940; 713 943; 712 943; 711 944; 709 944; 707 946; 706 946; 705 947; 703 947; 702 948; 695 948; 691 952; 690 952; 689 953; 683 953; 682 954; 682 957; 683 957; 690 964; 690 965; 693 968; 694 968; 702 976; 703 976; 714 987; 714 988; 715 989; 715 990; 716 991; 716 992; 718 994; 719 994; 720 995; 721 995; 724 998; 726 998; 727 997; 727 995; 726 994; 726 993; 725 992; 725 990; 724 989; 724 979; 725 978; 725 977; 726 976; 726 974; 728 972; 729 972; 730 971; 731 971; 732 970; 732 967; 730 965; 728 965; 727 964; 726 964; 724 962; 724 948; 725 947; 725 942; 721 938
134; 774 933; 773 934; 773 935; 772 936; 772 948; 771 949; 771 965; 772 966; 772 972; 773 973; 773 984; 772 985; 772 987; 771 988; 771 991; 772 992; 773 992; 774 993; 776 993; 777 992; 778 992; 778 991; 781 988; 782 988; 783 987; 785 987; 786 986; 789 986; 793 990; 798 990; 798 988; 797 987; 797 983; 799 981; 800 981; 801 980; 803 980; 804 979; 805 979; 806 978; 807 978; 808 977; 809 977; 810 976; 813 976; 814 975; 815 975; 815 973; 808 966; 807 966; 804 963; 803 963; 797 957; 796 957; 795 956; 794 956; 791 953; 790 953; 786 949; 785 949; 779 943; 779 942; 778 941; 778 938; 779 937; 779 934; 778 933
135; 584 945; 584 948; 585 949; 586 949; 588 951; 588 960; 587 961; 587 975; 588 976; 588 978; 587 979; 587 984; 588 985; 588 989; 587 990; 587 1004; 588 1005; 592 1005; 592 1004; 595 1001; 596 1001; 597 1000; 599 1000; 600 999; 602 999; 603 998; 604 998; 605 997; 607 997; 608 998; 609 998; 611 1000; 613 1000; 613 999; 615 997; 615 996; 616 995; 617 995; 618 994; 619 994; 620 993; 628 993; 629 992; 630 992; 630 987; 618 975; 618 974; 617 973; 617 969; 616 968; 616 965; 614 963; 614 962; 613 962; 612 963; 611 963; 609 965; 607 965; 604 962; 603 962; 594 953; 593 953; 591 951; 591 950; 590 949; 590 948; 589 947; 589 946; 588 945
136; 70 953; 69 954; 68 954; 70 956; 70 960; 71 961; 71 966; 72 967; 72 969; 73 970; 73 976; 74 977; 74 978; 75 979; 75 981; 76 982; 76 983; 77 984; 77 992; 78 993; 78 995; 79 996; 79 999; 80 1000; 80 1006; 75 1011; 75 1014; 76 1015; 76 1016; 77 1017; 79 1017; 80 1016; 80 1015; 84 1011; 85 1011; 87 1009; 87 1008; 99 996; 100 996; 104 992; 105 992; 105 991; 106 990; 107 990; 107 989; 108 988; 109 988; 112 985; 116 985; 117 984; 118 984; 118 980; 117 979; 117 978; 116 977; 115 977; 114 976; 110 976; 109 975; 108 975; 106 973; 105 973; 104 972; 103 972; 102 971; 101 971; 99 969; 98 969; 94 965; 93 965; 92 964; 88 964; 87 963; 86 963; 85 962; 84 962; 82 960; 81 960; 79 958; 79 957; 78 956; 79 955; 79 954; 78 953; 77 953; 76 954; 73 954; 72 953
137; 647 976; 646 977; 646 985; 645 986; 645 988; 644 989; 644 991; 643 992; 643 993; 642 994; 642 995; 640 997; 640 1004; 639 1005; 639 1009; 638 1010; 638 1013; 637 1014; 637 1015; 636 1016; 636 1023; 645 1023; 645 1015; 646 1014; 646 1010; 647 1009; 647 1005; 648 1004; 648 1001; 649 1000; 649 998; 652 995; 653 996; 654 996; 656 998; 656 999; 658 1001; 658 1002; 660 1004; 660 1005; 661 1006; 661 1007; 662 1008; 662 1009; 664 1011; 664 1012; 665 1013; 665 1014; 666 1015; 666 1018; 665 1019; 664 1019; 663 1020; 660 1020; 659 1021; 655 1021; 654 1022; 654 1023; 678 1023; 678 1022; 677 1021; 677 1019; 676 1018; 676 1017; 675 1016; 675 1012; 674 1011; 674 1010; 673 1010; 667 1004; 667 1003; 666 1002; 666 1001; 665 1000; 665 998; 664 997; 664 996; 659 991; 659 990; 657 988; 657 987; 656 986; 655 986; 652 983; 652 982; 651 981; 651 980; 650 979; 650 978; 649 977; 649 976
138; 918 980; 918 984; 916 986; 916 987; 915 988; 914 988; 911 991; 910 991; 906 995; 905 995; 903 997; 902 997; 901 998; 900 998; 899 999; 897 999; 896 1000; 891 1000; 890 1001; 889 1001; 888 1002; 887 1002; 886 1003; 886 1005; 888 1007; 889 1007; 891 1009; 892 1009; 899 1016; 899 1017; 900 1018; 900 1019; 901 1020; 901 1023; 915 1023; 915 1020; 909 1014; 909 1013; 908 1012; 908 1011; 907 1010; 907 1009; 906 1008; 906 1006; 907 1005; 908 1005; 909 1004; 911 1006; 911 1008; 912 1009; 912 1010; 913 1011; 916 1011; 918 1009; 918 1006; 915 1003; 914 1003; 913 1002; 913 1001; 916 998; 919 998; 920 999; 920 1000; 922 1002; 922 1005; 923 1006; 923 1023; 930 1023; 930 1020; 929 1019; 929 1016; 930 1015; 930 1014; 933 1011; 933 1009; 932 1008; 932 1007; 929 1004; 929 1003; 928 1002; 928 1001; 927 1000; 927 996; 926 995; 926 993; 925 992; 925 991; 924 990; 924 988; 925 987; 925 982; 924 981; 923 981; 922 980
139; 425 965; 425 973; 426 974; 426 987; 427 988; 427 998; 428 999; 428 1005; 429 1006; 429 1013; 428 1014; 428 1020; 429 1021; 429 1023; 435 1023; 435 1022; 441 1016; 442 1016; 443 1015; 444 1015; 445 1014; 446 1014; 447 1013; 448 1013; 449 1012; 453 1012; 457 1008; 458 1008; 459 1007; 463 1007; 464 1006; 465 1006; 466 1005; 470 1005; 470 1003; 471 1002; 471 1001; 472 1000; 472 997; 467 992; 467 991; 466 990; 466 989; 461 989; 460 988; 459 988; 454 983; 453 983; 449 979; 448 979; 446 977; 444 977; 443 976; 442 976; 440 974; 439 974; 432 967; 431 967; 430 966; 429 966; 428 965
140; 374 969; 374 973; 375 974; 375 976; 376 977; 376 980; 377 981; 377 983; 378 984; 378 985; 379 986; 379 996; 380 997; 380 998; 381 999; 381 1001; 382 1002; 382 1005; 383 1006; 383 1009; 384 1010; 384 1013; 385 1014; 385 1017; 386 1018; 386 1023; 397 1023; 397 1022; 398 1021; 398 1020; 401 1017; 402 1017; 408 1011; 416 1011; 416 1008; 415 1007; 415 1005; 416 1004; 416 1003; 417 1002; 417 1001; 419 999; 420 999; 422 997; 422 994; 419 991; 417 991; 416 990; 414 990; 413 989; 412 989; 408 985; 407 985; 406 984; 405 984; 404 983; 403 983; 402 982; 400 982; 397 979; 396 979; 395 978; 394 978; 393 977; 391 977; 390 976; 389 976; 388 975; 387 975; 386 974; 385 974; 384 973; 383 973; 382 972; 381 972; 379 970; 378 970; 377 969
141; 19 981; 16 984; 16 988; 15 989; 15 995; 14 996; 14 999; 13 1000; 13 1001; 12 1002; 12 1004; 11 1005; 11 1007; 12 1008; 12 1010; 11 1011; 11 1012; 10 1013; 10 1014; 8 1016; 8 1019; 7 1020; 7 1023; 18 1023; 18 1021; 20 1019; 21 1019; 22 1020; 27 1020; 27 1019; 28 1018; 28 1017; 30 1015; 31 1015; 32 1016; 32 1017; 34 1019; 34 1023; 43 1023; 43 1022; 42 1021; 42 1016; 41 1015; 41 1013; 40 1012; 40 1011; 39 1010; 39 1007; 38 1006; 37 1006; 32 1001; 32 1000; 31 999; 31 998; 29 996; 29 995; 27 993; 27 992; 26 991; 26 988; 25 987; 25 985; 21 981
