0; 680 11; 680 13; 681 14; 681 17; 680 18; 680 25; 679 26; 678 26; 675 23; 675 22; 673 20; 672 20; 671 19; 670 19; 666 15; 662 15; 661 16; 661 17; 660 18; 660 20; 659 21; 659 22; 658 23; 658 24; 657 25; 657 27; 656 28; 656 35; 655 36; 655 39; 653 41; 653 43; 652 44; 652 46; 651 47; 653 49; 653 52; 654 53; 654 59; 655 58; 656 58; 657 57; 658 57; 659 56; 661 56; 662 55; 666 55; 667 56; 670 56; 671 55; 672 55; 673 54; 674 54; 676 52; 678 52; 679 51; 687 51; 688 50; 690 50; 691 49; 698 49; 699 48; 700 48; 701 47; 701 44; 700 43; 699 43; 698 42; 697 42; 692 37; 692 36; 690 34; 690 33; 688 31; 688 30; 687 29; 688 28; 688 27; 689 26; 689 23; 687 21; 687 19; 686 18; 686 17; 683 14; 683 13; 682 12; 682 11
1; 642 28; 640 30; 639 30; 637 32; 636 32; 632 36; 631 36; 630 37; 629 37; 628 38; 627 38; 626 39; 623 39; 622 40; 621 40; 618 43; 618 44; 615 47; 614 47; 612 49; 611 49; 609 51; 608 51; 607 52; 604 52; 603 53; 602 53; 601 54; 601 57; 602 58; 603 58; 604 59; 608 59; 609 60; 611 60; 612 61; 614 61; 615 62; 617 62; 618 63; 619 63; 621 65; 622 65; 623 66; 624 66; 626 68; 627 68; 628 69; 629 69; 630 70; 632 70; 633 71; 635 71; 636 72; 638 72; 639 73; 641 73; 643 75; 644 75; 645 76; 650 76; 650 72; 649 71; 649 63; 653 59; 653 53; 652 52; 652 49; 651 48; 649 48; 648 47; 648 46; 647 45; 647 40; 646 39; 646 29; 645 28
2; 61 60; 60 61; 59 61; 59 62; 54 67; 52 67; 51 68; 46 68; 44 70; 44 71; 43 72; 42 72; 41 73; 40 73; 39 74; 37 74; 36 75; 35 75; 34 76; 33 76; 33 79; 32 80; 32 81; 26 87; 25 87; 23 89; 23 91; 24 92; 26 92; 27 93; 31 93; 32 94; 33 94; 35 96; 37 96; 38 97; 41 97; 44 100; 44 101; 46 103; 59 103; 60 104; 61 104; 62 105; 63 105; 65 107; 66 107; 67 108; 71 108; 72 107; 72 101; 70 99; 70 97; 69 96; 69 94; 70 93; 70 87; 69 86; 69 76; 68 75; 68 72; 67 71; 67 70; 66 69; 66 61; 65 61; 64 60
3; 806 90; 802 94; 799 94; 798 95; 791 95; 790 96; 786 96; 785 97; 785 99; 788 102; 789 102; 795 108; 795 109; 796 110; 796 112; 805 121; 805 122; 806 123; 806 124; 807 125; 807 126; 810 129; 811 129; 816 134; 821 134; 822 133; 822 129; 823 128; 823 126; 824 125; 824 124; 827 121; 827 120; 828 119; 828 115; 829 114; 829 110; 830 109; 830 106; 831 105; 831 103; 832 102; 832 100; 835 97; 835 96; 837 94; 837 91; 836 91; 835 90; 825 90; 824 91; 823 91; 822 92; 819 92; 818 93; 814 93; 813 92; 811 92; 809 90
4; 575 83; 573 85; 572 85; 572 86; 568 90; 567 90; 565 92; 564 92; 563 93; 562 93; 560 95; 559 95; 554 100; 553 100; 550 103; 549 103; 548 104; 547 104; 546 105; 545 105; 543 107; 543 108; 542 109; 541 109; 540 110; 539 110; 537 112; 537 114; 539 116; 545 116; 546 117; 549 117; 550 118; 552 118; 553 119; 554 119; 559 124; 562 124; 563 125; 569 125; 570 126; 574 126; 575 127; 576 127; 579 130; 580 130; 581 131; 585 131; 586 130; 586 125; 585 124; 585 121; 584 120; 584 112; 583 111; 583 104; 582 103; 582 101; 581 100; 581 95; 580 94; 580 92; 579 91; 579 85; 577 83
5; 247 108; 246 109; 245 109; 241 113; 240 113; 239 114; 236 114; 235 115; 233 115; 232 116; 231 116; 229 118; 227 118; 226 119; 225 119; 223 121; 222 121; 219 124; 218 124; 216 126; 214 126; 213 127; 211 127; 210 128; 209 128; 207 130; 206 130; 205 131; 205 134; 206 135; 208 135; 209 136; 210 136; 211 137; 212 137; 213 138; 214 138; 215 139; 216 139; 218 141; 219 141; 221 143; 222 143; 223 144; 224 144; 225 145; 227 145; 228 146; 229 146; 230 147; 231 147; 232 148; 233 148; 234 149; 235 149; 236 150; 237 150; 239 152; 240 152; 243 155; 244 155; 246 157; 249 157; 250 156; 250 140; 251 139; 251 129; 250 128; 250 114; 251 113; 251 109; 250 108
6; 606 139; 605 140; 590 140; 589 141; 569 141; 568 140; 566 140; 565 141; 562 141; 561 142; 561 145; 566 150; 566 151; 570 155; 570 156; 571 157; 571 158; 572 159; 572 164; 578 170; 592 170; 593 169; 597 169; 602 164; 602 163; 603 162; 603 161; 604 160; 604 158; 605 157; 605 156; 606 155; 606 154; 608 152; 608 151; 609 150; 609 149; 615 143; 615 141; 613 139
7; 633 134; 632 135; 631 135; 630 136; 630 137; 627 140; 627 141; 614 154; 614 155; 609 160; 611 162; 611 170; 619 178; 620 178; 621 177; 622 177; 623 176; 638 176; 639 177; 645 177; 646 178; 647 178; 648 179; 653 179; 654 178; 654 175; 653 174; 653 173; 652 172; 652 171; 651 170; 651 169; 650 168; 650 166; 649 165; 649 164; 646 161; 646 160; 645 159; 645 156; 646 155; 646 153; 645 152; 645 151; 644 151; 643 150; 643 149; 641 147; 641 146; 640 145; 640 144; 639 143; 639 142; 638 141; 638 135; 637 134
8; 804 175; 803 176; 803 181; 804 182; 804 184; 805 185; 805 186; 806 187; 806 190; 807 191; 806 192; 806 194; 805 195; 805 201; 806 202; 806 210; 807 211; 807 213; 808 214; 808 216; 809 217; 809 221; 813 221; 814 220; 815 220; 820 215; 821 215; 822 214; 824 214; 825 213; 826 213; 827 212; 828 212; 833 207; 834 207; 835 206; 836 206; 838 204; 839 204; 839 203; 840 202; 841 202; 845 198; 846 198; 847 197; 848 197; 849 196; 850 196; 851 195; 851 192; 850 191; 849 191; 848 190; 847 190; 846 189; 845 189; 844 188; 843 188; 841 186; 838 186; 837 185; 834 185; 833 184; 830 184; 829 183; 827 183; 826 182; 824 182; 823 181; 821 181; 820 180; 818 180; 817 179; 816 179; 815 178; 813 178; 812 177; 811 177; 809 175
9; 608 161; 604 165; 602 165; 597 170; 593 170; 592 171; 579 171; 582 174; 582 175; 583 176; 583 177; 584 178; 584 179; 585 180; 585 181; 587 183; 587 185; 584 188; 583 188; 582 189; 581 189; 580 190; 578 190; 577 191; 574 191; 573 192; 569 192; 568 193; 567 193; 567 196; 568 196; 570 198; 572 198; 573 199; 574 199; 578 203; 578 204; 579 205; 579 206; 581 208; 583 208; 584 209; 585 209; 586 210; 587 210; 589 212; 590 212; 594 216; 595 216; 597 218; 598 218; 601 221; 602 221; 604 223; 607 223; 609 221; 609 211; 610 210; 610 209; 611 208; 611 206; 612 205; 612 204; 613 203; 613 202; 614 201; 614 198; 613 197; 613 194; 614 193; 614 191; 615 190; 615 187; 616 186; 616 185; 617 184; 617 183; 618 182; 618 178; 610 170; 610 162; 609 161
10; 779 193; 777 195; 776 195; 775 196; 775 197; 774 198; 773 198; 768 203; 767 203; 765 205; 764 205; 763 206; 761 206; 758 209; 758 211; 753 216; 752 216; 751 217; 749 217; 748 218; 747 218; 743 222; 743 225; 744 226; 746 226; 747 227; 750 227; 751 228; 753 228; 754 229; 757 229; 758 230; 760 230; 761 231; 763 231; 764 232; 766 232; 767 233; 770 233; 771 234; 774 234; 775 235; 777 235; 778 236; 780 236; 781 237; 782 237; 783 238; 784 238; 785 239; 786 239; 788 241; 789 241; 790 242; 793 242; 793 236; 792 235; 792 234; 791 233; 791 232; 790 231; 790 230; 789 229; 789 225; 790 224; 790 221; 789 220; 789 212; 788 211; 788 210; 787 209; 787 208; 786 207; 786 205; 785 204; 785 201; 784 200; 784 195; 782 193
11; 241 195; 239 197; 239 201; 238 202; 238 204; 237 205; 237 209; 236 210; 236 211; 235 212; 235 214; 234 215; 234 216; 233 217; 233 227; 232 228; 232 230; 231 231; 231 233; 230 234; 230 235; 229 236; 229 237; 228 238; 228 241; 229 242; 230 242; 231 243; 233 243; 234 242; 236 242; 237 241; 238 241; 239 240; 241 240; 242 239; 245 239; 246 238; 249 238; 250 237; 253 237; 254 236; 255 236; 256 235; 259 235; 260 234; 262 234; 263 233; 265 233; 266 232; 269 232; 270 231; 277 231; 278 230; 278 227; 277 226; 276 226; 274 224; 273 224; 271 222; 271 221; 270 220; 270 217; 269 216; 269 214; 268 214; 267 213; 266 213; 265 212; 264 212; 263 211; 262 211; 257 206; 256 206; 249 199; 249 198; 246 195
12; 562 204; 560 206; 560 216; 559 217; 559 218; 556 221; 556 222; 555 223; 555 226; 556 227; 556 228; 557 229; 557 237; 556 238; 556 240; 555 241; 555 242; 554 243; 554 244; 553 245; 553 249; 554 250; 560 250; 561 249; 562 249; 563 248; 565 248; 566 247; 567 247; 568 246; 570 246; 571 245; 572 245; 573 244; 575 244; 576 243; 577 243; 578 242; 581 242; 582 243; 585 243; 586 242; 587 242; 590 239; 591 239; 592 238; 595 238; 596 237; 601 237; 602 236; 602 233; 600 231; 599 231; 598 230; 597 230; 595 228; 594 228; 591 225; 591 224; 590 224; 583 217; 582 217; 579 214; 578 214; 575 211; 574 211; 571 208; 570 208; 567 205; 566 205; 565 204
13; 651 254; 650 255; 648 255; 647 256; 641 256; 640 257; 638 257; 637 256; 633 256; 632 257; 628 257; 627 258; 618 258; 617 259; 612 259; 611 260; 609 260; 608 261; 607 261; 606 262; 605 262; 604 263; 604 265; 606 267; 607 267; 609 269; 609 270; 611 272; 611 273; 612 274; 612 275; 616 279; 616 285; 617 286; 618 286; 619 287; 621 287; 625 291; 625 292; 626 293; 626 294; 632 300; 636 300; 637 299; 637 298; 640 295; 640 294; 641 293; 641 287; 646 282; 646 281; 647 280; 647 275; 648 274; 648 272; 649 271; 649 269; 652 266; 652 265; 654 263; 654 260; 655 259; 655 255; 654 254
14; 221 253; 220 254; 220 255; 219 256; 219 257; 218 258; 218 259; 211 266; 210 266; 207 269; 207 270; 206 271; 206 272; 205 273; 205 274; 200 279; 200 280; 199 281; 199 282; 193 288; 193 291; 194 292; 196 292; 197 293; 203 293; 204 294; 206 294; 207 295; 208 295; 209 296; 215 296; 216 295; 219 295; 220 296; 234 296; 235 297; 238 297; 239 298; 243 298; 244 297; 244 292; 243 291; 243 290; 242 289; 242 288; 239 285; 239 284; 236 281; 236 271; 234 269; 233 269; 231 267; 231 266; 230 265; 230 264; 229 263; 229 260; 228 259; 228 257; 227 256; 227 254; 226 253
15; 22 392; 14 400; 13 400; 11 402; 10 402; 9 403; 8 403; 6 405; 4 405; 2 407; 0 407; 0 429; 1 430; 3 430; 4 431; 6 431; 7 432; 8 432; 9 433; 10 433; 11 434; 12 434; 13 435; 15 435; 16 436; 21 436; 22 437; 25 437; 26 438; 28 438; 29 439; 31 439; 32 440; 34 440; 35 439; 35 434; 34 433; 34 426; 33 425; 33 421; 32 420; 32 418; 31 417; 31 415; 30 414; 30 407; 29 406; 29 403; 28 402; 28 398; 27 397; 27 393; 26 392
16; 772 433; 771 434; 770 434; 769 435; 769 436; 768 437; 768 439; 767 440; 767 443; 766 444; 766 445; 765 446; 765 447; 763 449; 761 449; 760 450; 759 450; 759 454; 760 455; 760 460; 759 461; 759 465; 758 466; 758 468; 757 469; 757 471; 755 473; 755 474; 754 475; 754 478; 755 479; 762 479; 763 478; 766 478; 767 477; 771 477; 772 476; 788 476; 789 475; 790 475; 791 474; 797 474; 798 473; 803 473; 804 472; 805 472; 806 471; 806 468; 802 464; 802 463; 801 462; 801 461; 795 455; 795 454; 794 453; 794 452; 793 451; 793 450; 790 447; 789 447; 785 443; 784 443; 776 435; 776 434; 775 434; 774 433
17; 735 475; 734 476; 734 492; 733 493; 733 495; 732 496; 732 503; 733 504; 733 511; 732 512; 732 514; 731 515; 731 523; 732 524; 736 524; 737 523; 738 523; 739 522; 740 522; 741 521; 742 521; 743 520; 747 520; 748 519; 753 519; 755 517; 756 517; 756 516; 760 512; 761 512; 763 510; 764 510; 766 508; 767 508; 768 507; 769 507; 770 506; 771 506; 772 505; 775 505; 776 504; 778 504; 779 503; 779 500; 778 500; 777 499; 776 499; 775 498; 773 498; 772 497; 771 497; 770 496; 769 496; 768 495; 767 495; 766 494; 765 494; 762 491; 762 490; 760 488; 760 487; 759 487; 757 485; 754 485; 753 484; 751 484; 750 483; 749 483; 748 482; 747 482; 744 479; 744 478; 742 476; 741 476; 740 475
18; 986 487; 985 488; 984 488; 984 491; 987 494; 987 495; 989 497; 989 501; 990 502; 990 505; 991 506; 991 507; 998 514; 998 515; 999 516; 999 517; 1001 519; 1001 521; 1002 522; 1002 524; 1003 525; 1003 527; 1005 529; 1010 529; 1014 525; 1014 523; 1015 522; 1015 521; 1018 518; 1018 517; 1022 513; 1023 513; 1023 488; 1019 488; 1018 487; 1010 487; 1009 488; 1006 488; 1005 487; 1003 487; 1002 488; 994 488; 993 487
19; 372 487; 370 489; 369 489; 368 490; 367 490; 366 491; 365 491; 364 492; 354 492; 350 496; 349 496; 347 498; 346 498; 344 500; 343 500; 342 501; 339 501; 338 502; 335 502; 334 503; 333 503; 332 504; 332 508; 333 509; 334 509; 338 513; 339 513; 344 518; 345 518; 346 519; 347 519; 348 520; 349 520; 351 522; 351 523; 352 524; 352 525; 353 526; 353 527; 354 527; 355 528; 357 528; 358 529; 360 529; 364 533; 364 534; 365 535; 366 535; 367 536; 372 536; 373 535; 373 524; 374 523; 374 517; 375 516; 375 510; 376 509; 376 501; 377 500; 377 495; 378 494; 378 493; 379 492; 379 488; 378 487
20; 950 505; 949 506; 947 506; 946 507; 940 507; 939 506; 934 506; 933 507; 933 510; 935 512; 935 513; 936 514; 936 515; 937 516; 937 517; 938 518; 938 519; 939 520; 939 521; 942 524; 942 525; 943 526; 943 527; 944 528; 944 529; 946 531; 946 532; 947 533; 947 534; 948 535; 948 538; 949 539; 949 540; 953 544; 953 545; 954 546; 954 548; 955 549; 959 549; 960 548; 960 547; 965 542; 965 541; 966 540; 966 539; 967 538; 967 537; 968 536; 968 535; 971 532; 973 532; 974 531; 975 531; 975 529; 974 528; 974 522; 975 521; 975 520; 977 518; 977 517; 979 515; 979 514; 982 511; 982 507; 974 507; 973 508; 972 508; 971 507; 964 507; 963 506; 957 506; 956 505
21; 461 502; 460 503; 460 505; 455 510; 453 510; 452 511; 451 511; 450 512; 448 512; 447 513; 445 513; 443 515; 443 516; 442 517; 442 518; 441 519; 440 519; 438 521; 437 521; 436 522; 432 522; 431 523; 429 523; 428 524; 428 525; 427 526; 427 530; 428 531; 429 531; 430 532; 433 532; 434 533; 436 533; 437 534; 439 534; 441 536; 442 536; 444 538; 445 538; 446 539; 447 539; 448 540; 449 540; 450 541; 451 541; 453 543; 454 543; 455 544; 456 544; 457 545; 458 545; 461 548; 461 549; 462 549; 465 552; 467 552; 468 551; 469 551; 469 550; 470 549; 470 542; 471 541; 471 538; 472 537; 472 536; 473 535; 473 531; 472 530; 472 529; 471 528; 471 527; 470 526; 470 524; 469 523; 469 522; 470 521; 470 516; 469 515; 469 514; 468 513; 468 511; 467 510; 467 504; 466 503; 466 502
22; 857 532; 855 534; 855 538; 856 539; 856 540; 857 541; 857 544; 858 545; 857 546; 857 548; 856 549; 856 551; 857 552; 857 553; 859 555; 859 556; 860 557; 860 563; 861 564; 861 578; 863 580; 866 580; 867 579; 868 579; 869 578; 870 578; 873 575; 874 575; 878 571; 879 571; 880 570; 888 570; 888 567; 889 566; 889 565; 895 559; 896 559; 898 557; 899 557; 900 556; 902 556; 903 555; 904 555; 906 553; 906 549; 905 549; 904 548; 900 548; 899 547; 896 547; 895 546; 894 546; 893 545; 891 545; 890 544; 889 544; 888 543; 887 543; 885 541; 884 541; 883 540; 882 540; 880 538; 879 538; 878 537; 873 537; 872 536; 870 536; 869 535; 867 535; 866 534; 864 534; 863 533; 860 533; 859 532
23; 161 549; 160 550; 159 550; 158 551; 157 551; 156 552; 151 552; 150 551; 147 551; 146 550; 144 550; 143 551; 142 551; 142 555; 146 559; 146 560; 148 562; 148 563; 149 564; 149 566; 150 567; 150 569; 152 571; 152 572; 153 573; 153 574; 154 575; 154 578; 155 579; 155 580; 156 581; 156 582; 157 583; 157 584; 162 589; 162 590; 163 591; 163 595; 171 595; 171 591; 173 589; 173 588; 178 583; 179 583; 183 579; 183 578; 184 577; 184 573; 186 571; 186 570; 188 568; 188 567; 189 566; 189 564; 190 563; 190 562; 195 557; 195 554; 194 553; 193 553; 192 552; 185 552; 184 551; 173 551; 172 550; 165 550; 164 549
24; 283 594; 281 596; 281 597; 276 602; 275 602; 274 603; 273 603; 270 606; 269 606; 259 616; 258 616; 251 623; 250 623; 249 624; 247 624; 247 626; 248 627; 248 629; 257 629; 258 630; 260 630; 261 631; 262 631; 263 632; 264 632; 266 634; 267 634; 268 635; 272 635; 273 636; 278 636; 279 637; 281 637; 282 638; 284 638; 285 639; 287 639; 289 641; 291 641; 292 642; 295 642; 297 640; 297 638; 296 637; 296 635; 295 634; 295 629; 294 628; 294 624; 293 623; 293 613; 292 612; 292 610; 291 609; 291 608; 290 607; 290 596; 288 594
25; 163 596; 163 599; 157 605; 156 605; 153 608; 152 608; 150 610; 149 610; 133 626; 132 626; 130 628; 130 630; 131 631; 134 631; 135 632; 140 632; 141 633; 143 633; 144 634; 145 634; 146 635; 149 635; 150 636; 152 636; 153 637; 157 637; 158 638; 161 638; 162 639; 164 639; 165 640; 167 640; 168 641; 170 641; 171 642; 172 642; 173 643; 179 643; 179 639; 177 637; 177 635; 176 634; 176 628; 175 627; 175 623; 178 620; 178 618; 177 618; 176 617; 175 617; 173 615; 173 613; 172 612; 172 611; 171 610; 171 604; 172 603; 172 597; 171 596
26; 197 618; 197 622; 198 623; 198 627; 199 628; 199 629; 200 630; 200 631; 201 632; 201 636; 202 637; 202 638; 204 640; 204 643; 205 644; 205 645; 206 646; 206 647; 207 648; 207 649; 208 650; 208 651; 209 652; 209 653; 210 654; 210 663; 212 665; 214 665; 215 664; 216 664; 218 662; 218 661; 220 659; 220 658; 221 657; 221 656; 225 652; 226 652; 228 650; 229 650; 230 649; 231 649; 231 648; 232 647; 232 646; 233 645; 233 644; 237 640; 237 639; 239 637; 239 636; 241 634; 241 633; 243 631; 244 631; 246 629; 247 629; 247 627; 246 626; 246 624; 245 624; 244 625; 236 625; 235 624; 230 624; 229 623; 226 623; 225 622; 223 622; 222 621; 220 621; 219 620; 217 620; 216 619; 207 619; 206 618
27; 503 619; 503 627; 502 628; 502 630; 500 632; 499 632; 490 623; 488 623; 488 627; 489 628; 489 630; 490 631; 490 634; 491 635; 491 638; 490 639; 490 640; 489 641; 489 644; 486 647; 485 647; 482 650; 482 652; 483 653; 484 653; 485 654; 486 654; 487 655; 488 655; 489 656; 490 656; 492 658; 492 660; 502 660; 504 662; 511 662; 512 661; 526 661; 527 660; 528 660; 529 659; 529 656; 528 655; 528 654; 527 654; 523 650; 523 649; 521 647; 521 646; 520 645; 520 640; 517 637; 516 637; 512 633; 512 632; 511 631; 511 630; 510 629; 510 628; 509 627; 509 626; 507 624; 507 622; 506 621; 506 620; 505 619
28; 773 616; 772 617; 772 618; 771 619; 771 621; 770 622; 770 623; 769 624; 769 625; 768 626; 768 628; 767 629; 767 630; 766 631; 766 632; 765 633; 765 634; 764 635; 764 638; 763 639; 763 640; 761 642; 761 643; 759 645; 759 646; 757 648; 757 650; 756 651; 756 655; 755 656; 755 657; 753 659; 753 662; 754 663; 779 663; 780 662; 781 662; 782 661; 783 661; 784 660; 786 660; 787 659; 802 659; 803 658; 804 658; 805 657; 805 654; 799 648; 799 647; 796 644; 796 643; 795 642; 795 641; 789 635; 789 631; 788 630; 788 629; 786 627; 785 627; 783 625; 783 623; 782 622; 782 621; 778 617; 777 617; 776 616
29; 492 661; 492 663; 491 664; 491 671; 490 672; 490 675; 489 676; 489 679; 488 680; 488 683; 487 684; 487 686; 486 687; 486 688; 485 689; 485 690; 484 691; 484 698; 483 699; 483 700; 482 701; 482 702; 481 703; 481 707; 482 708; 489 708; 490 707; 498 707; 499 706; 501 706; 502 705; 503 705; 504 704; 505 704; 506 703; 507 703; 508 702; 510 702; 511 701; 516 701; 517 700; 520 700; 521 699; 523 699; 524 698; 528 698; 529 697; 533 697; 534 696; 534 695; 533 694; 533 693; 532 693; 530 691; 529 691; 527 689; 526 689; 520 683; 520 682; 519 681; 519 680; 515 676; 514 676; 509 671; 508 671; 506 669; 505 669; 502 666; 501 666; 499 664; 499 663; 498 662; 498 661
30; 544 672; 543 673; 543 677; 542 678; 542 682; 541 683; 541 686; 540 687; 540 690; 539 691; 539 692; 538 693; 538 694; 536 696; 535 696; 534 697; 534 698; 535 699; 535 703; 536 704; 536 709; 535 710; 535 712; 534 713; 534 714; 532 716; 532 719; 533 720; 540 720; 541 719; 543 719; 544 718; 546 718; 547 717; 548 717; 549 716; 551 716; 552 715; 555 715; 556 714; 561 714; 562 713; 565 713; 566 712; 570 712; 571 711; 574 711; 575 710; 576 710; 577 709; 580 709; 581 708; 582 708; 583 707; 583 704; 574 695; 573 695; 567 689; 567 688; 566 687; 566 686; 565 686; 564 685; 563 685; 561 683; 560 683; 556 679; 555 679; 548 672
31; 285 697; 285 698; 284 699; 284 701; 285 702; 285 711; 286 712; 286 713; 287 714; 287 717; 288 718; 288 720; 289 721; 289 723; 290 724; 290 726; 291 727; 291 729; 292 730; 292 732; 293 733; 293 735; 294 736; 294 745; 295 746; 299 746; 301 744; 302 744; 309 737; 310 737; 311 736; 312 736; 315 733; 315 732; 316 731; 316 730; 327 719; 328 719; 329 718; 330 718; 332 716; 333 716; 335 714; 335 712; 334 711; 333 711; 332 710; 329 710; 328 709; 326 709; 325 708; 323 708; 322 707; 321 707; 320 706; 318 706; 317 705; 314 705; 313 704; 312 704; 307 699; 305 699; 304 700; 302 700; 301 701; 298 701; 297 700; 294 700; 293 699; 291 699; 290 698; 289 698; 288 697
32; 178 727; 176 729; 175 729; 174 730; 172 730; 171 731; 170 731; 169 732; 167 732; 165 734; 163 734; 162 735; 161 735; 160 736; 159 736; 158 737; 157 737; 156 738; 154 738; 152 740; 151 740; 147 744; 146 744; 143 747; 142 747; 141 748; 139 748; 137 750; 137 752; 139 754; 141 754; 142 755; 144 755; 145 756; 146 756; 147 757; 148 757; 151 760; 152 760; 154 762; 156 762; 157 763; 158 763; 159 764; 160 764; 163 767; 164 767; 166 769; 167 769; 169 771; 170 771; 171 772; 172 772; 177 777; 178 777; 179 778; 181 778; 182 777; 183 777; 183 765; 182 764; 182 763; 183 762; 183 760; 184 759; 184 755; 185 754; 185 745; 184 744; 184 742; 183 741; 183 735; 185 733; 185 728; 184 727
33; 1021 795; 1017 799; 1016 799; 1012 803; 1011 803; 1006 808; 1006 809; 1003 812; 1001 812; 1000 813; 999 813; 997 815; 997 818; 999 820; 1001 820; 1002 821; 1008 821; 1009 822; 1010 822; 1011 823; 1012 823; 1014 825; 1015 825; 1016 826; 1017 826; 1018 827; 1023 827; 1023 817; 1021 817; 1020 816; 1019 816; 1016 813; 1017 812; 1017 811; 1020 808; 1021 808; 1022 807; 1023 807; 1023 795
34; 266 818; 263 821; 257 821; 257 823; 262 823; 263 824; 264 824; 265 825; 265 826; 266 826; 267 827; 267 828; 266 829; 266 830; 264 832; 264 836; 266 838; 272 838; 273 837; 275 837; 277 839; 277 846; 283 852; 285 852; 286 851; 287 851; 287 849; 286 848; 286 845; 287 844; 293 844; 293 842; 291 840; 289 840; 288 839; 287 839; 285 837; 285 834; 284 834; 283 833; 278 833; 277 832; 283 826; 284 826; 285 825; 285 822; 284 821; 284 820; 283 819; 281 819; 281 820; 276 825; 275 825; 274 826; 272 826; 271 827; 268 827; 267 826; 267 824; 268 823; 268 822; 270 820; 270 818
35; 84 828; 83 829; 82 829; 81 830; 80 830; 79 831; 78 831; 77 832; 76 832; 75 833; 74 833; 72 835; 70 835; 69 836; 59 836; 58 837; 58 838; 54 842; 53 842; 52 843; 51 843; 50 844; 49 844; 48 845; 47 845; 46 846; 45 846; 44 847; 41 847; 40 848; 39 848; 39 851; 40 852; 41 852; 42 853; 43 853; 44 854; 46 854; 47 855; 48 855; 50 857; 51 857; 52 858; 53 858; 63 868; 64 868; 65 869; 66 869; 69 872; 70 872; 73 875; 74 875; 79 880; 81 880; 84 877; 84 868; 85 867; 85 863; 86 862; 86 845; 85 844; 85 843; 86 842; 86 840; 87 839; 87 838; 88 837; 88 835; 89 834; 89 829; 88 828
36; 686 868; 685 869; 680 869; 679 870; 672 870; 671 869; 666 869; 663 872; 662 872; 661 873; 660 873; 659 874; 658 874; 657 875; 653 875; 652 876; 647 876; 646 875; 641 875; 640 876; 639 876; 638 877; 637 877; 637 882; 642 887; 643 887; 650 894; 650 895; 651 896; 651 898; 652 899; 652 901; 654 903; 655 903; 657 905; 658 905; 663 910; 663 911; 666 914; 666 915; 670 919; 674 919; 675 918; 675 915; 676 914; 676 912; 677 911; 677 910; 678 909; 678 908; 679 907; 679 899; 680 898; 680 896; 681 895; 681 894; 682 893; 682 892; 684 890; 684 887; 685 886; 685 884; 686 883; 686 882; 687 881; 687 880; 689 878; 689 877; 691 875; 691 870; 689 868
37; 49 877; 48 878; 48 881; 49 882; 49 883; 50 884; 50 885; 51 886; 51 887; 52 888; 52 893; 53 894; 53 904; 54 905; 54 907; 55 908; 55 911; 56 912; 56 915; 57 916; 57 921; 56 922; 56 926; 58 928; 61 928; 62 927; 63 927; 71 919; 73 919; 76 916; 76 915; 77 914; 77 913; 81 909; 82 909; 87 904; 88 904; 91 901; 92 901; 94 899; 95 899; 97 897; 97 894; 96 894; 95 893; 91 893; 90 892; 87 892; 86 891; 85 891; 84 890; 83 890; 82 889; 81 889; 79 887; 78 887; 77 886; 77 885; 76 884; 75 884; 74 883; 71 883; 70 882; 68 882; 67 881; 60 881; 59 880; 57 880; 56 879; 55 879; 53 877
38; 109 875; 107 877; 107 885; 108 886; 108 899; 109 900; 108 901; 108 903; 107 904; 107 909; 108 910; 108 911; 109 912; 109 918; 108 919; 108 920; 107 921; 107 925; 108 926; 112 926; 113 925; 114 925; 116 923; 117 923; 119 921; 120 921; 121 920; 122 920; 123 919; 125 919; 126 918; 128 918; 129 917; 130 917; 132 915; 132 914; 135 911; 136 911; 137 910; 138 910; 139 909; 140 909; 141 908; 142 908; 143 907; 146 907; 147 906; 149 906; 151 904; 152 904; 154 902; 154 899; 153 898; 153 897; 152 896; 151 896; 150 895; 149 895; 148 894; 147 894; 146 893; 145 893; 144 892; 142 892; 141 891; 140 891; 139 890; 138 890; 135 887; 135 886; 134 885; 133 885; 132 884; 130 884; 129 883; 127 883; 126 882; 125 882; 124 881; 123 881; 122 880; 121 880; 120 879; 119 879; 117 877; 116 877; 115 876; 113 876; 112 875
39; 892 884; 891 885; 888 885; 887 886; 880 886; 879 887; 875 887; 874 888; 861 888; 860 889; 852 889; 851 890; 850 890; 849 891; 849 895; 852 898; 852 899; 854 901; 854 902; 857 905; 857 906; 858 907; 858 908; 861 911; 861 912; 862 913; 862 914; 863 915; 863 916; 870 923; 871 923; 873 925; 873 926; 875 928; 875 929; 876 930; 876 931; 877 932; 882 932; 884 930; 884 925; 885 924; 885 922; 887 920; 887 919; 888 918; 888 917; 889 916; 889 913; 890 912; 890 909; 891 908; 891 907; 892 906; 892 904; 893 903; 893 901; 894 900; 894 899; 895 898; 895 897; 896 896; 896 895; 898 893; 898 892; 900 890; 900 886; 899 885; 898 885; 897 884
40; 816 900; 815 901; 815 908; 816 909; 816 910; 815 911; 815 912; 814 913; 814 914; 811 917; 811 918; 810 919; 810 922; 811 923; 811 926; 812 927; 811 928; 811 932; 810 933; 810 939; 809 940; 809 943; 808 944; 808 945; 807 946; 807 947; 806 948; 806 951; 807 952; 813 952; 814 951; 815 951; 816 950; 817 950; 819 948; 820 948; 821 947; 823 947; 824 946; 826 946; 827 945; 828 945; 829 946; 832 946; 833 945; 834 945; 837 942; 838 942; 839 941; 841 941; 842 940; 846 940; 847 939; 849 939; 850 938; 851 938; 852 937; 854 937; 855 936; 856 936; 857 935; 857 932; 856 931; 855 931; 852 928; 851 928; 845 922; 845 921; 842 918; 841 918; 840 917; 838 917; 837 916; 836 916; 828 908; 827 908; 819 900
41; 203 918; 196 925; 195 925; 194 926; 192 926; 191 927; 189 927; 188 928; 185 928; 183 930; 183 931; 177 937; 176 937; 174 939; 172 939; 171 940; 170 940; 169 941; 168 941; 165 944; 165 947; 166 948; 167 948; 168 949; 169 949; 170 950; 171 950; 172 951; 173 951; 174 952; 175 952; 176 953; 177 953; 179 955; 180 955; 182 957; 183 957; 184 958; 185 958; 186 959; 187 959; 191 963; 192 963; 193 964; 198 964; 199 965; 201 965; 204 968; 205 968; 207 970; 211 970; 211 964; 210 963; 210 955; 211 954; 211 950; 212 949; 212 947; 211 946; 211 941; 210 940; 210 922; 209 921; 209 920; 207 918
42; 925 945; 925 946; 924 947; 924 950; 923 951; 923 954; 922 955; 922 959; 921 960; 921 961; 919 963; 919 964; 917 966; 916 966; 915 967; 915 968; 914 969; 914 980; 913 981; 913 984; 911 986; 911 987; 910 988; 909 988; 908 989; 907 989; 907 992; 906 993; 906 996; 907 997; 912 997; 913 996; 914 996; 915 995; 916 995; 918 993; 920 993; 921 992; 929 992; 930 991; 935 991; 936 990; 939 990; 940 989; 943 989; 944 988; 950 988; 951 987; 954 987; 955 986; 959 986; 961 984; 961 982; 958 979; 957 979; 952 974; 952 973; 951 972; 951 969; 950 968; 950 967; 948 965; 947 965; 946 964; 945 964; 937 956; 937 955; 935 953; 935 952; 934 951; 934 950; 932 948; 932 947; 930 945
43; 292 955; 291 956; 288 956; 287 957; 285 957; 284 958; 283 958; 282 959; 280 959; 279 960; 277 960; 276 961; 268 961; 267 962; 265 962; 264 963; 259 963; 258 964; 255 964; 254 965; 254 968; 256 970; 256 971; 258 973; 258 974; 259 975; 259 977; 260 978; 260 979; 259 980; 259 981; 258 982; 263 987; 264 986; 266 986; 267 987; 268 987; 272 991; 272 992; 279 999; 279 1000; 280 1001; 280 1002; 282 1004; 282 1005; 285 1008; 285 1018; 284 1019; 284 1023; 299 1023; 299 1021; 298 1020; 298 1019; 292 1013; 292 1012; 289 1009; 289 1008; 288 1007; 288 1006; 289 1005; 289 1003; 290 1002; 290 1000; 291 999; 291 993; 292 992; 292 989; 294 987; 296 987; 297 986; 297 983; 296 982; 296 981; 295 980; 295 978; 296 977; 296 974; 297 973; 297 972; 298 971; 298 970; 299 969; 299 967; 300 966; 300 965; 301 964; 301 963; 302 962; 302 961; 304 959; 304 957; 303 956; 296 956; 295 955
44; 864 963; 864 975; 863 976; 863 988; 862 989; 862 990; 860 992; 860 993; 859 994; 859 996; 860 997; 860 998; 861 999; 861 1003; 860 1004; 860 1014; 864 1014; 865 1013; 866 1013; 867 1012; 869 1012; 870 1011; 873 1011; 874 1010; 876 1010; 877 1009; 879 1009; 880 1008; 881 1008; 882 1007; 883 1007; 884 1006; 886 1006; 887 1005; 888 1005; 893 1000; 894 1000; 896 998; 897 998; 898 997; 900 997; 901 996; 905 996; 905 993; 906 992; 906 989; 905 989; 904 988; 903 988; 901 986; 900 986; 891 977; 891 976; 888 973; 885 973; 884 972; 882 972; 881 971; 880 971; 878 969; 877 969; 876 968; 875 968; 873 966; 872 966; 870 964; 869 964; 868 963
45; 256 983; 255 984; 253 984; 252 985; 249 985; 248 986; 240 986; 239 987; 236 987; 235 988; 231 988; 230 989; 219 989; 218 990; 212 990; 211 991; 211 995; 213 997; 214 997; 216 999; 216 1000; 218 1002; 218 1003; 219 1004; 219 1005; 220 1006; 220 1008; 224 1012; 225 1012; 228 1015; 228 1016; 229 1017; 229 1018; 230 1019; 230 1021; 231 1022; 231 1023; 250 1023; 250 1022; 251 1021; 251 1019; 252 1018; 252 1015; 253 1014; 253 1013; 257 1009; 257 995; 258 994; 258 993; 259 992; 259 991; 262 988; 262 987; 258 983
