0; 201 0; 201 1; 200 2; 200 3; 198 5; 198 6; 197 7; 197 8; 193 12; 193 13; 192 14; 192 15; 191 16; 191 20; 190 21; 190 22; 189 23; 189 24; 183 30; 183 33; 185 35; 188 35; 189 34; 203 34; 205 36; 206 36; 207 37; 210 37; 211 36; 213 36; 214 35; 220 35; 221 34; 224 34; 225 33; 227 33; 228 34; 234 34; 235 33; 235 30; 230 25; 230 24; 229 23; 229 21; 228 20; 228 18; 226 16; 226 15; 224 13; 224 12; 222 10; 222 9; 220 7; 220 6; 218 4; 218 3; 217 2; 217 1; 216 0
1; 304 0; 304 4; 303 5; 303 9; 302 10; 302 12; 301 13; 301 14; 300 15; 299 15; 298 16; 297 16; 296 17; 296 19; 298 21; 298 22; 299 23; 299 30; 298 31; 298 32; 296 34; 296 36; 295 37; 295 41; 297 43; 302 43; 303 42; 305 42; 306 41; 307 41; 310 38; 311 38; 312 37; 316 37; 317 36; 319 36; 320 35; 322 35; 323 34; 324 34; 325 33; 327 33; 328 32; 329 32; 330 31; 331 31; 332 30; 333 30; 334 29; 336 29; 337 28; 339 28; 340 27; 341 27; 342 26; 343 26; 343 25; 344 24; 344 22; 343 21; 343 20; 342 19; 341 19; 340 18; 337 18; 336 17; 335 17; 334 16; 334 15; 333 14; 333 13; 332 12; 331 12; 327 8; 327 7; 325 5; 324 5; 323 4; 322 4; 321 3; 320 3; 318 1; 318 0
2; 742 0; 739 3; 738 3; 737 4; 736 4; 734 6; 734 7; 728 13; 727 13; 725 15; 723 15; 721 17; 721 21; 722 22; 723 22; 724 23; 727 23; 729 25; 730 25; 731 26; 738 26; 739 27; 741 27; 742 28; 745 28; 746 29; 748 29; 749 30; 751 30; 752 31; 754 31; 755 32; 757 32; 758 33; 759 33; 760 34; 761 34; 763 36; 763 37; 764 37; 765 38; 770 38; 771 37; 771 34; 770 33; 770 31; 768 29; 768 26; 767 25; 767 23; 768 22; 768 12; 766 10; 766 9; 764 7; 764 6; 763 5; 763 3; 764 2; 764 0
3; 658 0; 658 3; 655 6; 654 6; 653 7; 651 7; 648 10; 648 11; 647 12; 646 12; 645 13; 644 13; 643 14; 639 14; 638 13; 636 13; 634 15; 633 15; 632 16; 631 16; 630 17; 628 17; 627 18; 625 18; 622 21; 622 22; 619 25; 618 25; 617 26; 616 26; 615 27; 614 27; 613 28; 609 28; 609 31; 613 35; 614 35; 615 36; 616 36; 617 37; 619 37; 620 38; 621 38; 623 40; 624 40; 628 44; 629 44; 630 45; 632 45; 635 48; 636 48; 637 49; 637 50; 638 51; 639 51; 645 57; 645 58; 646 58; 647 59; 649 59; 651 57; 651 44; 652 43; 652 41; 654 39; 654 38; 655 37; 655 36; 657 34; 657 30; 656 29; 656 28; 654 26; 654 25; 653 24; 653 23; 654 22; 654 20; 655 19; 655 18; 659 14; 660 14; 663 11; 664 11; 665 10; 675 10; 676 9; 677 9; 678 8; 682 8; 683 7; 685 7; 686 6; 687 6; 688 5; 689 5; 690 4; 693 4; 694 3; 701 3; 702 2; 703 2; 704 1; 704 0
4; 913 17; 912 18; 912 22; 915 25; 915 26; 916 27; 916 28; 917 29; 917 30; 916 31; 916 33; 915 34; 915 37; 917 39; 917 40; 920 43; 920 45; 921 46; 921 47; 922 48; 922 53; 923 54; 923 56; 924 57; 924 58; 925 59; 925 62; 926 63; 926 64; 927 65; 929 65; 936 58; 937 58; 945 50; 946 50; 947 49; 951 49; 953 47; 953 39; 954 38; 954 37; 961 30; 962 30; 963 29; 963 26; 962 25; 961 25; 960 24; 957 24; 956 23; 947 23; 946 22; 945 22; 944 21; 943 21; 942 20; 939 20; 938 21; 936 21; 935 20; 931 20; 930 19; 925 19; 924 18; 920 18; 919 17
5; 623 59; 621 61; 621 71; 620 72; 620 74; 619 75; 619 80; 618 81; 618 83; 617 84; 617 88; 616 89; 616 96; 617 97; 616 98; 616 99; 615 100; 615 101; 614 102; 614 103; 613 104; 613 108; 614 109; 616 109; 617 108; 618 108; 619 107; 620 107; 621 106; 622 106; 623 105; 625 105; 626 104; 636 104; 637 105; 639 105; 640 104; 640 102; 643 99; 644 99; 645 98; 648 98; 649 97; 652 97; 653 96; 655 96; 656 95; 658 95; 659 94; 662 94; 663 93; 663 89; 656 82; 655 82; 653 80; 652 80; 651 79; 650 79; 644 73; 644 72; 643 71; 643 70; 642 69; 641 69; 640 68; 635 68; 631 64; 631 63; 627 59
6; 139 78; 138 79; 136 79; 135 80; 132 80; 131 81; 126 81; 125 82; 124 82; 121 85; 116 85; 115 86; 114 86; 113 87; 112 87; 111 88; 110 88; 109 89; 106 89; 105 90; 101 90; 100 91; 98 91; 96 93; 96 95; 99 98; 100 98; 103 101; 104 101; 107 104; 107 105; 108 106; 108 107; 109 108; 109 113; 111 115; 117 115; 121 119; 122 119; 123 120; 124 120; 128 124; 128 126; 130 128; 133 128; 136 125; 136 122; 137 121; 137 119; 138 118; 138 115; 139 114; 139 111; 140 110; 140 109; 142 107; 142 106; 143 105; 143 104; 144 103; 144 101; 146 99; 146 98; 147 97; 147 91; 146 90; 146 89; 145 88; 144 88; 142 86; 142 83; 144 81; 144 78
7; 423 84; 422 85; 422 87; 421 88; 421 89; 420 90; 420 91; 419 92; 419 93; 415 97; 410 97; 409 98; 407 98; 406 99; 406 105; 407 106; 407 108; 406 109; 406 110; 405 111; 405 113; 404 114; 404 116; 402 118; 402 119; 399 122; 399 123; 397 125; 397 127; 398 128; 404 128; 405 127; 410 127; 411 128; 412 128; 413 129; 422 129; 423 130; 425 130; 426 131; 428 131; 429 132; 431 132; 432 131; 434 131; 435 130; 441 130; 442 131; 444 131; 445 132; 447 132; 449 130; 449 129; 450 128; 450 126; 449 125; 449 123; 447 121; 447 120; 446 119; 446 118; 445 117; 445 116; 444 115; 444 113; 443 112; 443 111; 442 110; 442 109; 438 105; 438 104; 437 103; 437 102; 436 101; 436 100; 435 99; 435 98; 434 97; 434 96; 432 94; 432 93; 430 91; 430 89; 429 88; 429 87; 428 86; 428 85; 427 84
8; 824 106; 819 111; 819 112; 814 117; 813 117; 811 119; 811 120; 810 121; 810 124; 809 125; 809 127; 808 128; 808 132; 804 136; 802 136; 801 137; 800 137; 799 138; 799 139; 798 140; 798 144; 799 145; 807 145; 808 146; 812 146; 813 147; 815 147; 816 148; 817 148; 819 150; 820 150; 821 151; 829 151; 830 152; 832 152; 833 153; 836 153; 837 154; 842 154; 843 153; 843 152; 844 151; 844 149; 843 148; 843 146; 842 145; 842 144; 841 143; 841 142; 840 141; 840 137; 839 136; 839 133; 838 132; 838 131; 836 129; 836 128; 834 126; 834 125; 833 124; 833 123; 832 122; 832 120; 831 119; 831 114; 830 113; 830 112; 829 111; 829 108; 827 106
9; 629 114; 628 115; 627 115; 624 118; 623 118; 621 120; 620 120; 619 121; 617 121; 616 122; 613 122; 612 123; 611 123; 610 124; 609 124; 608 125; 607 125; 606 126; 605 126; 604 127; 603 127; 602 128; 600 128; 599 129; 597 129; 596 130; 592 130; 591 131; 586 131; 585 132; 583 132; 581 134; 581 137; 582 138; 583 138; 584 139; 586 139; 587 140; 589 140; 592 143; 592 144; 593 145; 593 147; 595 149; 598 149; 599 150; 600 150; 601 151; 602 151; 604 153; 605 153; 609 157; 610 157; 611 158; 611 159; 614 162; 614 163; 616 165; 617 165; 618 166; 620 166; 620 164; 621 163; 621 156; 622 155; 622 151; 623 150; 623 148; 625 146; 625 145; 627 143; 627 142; 629 140; 629 137; 628 136; 628 134; 627 133; 628 132; 628 129; 629 128; 629 122; 631 120; 631 119; 632 118; 632 115; 631 114
10; 176 122; 175 123; 175 126; 174 127; 174 129; 173 130; 173 131; 172 132; 172 134; 171 135; 171 137; 170 138; 170 139; 167 142; 163 142; 163 145; 164 146; 164 147; 163 148; 163 150; 162 151; 162 153; 161 154; 161 156; 160 157; 160 159; 159 160; 159 161; 156 164; 156 168; 161 168; 162 167; 164 167; 165 166; 168 166; 169 167; 171 167; 174 170; 174 171; 175 172; 180 172; 180 171; 181 170; 181 168; 183 166; 186 166; 187 165; 197 165; 198 164; 200 164; 201 163; 207 163; 209 161; 209 159; 206 156; 205 156; 201 152; 201 150; 200 149; 200 147; 199 146; 199 145; 197 143; 196 143; 194 141; 193 141; 190 138; 190 137; 187 134; 187 133; 186 132; 186 131; 185 130; 185 129; 182 126; 182 125; 181 124; 181 123; 180 122
11; 495 131; 494 132; 494 136; 497 139; 497 140; 498 141; 498 142; 499 143; 499 145; 500 146; 500 148; 501 149; 501 157; 502 158; 502 159; 503 160; 503 161; 504 162; 504 163; 505 164; 505 165; 506 166; 506 167; 507 168; 507 172; 508 173; 508 178; 509 179; 513 179; 515 177; 515 176; 516 175; 516 174; 520 170; 521 170; 522 169; 523 169; 525 167; 526 167; 527 166; 528 166; 531 163; 531 162; 532 161; 532 159; 533 158; 533 157; 539 151; 540 151; 541 150; 543 150; 545 152; 547 152; 548 151; 549 151; 548 150; 548 149; 547 148; 547 145; 544 142; 542 142; 541 141; 540 141; 539 140; 533 140; 532 141; 531 140; 529 140; 528 139; 527 139; 526 138; 525 138; 524 137; 520 137; 519 136; 518 136; 517 135; 515 135; 514 134; 510 134; 509 133; 503 133; 502 132; 501 132; 500 131
12; 890 129; 889 130; 889 133; 890 134; 890 145; 889 146; 889 148; 888 149; 888 154; 889 155; 889 167; 888 168; 888 171; 889 172; 889 179; 890 180; 895 180; 899 176; 900 176; 902 174; 903 174; 908 169; 909 169; 910 168; 915 168; 916 167; 916 166; 917 165; 917 164; 922 159; 923 159; 924 158; 926 158; 927 157; 928 157; 929 156; 930 156; 931 155; 932 155; 933 154; 933 150; 932 149; 931 149; 930 148; 922 148; 918 144; 917 144; 910 137; 904 137; 903 136; 902 136; 901 135; 900 135; 895 130; 894 130; 893 129
13; 731 148; 731 153; 732 154; 732 155; 733 156; 733 157; 734 158; 734 159; 735 160; 735 161; 736 162; 736 172; 739 175; 739 176; 740 177; 740 179; 741 180; 741 187; 742 188; 742 189; 743 190; 743 193; 744 194; 744 196; 745 197; 747 197; 748 196; 749 196; 751 194; 751 193; 752 192; 752 191; 757 186; 758 186; 759 185; 761 185; 762 184; 767 184; 767 179; 766 178; 766 177; 767 176; 767 175; 772 170; 773 170; 774 169; 775 169; 779 165; 780 165; 781 164; 781 159; 774 159; 773 160; 772 159; 769 159; 767 157; 766 157; 764 155; 763 155; 762 154; 760 154; 759 153; 757 153; 756 152; 755 152; 753 150; 748 150; 746 152; 745 152; 744 153; 743 152; 741 152; 740 151; 739 151; 737 149; 736 149; 735 148
14; 1006 147; 1004 149; 1004 150; 1001 153; 1000 153; 999 154; 993 154; 992 155; 988 155; 987 156; 986 156; 984 158; 984 159; 983 160; 982 160; 979 163; 979 164; 977 166; 976 166; 974 168; 973 168; 972 169; 971 169; 970 170; 968 170; 966 172; 966 175; 967 175; 968 176; 969 176; 972 179; 972 180; 971 181; 973 181; 974 182; 976 182; 977 183; 978 182; 979 183; 980 183; 981 184; 982 184; 983 185; 984 185; 985 186; 986 186; 987 187; 988 187; 990 189; 990 190; 991 190; 992 191; 994 191; 995 192; 996 192; 997 193; 998 193; 1000 195; 1001 195; 1003 197; 1004 197; 1005 198; 1010 198; 1011 197; 1011 196; 1012 195; 1012 192; 1011 191; 1011 189; 1012 188; 1012 172; 1011 171; 1011 168; 1012 167; 1012 165; 1011 164; 1011 160; 1010 159; 1010 155; 1011 154; 1011 151; 1010 150; 1010 147
15; 548 152; 547 153; 546 153; 546 154; 545 155; 545 157; 544 158; 544 159; 542 161; 542 162; 539 165; 538 165; 537 166; 537 167; 536 168; 536 169; 531 174; 531 176; 530 177; 530 182; 529 183; 529 184; 525 188; 524 188; 522 190; 522 193; 523 194; 526 194; 527 193; 539 193; 540 194; 543 194; 544 195; 546 195; 547 194; 553 194; 554 195; 563 195; 564 196; 570 196; 571 195; 574 195; 575 194; 575 190; 574 189; 574 188; 570 184; 570 183; 569 182; 569 181; 568 180; 568 174; 567 173; 567 172; 563 168; 562 168; 557 163; 557 162; 556 161; 556 160; 552 156; 552 155; 549 152
16; 970 182; 969 183; 969 184; 963 190; 963 192; 958 197; 958 198; 957 199; 957 200; 953 204; 953 206; 952 207; 952 208; 948 212; 948 213; 947 214; 947 215; 946 216; 946 218; 944 220; 944 221; 943 222; 943 224; 944 225; 947 225; 948 224; 955 224; 956 225; 960 225; 961 226; 962 226; 963 227; 964 227; 965 228; 966 228; 968 230; 972 230; 975 227; 976 227; 977 226; 979 226; 980 225; 986 225; 987 226; 994 226; 996 224; 996 220; 992 216; 992 215; 990 213; 990 212; 989 211; 989 209; 988 208; 988 207; 984 203; 984 202; 983 201; 983 198; 982 197; 982 195; 978 191; 978 190; 977 189; 977 188; 976 187; 976 183; 974 183; 973 182
17; 660 197; 658 199; 658 200; 657 201; 657 202; 655 204; 655 205; 654 206; 654 207; 653 208; 653 209; 651 211; 650 211; 648 213; 648 214; 647 215; 647 218; 642 223; 642 226; 641 227; 641 228; 639 230; 639 231; 637 233; 637 234; 636 235; 636 236; 635 237; 635 241; 636 242; 639 242; 640 241; 645 241; 646 242; 648 242; 649 243; 650 243; 651 244; 655 244; 656 243; 661 243; 662 242; 664 242; 665 241; 667 241; 668 240; 688 240; 688 235; 682 229; 682 228; 681 227; 681 219; 680 218; 679 218; 678 217; 677 217; 673 213; 673 211; 672 210; 672 208; 669 205; 669 204; 668 203; 668 202; 666 200; 666 199; 664 197
18; 837 227; 836 228; 835 228; 833 230; 832 230; 831 231; 828 231; 827 232; 823 232; 822 231; 814 231; 813 232; 809 232; 806 235; 805 235; 804 236; 801 236; 800 235; 798 235; 797 236; 792 236; 791 237; 790 237; 789 238; 789 240; 790 241; 790 242; 791 243; 791 244; 794 247; 795 247; 802 254; 802 255; 803 256; 803 257; 804 258; 804 261; 805 262; 805 263; 806 264; 806 265; 807 265; 808 266; 810 266; 811 267; 812 267; 815 270; 815 271; 816 272; 816 273; 817 274; 817 275; 819 277; 822 277; 824 275; 824 274; 826 272; 826 269; 827 268; 827 266; 828 265; 828 264; 829 263; 829 262; 830 261; 830 260; 833 257; 833 256; 834 255; 834 251; 835 250; 835 248; 836 247; 836 245; 837 244; 837 241; 838 240; 838 239; 839 238; 839 237; 840 236; 840 235; 841 234; 841 228; 840 227
19; 772 263; 770 265; 769 265; 768 266; 763 266; 762 267; 754 267; 752 269; 752 270; 751 271; 751 272; 749 274; 748 274; 747 275; 744 275; 743 276; 742 276; 741 277; 738 277; 737 278; 730 278; 728 280; 728 284; 731 287; 732 287; 733 288; 734 288; 735 289; 738 289; 739 290; 740 290; 744 294; 744 295; 749 300; 750 300; 752 302; 754 302; 755 303; 756 303; 764 311; 765 311; 766 312; 768 312; 771 309; 771 298; 772 297; 772 295; 773 294; 773 292; 774 291; 774 288; 775 287; 775 276; 776 275; 776 274; 777 273; 777 272; 778 271; 778 265; 777 264; 777 263
20; 811 277; 810 278; 810 280; 809 281; 809 282; 807 284; 807 285; 805 287; 805 288; 802 291; 801 291; 800 292; 800 293; 799 294; 799 299; 800 300; 804 300; 806 298; 807 298; 808 297; 810 297; 811 298; 812 298; 816 302; 816 303; 819 306; 819 309; 818 310; 817 310; 816 311; 814 311; 813 312; 813 315; 814 316; 814 319; 817 319; 818 318; 825 318; 826 319; 828 319; 829 320; 834 320; 835 319; 835 315; 834 314; 834 313; 833 312; 833 310; 832 309; 832 308; 829 305; 829 304; 828 303; 828 302; 827 301; 827 297; 826 296; 826 295; 825 294; 824 294; 823 293; 822 293; 819 290; 819 289; 817 287; 817 286; 816 285; 816 283; 815 282; 815 280; 814 279; 814 278; 813 277
21; 106 292; 105 293; 104 293; 104 305; 103 306; 103 309; 102 310; 102 312; 101 313; 101 314; 100 315; 100 316; 99 317; 99 318; 98 319; 98 321; 97 322; 97 331; 96 332; 96 334; 95 335; 95 337; 94 338; 94 341; 96 343; 98 343; 99 342; 100 342; 103 339; 104 339; 105 338; 110 338; 111 337; 114 337; 115 336; 120 336; 121 337; 124 337; 126 335; 126 334; 128 332; 131 332; 132 331; 136 331; 137 330; 140 330; 141 329; 143 329; 144 328; 144 326; 138 320; 137 320; 132 315; 131 315; 125 309; 125 308; 121 304; 120 304; 119 303; 118 303; 116 301; 116 300; 110 294; 110 293; 109 293; 108 292
22; 15 302; 14 303; 14 315; 15 316; 15 317; 16 318; 16 327; 15 328; 15 335; 16 336; 16 340; 15 341; 15 348; 16 349; 16 350; 18 352; 20 352; 21 351; 22 351; 23 350; 23 349; 24 348; 25 348; 28 345; 30 345; 32 343; 33 343; 34 342; 38 342; 39 341; 40 341; 43 338; 43 337; 45 335; 46 335; 47 334; 49 334; 50 333; 51 333; 52 332; 53 332; 54 331; 55 331; 56 330; 57 330; 58 329; 59 329; 62 326; 62 322; 61 322; 60 321; 57 321; 56 320; 55 320; 54 319; 53 319; 52 318; 51 318; 50 317; 48 317; 47 316; 46 316; 45 315; 44 315; 42 313; 41 313; 36 308; 35 308; 34 307; 27 307; 26 306; 25 306; 24 305; 23 305; 21 303; 19 303; 18 302
23; 681 300; 677 304; 676 304; 675 305; 674 305; 672 307; 671 307; 669 309; 668 309; 666 311; 665 311; 663 313; 662 313; 661 314; 656 314; 655 315; 654 315; 654 316; 653 317; 653 318; 652 319; 652 320; 648 324; 647 324; 646 325; 644 325; 643 326; 642 326; 642 330; 643 331; 644 331; 646 333; 648 333; 649 334; 653 334; 654 335; 655 335; 657 337; 658 337; 660 339; 662 339; 663 340; 665 340; 666 341; 669 341; 670 342; 672 342; 673 343; 674 343; 675 344; 676 344; 677 345; 678 345; 679 346; 680 346; 683 349; 688 349; 688 343; 687 342; 687 336; 688 335; 688 327; 689 326; 689 323; 686 320; 686 319; 685 318; 685 310; 686 309; 686 302; 684 300
24; 386 322; 384 324; 382 324; 381 325; 380 325; 379 326; 378 326; 377 327; 373 327; 372 328; 369 328; 368 327; 362 327; 361 328; 361 331; 366 336; 367 336; 370 339; 370 340; 371 341; 371 342; 374 345; 374 346; 381 353; 381 354; 382 355; 382 357; 383 358; 383 359; 384 360; 384 361; 385 362; 385 363; 388 366; 388 367; 391 370; 395 370; 396 369; 396 364; 397 363; 397 362; 398 361; 398 360; 400 358; 400 357; 403 354; 403 353; 404 352; 404 347; 405 346; 405 345; 407 343; 407 341; 408 340; 408 339; 409 338; 409 337; 411 335; 411 334; 412 333; 412 332; 413 331; 413 329; 414 328; 414 325; 413 324; 405 324; 403 326; 402 326; 401 327; 399 327; 398 326; 396 326; 395 325; 393 325; 392 324; 391 324; 389 322
25; 226 333; 225 334; 224 334; 223 335; 222 335; 221 336; 218 336; 217 337; 208 337; 207 336; 204 336; 204 338; 201 341; 200 341; 199 342; 181 342; 179 344; 179 346; 180 347; 180 348; 181 349; 181 350; 184 353; 185 353; 186 354; 187 354; 193 360; 193 362; 203 372; 204 372; 208 376; 208 377; 211 380; 211 381; 212 382; 212 383; 213 384; 217 384; 218 383; 218 382; 219 381; 219 374; 220 373; 220 368; 221 367; 221 365; 224 362; 224 361; 225 360; 225 352; 227 350; 227 349; 228 348; 228 347; 229 346; 229 342; 230 341; 230 340; 231 339; 231 334; 230 333
26; 449 330; 448 331; 448 332; 447 333; 447 337; 446 338; 446 339; 441 344; 441 345; 440 346; 440 348; 439 349; 439 350; 436 353; 436 354; 434 356; 434 357; 431 360; 431 362; 430 363; 430 364; 429 365; 429 366; 428 367; 428 368; 426 370; 426 375; 433 375; 434 374; 440 374; 441 375; 442 375; 443 376; 445 376; 446 375; 459 375; 460 374; 468 374; 469 375; 471 375; 472 376; 476 376; 477 375; 477 370; 475 368; 475 367; 473 365; 473 364; 472 363; 472 362; 471 361; 471 357; 470 356; 470 355; 469 354; 469 353; 468 352; 468 351; 470 349; 470 346; 469 345; 464 345; 461 342; 461 341; 458 338; 458 337; 457 336; 457 335; 455 333; 455 332; 453 330
27; 760 338; 759 339; 758 339; 755 342; 754 342; 751 345; 750 345; 747 348; 746 348; 745 349; 743 349; 742 350; 738 350; 737 351; 736 351; 735 352; 734 352; 732 354; 732 355; 731 356; 731 357; 727 361; 726 361; 725 362; 724 362; 723 363; 722 363; 721 364; 720 364; 720 369; 721 370; 723 370; 724 371; 728 371; 729 372; 730 372; 731 373; 732 373; 733 374; 735 374; 736 375; 737 375; 738 376; 739 376; 741 378; 742 378; 743 379; 744 379; 745 380; 746 380; 747 381; 748 381; 750 383; 752 383; 753 384; 755 384; 756 385; 757 385; 761 389; 762 389; 763 390; 767 390; 768 389; 768 388; 769 387; 769 385; 768 384; 768 382; 767 381; 767 380; 766 379; 766 371; 767 370; 767 367; 768 366; 768 362; 767 361; 767 360; 765 358; 765 354; 766 353; 766 350; 765 349; 765 347; 764 346; 764 339; 763 338
28; 665 365; 662 368; 645 368; 644 367; 640 367; 639 368; 639 370; 640 371; 640 372; 641 373; 641 374; 642 375; 642 378; 643 379; 643 380; 645 382; 646 382; 648 384; 648 385; 649 386; 649 387; 650 388; 650 390; 651 391; 651 392; 655 396; 655 397; 656 398; 656 399; 657 400; 657 403; 658 404; 658 405; 659 406; 659 407; 661 409; 662 409; 663 410; 663 411; 664 412; 665 412; 666 413; 668 413; 669 412; 669 411; 670 410; 670 409; 671 408; 671 406; 672 405; 672 404; 676 400; 677 400; 678 399; 679 399; 680 398; 680 396; 681 395; 681 393; 682 392; 682 391; 683 390; 683 389; 684 388; 684 380; 687 377; 687 376; 688 375; 688 374; 689 373; 689 372; 690 371; 690 367; 684 367; 683 368; 680 368; 679 369; 672 369; 671 368; 670 368; 667 365
29; 262 372; 260 374; 260 375; 259 376; 259 377; 255 381; 255 385; 254 386; 254 387; 253 388; 250 388; 249 389; 248 389; 247 390; 247 399; 245 401; 245 403; 244 404; 244 406; 243 407; 243 408; 241 410; 240 410; 238 412; 238 413; 237 414; 237 417; 239 419; 239 420; 240 421; 240 422; 238 424; 238 425; 240 427; 252 427; 253 428; 269 428; 269 427; 270 426; 270 425; 271 424; 271 419; 274 416; 282 416; 283 417; 287 417; 288 416; 290 416; 291 415; 291 413; 290 412; 290 411; 288 409; 287 409; 285 407; 285 405; 284 404; 285 403; 285 398; 283 396; 281 396; 280 395; 279 395; 276 392; 276 391; 275 390; 275 389; 274 388; 274 387; 273 386; 273 385; 272 384; 272 383; 271 382; 270 382; 268 380; 268 379; 267 378; 267 376; 266 375; 266 373; 265 372
30; 195 409; 194 410; 193 410; 192 411; 192 412; 189 415; 188 415; 187 416; 186 416; 185 417; 171 417; 170 418; 170 421; 169 422; 169 423; 165 427; 164 427; 163 428; 161 428; 160 429; 158 429; 157 430; 155 430; 152 433; 152 436; 153 437; 154 437; 155 438; 156 438; 158 440; 159 440; 161 442; 162 442; 163 443; 164 443; 168 447; 169 447; 172 450; 173 450; 177 454; 178 454; 179 455; 184 455; 185 456; 186 456; 190 460; 190 461; 191 462; 195 462; 197 460; 197 443; 196 442; 196 438; 197 437; 197 435; 198 434; 198 424; 197 423; 197 419; 198 418; 198 417; 199 416; 199 415; 200 414; 200 411; 198 409
31; 237 425; 235 427; 234 427; 232 429; 228 429; 227 430; 226 430; 225 429; 222 429; 221 430; 220 430; 220 434; 221 435; 222 435; 226 439; 227 439; 235 447; 235 448; 236 449; 236 452; 237 453; 237 454; 238 455; 239 455; 242 458; 242 459; 243 460; 243 465; 245 467; 250 467; 251 468; 255 468; 256 467; 256 463; 257 462; 257 460; 258 459; 258 458; 259 457; 259 455; 260 454; 260 453; 261 452; 261 450; 262 449; 262 445; 263 444; 263 439; 264 438; 264 435; 265 434; 265 433; 266 432; 266 431; 268 429; 253 429; 252 428; 240 428
32; 350 417; 347 420; 347 421; 346 422; 346 424; 345 425; 345 426; 342 429; 341 429; 340 430; 340 431; 334 437; 333 437; 332 438; 331 438; 328 441; 328 442; 327 443; 327 445; 322 450; 321 450; 318 453; 318 454; 317 455; 317 457; 318 458; 326 458; 327 459; 329 459; 330 460; 336 460; 337 461; 340 461; 342 463; 343 463; 344 464; 348 464; 349 463; 351 463; 352 464; 355 464; 357 466; 358 466; 359 467; 369 467; 369 466; 370 465; 370 462; 369 461; 369 460; 368 459; 368 458; 367 457; 367 456; 366 455; 366 451; 365 450; 365 447; 364 446; 364 444; 365 443; 365 440; 364 439; 363 439; 358 434; 358 433; 356 431; 356 430; 355 429; 355 420; 354 419; 354 418; 353 417
33; 672 437; 665 438; 660 445; 646 445; 647 452; 653 457; 674 486; 677 486; 682 481; 688 478; 691 474
34; 691 474; 701 469; 713 459; 718 458; 721 453; 708 447; 703 442; 693 439; 688 431; 676 430; 672 437
35; 873 443; 871 445; 870 445; 867 448; 866 448; 865 449; 859 449; 857 451; 857 452; 856 453; 855 453; 854 454; 848 454; 847 455; 847 456; 841 462; 840 462; 839 463; 835 463; 834 464; 832 464; 831 465; 830 465; 830 466; 829 467; 829 469; 831 471; 833 471; 834 472; 836 472; 837 473; 838 473; 841 476; 842 476; 843 477; 844 477; 850 483; 852 483; 853 484; 855 484; 856 485; 857 485; 858 486; 859 486; 860 487; 862 487; 869 494; 870 494; 871 495; 875 495; 876 494; 877 494; 877 493; 878 492; 878 484; 877 483; 877 482; 878 481; 878 479; 879 478; 879 475; 878 474; 878 472; 877 471; 877 468; 876 467; 876 458; 877 457; 877 451; 876 450; 876 444; 875 443
36; 507 461; 504 464; 504 466; 503 467; 503 468; 499 472; 498 472; 497 473; 496 473; 489 480; 488 480; 487 481; 486 481; 484 483; 484 484; 483 485; 483 486; 474 495; 474 498; 475 499; 476 499; 477 500; 479 500; 480 501; 483 501; 484 502; 488 502; 489 503; 496 503; 497 504; 498 504; 499 505; 500 505; 502 507; 504 507; 505 508; 512 508; 513 509; 516 509; 517 510; 519 510; 521 512; 522 512; 523 513; 524 513; 524 510; 525 509; 525 505; 523 503; 523 502; 522 501; 522 498; 521 497; 521 492; 520 491; 520 490; 521 489; 521 488; 523 486; 523 484; 522 483; 521 483; 517 479; 517 476; 516 475; 516 474; 515 473; 515 472; 513 470; 513 469; 512 468; 512 463; 510 461
37; 304 476; 302 478; 302 479; 300 481; 299 481; 295 485; 294 485; 291 488; 290 488; 289 489; 288 489; 278 499; 278 500; 276 502; 276 503; 273 506; 272 506; 271 507; 270 507; 268 509; 268 512; 269 513; 270 513; 271 514; 272 514; 273 515; 274 515; 275 516; 284 516; 285 517; 287 517; 288 518; 289 518; 290 519; 291 519; 295 523; 296 523; 297 524; 299 524; 300 523; 301 523; 302 522; 305 522; 307 524; 308 524; 310 526; 311 526; 312 527; 313 527; 314 528; 316 528; 318 526; 318 514; 317 513; 317 512; 315 510; 315 505; 314 504; 314 501; 313 500; 313 499; 312 498; 312 492; 311 491; 311 487; 310 486; 310 482; 309 481; 309 479; 308 478; 308 477; 307 476
38; 568 487; 566 489; 565 489; 561 493; 560 493; 559 494; 556 494; 555 495; 551 495; 550 494; 547 494; 546 495; 546 496; 537 505; 533 505; 532 506; 527 506; 526 505; 526 509; 525 510; 525 513; 526 514; 531 514; 532 515; 534 515; 535 516; 536 516; 537 517; 538 517; 544 523; 545 523; 546 524; 547 524; 548 525; 549 525; 550 526; 551 526; 557 532; 558 532; 560 534; 561 534; 565 538; 570 538; 571 537; 571 533; 570 532; 570 530; 569 529; 569 528; 570 527; 570 524; 573 521; 574 521; 574 520; 575 519; 575 516; 573 514; 573 513; 572 512; 572 511; 571 510; 571 500; 572 499; 572 497; 573 496; 573 488; 572 487
39; 784 498; 782 500; 782 506; 783 507; 783 509; 784 510; 784 518; 782 520; 781 520; 780 521; 778 521; 778 524; 780 524; 781 525; 782 525; 783 526; 783 527; 784 528; 784 530; 785 531; 785 533; 786 534; 786 536; 787 537; 787 543; 786 544; 786 547; 787 548; 787 549; 788 550; 791 550; 792 549; 793 549; 800 542; 802 542; 803 541; 805 541; 808 538; 809 538; 810 537; 812 537; 813 536; 815 536; 817 534; 818 534; 819 533; 820 533; 821 532; 822 532; 823 531; 824 531; 832 523; 832 521; 829 518; 822 518; 821 517; 820 517; 817 514; 817 513; 814 510; 812 510; 811 509; 806 509; 805 508; 803 508; 802 507; 801 507; 800 506; 799 506; 798 505; 797 505; 796 504; 794 504; 793 503; 792 503; 788 499; 787 499; 786 498
40; 648 521; 647 522; 647 523; 645 525; 645 526; 643 528; 643 529; 640 532; 639 532; 638 533; 637 533; 635 535; 635 537; 634 538; 634 540; 633 541; 633 543; 631 545; 631 546; 625 552; 624 552; 623 553; 623 554; 622 555; 622 556; 620 558; 620 559; 619 560; 619 562; 620 563; 632 563; 633 564; 634 564; 635 565; 636 565; 637 566; 638 566; 641 569; 641 570; 642 571; 642 572; 644 572; 648 568; 649 568; 650 567; 656 567; 657 568; 658 568; 659 569; 663 569; 664 570; 669 570; 670 569; 670 564; 669 563; 669 562; 668 561; 668 560; 667 559; 667 557; 665 555; 665 554; 664 553; 664 547; 663 546; 663 545; 662 544; 662 543; 661 542; 661 540; 660 539; 660 538; 655 533; 655 531; 654 530; 654 527; 653 526; 653 524; 650 521
41; 417 534; 414 537; 408 537; 407 536; 400 536; 399 537; 399 541; 400 542; 400 543; 402 545; 402 546; 403 547; 403 549; 404 550; 404 552; 405 553; 405 554; 407 556; 407 557; 409 559; 409 560; 410 561; 410 562; 412 564; 412 565; 413 566; 413 567; 416 570; 416 571; 417 572; 417 573; 418 574; 418 576; 419 577; 419 579; 420 580; 420 581; 421 582; 425 582; 426 581; 426 580; 427 579; 427 575; 430 572; 430 571; 434 567; 434 566; 436 564; 437 564; 440 561; 441 561; 442 560; 442 553; 443 552; 443 551; 447 547; 447 546; 450 543; 450 539; 449 538; 447 538; 446 537; 434 537; 433 536; 431 536; 430 535; 422 535; 421 534
42; 190 529; 188 531; 188 534; 187 535; 187 536; 186 537; 186 538; 185 539; 185 540; 184 541; 184 547; 183 548; 183 553; 182 554; 182 559; 181 560; 181 562; 180 563; 180 564; 179 565; 179 567; 178 568; 178 569; 177 570; 177 571; 176 572; 176 573; 175 574; 175 579; 179 579; 180 578; 181 578; 182 577; 191 577; 192 576; 195 576; 196 575; 197 575; 198 576; 200 576; 201 575; 203 575; 205 573; 206 573; 207 572; 209 572; 211 570; 213 570; 214 569; 218 569; 218 565; 219 564; 219 559; 215 555; 215 554; 214 553; 214 552; 209 547; 209 546; 207 544; 207 543; 205 541; 203 541; 202 540; 201 540; 200 539; 199 539; 197 537; 197 536; 196 535; 196 534; 195 533; 195 532; 194 531; 194 530; 193 529
43; 501 535; 499 537; 499 539; 498 540; 498 550; 497 551; 497 552; 496 553; 496 554; 495 555; 495 557; 494 558; 494 560; 496 562; 496 563; 497 564; 497 574; 496 575; 496 576; 495 577; 495 579; 494 580; 494 586; 495 587; 497 587; 498 586; 499 586; 500 585; 501 585; 502 584; 503 584; 504 583; 505 583; 506 582; 507 582; 508 581; 510 581; 511 580; 515 580; 516 579; 517 579; 518 578; 519 578; 520 577; 525 577; 526 576; 527 576; 530 573; 531 573; 532 572; 533 572; 534 571; 535 571; 536 570; 537 570; 538 569; 541 569; 542 568; 542 565; 541 564; 540 564; 539 563; 538 563; 537 562; 536 562; 532 558; 531 558; 526 553; 525 553; 523 551; 521 551; 520 550; 519 550; 518 549; 517 549; 515 547; 514 547; 507 540; 507 539; 503 535
44; 245 544; 245 545; 243 547; 243 548; 241 550; 241 551; 234 558; 234 559; 233 560; 229 560; 228 559; 224 559; 223 560; 221 560; 220 559; 220 564; 219 565; 219 570; 220 570; 224 574; 223 575; 223 577; 216 584; 216 586; 218 588; 221 588; 222 587; 224 587; 225 586; 227 586; 228 587; 240 587; 241 588; 242 588; 243 589; 246 589; 247 588; 251 588; 252 589; 261 589; 262 590; 263 590; 264 591; 265 591; 266 592; 268 592; 269 591; 269 587; 267 585; 267 584; 266 583; 266 582; 265 581; 265 575; 264 574; 264 572; 263 571; 263 570; 262 570; 256 564; 256 563; 254 561; 254 560; 253 559; 253 558; 252 557; 252 555; 251 554; 251 547; 248 544
45; 766 569; 765 570; 765 571; 764 572; 764 575; 765 576; 765 586; 764 587; 764 589; 761 592; 760 592; 759 593; 759 596; 763 600; 763 608; 762 609; 762 611; 761 612; 761 613; 760 614; 760 615; 759 616; 759 619; 760 620; 765 620; 766 619; 767 619; 768 618; 769 618; 771 616; 773 616; 775 618; 780 618; 780 616; 783 613; 784 613; 785 612; 792 612; 796 608; 797 608; 798 607; 801 607; 802 606; 804 606; 805 605; 806 605; 808 603; 808 600; 805 597; 804 597; 802 595; 801 595; 800 594; 799 594; 790 585; 789 585; 788 584; 787 584; 786 583; 785 583; 784 582; 783 582; 782 581; 781 581; 777 577; 776 577; 775 576; 775 575; 771 571; 771 570; 770 569
46; 751 602; 750 603; 749 603; 748 604; 746 604; 745 605; 743 605; 742 606; 736 606; 735 607; 730 607; 729 608; 718 608; 716 610; 714 610; 713 611; 708 611; 707 612; 706 612; 706 617; 708 619; 708 620; 709 621; 710 621; 711 622; 713 622; 719 628; 719 630; 720 631; 720 632; 722 634; 723 634; 724 635; 726 635; 736 645; 736 646; 737 647; 737 650; 738 651; 741 651; 743 649; 743 647; 744 646; 744 645; 745 644; 745 643; 746 642; 746 635; 747 634; 747 633; 748 632; 748 629; 749 628; 749 626; 750 625; 750 624; 752 622; 752 613; 753 612; 753 611; 756 608; 756 607; 757 606; 757 603; 756 602
47; 286 599; 285 600; 285 602; 286 603; 286 604; 287 605; 287 606; 288 607; 288 608; 289 609; 289 610; 290 611; 290 622; 288 624; 287 624; 286 625; 286 627; 288 627; 291 630; 291 631; 292 632; 292 641; 293 642; 293 643; 292 644; 292 645; 291 646; 291 647; 292 648; 292 649; 293 650; 295 650; 296 649; 297 649; 300 646; 301 646; 302 645; 303 645; 306 642; 307 642; 308 641; 309 641; 310 640; 311 640; 314 637; 314 636; 318 632; 319 632; 320 631; 321 631; 323 629; 324 629; 326 627; 327 627; 329 625; 330 625; 332 623; 333 623; 335 621; 335 619; 333 617; 331 617; 330 616; 327 616; 326 615; 325 615; 323 613; 322 613; 319 610; 315 610; 314 609; 310 609; 309 608; 307 608; 306 607; 305 607; 303 605; 301 605; 298 602; 297 602; 295 600; 292 600; 291 599
48; 271 609; 270 610; 270 611; 269 612; 269 613; 263 619; 263 620; 260 623; 259 623; 258 624; 256 624; 255 625; 253 625; 251 627; 251 631; 239 643; 239 644; 238 645; 238 648; 239 648; 240 649; 247 649; 248 650; 251 650; 252 651; 253 651; 254 652; 256 652; 257 653; 264 653; 265 654; 269 654; 270 655; 272 655; 273 656; 280 656; 281 657; 282 657; 284 659; 287 659; 289 657; 289 652; 291 650; 291 648; 290 647; 289 647; 286 644; 286 643; 285 642; 285 640; 284 639; 284 637; 283 636; 283 635; 281 633; 281 629; 280 628; 280 627; 279 626; 279 620; 278 619; 278 618; 276 616; 276 611; 275 610; 275 609
49; 667 612; 666 613; 666 614; 665 615; 665 616; 664 617; 664 619; 665 620; 665 626; 664 627; 664 628; 663 629; 663 630; 661 632; 660 632; 657 635; 657 637; 658 638; 658 639; 659 639; 662 642; 662 651; 661 652; 661 653; 659 655; 659 656; 658 657; 658 661; 660 663; 664 663; 665 662; 667 662; 671 658; 675 658; 676 657; 677 657; 679 655; 680 655; 681 654; 685 654; 686 655; 691 655; 692 654; 693 654; 693 653; 697 649; 698 649; 699 648; 705 648; 707 646; 707 643; 706 642; 705 642; 697 634; 696 634; 694 632; 693 632; 691 630; 690 630; 682 622; 681 622; 679 620; 678 620; 676 618; 676 617; 671 612
50; 775 619; 774 620; 774 621; 773 622; 773 623; 772 624; 772 626; 771 627; 771 629; 770 630; 770 631; 767 634; 766 634; 766 635; 765 636; 765 639; 764 640; 764 643; 763 644; 763 646; 762 647; 762 648; 761 649; 761 650; 760 651; 760 652; 759 653; 759 654; 757 656; 757 657; 755 659; 755 660; 754 661; 754 663; 755 664; 761 664; 762 663; 766 663; 767 662; 775 662; 776 663; 778 663; 779 664; 788 664; 791 661; 792 661; 793 660; 794 661; 797 661; 798 662; 804 662; 806 660; 806 657; 805 656; 805 655; 801 651; 801 650; 799 648; 799 647; 798 646; 798 644; 796 642; 796 641; 789 634; 789 633; 786 630; 786 629; 785 628; 785 626; 784 625; 784 624; 780 620; 780 619
51; 130 644; 129 645; 128 645; 127 646; 125 646; 124 647; 123 647; 122 648; 120 648; 119 649; 115 649; 114 650; 109 650; 108 651; 107 651; 105 653; 104 653; 103 654; 99 654; 98 655; 93 655; 92 656; 90 656; 89 657; 87 657; 86 658; 86 660; 87 661; 87 662; 95 670; 95 671; 96 672; 96 673; 97 674; 100 674; 102 676; 101 677; 102 678; 102 680; 103 681; 103 683; 104 682; 107 682; 108 683; 109 683; 111 685; 112 685; 114 687; 114 688; 116 690; 117 690; 121 694; 123 694; 124 693; 124 692; 125 691; 125 688; 126 687; 126 685; 127 684; 127 682; 126 681; 126 680; 127 679; 127 678; 128 677; 128 676; 131 673; 132 673; 134 671; 135 671; 135 668; 131 664; 131 663; 132 662; 132 655; 133 654; 133 653; 134 652; 134 651; 136 649; 136 645; 135 644
52; 512 660; 511 661; 510 661; 509 662; 508 662; 507 663; 503 663; 502 662; 497 662; 496 663; 493 663; 492 664; 490 664; 489 665; 488 665; 487 666; 486 666; 485 667; 483 667; 482 668; 479 668; 478 669; 474 669; 473 670; 471 670; 469 672; 469 675; 481 687; 481 688; 482 689; 482 690; 483 691; 483 694; 484 695; 485 695; 486 696; 489 696; 490 697; 491 697; 493 699; 495 697; 496 697; 500 693; 501 693; 502 692; 503 692; 512 683; 513 683; 513 679; 514 678; 514 676; 515 675; 515 672; 516 671; 516 670; 519 667; 519 661; 517 661; 516 660
53; 53 666; 52 667; 52 671; 53 672; 53 673; 56 676; 56 678; 57 679; 57 680; 56 681; 56 686; 57 687; 57 689; 58 690; 58 692; 59 693; 59 694; 60 695; 60 696; 61 697; 61 699; 62 700; 62 701; 63 702; 63 703; 64 704; 64 705; 65 706; 65 714; 66 715; 69 715; 70 714; 71 714; 71 713; 79 705; 79 704; 81 702; 82 702; 83 701; 86 701; 87 702; 91 702; 92 703; 96 699; 98 699; 99 698; 104 698; 105 697; 105 696; 104 695; 104 694; 103 693; 103 692; 100 689; 100 687; 101 686; 101 685; 102 684; 102 681; 101 680; 101 678; 98 678; 97 677; 89 677; 88 676; 87 676; 86 675; 85 675; 84 674; 83 674; 82 673; 80 673; 79 672; 70 672; 67 669; 66 669; 65 668; 60 668; 59 667; 58 667; 57 666
54; 689 672; 688 673; 687 673; 685 675; 685 680; 686 681; 685 682; 685 685; 684 686; 684 687; 680 691; 679 691; 678 692; 677 692; 677 695; 678 696; 678 697; 679 698; 679 704; 678 705; 678 707; 677 708; 677 709; 676 710; 676 712; 675 713; 675 715; 674 716; 674 717; 673 718; 673 722; 678 722; 679 721; 680 721; 681 720; 682 720; 683 719; 685 719; 686 718; 692 718; 693 717; 695 717; 696 716; 701 716; 702 717; 706 717; 711 712; 712 712; 713 711; 719 711; 720 712; 722 712; 723 711; 723 707; 721 705; 720 705; 719 704; 718 704; 713 699; 713 698; 711 696; 710 696; 707 693; 707 692; 704 689; 704 688; 703 687; 703 686; 700 683; 700 682; 697 679; 697 678; 691 672
55; 514 683; 513 684; 512 684; 503 693; 502 693; 501 694; 500 694; 496 698; 495 698; 494 699; 494 700; 496 702; 496 703; 497 704; 497 706; 499 708; 499 709; 500 710; 500 711; 501 712; 501 713; 503 715; 503 716; 505 718; 505 720; 504 721; 504 722; 503 723; 503 724; 501 726; 501 731; 509 731; 510 730; 513 730; 514 729; 525 729; 526 728; 527 728; 528 727; 529 727; 531 725; 532 725; 533 724; 534 724; 535 723; 544 723; 545 724; 549 724; 551 722; 551 718; 549 716; 548 716; 541 709; 541 708; 540 707; 540 705; 539 704; 539 703; 538 702; 538 701; 537 701; 536 700; 534 700; 527 693; 527 692; 524 689; 524 688; 520 684; 519 684; 518 683
56; 106 697; 104 699; 99 699; 98 700; 96 700; 93 703; 93 705; 92 706; 92 707; 90 709; 90 710; 88 712; 88 717; 89 718; 89 722; 88 723; 88 724; 86 726; 86 727; 85 728; 85 734; 86 735; 91 735; 92 734; 93 734; 95 736; 99 736; 100 735; 103 735; 101 733; 101 732; 105 728; 112 728; 113 727; 114 727; 115 726; 116 726; 117 725; 118 725; 119 724; 123 724; 125 722; 125 718; 126 717; 126 709; 124 707; 122 707; 121 706; 120 706; 119 705; 118 705; 114 701; 113 701; 112 700; 111 700; 110 699; 108 699
57; 447 689; 446 690; 446 698; 447 699; 447 703; 446 704; 446 708; 448 710; 448 714; 447 715; 447 727; 446 728; 446 730; 445 731; 445 735; 446 736; 451 736; 452 735; 453 735; 454 734; 455 734; 456 733; 457 733; 458 732; 461 732; 462 731; 463 731; 464 730; 467 730; 469 732; 469 733; 491 733; 491 732; 492 731; 492 730; 493 729; 493 726; 492 725; 492 722; 493 721; 493 717; 491 715; 490 715; 489 714; 488 714; 483 709; 481 709; 480 708; 479 708; 478 707; 477 707; 474 704; 473 704; 471 702; 471 701; 468 698; 467 698; 466 697; 462 697; 461 696; 460 696; 459 695; 458 695; 456 693; 455 693; 453 691; 452 691; 451 690; 450 690; 449 689
58; 141 693; 140 694; 140 695; 139 696; 139 697; 138 698; 138 705; 137 706; 137 707; 133 711; 132 711; 131 712; 130 712; 129 711; 128 711; 127 710; 127 717; 126 718; 126 722; 123 725; 124 726; 124 731; 121 734; 121 735; 120 736; 120 740; 121 740; 122 741; 127 741; 128 740; 133 740; 134 739; 142 739; 143 738; 147 738; 148 739; 150 739; 151 740; 153 740; 154 739; 155 739; 157 737; 159 737; 160 736; 161 737; 164 737; 165 738; 170 738; 171 737; 171 733; 167 729; 167 728; 165 726; 165 725; 164 724; 164 723; 163 722; 163 719; 162 718; 162 716; 151 705; 151 704; 150 703; 150 702; 149 701; 149 700; 148 699; 148 698; 146 696; 146 695; 144 693
59; 351 702; 345 708; 344 708; 343 709; 340 709; 339 710; 335 710; 334 709; 327 709; 326 710; 326 713; 329 716; 329 717; 331 719; 331 720; 333 722; 333 723; 334 724; 334 725; 335 726; 335 727; 336 728; 336 729; 337 730; 338 730; 341 733; 341 734; 342 735; 342 738; 344 740; 346 740; 352 746; 352 747; 356 751; 359 751; 360 750; 360 749; 361 748; 361 747; 362 746; 362 745; 364 743; 364 737; 365 736; 365 735; 367 733; 367 732; 368 731; 368 730; 369 729; 369 728; 370 727; 370 720; 371 719; 371 717; 372 716; 372 715; 373 714; 373 713; 374 712; 374 711; 375 710; 375 709; 376 708; 376 707; 377 706; 377 704; 375 702; 372 702; 371 703; 370 703; 369 704; 368 704; 367 705; 366 705; 365 706; 361 706; 360 705; 359 705; 358 704; 357 704; 356 703; 355 703; 354 702
60; 1020 719; 1019 720; 1018 720; 1012 726; 1010 726; 1009 727; 1000 727; 999 728; 998 728; 998 729; 995 732; 994 732; 992 734; 992 737; 994 739; 996 739; 999 742; 1000 742; 1001 743; 1002 743; 1003 744; 1004 744; 1005 745; 1006 745; 1009 748; 1009 749; 1010 750; 1010 752; 1011 753; 1011 754; 1014 754; 1015 753; 1019 753; 1022 756; 1023 756; 1023 743; 1021 743; 1020 742; 1019 742; 1018 741; 1016 741; 1013 738; 1013 735; 1014 734; 1015 734; 1020 729; 1021 729; 1022 728; 1023 728; 1023 719
61; 469 734; 468 735; 468 736; 467 737; 465 737; 464 738; 462 738; 461 739; 461 740; 458 743; 457 743; 456 744; 454 744; 453 745; 452 745; 451 746; 450 746; 447 749; 447 751; 450 754; 451 754; 453 756; 454 756; 459 761; 460 761; 461 762; 465 762; 466 763; 467 763; 472 768; 473 768; 474 769; 475 769; 476 770; 478 770; 479 771; 481 771; 482 772; 483 772; 486 775; 487 775; 488 776; 492 776; 493 775; 493 753; 494 752; 494 751; 495 750; 495 747; 494 746; 494 744; 493 743; 493 739; 492 738; 492 736; 491 735; 491 734
62; 100 736; 99 737; 96 737; 97 738; 97 739; 98 740; 98 744; 97 745; 97 755; 96 756; 96 767; 97 768; 97 775; 96 776; 96 779; 95 780; 95 786; 98 786; 99 785; 101 785; 102 784; 105 784; 107 782; 108 782; 109 781; 115 781; 119 777; 120 777; 121 776; 122 776; 123 775; 124 775; 126 773; 127 773; 129 771; 130 771; 132 769; 134 769; 135 768; 140 768; 141 767; 142 767; 142 763; 138 759; 137 759; 135 757; 133 757; 131 755; 130 755; 125 750; 125 746; 118 746; 117 745; 115 745; 114 744; 113 744; 112 743; 111 743; 109 741; 108 741; 103 736
63; 0 755; 0 772; 8 772; 9 773; 10 773; 13 776; 13 777; 14 778; 14 781; 9 786; 8 786; 7 787; 5 787; 4 788; 3 788; 2 789; 0 789; 0 801; 3 801; 7 797; 8 797; 9 796; 11 796; 12 797; 13 797; 15 799; 17 799; 19 797; 19 790; 22 787; 25 787; 26 786; 28 786; 29 785; 30 785; 31 784; 32 784; 34 782; 35 782; 35 781; 36 780; 36 776; 35 776; 34 775; 31 775; 30 774; 28 774; 27 773; 26 773; 25 772; 24 772; 23 771; 22 771; 20 769; 19 769; 14 764; 14 763; 12 761; 12 760; 11 760; 10 759; 8 759; 7 758; 5 758; 2 755
64; 230 786; 229 787; 229 788; 228 789; 228 796; 227 797; 227 802; 226 803; 226 805; 225 806; 225 808; 226 809; 226 810; 227 811; 227 813; 228 814; 228 817; 227 818; 227 821; 226 822; 226 829; 225 830; 225 831; 224 832; 224 837; 225 838; 225 839; 229 839; 230 838; 231 838; 232 837; 234 837; 235 836; 238 836; 239 835; 242 835; 243 834; 246 834; 247 833; 249 833; 250 832; 251 832; 252 831; 253 831; 254 830; 255 830; 257 828; 258 828; 259 827; 260 827; 261 826; 262 826; 263 825; 265 825; 266 824; 270 824; 272 822; 272 819; 270 817; 269 817; 267 815; 266 815; 254 803; 253 803; 252 802; 251 802; 248 799; 247 799; 244 796; 244 795; 240 791; 239 791; 237 789; 237 788; 235 786
65; 144 796; 142 798; 141 798; 140 799; 130 799; 129 800; 128 800; 124 804; 122 804; 121 805; 119 805; 118 806; 117 806; 115 808; 114 808; 112 810; 109 810; 108 811; 101 811; 100 812; 99 812; 99 816; 101 818; 102 818; 112 828; 112 830; 113 831; 113 833; 115 835; 116 835; 117 836; 119 836; 121 838; 122 838; 124 840; 125 840; 126 841; 128 841; 132 845; 132 846; 136 850; 141 850; 141 849; 142 848; 142 844; 143 843; 143 840; 142 839; 142 833; 143 832; 143 831; 144 830; 144 828; 145 827; 145 824; 146 823; 146 813; 148 811; 148 810; 149 809; 149 798; 148 797; 148 796
66; 902 816; 900 818; 900 820; 901 821; 901 822; 905 826; 905 829; 906 830; 906 831; 905 832; 905 835; 906 836; 906 837; 907 838; 907 839; 908 840; 908 841; 909 842; 909 843; 910 844; 910 845; 911 846; 911 847; 912 848; 912 849; 913 850; 913 852; 915 854; 915 855; 916 856; 916 857; 917 858; 917 860; 918 861; 918 864; 919 865; 919 866; 920 867; 922 867; 923 866; 924 866; 924 865; 929 860; 929 859; 935 853; 936 853; 938 851; 940 851; 944 847; 944 844; 945 843; 945 840; 946 839; 946 838; 948 836; 948 835; 954 829; 954 826; 951 823; 950 823; 949 822; 947 822; 946 821; 943 821; 942 822; 938 822; 937 821; 930 821; 929 820; 927 820; 925 818; 924 818; 923 817; 919 817; 918 818; 914 818; 913 817; 909 817; 908 816
67; 526 847; 524 849; 524 853; 525 854; 525 855; 527 857; 527 859; 528 860; 528 865; 529 866; 529 874; 528 875; 528 876; 527 877; 527 880; 530 883; 530 884; 531 885; 531 886; 532 887; 532 889; 533 890; 533 896; 534 897; 534 898; 535 899; 538 899; 539 898; 539 897; 541 895; 541 894; 543 892; 544 892; 545 891; 546 891; 547 890; 548 890; 552 886; 553 886; 555 884; 556 884; 557 883; 558 883; 561 880; 562 880; 563 879; 564 879; 565 878; 566 878; 568 876; 568 874; 572 870; 573 870; 576 867; 576 865; 575 864; 574 864; 573 863; 569 863; 568 862; 565 862; 564 861; 563 861; 561 859; 560 859; 557 856; 555 856; 554 855; 547 855; 546 854; 545 854; 544 853; 542 853; 541 852; 538 852; 536 850; 535 850; 534 849; 533 849; 532 848; 530 848; 529 847
68; 704 868; 702 870; 701 870; 699 872; 698 872; 697 873; 696 873; 695 874; 694 874; 693 875; 692 875; 691 876; 684 876; 682 878; 682 879; 676 885; 675 885; 673 887; 672 887; 671 888; 669 888; 668 889; 666 889; 665 890; 664 890; 662 892; 662 895; 664 897; 667 897; 668 898; 669 898; 670 899; 671 899; 672 900; 674 900; 675 901; 677 901; 679 903; 680 903; 686 909; 688 909; 689 910; 690 910; 691 911; 692 911; 693 912; 694 912; 696 914; 697 914; 699 916; 699 917; 700 918; 700 919; 702 921; 707 921; 708 920; 708 916; 707 915; 707 909; 708 908; 708 898; 707 897; 707 892; 708 891; 708 880; 709 879; 709 871; 708 870; 708 868
69; 738 865; 736 867; 736 877; 737 878; 737 879; 734 882; 734 884; 733 885; 733 888; 734 889; 734 891; 735 892; 735 893; 736 894; 736 907; 735 908; 735 918; 736 919; 739 919; 740 918; 741 918; 743 916; 744 916; 747 913; 748 913; 749 912; 756 912; 757 913; 760 913; 762 911; 762 910; 764 908; 764 907; 766 905; 766 904; 768 902; 769 902; 770 901; 771 901; 772 900; 776 900; 777 899; 780 899; 782 897; 782 895; 779 892; 778 892; 776 890; 775 890; 774 889; 773 889; 772 888; 771 888; 770 887; 769 887; 768 886; 767 886; 766 885; 765 885; 764 884; 763 884; 753 874; 752 874; 751 873; 750 873; 749 872; 748 872; 744 868; 744 867; 743 866; 742 866; 741 865
70; 354 876; 353 877; 353 885; 352 886; 352 887; 351 888; 351 889; 350 890; 350 892; 349 893; 349 895; 348 896; 348 906; 347 907; 347 913; 346 914; 346 915; 344 917; 344 918; 342 920; 342 921; 340 923; 340 925; 343 928; 344 927; 345 927; 346 926; 347 926; 349 924; 350 924; 351 923; 353 923; 354 922; 357 922; 358 921; 359 922; 361 922; 364 925; 367 925; 374 918; 377 918; 378 917; 380 917; 381 918; 387 918; 388 917; 390 917; 391 916; 391 914; 390 913; 390 912; 389 911; 389 910; 387 908; 387 907; 386 907; 383 904; 382 904; 378 900; 378 899; 376 897; 376 896; 375 895; 375 894; 374 893; 374 890; 373 889; 373 887; 371 885; 366 885; 365 884; 364 884; 360 880; 360 878; 358 876
71; 637 878; 636 879; 636 887; 635 888; 635 889; 634 890; 634 891; 633 892; 632 892; 630 894; 630 895; 629 896; 629 899; 630 900; 630 904; 629 905; 629 907; 630 908; 630 909; 629 910; 629 914; 628 915; 628 918; 627 919; 627 920; 626 921; 626 924; 625 925; 625 929; 626 930; 631 930; 632 929; 635 929; 636 928; 638 928; 639 927; 640 927; 641 926; 643 926; 644 925; 656 925; 661 920; 661 919; 662 918; 663 918; 664 917; 672 917; 674 915; 674 912; 663 901; 663 897; 661 895; 661 893; 660 894; 659 894; 658 895; 656 895; 655 894; 654 894; 648 888; 648 887; 644 883; 644 882; 642 880; 642 879; 641 879; 640 878
72; 224 886; 223 887; 223 888; 222 889; 222 891; 221 892; 221 894; 220 895; 220 897; 219 898; 219 900; 218 901; 218 902; 216 904; 215 904; 214 905; 212 905; 211 906; 211 913; 210 914; 210 918; 209 919; 209 923; 208 924; 208 925; 204 929; 204 930; 203 931; 203 934; 211 934; 212 933; 216 933; 217 934; 220 934; 221 935; 223 935; 224 934; 226 934; 227 933; 235 933; 236 932; 246 932; 247 933; 248 933; 250 935; 252 935; 255 932; 255 929; 254 928; 254 927; 253 926; 253 925; 249 921; 249 920; 248 919; 248 916; 247 915; 247 913; 246 912; 246 911; 245 911; 241 907; 241 906; 237 902; 237 901; 232 896; 232 895; 231 894; 231 893; 230 892; 230 891; 229 890; 229 889; 228 888; 228 887; 227 887; 226 886
73; 533 907; 532 908; 532 911; 533 912; 533 913; 535 915; 535 916; 536 917; 536 918; 537 919; 537 921; 538 922; 538 923; 539 924; 539 925; 540 926; 540 928; 541 929; 541 932; 542 933; 543 933; 547 937; 547 938; 548 939; 548 944; 549 945; 549 946; 551 948; 551 950; 552 951; 552 953; 554 955; 557 955; 559 953; 559 952; 560 951; 560 949; 561 948; 561 947; 564 944; 565 944; 569 940; 569 939; 572 936; 572 935; 573 934; 574 934; 575 933; 575 932; 577 930; 577 922; 580 919; 581 919; 584 916; 584 912; 576 912; 575 911; 572 911; 571 910; 567 910; 566 909; 558 909; 557 910; 545 910; 544 909; 542 909; 541 908; 540 908; 539 907
74; 332 925; 330 927; 330 935; 329 936; 329 938; 328 939; 328 941; 327 942; 327 945; 326 946; 326 948; 325 949; 325 952; 324 953; 324 960; 325 961; 325 973; 324 974; 324 978; 325 979; 329 979; 334 974; 335 974; 336 973; 337 973; 338 972; 341 972; 342 971; 348 971; 349 972; 354 972; 355 971; 355 967; 358 964; 359 964; 361 962; 363 962; 365 960; 367 960; 368 959; 372 959; 373 958; 373 954; 372 953; 371 953; 370 952; 369 952; 368 951; 367 951; 366 950; 365 950; 364 949; 363 949; 361 947; 361 946; 360 945; 359 945; 358 944; 357 944; 356 943; 355 943; 354 942; 353 942; 351 940; 351 939; 350 938; 350 936; 348 934; 344 934; 342 932; 342 928; 339 925; 338 926; 336 926; 335 925
75; 280 995; 280 989; 276 983; 276 977; 273 972; 270 972; 257 988; 250 990; 250 1000; 240 1011; 241 1015; 259 1017
76; 259 1017; 264 1023; 325 1023; 319 1011; 313 1014; 305 1013; 296 1003; 286 1004; 280 995
77; 482 990; 476 996; 475 996; 474 997; 473 997; 472 998; 471 998; 469 1000; 468 1000; 466 1002; 462 1002; 461 1001; 461 1000; 460 999; 457 999; 457 1001; 458 1002; 458 1006; 451 1013; 450 1013; 447 1016; 445 1016; 444 1017; 443 1017; 442 1018; 442 1019; 441 1020; 441 1023; 460 1023; 460 1021; 459 1020; 459 1017; 460 1016; 460 1015; 462 1013; 463 1013; 464 1012; 465 1012; 466 1011; 467 1011; 468 1010; 470 1010; 471 1009; 472 1009; 473 1008; 475 1008; 476 1009; 477 1009; 478 1010; 478 1011; 479 1012; 479 1020; 478 1021; 478 1023; 488 1023; 488 1021; 487 1020; 487 1010; 486 1009; 486 1005; 485 1004; 485 1002; 486 1001; 486 993; 485 992; 485 991; 484 990
78; 124 997; 123 998; 123 1005; 124 1006; 124 1013; 123 1014; 123 1015; 122 1016; 122 1023; 131 1023; 131 1018; 132 1017; 132 1016; 134 1014; 137 1014; 138 1015; 139 1015; 140 1016; 141 1016; 144 1019; 145 1019; 149 1023; 162 1023; 162 1022; 160 1020; 159 1020; 157 1018; 157 1017; 155 1015; 154 1015; 153 1014; 151 1014; 148 1011; 147 1011; 142 1006; 141 1006; 140 1005; 139 1005; 138 1004; 137 1004; 135 1002; 134 1002; 133 1001; 132 1001; 130 999; 129 999; 127 997
