0; 446 0; 446 2; 448 4; 448 5; 457 14; 458 14; 464 20; 464 21; 466 23; 469 23; 471 21; 471 19; 472 18; 472 17; 473 16; 473 14; 475 12; 475 11; 476 10; 476 9; 478 7; 478 6; 479 5; 479 4; 480 3; 480 2; 481 1; 481 0; 473 0; 472 1; 472 3; 470 5; 470 6; 469 7; 469 8; 468 9; 467 9; 466 10; 464 10; 457 3; 457 2; 456 1; 456 0
1; 711 0; 711 1; 709 3; 708 3; 706 5; 705 5; 704 6; 703 6; 700 9; 699 9; 697 11; 696 11; 694 13; 693 13; 693 14; 694 15; 694 16; 698 16; 699 17; 700 17; 701 18; 703 18; 704 19; 705 19; 706 20; 708 20; 709 21; 712 21; 713 22; 715 22; 716 23; 718 23; 719 24; 722 24; 723 25; 726 25; 727 26; 728 26; 729 27; 730 27; 731 28; 733 28; 734 27; 735 27; 735 21; 734 20; 734 18; 733 17; 733 10; 731 8; 731 7; 730 6; 730 4; 729 3; 729 0
2; 671 14; 670 15; 660 15; 659 16; 656 16; 655 15; 650 15; 649 16; 649 19; 650 20; 650 21; 655 26; 655 27; 657 29; 657 30; 658 31; 658 32; 660 34; 661 34; 670 43; 670 44; 673 47; 674 47; 676 45; 677 45; 677 42; 678 41; 678 40; 680 38; 680 37; 682 35; 682 34; 683 33; 683 32; 685 30; 685 29; 686 28; 686 27; 687 26; 687 25; 688 24; 688 23; 689 22; 689 21; 691 19; 691 18; 693 16; 693 15; 692 14; 686 14; 685 15; 680 15; 679 14
3; 393 18; 380 28; 372 31; 371 35; 393 47; 401 49; 407 53; 410 53; 412 51; 410 44; 411 41; 410 25
4; 410 25; 417 20; 431 17; 432 13; 421 5; 417 0; 398 0; 393 18
5; 149 38; 148 39; 138 39; 137 40; 133 40; 132 41; 123 41; 122 42; 122 45; 127 50; 127 51; 139 63; 139 64; 141 66; 142 66; 145 69; 145 70; 146 70; 147 71; 150 71; 153 68; 153 67; 154 66; 154 65; 155 64; 155 63; 156 62; 156 60; 157 59; 157 58; 158 57; 158 56; 160 54; 160 52; 161 51; 161 49; 162 48; 162 46; 163 45; 163 44; 165 42; 165 39; 164 38
6; 676 46; 674 48; 674 56; 673 57; 673 58; 672 59; 672 60; 671 61; 671 62; 670 63; 670 65; 669 66; 669 68; 668 69; 668 70; 667 71; 667 73; 665 75; 665 76; 664 77; 664 81; 671 81; 672 80; 679 80; 680 79; 687 79; 688 78; 694 78; 695 77; 702 77; 703 76; 706 76; 708 74; 708 72; 704 68; 703 68; 695 60; 695 59; 694 58; 693 58; 690 55; 689 55; 687 53; 686 53; 681 48; 680 48; 678 46
7; 994 51; 993 54; 968 50; 977 85; 1011 62; 1000 56; 1005 51
8; 1005 51; 1013 51; 1013 60; 1023 55; 1023 28; 1017 24; 1023 20; 1023 12; 1015 14; 1011 7; 1013 3; 1023 4; 1023 0; 1003 0; 1007 22; 1013 32; 1009 35; 1002 33; 984 35; 994 51
9; 7 46; 3 50; 2 50; 1 51; 0 51; 0 63; 2 63; 5 60; 8 60; 10 62; 10 63; 11 64; 11 66; 12 67; 12 68; 10 70; 7 70; 6 69; 0 69; 0 79; 1 79; 2 78; 11 78; 12 79; 17 79; 18 80; 27 80; 28 79; 28 77; 27 76; 27 75; 26 74; 26 73; 25 72; 25 71; 24 70; 24 69; 23 68; 23 67; 22 66; 22 65; 21 64; 21 63; 20 62; 20 61; 19 60; 19 59; 17 57; 17 55; 16 54; 16 53; 15 52; 15 51; 14 50; 14 49; 13 48; 13 47; 12 46
10; 163 81; 162 82; 161 82; 159 84; 158 84; 157 85; 156 85; 155 86; 154 86; 153 87; 152 87; 151 88; 147 88; 146 89; 145 89; 140 94; 139 94; 137 96; 136 96; 135 97; 134 97; 133 98; 132 98; 130 100; 130 102; 131 103; 132 103; 133 104; 135 104; 136 105; 137 105; 138 106; 140 106; 141 107; 143 107; 144 108; 146 108; 147 109; 149 109; 150 110; 152 110; 153 111; 155 111; 156 112; 158 112; 159 113; 162 113; 163 114; 165 114; 166 115; 171 115; 172 114; 172 110; 171 109; 171 99; 170 98; 170 95; 169 94; 169 89; 168 88; 168 84; 167 83; 167 82; 166 82; 165 81
11; 760 95; 759 96; 759 100; 760 101; 761 101; 763 103; 763 104; 765 106; 765 107; 766 108; 766 109; 769 112; 769 113; 771 115; 771 116; 774 119; 774 120; 776 122; 776 123; 777 124; 777 125; 778 126; 782 126; 784 124; 784 123; 794 113; 794 111; 795 110; 795 109; 797 107; 797 106; 800 103; 800 102; 802 100; 802 97; 801 96; 787 96; 786 95
12; 974 97; 972 99; 972 121; 973 122; 973 123; 972 124; 972 131; 973 132; 977 132; 978 131; 979 131; 980 130; 981 130; 982 129; 984 129; 985 128; 986 128; 987 127; 989 127; 990 126; 991 126; 992 125; 994 125; 995 124; 996 124; 998 122; 999 122; 1000 121; 1001 121; 1002 120; 1003 120; 1004 119; 1007 119; 1008 118; 1009 118; 1010 117; 1010 113; 1008 113; 1007 112; 1005 112; 1004 111; 1003 111; 1001 109; 1000 109; 996 105; 995 105; 994 104; 991 104; 990 103; 989 103; 988 102; 987 102; 986 101; 984 101; 983 100; 981 100; 980 99; 979 99; 978 98; 977 98; 976 97
13; 29 97; 28 98; 27 98; 23 102; 22 102; 20 104; 19 104; 18 105; 17 105; 14 108; 13 108; 11 110; 10 110; 7 113; 6 113; 4 115; 3 115; 2 116; 0 116; 0 123; 6 123; 7 124; 9 124; 10 125; 12 125; 13 126; 15 126; 16 127; 18 127; 19 128; 21 128; 22 129; 26 129; 27 130; 31 130; 32 131; 37 131; 38 132; 43 132; 44 131; 44 128; 43 127; 43 126; 42 125; 42 124; 41 123; 41 122; 40 121; 40 115; 39 114; 39 112; 38 111; 38 110; 37 109; 37 108; 36 107; 36 106; 35 105; 35 104; 34 103; 34 100; 33 99; 33 98; 32 97
14; 667 100; 666 101; 665 101; 663 103; 661 103; 660 104; 658 104; 657 105; 655 105; 654 106; 653 106; 652 107; 650 107; 649 108; 647 108; 646 109; 645 109; 643 111; 642 111; 641 112; 639 112; 638 113; 636 113; 635 114; 634 114; 633 115; 633 117; 634 118; 635 118; 636 119; 637 119; 638 120; 639 120; 640 121; 641 121; 643 123; 644 123; 646 125; 648 125; 649 126; 650 126; 651 127; 652 127; 653 128; 654 128; 655 129; 657 129; 658 130; 660 130; 661 131; 662 131; 663 132; 664 132; 665 133; 666 133; 667 134; 668 134; 670 136; 674 132; 674 131; 673 130; 673 127; 672 126; 672 123; 673 122; 673 120; 674 119; 674 117; 673 116; 673 114; 672 113; 672 101; 671 100
15; 675 132; 671 136; 671 137; 672 138; 672 139; 673 140; 673 142; 674 143; 674 146; 675 147; 675 149; 676 150; 676 151; 677 152; 677 155; 678 156; 678 158; 679 159; 679 160; 680 161; 680 163; 681 164; 681 166; 682 167; 682 168; 683 168; 684 169; 686 169; 687 168; 688 168; 693 163; 694 163; 696 161; 697 161; 699 159; 700 159; 702 157; 703 157; 706 154; 707 154; 711 150; 712 150; 715 147; 715 145; 714 144; 713 144; 712 143; 709 143; 708 142; 706 142; 705 141; 703 141; 702 140; 701 140; 700 139; 699 139; 698 138; 697 138; 696 137; 689 137; 688 136; 684 136; 683 135; 680 135; 679 134; 678 134; 677 133; 676 133
16; 172 162; 171 163; 170 163; 167 166; 166 166; 164 168; 163 168; 162 169; 161 169; 160 170; 159 170; 156 173; 155 173; 154 174; 153 174; 152 175; 151 175; 148 178; 147 178; 146 179; 145 179; 144 180; 142 180; 141 181; 140 181; 140 185; 141 185; 142 186; 144 186; 145 187; 147 187; 148 188; 149 188; 150 189; 151 189; 152 190; 153 190; 154 191; 155 191; 156 192; 157 192; 158 193; 160 193; 161 194; 166 194; 167 195; 170 195; 171 196; 174 196; 175 197; 176 197; 177 198; 182 198; 182 197; 183 196; 183 194; 182 193; 182 186; 181 185; 181 181; 180 180; 180 177; 179 176; 179 172; 178 171; 178 166; 177 165; 177 164; 175 162
17; 201 170; 201 174; 202 175; 202 176; 205 179; 205 180; 206 181; 206 182; 207 183; 207 185; 208 186; 208 189; 213 194; 213 195; 216 198; 216 199; 220 203; 223 203; 226 200; 226 199; 241 184; 241 183; 245 179; 245 175; 244 174; 243 174; 242 173; 227 173; 226 172; 220 172; 219 171; 209 171; 208 170
18; 756 168; 754 170; 754 172; 755 173; 755 174; 756 175; 756 176; 757 177; 757 180; 758 181; 758 186; 759 187; 759 188; 760 189; 760 190; 761 191; 761 192; 762 193; 762 194; 763 195; 763 197; 764 198; 764 200; 765 201; 765 202; 766 203; 770 203; 772 201; 773 201; 777 197; 778 197; 780 195; 781 195; 782 194; 783 194; 789 188; 790 188; 791 187; 792 187; 793 186; 793 179; 792 178; 788 178; 787 177; 785 177; 784 176; 782 176; 781 175; 780 175; 779 174; 777 174; 776 173; 774 173; 773 172; 771 172; 770 171; 766 171; 765 170; 763 170; 762 169; 761 169; 760 168
19; 439 179; 438 180; 438 199; 439 200; 439 204; 440 205; 440 211; 441 212; 441 213; 442 214; 445 214; 446 213; 447 213; 448 212; 449 212; 450 211; 452 211; 453 210; 454 210; 455 209; 456 209; 457 208; 458 208; 459 207; 460 207; 461 206; 462 206; 463 205; 464 205; 465 204; 466 204; 467 203; 468 203; 470 201; 471 201; 472 200; 473 200; 474 199; 475 199; 476 198; 477 198; 477 196; 476 195; 475 195; 474 194; 473 194; 472 193; 471 193; 470 192; 468 192; 466 190; 464 190; 463 189; 462 189; 461 188; 460 188; 459 187; 458 187; 457 186; 456 186; 455 185; 453 185; 452 184; 451 184; 450 183; 448 183; 447 182; 446 182; 444 180; 443 180; 442 179
20; 794 179; 794 188; 793 189; 793 190; 791 192; 790 192; 787 195; 786 195; 782 199; 782 200; 777 205; 777 207; 778 208; 781 208; 782 209; 786 209; 787 210; 790 210; 791 211; 792 211; 793 212; 794 212; 795 213; 808 213; 809 214; 813 214; 814 215; 819 215; 819 210; 817 208; 817 207; 815 205; 815 203; 814 202; 814 201; 813 200; 813 198; 812 197; 812 196; 811 195; 811 193; 809 191; 809 190; 808 189; 808 187; 807 186; 807 184; 804 181; 799 181; 798 180; 797 180; 796 179
21; 553 191; 552 192; 552 194; 553 195; 553 196; 554 197; 554 202; 555 203; 555 206; 556 207; 556 212; 557 213; 557 215; 558 216; 558 224; 560 226; 563 226; 566 223; 567 223; 570 220; 571 220; 572 219; 573 219; 574 218; 577 218; 578 217; 579 217; 580 216; 581 216; 586 211; 587 211; 590 208; 591 208; 593 206; 593 204; 592 203; 591 203; 590 202; 588 202; 587 201; 585 201; 584 200; 583 200; 582 199; 581 199; 580 198; 578 198; 577 197; 574 197; 573 196; 571 196; 570 195; 568 195; 567 194; 565 194; 564 193; 562 193; 561 192; 558 192; 557 191
22; 391 192; 391 193; 390 194; 390 195; 389 196; 389 198; 388 199; 388 200; 387 201; 387 204; 386 205; 386 208; 385 209; 385 213; 384 214; 384 215; 383 216; 383 217; 382 218; 382 219; 381 220; 381 224; 382 225; 386 225; 387 224; 389 224; 390 223; 397 223; 398 222; 406 222; 407 221; 409 221; 410 220; 411 220; 412 219; 415 219; 416 218; 422 218; 423 217; 423 214; 421 212; 420 212; 419 211; 418 211; 412 205; 411 205; 407 201; 406 201; 405 200; 405 199; 404 199; 402 197; 401 197; 396 192
23; 546 228; 545 229; 544 229; 544 231; 543 232; 543 238; 544 239; 544 246; 545 247; 545 263; 547 265; 550 265; 551 264; 552 264; 553 263; 554 263; 555 262; 557 262; 558 261; 560 261; 561 260; 566 260; 570 256; 571 256; 572 255; 573 255; 574 254; 575 254; 576 253; 577 253; 578 252; 580 252; 581 251; 583 251; 584 250; 584 247; 583 246; 582 246; 581 245; 579 245; 578 244; 577 244; 576 243; 575 243; 573 241; 572 241; 571 240; 570 240; 569 239; 568 239; 566 237; 565 237; 564 236; 563 236; 562 235; 561 235; 559 233; 558 233; 556 231; 556 230; 554 228
24; 440 248; 439 249; 438 249; 437 250; 435 250; 434 251; 433 251; 432 252; 429 252; 428 253; 426 253; 424 255; 423 255; 420 258; 419 258; 418 259; 417 259; 416 260; 415 260; 414 261; 412 261; 411 262; 410 262; 409 263; 408 263; 408 266; 410 268; 413 268; 414 269; 416 269; 417 270; 418 270; 420 272; 421 272; 422 273; 423 273; 424 274; 425 274; 426 275; 427 275; 428 276; 429 276; 431 278; 432 278; 433 279; 435 279; 436 280; 438 280; 439 281; 440 281; 441 282; 442 282; 443 283; 444 283; 445 284; 449 284; 449 279; 448 278; 448 259; 447 258; 447 251; 446 250; 446 249; 445 248
25; 266 261; 265 262; 265 265; 266 266; 266 267; 267 268; 267 270; 268 271; 268 275; 269 276; 269 278; 270 279; 270 281; 271 282; 271 284; 272 285; 272 289; 273 290; 273 294; 274 295; 274 296; 275 297; 278 297; 280 295; 281 295; 285 291; 286 291; 287 290; 288 290; 289 289; 290 289; 292 287; 293 287; 295 285; 296 285; 298 283; 299 283; 305 277; 306 277; 308 275; 308 272; 307 271; 304 271; 303 270; 300 270; 299 269; 297 269; 296 268; 295 268; 294 267; 293 267; 292 266; 291 266; 290 265; 289 265; 288 264; 281 264; 280 263; 276 263; 275 262; 272 262; 271 261
26; 563 272; 561 274; 561 275; 558 278; 558 279; 554 283; 554 284; 551 287; 551 288; 548 291; 548 292; 542 298; 542 301; 543 301; 544 302; 551 302; 552 303; 559 303; 560 304; 561 304; 562 305; 569 305; 570 304; 573 304; 574 305; 585 305; 586 304; 586 302; 585 301; 585 300; 582 297; 582 296; 581 295; 581 294; 580 293; 580 292; 579 291; 579 290; 578 289; 578 288; 576 286; 576 285; 575 284; 575 283; 573 281; 573 280; 570 277; 570 276; 569 275; 569 274; 567 272
27; 984 281; 983 282; 983 283; 981 285; 981 286; 969 298; 968 298; 967 299; 966 299; 962 303; 962 309; 964 311; 966 311; 967 312; 968 312; 969 313; 973 313; 974 314; 976 314; 977 315; 979 315; 980 316; 981 316; 982 317; 984 317; 985 318; 987 318; 988 319; 989 319; 990 320; 991 320; 992 321; 993 321; 994 322; 999 322; 999 318; 1000 317; 1000 316; 1001 315; 1002 315; 1003 314; 1005 314; 1005 311; 1004 310; 1004 309; 1002 307; 1002 306; 1001 305; 1001 295; 1000 294; 1000 293; 998 291; 997 291; 996 290; 995 290; 994 289; 993 289; 991 287; 991 286; 990 285; 990 284; 989 283; 989 282; 988 281
28; 281 303; 280 304; 280 305; 279 306; 279 308; 278 309; 278 313; 277 314; 277 321; 276 322; 276 330; 275 331; 275 335; 277 337; 279 337; 280 336; 282 336; 283 335; 284 335; 285 334; 288 334; 289 333; 294 333; 295 332; 297 332; 298 331; 301 331; 302 330; 305 330; 306 329; 308 329; 309 328; 310 328; 311 327; 314 327; 315 326; 316 326; 316 324; 314 322; 313 322; 312 321; 311 321; 309 319; 308 319; 305 316; 304 316; 300 312; 299 312; 298 311; 296 311; 295 310; 294 310; 293 309; 292 309; 290 307; 289 307; 285 303
29; 709 314; 708 315; 707 315; 703 319; 702 319; 701 320; 700 320; 698 322; 697 322; 696 323; 695 323; 686 332; 685 332; 682 335; 682 338; 683 338; 684 339; 688 339; 689 340; 691 340; 692 341; 694 341; 695 342; 697 342; 698 343; 700 343; 701 344; 704 344; 705 345; 709 345; 710 346; 713 346; 714 347; 716 347; 717 348; 718 348; 719 349; 721 349; 722 350; 724 350; 726 348; 726 346; 723 343; 723 342; 722 341; 722 340; 721 339; 721 336; 720 335; 720 333; 719 332; 719 331; 718 330; 718 328; 717 327; 717 325; 716 324; 716 323; 715 322; 715 321; 714 320; 714 319; 713 318; 713 316; 711 314
30; 741 315; 740 316; 740 336; 741 337; 741 340; 742 341; 742 350; 744 352; 746 352; 747 351; 748 351; 749 350; 750 350; 751 349; 752 349; 754 347; 756 347; 757 346; 758 347; 759 347; 761 349; 761 350; 762 351; 763 351; 764 352; 765 352; 767 354; 767 347; 768 346; 768 344; 770 342; 770 341; 772 339; 773 339; 775 337; 776 337; 778 335; 778 332; 777 331; 776 331; 775 330; 773 330; 772 329; 771 329; 769 327; 768 327; 767 326; 766 326; 765 325; 764 325; 761 322; 759 322; 758 321; 755 321; 754 320; 753 320; 752 319; 750 319; 748 317; 747 317; 746 316; 745 316; 744 315
31; 434 324; 433 325; 433 327; 434 328; 434 329; 435 330; 435 331; 436 332; 436 334; 437 335; 437 341; 438 342; 438 343; 441 346; 441 347; 442 348; 442 349; 443 350; 443 352; 444 353; 444 355; 445 356; 445 358; 447 360; 450 360; 453 357; 454 357; 458 353; 459 353; 461 351; 462 351; 467 346; 467 345; 474 338; 475 338; 476 337; 476 334; 475 333; 473 333; 472 332; 468 332; 467 331; 464 331; 463 330; 461 330; 460 329; 458 329; 457 328; 454 328; 453 327; 450 327; 449 326; 443 326; 442 325; 439 325; 438 324
32; 797 334; 796 335; 794 335; 793 336; 792 336; 791 337; 790 337; 789 338; 786 338; 785 339; 783 339; 782 340; 779 340; 778 341; 775 341; 774 342; 771 342; 769 344; 769 346; 768 347; 768 354; 769 355; 770 355; 776 361; 777 361; 778 362; 780 362; 781 363; 782 363; 784 365; 785 365; 786 366; 787 366; 792 371; 793 371; 794 372; 797 372; 799 370; 799 359; 800 358; 800 339; 801 338; 801 336; 799 334
33; 985 332; 978 339; 977 339; 965 351; 964 351; 960 355; 959 355; 959 359; 961 359; 962 360; 966 360; 967 361; 970 361; 971 362; 973 362; 974 363; 976 363; 977 364; 980 364; 981 365; 985 365; 986 366; 989 366; 990 367; 993 367; 994 368; 996 368; 997 369; 1000 369; 1001 368; 1001 364; 999 362; 999 361; 998 360; 998 354; 997 353; 997 351; 996 350; 996 349; 995 348; 995 347; 993 345; 993 344; 992 343; 992 342; 991 341; 991 340; 990 339; 990 337; 989 336; 989 334; 987 332
34; 176 356; 175 357; 159 357; 158 358; 158 361; 160 363; 160 364; 162 366; 162 367; 164 369; 164 370; 165 371; 165 372; 167 374; 167 375; 168 376; 168 377; 172 381; 172 382; 175 385; 175 386; 176 387; 176 389; 179 392; 182 392; 183 391; 183 390; 184 389; 184 388; 185 387; 185 386; 192 379; 192 378; 194 376; 194 375; 195 374; 195 373; 196 372; 196 371; 197 370; 197 369; 199 367; 199 366; 202 363; 202 359; 201 359; 200 358; 196 358; 195 359; 193 359; 192 358; 186 358; 185 357; 183 357; 182 356
35; 156 376; 151 381; 150 381; 136 395; 135 395; 132 398; 131 398; 129 400; 129 403; 130 404; 135 404; 136 405; 139 405; 140 406; 143 406; 144 407; 147 407; 148 408; 154 408; 155 409; 159 409; 160 410; 162 410; 163 411; 165 411; 166 412; 173 412; 173 407; 172 406; 172 405; 171 404; 171 403; 170 402; 170 400; 169 399; 169 396; 168 395; 168 392; 166 390; 166 389; 164 387; 164 386; 163 385; 163 384; 162 383; 162 382; 161 381; 161 378; 159 376
36; 623 387; 621 389; 621 392; 622 393; 622 398; 623 399; 623 408; 624 409; 624 415; 625 416; 625 425; 630 425; 632 423; 633 423; 635 421; 636 421; 637 420; 639 420; 640 419; 641 419; 642 418; 645 418; 646 417; 647 417; 649 415; 650 415; 653 412; 654 412; 655 411; 656 411; 657 410; 658 410; 659 409; 660 409; 662 407; 662 405; 660 403; 657 403; 656 402; 655 402; 654 401; 653 401; 652 400; 651 400; 650 399; 649 399; 648 398; 647 398; 646 397; 645 397; 643 395; 642 395; 641 394; 640 394; 639 393; 638 393; 637 392; 635 392; 634 391; 633 391; 632 390; 630 390; 628 388; 626 388; 625 387
37; 257 403; 256 404; 239 404; 238 405; 238 409; 241 412; 241 413; 244 416; 244 417; 247 420; 247 421; 249 423; 249 424; 256 431; 256 432; 257 433; 257 434; 259 436; 259 437; 260 438; 262 438; 265 435; 265 434; 266 433; 266 432; 268 430; 268 429; 270 427; 270 426; 272 424; 272 423; 273 422; 273 421; 275 419; 275 418; 277 416; 277 415; 278 414; 278 413; 279 412; 279 411; 281 409; 281 406; 280 406; 279 405; 268 405; 267 404; 263 404; 262 403
38; 963 401; 962 402; 962 405; 961 406; 961 408; 960 409; 960 410; 959 411; 959 412; 958 413; 958 414; 957 415; 957 416; 956 417; 956 419; 955 420; 955 423; 954 424; 954 427; 953 428; 953 431; 952 432; 952 435; 953 436; 958 436; 959 435; 962 435; 963 434; 975 434; 976 433; 979 433; 980 432; 983 432; 984 431; 991 431; 992 430; 993 430; 993 427; 986 420; 986 419; 982 415; 982 414; 979 411; 978 411; 976 409; 975 409; 968 402; 968 401
39; 475 408; 472 411; 471 411; 469 413; 468 413; 466 415; 465 415; 463 417; 462 417; 460 419; 459 419; 447 431; 447 434; 448 435; 453 435; 454 436; 456 436; 457 437; 459 437; 460 438; 462 438; 463 439; 467 439; 468 440; 472 440; 473 441; 476 441; 477 442; 479 442; 480 443; 481 443; 482 444; 483 444; 484 445; 488 445; 489 444; 489 441; 488 440; 488 439; 487 438; 487 435; 486 434; 486 426; 484 424; 484 423; 483 422; 483 421; 482 420; 482 418; 481 417; 481 414; 480 413; 480 411; 479 410; 479 409; 478 409; 477 408
40; 363 417; 363 418; 362 419; 362 421; 363 422; 363 423; 364 424; 364 426; 365 427; 365 431; 366 432; 366 437; 367 438; 367 440; 368 441; 368 443; 369 444; 369 447; 370 448; 370 451; 371 452; 371 454; 376 454; 380 450; 381 450; 382 449; 383 449; 384 448; 385 448; 386 447; 387 447; 389 445; 390 445; 393 442; 394 442; 396 440; 397 440; 400 437; 401 437; 402 436; 403 436; 405 434; 405 431; 404 430; 402 430; 401 429; 398 429; 397 428; 396 428; 395 427; 394 427; 393 426; 391 426; 390 425; 389 425; 387 423; 386 423; 384 421; 377 421; 376 420; 372 420; 371 419; 370 419; 369 418; 368 418; 367 417
41; 133 424; 133 425; 132 426; 132 431; 131 432; 131 437; 130 438; 130 442; 129 443; 129 448; 128 449; 128 455; 127 456; 127 459; 128 460; 132 460; 133 459; 135 459; 136 458; 140 458; 141 457; 148 457; 149 456; 150 456; 151 455; 152 455; 153 454; 155 454; 156 453; 157 453; 158 452; 160 452; 161 451; 169 451; 170 452; 170 450; 171 449; 171 447; 170 446; 169 446; 168 445; 167 445; 166 444; 164 444; 163 443; 162 443; 159 440; 158 440; 154 436; 153 436; 151 434; 150 434; 148 432; 147 432; 145 430; 144 430; 143 429; 142 429; 137 424
42; 276 437; 275 438; 274 438; 271 441; 270 441; 269 442; 268 442; 266 444; 265 444; 264 445; 263 445; 262 446; 261 446; 260 447; 259 447; 258 448; 257 448; 255 450; 254 450; 251 453; 250 453; 248 455; 247 455; 245 457; 245 459; 247 461; 252 461; 253 462; 254 462; 255 463; 256 463; 257 464; 258 464; 259 465; 260 465; 262 467; 263 467; 264 468; 267 468; 268 469; 270 469; 271 470; 274 470; 275 471; 277 471; 278 472; 280 472; 281 473; 283 473; 284 474; 286 474; 287 473; 287 469; 286 468; 286 467; 285 466; 285 459; 284 458; 284 456; 283 455; 283 451; 282 450; 282 445; 281 444; 281 440; 280 439; 280 438; 279 437
43; 745 440; 740 445; 739 445; 738 446; 737 446; 734 449; 733 449; 731 451; 730 451; 728 453; 727 453; 723 457; 722 457; 720 459; 719 459; 717 461; 717 464; 718 465; 721 465; 722 466; 724 466; 725 467; 726 467; 727 468; 728 468; 729 469; 731 469; 733 471; 734 471; 735 472; 737 472; 738 473; 742 473; 743 474; 747 474; 748 475; 751 475; 752 476; 757 476; 758 475; 758 473; 757 472; 757 471; 756 470; 756 468; 755 467; 755 463; 754 462; 754 458; 753 457; 753 453; 752 452; 752 450; 751 449; 751 443; 750 442; 750 441; 749 440
44; 172 447; 172 449; 171 450; 171 452; 174 455; 174 456; 175 457; 175 458; 176 459; 176 460; 177 461; 177 463; 178 464; 178 465; 180 467; 180 468; 184 472; 184 473; 185 474; 185 475; 187 477; 187 479; 188 480; 188 481; 189 482; 193 482; 193 481; 196 478; 196 477; 200 473; 200 472; 208 464; 208 463; 211 460; 211 459; 212 458; 213 458; 215 456; 215 453; 213 453; 212 452; 206 452; 205 451; 200 451; 199 450; 183 450; 182 449; 177 449; 176 448; 173 448
45; 931 454; 930 455; 930 458; 931 459; 931 460; 932 461; 932 463; 933 464; 933 467; 934 468; 934 470; 935 471; 935 472; 936 473; 936 474; 937 475; 937 476; 938 477; 938 479; 939 480; 939 481; 940 482; 940 488; 942 490; 944 490; 945 489; 946 489; 949 486; 949 485; 952 482; 953 482; 956 479; 958 479; 959 478; 960 478; 961 477; 961 476; 963 474; 963 473; 968 468; 969 468; 971 466; 971 463; 970 463; 969 462; 966 462; 965 461; 962 461; 961 460; 958 460; 957 459; 953 459; 952 458; 949 458; 948 457; 946 457; 945 456; 943 456; 942 455; 935 455; 934 454
46; 144 462; 142 464; 142 474; 141 475; 141 476; 140 477; 140 484; 141 485; 141 488; 140 489; 140 493; 139 494; 139 497; 140 498; 140 499; 144 499; 145 498; 146 498; 147 497; 148 497; 149 496; 153 496; 154 495; 157 495; 158 494; 159 494; 160 493; 162 493; 163 492; 165 492; 166 491; 169 491; 170 490; 171 490; 173 488; 174 488; 175 487; 178 487; 179 486; 180 486; 181 485; 181 483; 178 480; 177 480; 176 479; 175 479; 174 478; 173 478; 172 477; 171 477; 170 476; 169 476; 168 475; 167 475; 165 473; 164 473; 162 471; 161 471; 160 470; 159 470; 158 469; 157 469; 156 468; 155 468; 153 466; 152 466; 151 465; 150 465; 148 463; 147 463; 146 462
47; 312 521; 309 524; 308 524; 303 529; 302 529; 300 531; 299 531; 296 534; 296 535; 290 541; 289 541; 287 543; 286 543; 284 545; 284 547; 286 549; 289 549; 290 550; 293 550; 294 551; 296 551; 297 552; 298 552; 299 553; 301 553; 302 554; 306 554; 307 555; 310 555; 311 556; 313 556; 314 557; 317 557; 318 558; 321 558; 322 559; 327 559; 327 558; 328 557; 328 555; 327 554; 327 548; 326 547; 326 546; 324 544; 324 542; 323 541; 323 539; 322 538; 322 535; 321 534; 321 532; 320 531; 320 529; 319 528; 319 527; 318 526; 318 524; 317 523; 317 522; 316 521
48; 933 530; 932 531; 932 533; 933 534; 933 536; 934 537; 934 541; 935 542; 935 545; 936 546; 936 549; 937 550; 937 552; 938 553; 938 555; 939 556; 939 558; 940 559; 940 564; 941 565; 941 567; 943 569; 945 569; 951 563; 952 563; 955 560; 956 560; 960 556; 961 556; 963 554; 964 554; 968 550; 969 550; 972 547; 973 547; 974 546; 974 543; 973 542; 971 542; 970 541; 969 541; 968 540; 966 540; 965 539; 963 539; 962 538; 960 538; 959 537; 958 537; 957 536; 956 536; 955 535; 954 535; 953 534; 950 534; 949 533; 944 533; 943 532; 942 532; 941 531; 939 531; 938 530
49; 671 555; 670 556; 670 558; 671 559; 671 560; 673 562; 673 563; 674 564; 674 565; 675 566; 675 568; 676 569; 676 570; 677 571; 677 572; 678 573; 678 574; 679 575; 679 576; 681 578; 681 579; 683 581; 683 582; 686 585; 686 586; 687 587; 687 588; 688 589; 688 590; 693 590; 693 589; 695 587; 695 586; 700 581; 701 581; 707 575; 707 574; 709 572; 709 571; 712 568; 712 567; 714 565; 714 561; 713 560; 709 560; 708 559; 703 559; 702 558; 696 558; 695 557; 690 557; 689 556; 680 556; 679 555
50; 315 562; 314 563; 314 569; 315 570; 315 572; 314 573; 314 576; 315 577; 315 579; 314 580; 314 587; 315 588; 315 590; 314 591; 314 598; 316 600; 319 600; 320 599; 321 599; 322 598; 323 598; 324 597; 326 597; 327 596; 329 596; 330 595; 331 595; 332 594; 335 594; 336 593; 339 593; 340 592; 341 592; 344 589; 345 589; 346 588; 347 588; 348 587; 349 587; 350 586; 352 586; 353 585; 353 581; 352 581; 351 580; 350 580; 349 579; 347 579; 345 577; 344 577; 342 575; 341 575; 340 574; 339 574; 338 573; 337 573; 336 572; 335 572; 334 571; 333 571; 331 569; 330 569; 328 567; 327 567; 326 566; 325 566; 324 565; 323 565; 322 564; 321 564; 319 562
51; 288 563; 285 566; 285 567; 278 574; 277 574; 274 577; 274 578; 273 579; 273 581; 272 582; 272 583; 266 589; 266 590; 265 591; 265 593; 266 594; 274 594; 275 595; 278 595; 279 596; 285 596; 286 597; 293 597; 294 598; 304 598; 305 599; 308 599; 309 598; 310 598; 310 595; 309 595; 305 591; 305 590; 304 589; 304 588; 303 587; 303 585; 302 584; 302 583; 301 582; 301 581; 299 579; 299 578; 298 577; 298 576; 297 575; 297 574; 296 573; 296 572; 294 570; 294 569; 293 568; 293 566; 290 563
52; 627 578; 626 579; 626 582; 628 584; 628 585; 630 587; 630 588; 631 589; 631 590; 632 591; 632 592; 633 593; 633 594; 634 595; 634 596; 635 597; 635 598; 636 599; 636 600; 637 601; 637 602; 638 603; 638 604; 640 606; 640 607; 642 609; 642 610; 645 613; 648 613; 650 611; 650 610; 652 608; 652 607; 659 600; 659 599; 661 597; 661 596; 663 594; 663 593; 667 589; 668 589; 669 588; 669 584; 668 583; 661 583; 660 582; 658 582; 657 581; 654 581; 653 580; 651 580; 650 579; 633 579; 632 578
53; 10 583; 10 584; 9 585; 9 587; 10 588; 10 590; 11 591; 11 600; 12 601; 12 602; 13 603; 13 604; 14 605; 14 607; 15 608; 15 610; 16 611; 16 613; 17 614; 17 621; 19 621; 20 622; 22 622; 22 621; 25 618; 26 618; 27 617; 28 617; 33 612; 34 612; 37 609; 38 609; 39 608; 40 608; 42 606; 43 606; 47 602; 48 602; 50 600; 51 600; 52 599; 53 599; 53 597; 51 595; 48 595; 47 594; 44 594; 43 593; 42 593; 41 592; 40 592; 39 591; 37 591; 36 590; 34 590; 33 589; 32 589; 31 588; 29 588; 28 587; 26 587; 25 586; 22 586; 21 585; 18 585; 17 584; 15 584; 14 583
54; 429 591; 429 600; 428 601; 428 604; 427 605; 427 609; 428 610; 428 612; 429 613; 429 617; 430 618; 430 626; 432 628; 434 628; 435 627; 436 627; 437 626; 438 626; 439 625; 440 625; 441 624; 442 624; 443 623; 444 623; 445 622; 446 622; 447 621; 448 621; 449 620; 450 620; 451 619; 453 619; 454 618; 455 618; 456 617; 457 617; 459 615; 460 615; 461 614; 462 614; 463 613; 464 613; 465 612; 467 612; 468 611; 468 608; 467 607; 466 607; 465 606; 463 606; 462 605; 461 605; 460 604; 459 604; 458 603; 457 603; 456 602; 455 602; 454 601; 453 601; 452 600; 451 600; 450 599; 449 599; 448 598; 446 598; 445 597; 444 597; 443 596; 442 596; 441 595; 439 595; 438 594; 437 594; 436 593; 435 593; 434 592; 433 592; 432 591
55; 865 610; 864 611; 864 613; 865 614; 865 615; 868 618; 868 620; 869 621; 869 623; 870 624; 870 625; 871 626; 871 627; 872 628; 872 629; 873 630; 873 631; 874 632; 874 634; 875 635; 875 636; 876 637; 876 638; 877 639; 877 640; 878 641; 878 643; 879 644; 879 645; 880 645; 881 646; 883 646; 885 644; 885 643; 890 638; 891 638; 900 629; 900 628; 902 626; 902 625; 906 621; 906 617; 905 617; 904 616; 898 616; 897 615; 894 615; 893 614; 891 614; 890 613; 888 613; 887 612; 879 612; 878 611; 874 611; 873 610
56; 43 617; 42 618; 42 622; 43 623; 43 624; 44 625; 44 626; 45 627; 45 629; 46 630; 46 632; 47 633; 47 638; 48 639; 48 641; 49 642; 49 643; 51 645; 51 646; 52 647; 52 648; 53 649; 53 650; 54 651; 54 653; 55 654; 55 655; 56 656; 59 656; 60 655; 60 654; 67 647; 68 647; 71 644; 72 644; 76 640; 77 640; 82 635; 82 634; 83 633; 84 633; 85 632; 86 632; 87 631; 87 628; 86 627; 80 627; 79 626; 77 626; 76 625; 74 625; 73 624; 71 624; 70 623; 68 623; 67 622; 63 622; 62 621; 59 621; 58 620; 53 620; 52 619; 50 619; 49 618; 47 618; 46 617
57; 151 655; 161 661; 170 662; 179 667; 183 667; 185 665; 183 659; 182 640; 180 630; 176 629; 172 633; 165 635
58; 165 635; 162 631; 162 623; 160 621; 156 622; 125 641; 127 645; 133 646; 141 652; 151 655
59; 571 626; 570 627; 570 635; 571 636; 571 663; 572 663; 573 664; 575 664; 576 663; 577 663; 578 662; 579 662; 580 661; 581 661; 582 660; 584 660; 585 659; 588 659; 589 658; 591 658; 592 657; 593 657; 595 655; 596 655; 600 651; 601 651; 602 650; 603 650; 604 649; 607 649; 608 648; 609 648; 609 645; 608 645; 606 643; 605 643; 604 642; 603 642; 602 641; 601 641; 598 638; 597 638; 596 637; 595 637; 593 635; 592 635; 591 634; 589 634; 588 633; 587 633; 586 632; 585 632; 584 631; 583 631; 582 630; 581 630; 580 629; 578 629; 576 627; 575 627; 574 626
60; 17 622; 10 629; 9 629; 7 631; 6 631; 4 633; 3 633; 2 634; 1 634; 0 635; 0 653; 2 653; 3 654; 5 654; 6 655; 8 655; 9 656; 12 656; 13 657; 14 657; 15 658; 19 658; 20 659; 22 659; 23 660; 24 660; 25 661; 29 661; 30 660; 30 655; 29 654; 29 649; 28 648; 28 645; 27 644; 27 638; 25 636; 25 635; 24 634; 24 633; 23 632; 23 631; 22 630; 22 623; 20 623; 19 622
61; 415 643; 413 645; 411 645; 410 646; 409 646; 408 647; 406 647; 405 648; 404 648; 403 649; 400 649; 399 650; 397 650; 396 651; 395 651; 392 654; 391 654; 389 656; 387 656; 386 657; 385 657; 384 658; 383 658; 382 659; 382 662; 383 663; 384 663; 385 664; 387 664; 388 665; 390 665; 392 667; 393 667; 394 668; 395 668; 396 669; 397 669; 398 670; 399 670; 400 671; 401 671; 403 673; 404 673; 405 674; 406 674; 407 675; 408 675; 409 676; 411 676; 412 677; 413 677; 414 678; 415 678; 417 680; 418 680; 419 681; 421 681; 423 679; 423 677; 422 676; 422 675; 421 674; 421 656; 420 655; 420 643
62; 675 668; 675 672; 676 673; 676 675; 677 676; 677 679; 678 680; 678 688; 679 689; 679 693; 680 694; 680 700; 681 701; 681 703; 682 704; 682 705; 685 705; 686 704; 687 704; 688 703; 689 703; 690 702; 691 702; 692 701; 693 701; 694 700; 695 700; 697 698; 698 698; 700 696; 701 696; 703 694; 704 694; 705 693; 706 693; 707 692; 708 692; 709 691; 710 691; 711 690; 712 690; 713 689; 715 689; 716 688; 716 685; 715 684; 714 684; 713 683; 712 683; 711 682; 709 682; 708 681; 707 681; 706 680; 705 680; 703 678; 702 678; 700 676; 699 676; 697 674; 696 674; 695 673; 693 673; 692 672; 690 672; 689 671; 686 671; 685 670; 684 670; 683 669; 682 669; 681 668
63; 651 676; 645 682; 644 682; 643 683; 642 683; 640 685; 639 685; 636 688; 635 688; 632 691; 631 691; 628 694; 627 694; 625 696; 624 696; 622 698; 622 701; 623 701; 624 702; 628 702; 629 703; 631 703; 632 704; 634 704; 635 705; 637 705; 638 706; 641 706; 642 707; 644 707; 645 708; 648 708; 649 709; 652 709; 653 710; 654 710; 655 711; 656 711; 657 712; 659 712; 661 714; 664 711; 663 710; 663 709; 662 708; 662 707; 661 706; 661 703; 660 702; 660 694; 659 693; 659 692; 658 691; 658 690; 657 689; 657 686; 656 685; 656 678; 654 676
64; 880 682; 879 683; 879 686; 878 687; 878 690; 877 691; 877 694; 876 695; 876 698; 875 699; 875 703; 874 704; 874 709; 873 710; 873 711; 872 712; 872 715; 873 716; 875 716; 876 715; 880 715; 881 714; 892 714; 893 713; 894 713; 895 712; 897 712; 898 711; 900 711; 901 710; 904 710; 905 709; 910 709; 911 708; 911 706; 908 703; 907 703; 904 700; 904 699; 901 696; 900 696; 896 692; 895 692; 890 687; 889 687; 884 682
65; 358 693; 357 694; 356 694; 355 695; 354 695; 353 696; 352 696; 351 697; 349 697; 348 698; 346 698; 345 699; 343 699; 342 700; 341 700; 340 701; 339 701; 338 702; 336 702; 335 703; 333 703; 332 704; 331 704; 330 705; 329 705; 328 706; 327 706; 326 707; 325 707; 324 708; 324 710; 325 711; 327 711; 329 713; 330 713; 331 714; 332 714; 334 716; 335 716; 338 719; 339 719; 340 720; 342 720; 343 721; 344 721; 345 722; 346 722; 347 723; 348 723; 349 724; 350 724; 351 725; 352 725; 353 726; 354 726; 355 727; 356 727; 358 729; 360 729; 362 727; 362 695; 360 693
66; 794 696; 793 697; 793 699; 794 700; 794 701; 795 702; 795 703; 796 704; 796 706; 797 707; 797 708; 798 709; 798 712; 799 713; 799 716; 800 717; 800 719; 801 720; 801 721; 802 722; 802 723; 803 724; 803 727; 804 728; 804 729; 805 730; 807 730; 812 725; 813 725; 816 722; 817 722; 819 720; 820 720; 821 719; 822 719; 825 716; 826 716; 830 712; 831 712; 833 710; 834 710; 834 707; 833 706; 831 706; 830 705; 827 705; 826 704; 825 704; 824 703; 822 703; 821 702; 820 702; 819 701; 818 701; 817 700; 816 700; 815 699; 813 699; 812 698; 806 698; 805 697; 800 697; 799 696
67; 925 698; 923 700; 923 704; 922 705; 922 708; 921 709; 921 711; 919 713; 919 714; 918 715; 918 721; 917 722; 917 725; 916 726; 916 731; 920 731; 921 730; 923 730; 924 729; 933 729; 934 728; 940 728; 941 727; 944 727; 945 726; 947 726; 948 725; 954 725; 955 724; 955 721; 954 721; 946 713; 945 713; 943 711; 942 711; 935 704; 934 704; 932 702; 931 702; 927 698
68; 698 705; 697 706; 697 708; 698 709; 698 710; 699 711; 699 712; 700 713; 700 714; 702 716; 702 719; 703 720; 703 722; 705 724; 705 725; 706 726; 706 727; 708 729; 708 730; 709 731; 709 732; 711 734; 711 735; 712 736; 712 737; 717 737; 717 736; 719 734; 719 733; 721 731; 722 731; 732 721; 732 720; 739 713; 739 710; 737 710; 736 709; 729 709; 728 708; 721 708; 720 707; 713 707; 712 706; 703 706; 702 705
69; 437 710; 434 713; 433 713; 431 715; 430 715; 428 717; 427 717; 415 729; 414 729; 411 732; 411 734; 412 735; 414 735; 415 736; 420 736; 421 737; 423 737; 424 738; 428 738; 429 739; 432 739; 433 740; 436 740; 437 741; 445 741; 446 742; 447 742; 448 743; 450 743; 451 744; 453 744; 455 742; 455 740; 454 739; 454 738; 453 737; 453 736; 452 735; 452 734; 451 733; 451 731; 450 730; 450 726; 449 725; 449 724; 445 720; 445 719; 443 717; 443 716; 442 715; 442 713; 441 712; 441 711; 440 710
70; 664 712; 662 714; 662 715; 663 716; 663 717; 664 718; 664 720; 665 721; 665 726; 666 727; 666 742; 667 743; 667 747; 668 748; 668 749; 670 751; 672 751; 677 746; 678 746; 680 744; 681 744; 683 742; 684 742; 685 741; 686 741; 688 739; 689 739; 690 738; 691 738; 692 737; 693 737; 695 735; 696 735; 697 734; 698 734; 699 733; 700 733; 701 732; 702 732; 702 728; 701 727; 699 727; 698 726; 696 726; 695 725; 694 725; 693 724; 692 724; 690 722; 689 722; 687 720; 685 720; 684 719; 681 719; 680 718; 678 718; 677 717; 675 717; 674 716; 672 716; 671 715; 670 715; 669 714; 668 714; 667 713; 666 713; 665 712
71; 692 764; 692 765; 691 766; 691 767; 690 768; 690 769; 689 770; 689 771; 688 772; 688 773; 687 774; 687 775; 683 779; 683 787; 682 788; 682 790; 681 791; 681 792; 680 793; 680 794; 679 795; 679 799; 680 800; 682 800; 683 799; 710 799; 711 798; 715 798; 716 799; 720 799; 721 798; 721 795; 720 794; 720 793; 714 787; 714 786; 712 784; 712 783; 710 781; 710 780; 707 777; 707 776; 705 774; 705 773; 702 770; 702 769; 701 769; 698 766; 698 765; 697 764
72; 616 771; 615 772; 614 772; 614 780; 615 781; 615 784; 616 785; 616 792; 617 793; 617 798; 618 799; 618 808; 617 809; 617 811; 620 814; 621 814; 624 811; 625 811; 626 810; 627 810; 628 809; 629 809; 630 808; 631 808; 632 807; 633 807; 634 806; 635 806; 636 805; 637 805; 638 804; 639 804; 640 803; 641 803; 642 802; 643 802; 644 801; 645 801; 646 800; 647 800; 649 798; 650 798; 651 797; 652 797; 653 796; 654 796; 655 795; 655 792; 654 791; 653 791; 652 790; 651 790; 650 789; 649 789; 648 788; 647 788; 645 786; 644 786; 643 785; 642 785; 640 783; 639 783; 637 781; 637 780; 636 780; 635 779; 633 779; 632 778; 630 778; 629 777; 628 777; 627 776; 626 776; 625 775; 624 775; 622 773; 621 773; 620 772; 619 772; 618 771
73; 826 772; 826 773; 825 774; 825 776; 824 777; 824 780; 823 781; 823 784; 822 785; 822 787; 821 788; 821 790; 820 791; 820 793; 819 794; 819 797; 818 798; 818 799; 817 800; 817 802; 816 803; 816 804; 815 805; 815 809; 823 809; 824 808; 838 808; 839 807; 844 807; 845 806; 857 806; 858 805; 858 804; 857 804; 848 795; 848 794; 847 793; 847 792; 846 791; 846 790; 845 789; 845 788; 843 786; 842 786; 832 776; 832 775; 831 774; 831 773; 830 773; 829 772
74; 435 780; 435 786; 436 787; 436 790; 437 791; 437 794; 438 795; 438 801; 439 802; 439 803; 440 804; 440 806; 441 807; 441 809; 442 810; 442 818; 443 819; 443 820; 448 820; 452 816; 453 816; 455 814; 456 814; 458 812; 459 812; 462 809; 463 809; 467 805; 468 805; 471 802; 472 802; 473 801; 474 801; 476 799; 477 799; 477 795; 476 795; 475 794; 473 794; 472 793; 469 793; 468 792; 466 792; 465 791; 464 791; 463 790; 462 790; 461 789; 460 789; 459 788; 458 788; 457 787; 455 787; 454 786; 453 786; 452 785; 451 785; 450 784; 448 784; 447 783; 445 783; 444 782; 443 782; 442 781; 440 781; 439 780
75; 894 795; 893 796; 892 796; 891 797; 887 797; 886 798; 878 798; 877 799; 876 799; 875 800; 874 800; 873 801; 872 801; 871 802; 869 802; 868 803; 866 803; 865 804; 862 804; 861 805; 859 805; 858 806; 859 807; 860 807; 863 810; 864 810; 873 819; 873 821; 874 822; 876 822; 877 823; 878 823; 880 825; 881 825; 884 828; 885 828; 886 829; 886 831; 887 832; 889 832; 890 833; 893 833; 894 832; 894 825; 895 824; 895 822; 896 821; 896 819; 897 818; 897 814; 898 813; 898 804; 899 803; 899 796; 898 795
76; 995 796; 994 797; 994 802; 995 803; 995 807; 994 808; 994 816; 995 817; 995 833; 997 835; 999 835; 1000 834; 1001 834; 1003 832; 1004 832; 1005 831; 1007 831; 1008 830; 1009 830; 1010 829; 1011 829; 1012 828; 1013 828; 1014 827; 1015 827; 1016 826; 1017 826; 1018 825; 1020 825; 1021 824; 1023 824; 1023 810; 1021 810; 1018 807; 1017 807; 1014 804; 1012 804; 1011 803; 1010 803; 1009 802; 1007 802; 1006 801; 1005 801; 1004 800; 1003 800; 1001 798; 1000 798; 998 796
77; 616 811; 615 812; 614 812; 613 813; 612 813; 611 814; 609 814; 608 815; 607 815; 606 816; 605 816; 604 817; 602 817; 601 818; 600 818; 599 819; 598 819; 597 820; 596 820; 595 821; 594 821; 593 822; 591 822; 590 823; 589 823; 588 824; 587 824; 586 825; 584 825; 583 826; 582 826; 581 827; 580 827; 580 831; 581 832; 582 832; 583 833; 584 833; 585 834; 586 834; 588 836; 589 836; 594 841; 595 841; 596 842; 597 842; 598 843; 600 843; 601 844; 602 844; 604 846; 605 846; 606 847; 607 847; 609 849; 610 849; 613 852; 617 852; 618 851; 618 845; 617 844; 618 843; 618 819; 619 818; 619 816; 620 815
78; 855 814; 854 815; 854 820; 855 821; 855 822; 854 823; 854 827; 853 828; 853 844; 852 845; 852 852; 856 852; 857 851; 859 851; 860 850; 863 850; 864 849; 867 849; 868 848; 869 848; 870 847; 871 847; 872 846; 873 846; 874 845; 876 845; 877 844; 878 844; 879 843; 880 843; 881 842; 882 842; 883 841; 885 841; 886 840; 888 840; 889 839; 890 839; 891 838; 891 837; 892 836; 892 835; 893 834; 890 834; 889 833; 887 833; 886 832; 885 832; 884 831; 883 831; 881 829; 880 829; 878 827; 877 827; 875 825; 875 823; 874 823; 873 822; 871 822; 870 821; 868 821; 867 820; 866 820; 865 819; 864 819; 859 814
79; 116 838; 115 839; 115 841; 117 843; 117 844; 118 845; 118 847; 119 848; 119 854; 120 855; 120 858; 121 859; 121 861; 122 862; 122 863; 123 864; 123 866; 125 868; 125 869; 126 870; 126 874; 127 875; 127 877; 128 878; 132 878; 138 872; 139 872; 141 870; 142 870; 143 869; 144 869; 156 857; 157 857; 160 854; 160 851; 159 850; 158 850; 157 849; 152 849; 151 848; 149 848; 148 847; 147 847; 146 846; 143 846; 142 845; 140 845; 139 844; 138 844; 137 843; 135 843; 134 842; 132 842; 131 841; 128 841; 127 840; 124 840; 123 839; 120 839; 119 838
80; 844 858; 843 859; 843 862; 844 863; 844 864; 845 865; 845 869; 846 870; 846 876; 847 877; 847 879; 848 880; 848 881; 849 882; 849 883; 850 884; 850 885; 851 886; 851 887; 852 888; 852 890; 853 891; 853 896; 855 898; 858 898; 863 893; 864 893; 868 889; 869 889; 871 887; 872 887; 877 882; 878 882; 883 877; 884 877; 886 875; 886 872; 884 870; 878 870; 877 869; 876 869; 875 868; 873 868; 872 867; 871 867; 870 866; 868 866; 867 865; 866 865; 865 864; 862 864; 861 863; 859 863; 858 862; 856 862; 855 861; 853 861; 852 860; 851 860; 849 858
81; 272 857; 271 858; 271 859; 270 860; 270 864; 269 865; 269 869; 268 870; 268 872; 265 875; 265 882; 266 883; 266 884; 265 885; 265 890; 264 891; 264 896; 265 897; 269 897; 270 896; 272 896; 273 895; 277 895; 278 894; 282 894; 283 893; 289 893; 290 892; 293 892; 294 891; 295 891; 296 890; 298 890; 299 889; 301 889; 302 888; 305 888; 306 887; 306 884; 304 882; 303 882; 301 880; 300 880; 292 872; 291 872; 286 867; 285 867; 282 864; 281 864; 278 861; 278 860; 275 857
82; 561 887; 559 889; 558 889; 557 890; 555 890; 554 891; 551 891; 550 892; 549 892; 548 893; 546 893; 545 894; 543 894; 542 895; 541 895; 540 896; 539 896; 538 897; 536 897; 535 898; 533 898; 532 899; 530 899; 529 900; 528 900; 527 901; 527 904; 529 906; 531 906; 532 907; 533 907; 535 909; 536 909; 542 915; 543 915; 544 916; 545 916; 546 917; 547 917; 548 918; 549 918; 550 919; 551 919; 552 920; 553 920; 554 921; 555 921; 556 922; 557 922; 559 924; 560 924; 562 926; 566 926; 566 924; 567 923; 567 921; 566 920; 566 888; 565 887
83; 768 890; 767 891; 767 915; 768 916; 768 920; 769 921; 769 929; 770 930; 774 930; 775 929; 776 929; 778 927; 779 927; 780 926; 783 926; 784 925; 787 925; 788 924; 789 924; 791 922; 792 922; 793 921; 794 921; 795 920; 796 920; 798 918; 799 918; 800 917; 802 917; 803 916; 805 916; 806 915; 806 912; 804 910; 803 910; 802 909; 800 909; 799 908; 798 908; 794 904; 793 904; 789 900; 788 900; 787 899; 786 899; 785 898; 784 898; 782 896; 781 896; 780 895; 779 895; 778 894; 777 894; 776 893; 775 893; 774 892; 773 892; 772 891; 771 891; 770 890
84; 954 908; 949 913; 948 913; 932 929; 931 929; 927 933; 927 935; 929 937; 938 937; 939 938; 940 938; 941 939; 942 939; 943 940; 944 940; 945 941; 946 941; 947 942; 955 942; 956 943; 960 943; 961 944; 964 944; 965 945; 969 945; 970 944; 970 942; 969 941; 969 939; 968 938; 968 936; 967 935; 967 933; 966 932; 966 931; 965 930; 965 928; 964 927; 964 926; 963 925; 963 923; 962 922; 962 921; 961 920; 961 919; 960 918; 960 916; 959 915; 959 912; 958 911; 958 909; 957 909; 956 908
85; 181 920; 180 921; 176 921; 175 922; 172 922; 171 921; 163 921; 162 922; 162 924; 166 928; 166 929; 168 931; 168 932; 169 933; 169 934; 172 937; 172 938; 175 941; 175 942; 177 944; 177 945; 179 947; 179 948; 182 951; 182 952; 183 953; 183 954; 184 955; 184 956; 185 957; 189 957; 189 956; 190 955; 190 954; 191 953; 191 952; 192 951; 192 950; 194 948; 194 947; 197 944; 197 943; 199 941; 199 940; 202 937; 202 936; 204 934; 204 933; 205 932; 205 931; 207 929; 207 925; 205 923; 192 923; 191 922; 187 922; 186 921; 185 921; 184 920
86; 436 921; 435 922; 435 926; 434 927; 434 931; 433 932; 433 935; 428 940; 427 940; 427 943; 430 946; 430 947; 431 948; 431 953; 432 954; 432 955; 434 957; 437 957; 438 956; 438 954; 439 953; 439 952; 440 951; 441 951; 442 950; 443 950; 444 949; 445 949; 446 950; 450 950; 451 951; 454 951; 455 952; 458 952; 459 953; 462 953; 463 954; 467 954; 468 953; 468 951; 467 950; 467 949; 463 945; 463 944; 460 941; 460 940; 448 928; 447 928; 440 921
87; 925 934; 924 935; 921 935; 920 936; 900 936; 899 937; 895 937; 894 938; 892 938; 891 937; 887 937; 886 938; 885 938; 885 940; 893 948; 893 949; 896 952; 896 953; 901 958; 901 959; 907 965; 907 966; 913 972; 915 972; 916 971; 916 968; 917 967; 917 966; 918 965; 918 963; 919 962; 919 961; 920 960; 920 959; 922 957; 922 950; 923 949; 923 947; 924 946; 924 944; 925 943; 925 942; 927 940; 927 939; 928 938; 928 937; 926 935; 926 934
88; 390 934; 382 942; 381 942; 369 954; 368 954; 364 958; 364 961; 365 962; 366 962; 367 963; 373 963; 374 964; 376 964; 377 965; 378 965; 379 966; 380 966; 381 967; 382 967; 383 968; 384 968; 386 970; 388 970; 389 971; 396 971; 397 972; 399 972; 400 973; 402 973; 403 974; 404 974; 405 975; 408 975; 409 974; 409 970; 408 969; 408 968; 407 967; 407 966; 406 965; 406 963; 405 962; 405 960; 404 959; 404 957; 403 956; 403 955; 402 954; 402 953; 401 952; 401 951; 400 950; 400 949; 399 948; 399 947; 398 946; 398 945; 397 944; 397 943; 396 942; 396 940; 395 939; 395 937; 394 936; 394 935; 393 934
89; 294 942; 293 943; 292 943; 291 944; 290 944; 289 945; 282 945; 281 946; 277 946; 276 947; 272 947; 271 948; 267 948; 266 949; 264 949; 263 950; 261 950; 260 951; 258 951; 257 952; 257 956; 259 958; 259 960; 258 961; 258 963; 261 963; 262 964; 264 964; 265 965; 268 965; 271 968; 272 968; 273 969; 274 969; 276 971; 277 971; 278 972; 279 972; 282 975; 283 975; 284 976; 284 977; 286 979; 286 980; 288 982; 288 983; 289 983; 290 984; 292 984; 293 983; 293 982; 294 981; 294 973; 295 972; 295 970; 296 969; 296 963; 297 962; 297 949; 298 948; 298 944; 296 942
90; 538 957; 537 958; 537 962; 538 963; 538 965; 539 966; 539 972; 540 973; 540 976; 539 977; 539 984; 540 985; 540 986; 541 987; 541 989; 542 990; 542 991; 543 992; 543 994; 544 995; 544 998; 545 999; 545 1001; 546 1002; 546 1003; 547 1004; 550 1004; 552 1002; 552 1001; 553 1000; 554 1000; 556 998; 557 998; 559 996; 560 996; 564 992; 565 992; 567 990; 568 990; 570 988; 571 988; 575 984; 576 984; 579 981; 579 977; 578 976; 577 976; 576 975; 575 975; 574 974; 573 974; 572 973; 571 973; 570 972; 569 972; 568 971; 567 971; 566 970; 565 970; 564 969; 563 969; 562 968; 561 968; 560 967; 559 967; 558 966; 557 966; 556 965; 555 965; 554 964; 553 964; 552 963; 551 963; 550 962; 549 962; 548 961; 547 961; 546 960; 545 960; 544 959; 543 959; 541 957
91; 257 963; 256 964; 255 964; 252 967; 251 967; 238 980; 238 981; 237 982; 237 983; 232 988; 232 990; 234 992; 235 992; 236 993; 239 993; 240 994; 242 994; 243 995; 244 995; 245 996; 248 996; 249 997; 250 997; 251 998; 253 998; 254 999; 256 999; 257 1000; 259 1000; 260 1001; 261 1001; 262 1002; 263 1002; 264 1003; 265 1003; 266 1004; 268 1004; 269 1005; 271 1005; 272 1006; 273 1006; 274 1007; 277 1007; 278 1006; 278 1003; 277 1002; 277 1001; 276 1000; 276 999; 275 998; 275 997; 274 996; 274 995; 273 994; 273 992; 272 991; 272 984; 271 983; 271 982; 270 981; 270 980; 269 979; 269 977; 268 976; 268 973; 267 972; 267 971; 266 970; 266 968; 265 967; 265 966; 264 965; 262 965; 261 964; 258 964
92; 197 960; 195 962; 195 964; 194 965; 194 966; 192 968; 192 969; 188 973; 187 973; 186 974; 186 975; 185 976; 185 979; 184 980; 184 982; 183 983; 183 985; 182 986; 182 987; 179 990; 179 991; 178 992; 178 995; 180 997; 188 997; 189 998; 191 998; 192 999; 194 999; 195 1000; 199 1000; 200 1001; 203 1001; 204 1002; 210 1002; 211 1003; 218 1003; 219 1004; 224 1004; 224 1000; 219 995; 219 994; 218 993; 218 992; 217 991; 217 989; 216 988; 216 987; 215 986; 215 985; 214 984; 214 983; 213 982; 213 981; 212 980; 212 979; 211 978; 211 977; 210 976; 210 975; 208 973; 208 972; 206 970; 206 969; 204 967; 204 966; 203 965; 203 964; 201 962; 201 961; 200 960
93; 813 976; 811 978; 810 978; 807 981; 806 981; 805 982; 804 982; 803 983; 801 983; 800 984; 799 984; 798 985; 797 985; 796 986; 795 986; 794 987; 793 987; 792 988; 791 988; 786 993; 785 993; 784 994; 782 994; 780 996; 780 998; 783 1001; 784 1001; 787 1004; 788 1004; 792 1008; 793 1008; 795 1010; 796 1010; 798 1012; 799 1012; 800 1013; 801 1013; 802 1014; 803 1014; 805 1016; 806 1016; 808 1018; 809 1018; 810 1019; 811 1019; 815 1023; 827 1023; 827 1021; 826 1020; 826 1019; 825 1018; 825 1016; 824 1015; 824 1013; 823 1012; 823 1010; 822 1009; 822 1001; 821 1000; 821 999; 820 998; 820 997; 819 996; 819 993; 818 992; 818 988; 817 987; 817 977; 816 976
