0; 284 0; 284 3; 281 6; 281 7; 278 10; 278 14; 279 15; 280 15; 281 16; 285 16; 286 17; 291 17; 292 18; 293 18; 294 19; 295 19; 296 20; 304 20; 305 21; 309 21; 310 22; 316 22; 317 21; 317 16; 316 15; 316 13; 315 12; 315 10; 314 9; 314 7; 313 6; 313 4; 312 3; 312 0; 302 0; 302 1; 303 2; 303 3; 304 4; 304 5; 305 6; 305 7; 306 8; 306 11; 305 12; 300 12; 299 11; 297 11; 296 10; 295 10; 293 8; 293 5; 296 2; 296 0
1; 403 0; 403 2; 402 3; 402 8; 403 9; 403 22; 404 23; 404 31; 405 32; 405 37; 406 38; 406 39; 407 40; 411 40; 412 39; 413 39; 414 38; 415 38; 417 36; 418 36; 421 33; 422 33; 425 30; 426 30; 427 29; 428 29; 431 26; 432 26; 434 24; 435 24; 436 23; 439 23; 440 24; 440 21; 441 20; 441 18; 438 15; 437 15; 435 13; 433 13; 432 12; 431 12; 430 11; 429 11; 428 10; 427 10; 424 7; 423 7; 422 6; 421 6; 420 5; 418 5; 417 4; 416 4; 415 3; 414 3; 411 0
2; 507 0; 507 1; 504 4; 503 4; 500 7; 500 8; 499 9; 499 10; 489 20; 489 23; 491 25; 493 25; 494 26; 497 26; 498 27; 500 27; 501 28; 504 28; 505 29; 508 29; 509 30; 512 30; 513 31; 516 31; 517 32; 519 32; 520 33; 521 33; 523 35; 526 35; 527 34; 527 33; 528 32; 528 26; 527 25; 527 22; 526 21; 526 20; 525 19; 525 17; 524 16; 524 14; 523 13; 523 10; 522 9; 522 7; 521 6; 521 4; 520 3; 520 0
3; 442 18; 442 20; 441 21; 441 25; 443 27; 443 28; 444 29; 444 31; 445 32; 445 34; 446 35; 446 37; 447 38; 447 39; 448 40; 448 42; 449 43; 449 45; 450 46; 450 50; 451 51; 451 53; 452 54; 452 55; 453 56; 453 57; 457 57; 460 54; 461 54; 465 50; 465 49; 471 43; 471 42; 479 34; 479 33; 481 31; 481 27; 480 27; 479 26; 477 26; 476 25; 472 25; 471 24; 467 24; 466 23; 465 23; 464 22; 463 22; 462 21; 452 21; 451 20; 445 20; 444 19; 443 19
4; 125 29; 124 30; 124 35; 126 37; 126 39; 128 41; 128 42; 129 43; 129 44; 131 46; 131 47; 134 50; 134 51; 136 53; 136 54; 137 55; 137 56; 139 58; 139 59; 144 64; 146 64; 148 62; 148 61; 149 60; 149 59; 150 58; 150 56; 151 55; 151 54; 152 53; 152 52; 157 47; 157 46; 158 45; 158 42; 159 41; 159 40; 161 38; 161 37; 162 36; 162 35; 163 34; 163 30; 162 29
5; 698 21; 694 21; 680 35; 678 40; 672 46; 671 51; 683 55; 702 58; 708 61; 711 58; 708 52; 705 36
6; 705 36; 709 35; 725 19; 728 13; 734 7; 730 0; 694 0; 700 18; 698 21
7; 524 36; 523 37; 518 37; 517 38; 510 38; 509 39; 509 43; 511 45; 511 46; 512 47; 512 48; 514 50; 514 51; 515 52; 515 53; 517 55; 517 57; 518 58; 518 59; 519 60; 519 61; 521 63; 521 64; 522 65; 522 66; 523 67; 523 68; 525 70; 525 71; 526 71; 529 74; 531 74; 535 70; 535 69; 536 68; 536 67; 537 66; 537 65; 538 64; 538 63; 541 60; 541 59; 542 58; 542 57; 543 56; 543 55; 544 54; 544 52; 545 51; 545 50; 547 48; 547 47; 549 45; 549 44; 550 43; 550 41; 548 39; 544 39; 543 38; 528 38; 526 36
8; 636 31; 636 32; 635 33; 635 40; 634 41; 634 44; 633 45; 633 46; 632 47; 632 49; 631 50; 631 53; 630 54; 630 56; 629 57; 629 60; 628 61; 628 65; 629 66; 635 66; 636 65; 642 65; 643 64; 651 64; 653 62; 654 62; 655 61; 660 61; 661 60; 666 60; 669 57; 667 55; 667 54; 653 40; 653 39; 645 31; 643 31; 642 32; 640 32; 639 31
9; 798 41; 797 42; 796 42; 795 43; 794 43; 793 44; 792 44; 791 45; 790 45; 789 46; 788 46; 787 47; 786 47; 785 48; 784 48; 783 49; 782 49; 781 50; 780 50; 779 51; 778 51; 777 52; 776 52; 775 53; 774 53; 773 54; 772 54; 771 55; 770 55; 768 57; 767 57; 765 59; 765 61; 770 66; 772 66; 773 67; 775 67; 777 69; 778 69; 782 73; 783 73; 784 74; 786 74; 787 75; 788 75; 791 78; 792 78; 794 80; 795 80; 796 81; 798 81; 800 79; 800 67; 801 66; 801 52; 802 51; 802 43; 800 41
10; 340 41; 335 46; 335 47; 330 52; 329 52; 328 53; 327 53; 325 55; 325 56; 324 57; 324 58; 317 65; 317 66; 315 68; 315 70; 316 71; 317 71; 318 72; 319 72; 320 73; 323 73; 324 74; 331 74; 332 75; 338 75; 339 76; 341 76; 342 77; 343 77; 344 78; 349 78; 350 79; 355 79; 356 78; 356 74; 355 73; 355 71; 354 70; 354 68; 353 67; 353 64; 352 63; 352 61; 351 60; 351 59; 350 58; 350 56; 349 55; 349 53; 348 52; 348 50; 347 49; 347 46; 346 45; 346 44; 343 41
11; 559 42; 556 45; 556 46; 554 48; 554 49; 553 50; 553 51; 551 53; 551 54; 549 56; 549 57; 546 60; 546 61; 545 62; 545 63; 544 64; 544 65; 540 69; 540 70; 539 71; 539 73; 542 76; 547 76; 548 77; 557 77; 558 78; 574 78; 575 79; 578 79; 580 77; 580 75; 579 74; 579 73; 577 71; 577 69; 576 68; 576 67; 575 66; 575 65; 574 64; 574 63; 573 62; 573 61; 572 60; 572 59; 571 58; 571 57; 570 56; 570 54; 569 53; 569 51; 568 50; 568 48; 564 44; 564 43; 563 42
12; 669 58; 667 60; 667 61; 668 62; 668 70; 669 71; 669 79; 668 80; 668 82; 669 83; 669 91; 670 92; 670 95; 671 96; 671 97; 673 99; 675 99; 677 97; 678 97; 680 95; 681 95; 683 93; 684 93; 686 91; 687 91; 689 89; 690 89; 691 88; 692 88; 693 87; 694 87; 696 85; 697 85; 699 83; 700 83; 702 81; 703 81; 705 79; 705 76; 704 75; 703 75; 701 73; 700 73; 699 72; 698 72; 697 71; 696 71; 695 70; 694 70; 692 68; 691 68; 690 67; 690 66; 689 65; 688 65; 687 64; 684 64; 683 63; 682 63; 680 61; 679 61; 678 60; 677 60; 676 59; 674 59; 673 58
13; 711 59; 708 62; 709 63; 709 65; 710 66; 710 68; 711 69; 711 71; 712 72; 712 80; 713 81; 713 83; 714 84; 714 86; 715 87; 715 89; 716 90; 716 93; 717 94; 717 97; 719 99; 723 99; 723 98; 727 94; 728 94; 732 90; 733 90; 734 89; 735 89; 738 86; 738 85; 747 76; 747 72; 746 72; 744 70; 743 70; 742 69; 740 69; 739 68; 736 68; 735 67; 734 67; 733 66; 730 66; 729 65; 727 65; 726 64; 724 64; 723 63; 722 63; 721 62; 718 62; 717 61; 715 61; 714 60; 713 60; 712 59
14; 483 60; 482 61; 482 62; 481 63; 481 65; 479 67; 482 70; 482 71; 483 72; 483 76; 484 77; 484 84; 485 85; 485 87; 486 88; 486 91; 487 92; 487 98; 489 100; 491 100; 492 99; 493 99; 497 95; 498 95; 501 92; 502 92; 503 91; 504 91; 505 90; 506 90; 507 89; 507 88; 513 82; 514 82; 516 80; 517 80; 518 79; 519 79; 520 78; 520 75; 519 74; 518 74; 517 73; 516 73; 515 72; 514 72; 513 71; 511 71; 510 70; 509 70; 508 69; 506 69; 505 68; 504 68; 503 67; 502 67; 501 66; 500 66; 499 65; 498 65; 497 64; 495 64; 494 63; 492 63; 491 62; 489 62; 488 61; 487 61; 486 60
15; 474 65; 473 66; 472 66; 470 68; 469 68; 466 71; 465 71; 464 72; 463 72; 462 73; 461 73; 460 74; 459 74; 458 75; 457 75; 456 76; 456 77; 453 80; 452 80; 451 81; 450 81; 449 82; 448 82; 446 84; 445 84; 444 85; 444 89; 445 90; 446 90; 447 91; 448 91; 449 92; 450 92; 451 93; 452 93; 453 94; 454 94; 455 95; 456 95; 457 96; 458 96; 460 98; 461 98; 463 100; 465 100; 466 101; 467 101; 469 103; 471 103; 472 104; 473 104; 474 105; 480 105; 481 104; 481 96; 480 95; 480 83; 479 82; 479 68; 476 65
16; 581 76; 581 77; 578 80; 579 81; 579 85; 580 86; 580 89; 581 90; 581 92; 582 93; 582 99; 583 100; 583 101; 582 102; 582 104; 583 105; 583 109; 584 110; 584 112; 585 113; 585 115; 587 117; 590 117; 591 116; 592 116; 598 110; 599 110; 600 109; 601 109; 603 107; 604 107; 606 105; 607 105; 613 99; 614 99; 618 95; 618 91; 616 89; 615 89; 614 88; 613 88; 612 87; 608 87; 607 86; 605 86; 602 83; 601 83; 600 82; 596 82; 595 81; 592 81; 591 80; 590 80; 589 79; 587 79; 586 78; 584 78; 583 77; 582 77
17; 57 89; 55 91; 55 97; 56 98; 56 100; 57 101; 57 102; 58 103; 58 104; 59 105; 59 106; 60 107; 60 108; 61 109; 61 111; 62 112; 62 114; 63 115; 63 117; 64 118; 64 119; 65 120; 65 121; 66 122; 66 124; 69 127; 71 127; 76 122; 76 121; 82 115; 83 115; 85 113; 85 110; 92 103; 92 102; 94 100; 94 96; 93 95; 90 95; 89 94; 86 94; 85 93; 79 93; 78 92; 74 92; 73 91; 66 91; 65 90; 62 90; 61 89
18; 0 105; 0 113; 9 113; 11 115; 11 117; 10 118; 10 119; 9 120; 9 121; 8 122; 8 123; 6 125; 4 125; 1 122; 0 122; 0 139; 2 139; 3 140; 6 140; 9 137; 9 136; 10 135; 10 134; 12 132; 12 131; 16 127; 16 126; 18 124; 18 122; 19 121; 19 119; 21 117; 21 116; 23 114; 23 113; 25 111; 25 108; 24 107; 23 107; 22 106; 19 106; 18 105; 15 105; 14 106; 13 106; 12 105
19; 502 104; 501 105; 501 106; 500 107; 500 110; 499 111; 499 114; 500 115; 500 132; 499 133; 499 141; 503 145; 505 145; 506 144; 507 144; 508 143; 509 143; 510 142; 511 142; 513 140; 514 140; 515 139; 516 139; 518 137; 520 137; 521 136; 522 136; 523 135; 524 135; 526 133; 527 133; 528 132; 529 132; 530 131; 531 131; 532 130; 533 130; 537 126; 537 124; 534 121; 532 121; 531 120; 530 120; 529 119; 528 119; 526 117; 525 117; 523 115; 523 114; 520 111; 518 111; 517 110; 515 110; 513 108; 512 108; 511 107; 510 107; 508 105; 507 105; 506 104
20; 429 114; 428 115; 427 115; 426 116; 425 116; 423 118; 422 118; 421 119; 420 119; 418 121; 417 121; 415 123; 413 123; 412 124; 411 124; 405 130; 404 130; 402 132; 401 132; 397 136; 397 138; 400 141; 401 141; 402 142; 405 142; 406 143; 407 143; 408 144; 409 144; 411 146; 412 146; 413 147; 415 147; 416 148; 418 148; 419 149; 420 149; 421 150; 422 150; 424 152; 425 152; 426 153; 427 153; 428 154; 430 154; 431 155; 433 155; 435 153; 435 140; 434 139; 434 122; 433 121; 433 117; 432 116; 432 115; 431 114
21; 14 140; 13 141; 13 146; 14 147; 14 149; 15 150; 15 151; 16 152; 16 154; 17 155; 17 156; 18 157; 18 162; 19 163; 19 164; 20 165; 20 167; 19 168; 17 168; 16 167; 14 167; 13 166; 11 166; 9 164; 8 164; 7 163; 6 163; 5 162; 4 162; 3 161; 2 161; 1 160; 0 160; 0 169; 2 169; 3 170; 4 170; 6 172; 6 175; 4 177; 3 177; 2 178; 0 178; 0 186; 2 186; 3 185; 4 185; 5 184; 6 184; 7 183; 8 183; 12 179; 14 179; 15 178; 17 178; 20 175; 20 174; 21 173; 23 173; 26 176; 30 176; 37 169; 37 168; 44 161; 44 160; 47 157; 47 156; 51 152; 51 151; 52 150; 52 146; 51 146; 50 145; 49 145; 48 144; 45 144; 44 143; 38 143; 37 142; 30 142; 29 141; 22 141; 21 140
22; 140 136; 130 146; 129 146; 128 147; 127 147; 126 148; 126 149; 125 150; 125 151; 116 160; 116 161; 115 162; 115 164; 117 166; 120 166; 121 167; 126 167; 127 168; 130 168; 131 169; 133 169; 134 170; 136 170; 137 171; 141 171; 142 172; 144 172; 145 173; 149 173; 150 174; 152 174; 154 172; 154 169; 153 168; 153 164; 152 163; 152 161; 151 160; 151 158; 150 157; 150 153; 149 152; 149 149; 148 148; 148 142; 147 141; 147 139; 146 138; 146 137; 145 136
23; 73 146; 59 160; 59 161; 51 169; 51 170; 49 172; 49 174; 51 176; 53 176; 54 177; 59 177; 60 178; 63 178; 64 179; 65 179; 66 180; 67 180; 68 181; 74 181; 75 182; 78 182; 79 183; 87 183; 87 178; 86 177; 86 175; 85 174; 85 170; 84 169; 84 167; 83 166; 83 163; 82 162; 82 160; 81 159; 81 157; 80 156; 80 153; 79 152; 79 151; 78 150; 78 149; 77 148; 77 147; 76 146
24; 917 151; 916 152; 916 157; 917 158; 917 160; 918 161; 918 162; 919 163; 919 165; 920 166; 920 168; 921 169; 921 172; 922 173; 922 174; 923 175; 923 176; 924 177; 924 178; 925 179; 925 181; 926 182; 926 184; 927 185; 927 187; 929 189; 932 189; 943 178; 943 177; 947 173; 948 173; 953 168; 953 167; 955 165; 955 164; 956 163; 956 160; 955 159; 954 159; 953 158; 950 158; 949 157; 946 157; 945 156; 942 156; 941 155; 940 155; 939 154; 937 154; 936 153; 928 153; 927 152; 925 152; 924 151
25; 613 157; 610 160; 610 161; 599 172; 599 173; 591 181; 591 182; 590 183; 590 185; 591 186; 592 186; 593 187; 594 187; 595 188; 598 188; 599 189; 602 189; 603 190; 606 190; 607 191; 609 191; 610 192; 612 192; 613 193; 616 193; 617 194; 619 194; 620 195; 629 195; 629 190; 628 189; 628 187; 627 186; 627 184; 626 183; 626 182; 625 181; 625 179; 624 178; 624 173; 623 172; 623 170; 622 169; 622 167; 621 166; 621 164; 620 163; 620 160; 619 159; 618 159; 616 157
26; 415 163; 414 164; 413 164; 407 170; 406 170; 402 174; 402 175; 400 177; 399 177; 388 188; 388 190; 390 192; 392 192; 393 193; 395 193; 396 194; 399 194; 400 195; 401 195; 402 196; 403 196; 405 198; 410 198; 411 199; 414 199; 415 200; 416 200; 417 201; 420 201; 421 202; 426 202; 427 201; 427 194; 426 193; 426 191; 425 190; 425 188; 424 187; 424 186; 423 185; 423 181; 422 180; 422 178; 421 177; 421 170; 420 169; 420 167; 419 166; 419 165; 417 163
27; 905 167; 904 168; 903 168; 900 171; 899 171; 897 173; 896 173; 895 174; 894 174; 892 176; 891 176; 888 179; 887 179; 885 181; 884 181; 882 183; 881 183; 877 187; 877 190; 880 193; 881 193; 882 194; 884 194; 885 195; 886 195; 887 196; 888 196; 889 197; 890 197; 891 198; 893 198; 894 199; 895 199; 896 200; 897 200; 898 201; 900 201; 901 202; 902 202; 903 203; 904 203; 905 204; 906 204; 907 205; 908 205; 909 206; 913 206; 915 204; 915 201; 914 200; 914 191; 913 190; 914 189; 914 186; 913 185; 913 183; 912 182; 912 172; 911 171; 911 168; 910 167
28; 438 174; 437 175; 436 175; 435 176; 435 178; 436 179; 436 181; 437 182; 437 184; 438 185; 438 187; 439 188; 439 190; 440 191; 440 197; 441 198; 441 199; 442 200; 442 202; 443 203; 443 207; 444 208; 444 211; 446 213; 449 213; 458 204; 459 204; 460 203; 461 203; 462 202; 463 202; 464 201; 464 200; 465 199; 465 198; 466 197; 466 196; 469 193; 470 193; 473 190; 473 189; 474 188; 474 185; 473 184; 472 184; 471 183; 470 183; 469 182; 467 182; 466 181; 464 181; 463 180; 460 180; 459 179; 455 179; 454 178; 451 178; 450 177; 449 177; 448 176; 447 176; 446 175; 444 175; 443 174
29; 128 178; 127 179; 127 183; 128 184; 128 187; 129 188; 129 190; 130 191; 130 193; 131 194; 131 197; 132 198; 132 201; 133 202; 133 204; 134 205; 134 207; 135 208; 135 210; 136 211; 136 212; 137 213; 137 214; 138 215; 142 215; 143 214; 144 214; 146 212; 146 211; 148 209; 148 208; 155 201; 155 200; 163 192; 163 191; 165 189; 165 186; 164 185; 163 185; 162 184; 159 184; 158 183; 154 183; 153 182; 151 182; 150 181; 148 181; 147 180; 145 180; 144 179; 137 179; 136 178
30; 287 198; 287 199; 286 200; 286 201; 284 203; 280 199; 278 199; 277 200; 277 202; 276 203; 276 205; 275 206; 275 207; 271 211; 270 211; 268 213; 267 213; 266 214; 265 214; 264 215; 263 215; 261 217; 260 217; 258 219; 258 222; 259 223; 260 223; 261 224; 263 224; 264 225; 269 225; 270 226; 273 226; 276 229; 277 229; 278 230; 282 230; 283 231; 286 231; 287 232; 289 232; 290 233; 296 233; 298 231; 298 227; 297 226; 297 223; 296 222; 296 221; 295 220; 295 215; 294 214; 294 211; 293 210; 293 208; 292 207; 292 204; 291 203; 291 201; 290 200; 290 199; 289 198
31; 617 201; 611 207; 610 207; 609 208; 608 208; 607 209; 606 209; 606 211; 604 213; 596 213; 596 216; 600 220; 600 221; 599 222; 598 222; 597 223; 591 223; 591 226; 592 227; 593 227; 594 228; 596 228; 597 229; 599 229; 600 230; 601 230; 606 235; 608 235; 609 236; 611 236; 612 237; 613 237; 614 238; 615 238; 617 240; 618 240; 619 241; 620 241; 621 242; 625 242; 627 240; 627 217; 626 216; 626 212; 627 211; 627 206; 626 205; 624 205; 623 206; 622 206; 620 204; 620 201
32; 159 220; 158 221; 157 221; 156 222; 155 222; 154 223; 153 223; 151 225; 150 225; 149 226; 148 226; 146 228; 145 228; 144 229; 143 229; 141 231; 140 231; 138 233; 137 233; 136 234; 135 234; 134 235; 133 235; 129 239; 129 242; 130 242; 133 245; 134 245; 135 246; 136 246; 137 247; 139 247; 140 248; 141 248; 142 249; 143 249; 147 253; 149 253; 150 254; 152 254; 153 255; 154 255; 155 256; 156 256; 157 257; 159 257; 160 258; 161 258; 162 259; 163 259; 164 260; 165 260; 167 258; 167 257; 166 256; 166 250; 165 249; 165 223; 164 222; 164 221; 163 220
33; 492 221; 490 223; 490 224; 489 225; 489 230; 490 231; 490 239; 489 240; 489 247; 490 248; 490 258; 491 259; 491 260; 492 261; 495 261; 496 260; 498 260; 499 259; 500 259; 501 258; 502 258; 503 257; 504 257; 505 256; 506 256; 507 255; 508 255; 509 254; 510 254; 511 253; 512 253; 513 252; 514 252; 516 250; 517 250; 518 249; 519 249; 520 248; 521 248; 523 246; 524 246; 527 243; 527 240; 526 239; 525 239; 523 237; 522 237; 521 236; 520 236; 519 235; 518 235; 517 234; 516 234; 514 232; 513 232; 510 229; 509 229; 508 228; 507 228; 506 227; 505 227; 504 226; 503 226; 501 224; 500 224; 498 222; 496 222; 495 221
34; 1000 227; 990 237; 989 237; 987 239; 986 239; 983 242; 982 242; 975 249; 975 250; 973 252; 973 254; 976 257; 978 257; 979 258; 981 258; 982 259; 985 259; 986 260; 988 260; 989 261; 990 261; 992 263; 994 263; 995 264; 1001 264; 1002 265; 1005 265; 1006 266; 1007 266; 1008 267; 1010 267; 1013 270; 1013 271; 1014 272; 1014 278; 1015 279; 1015 282; 1016 283; 1016 285; 1017 286; 1017 292; 1018 293; 1018 296; 1019 297; 1019 301; 1020 302; 1020 303; 1022 305; 1023 305; 1023 268; 1022 268; 1021 267; 1018 267; 1013 262; 1013 258; 1012 257; 1012 254; 1011 253; 1011 250; 1010 249; 1010 247; 1009 246; 1009 242; 1008 241; 1008 238; 1007 237; 1007 234; 1006 233; 1006 232; 1005 231; 1005 229; 1003 227
35; 534 235; 533 236; 533 237; 532 238; 532 250; 531 251; 531 254; 530 255; 530 262; 529 263; 529 273; 530 274; 534 274; 535 273; 538 273; 539 272; 541 272; 542 271; 544 271; 545 270; 547 270; 548 269; 550 269; 551 268; 552 268; 553 267; 554 267; 555 266; 557 266; 558 265; 561 265; 562 264; 564 264; 567 261; 567 259; 562 254; 561 254; 557 250; 556 250; 554 248; 553 248; 546 241; 545 241; 542 238; 541 238; 539 236; 538 236; 537 235
36; 480 248; 479 249; 477 249; 476 250; 475 250; 472 253; 471 253; 470 254; 469 254; 468 255; 467 255; 466 256; 465 256; 464 257; 463 257; 459 261; 458 261; 456 263; 455 263; 453 265; 453 266; 452 267; 451 267; 450 268; 450 271; 452 273; 453 273; 454 274; 456 274; 457 275; 458 275; 459 276; 461 276; 463 278; 464 278; 465 279; 466 279; 468 281; 469 281; 470 282; 471 282; 473 284; 474 284; 476 286; 477 286; 478 287; 479 287; 480 288; 485 288; 486 287; 486 275; 485 274; 485 270; 486 269; 486 262; 485 261; 485 249; 484 248
37; 167 259; 165 261; 166 262; 166 263; 167 264; 167 265; 168 266; 168 268; 169 269; 169 270; 170 271; 170 273; 171 274; 171 275; 172 276; 172 278; 173 279; 173 280; 174 281; 174 282; 175 283; 175 284; 176 285; 176 286; 178 288; 178 289; 180 291; 180 292; 181 293; 181 294; 183 296; 183 297; 186 297; 190 293; 190 292; 192 290; 192 289; 193 288; 193 287; 195 285; 195 284; 197 282; 197 281; 198 280; 199 280; 202 277; 202 275; 203 274; 203 272; 205 270; 205 269; 206 268; 206 264; 204 262; 192 262; 191 261; 189 261; 187 259; 184 259; 183 260; 182 260; 181 261; 180 261; 179 260; 170 260; 169 259
38; 238 262; 237 263; 237 271; 238 272; 238 280; 239 281; 239 286; 240 287; 240 291; 241 292; 241 298; 242 299; 242 301; 243 302; 248 302; 253 297; 254 297; 257 294; 258 294; 259 293; 260 293; 261 292; 262 292; 263 291; 264 291; 264 290; 266 288; 266 287; 268 285; 269 285; 270 284; 271 284; 274 281; 274 279; 273 278; 273 275; 271 273; 269 273; 268 272; 266 272; 265 271; 263 271; 262 270; 260 270; 259 269; 258 269; 257 268; 255 268; 254 267; 252 267; 251 266; 249 266; 248 265; 247 265; 246 264; 245 264; 244 263; 243 263; 242 262
39; 693 260; 692 261; 691 261; 686 266; 686 267; 681 272; 680 272; 678 274; 678 276; 676 278; 676 279; 671 284; 671 285; 668 288; 668 292; 669 293; 672 293; 673 294; 680 294; 681 295; 684 295; 685 296; 687 296; 688 297; 692 297; 693 298; 695 298; 696 299; 701 299; 702 300; 708 300; 709 299; 709 294; 708 293; 708 290; 707 289; 707 288; 706 287; 706 286; 705 285; 705 284; 704 283; 704 281; 703 280; 703 278; 702 277; 702 275; 701 274; 701 272; 700 271; 700 268; 699 267; 699 265; 698 264; 698 263; 695 260
40; 405 293; 404 294; 403 294; 402 295; 401 295; 399 297; 398 297; 397 298; 396 298; 394 300; 392 300; 391 301; 390 301; 389 300; 382 300; 379 303; 379 304; 378 305; 378 310; 374 314; 374 316; 377 319; 379 319; 380 320; 382 320; 383 321; 384 321; 385 322; 386 322; 387 323; 388 323; 390 325; 391 325; 392 326; 393 326; 396 329; 396 331; 402 331; 403 332; 411 332; 412 331; 412 322; 411 321; 411 305; 410 304; 410 295; 409 294; 409 293
41; 100 304; 99 305; 98 305; 97 306; 97 308; 98 309; 98 315; 99 316; 99 319; 100 320; 100 327; 101 328; 101 329; 102 330; 102 331; 103 332; 103 336; 104 337; 104 343; 105 344; 106 344; 107 345; 108 345; 111 342; 112 342; 115 339; 116 339; 134 321; 135 321; 136 320; 136 316; 135 316; 134 315; 133 315; 132 314; 130 314; 129 313; 126 313; 125 312; 123 312; 122 311; 121 311; 120 310; 118 310; 117 309; 115 309; 114 308; 113 308; 111 306; 110 306; 109 305; 103 305; 102 304
42; 673 315; 672 316; 671 316; 670 317; 670 323; 671 324; 671 325; 672 326; 672 328; 673 329; 673 330; 674 331; 674 333; 675 334; 675 337; 676 338; 676 340; 677 341; 677 343; 678 344; 678 346; 679 347; 679 348; 680 349; 680 351; 681 352; 681 353; 683 355; 686 355; 689 352; 689 351; 696 344; 697 344; 700 341; 700 339; 710 329; 710 326; 708 324; 706 324; 705 323; 704 323; 703 322; 701 322; 700 321; 697 321; 696 320; 690 320; 689 319; 687 319; 686 318; 684 318; 683 317; 681 317; 680 316; 676 316; 675 315
43; 448 317; 446 319; 445 319; 443 321; 441 321; 440 322; 436 322; 433 325; 432 325; 430 327; 429 327; 428 328; 427 328; 426 329; 425 329; 424 330; 423 330; 421 332; 420 332; 418 334; 418 338; 419 339; 420 339; 421 340; 422 340; 423 341; 424 341; 427 344; 427 345; 429 347; 433 347; 434 348; 435 348; 438 351; 439 351; 444 356; 445 356; 447 358; 452 358; 453 357; 453 352; 454 351; 454 329; 455 328; 455 319; 453 317
44; 393 331; 391 333; 391 335; 390 336; 390 339; 391 340; 391 346; 392 347; 392 362; 393 363; 393 369; 396 372; 400 372; 401 371; 402 371; 403 370; 404 370; 406 368; 407 368; 409 366; 410 366; 412 364; 414 364; 422 356; 423 356; 427 352; 428 352; 428 351; 429 350; 429 348; 427 346; 426 346; 425 345; 424 345; 423 344; 422 344; 420 342; 419 342; 418 341; 417 341; 416 340; 414 340; 413 339; 412 339; 409 336; 409 334; 410 333; 403 333; 402 332; 396 332; 395 331
45; 104 345; 104 346; 103 347; 103 348; 99 352; 98 352; 93 357; 92 357; 90 359; 89 359; 88 360; 88 361; 78 371; 78 374; 79 375; 80 375; 81 376; 82 376; 83 377; 85 377; 86 378; 88 378; 89 379; 91 379; 92 380; 93 380; 94 381; 95 381; 96 382; 98 382; 99 383; 101 383; 102 384; 104 384; 105 385; 107 385; 108 386; 111 386; 112 387; 115 387; 116 386; 117 386; 117 379; 116 378; 116 377; 115 376; 115 373; 114 372; 114 369; 115 368; 115 365; 114 364; 114 363; 113 362; 113 361; 112 360; 112 359; 111 358; 111 354; 110 353; 110 351; 109 350; 109 349; 108 348; 108 346; 107 346; 106 345
46; 659 362; 657 364; 657 369; 658 370; 658 373; 659 374; 659 377; 660 378; 660 380; 661 381; 661 383; 662 384; 662 388; 663 389; 663 393; 664 394; 664 398; 665 399; 665 401; 667 403; 670 403; 671 402; 672 402; 678 396; 679 396; 682 393; 684 393; 685 392; 686 392; 688 390; 688 389; 689 388; 689 387; 694 382; 694 381; 697 378; 697 375; 695 373; 693 373; 692 372; 690 372; 689 371; 687 371; 686 370; 683 370; 682 369; 680 369; 679 368; 677 368; 676 367; 674 367; 673 366; 672 366; 671 365; 669 365; 668 364; 666 364; 665 363; 663 363; 662 362
47; 454 369; 453 370; 452 370; 451 371; 450 371; 447 374; 446 374; 445 375; 444 375; 442 377; 441 377; 440 378; 439 378; 438 379; 436 379; 435 380; 433 380; 432 381; 431 381; 430 382; 429 382; 428 383; 427 383; 426 384; 425 384; 421 388; 421 390; 422 391; 422 392; 423 393; 424 393; 425 394; 426 394; 427 395; 428 395; 430 397; 431 397; 432 398; 433 398; 438 403; 439 403; 440 404; 442 404; 443 405; 445 405; 446 406; 447 406; 449 408; 450 408; 452 410; 457 410; 458 409; 458 407; 459 406; 459 401; 458 400; 458 393; 459 392; 459 388; 458 387; 458 372; 457 371; 457 370; 456 369
48; 300 375; 299 376; 297 376; 296 377; 295 377; 293 379; 292 379; 291 380; 290 380; 287 383; 286 383; 284 385; 283 385; 282 386; 281 386; 280 387; 279 387; 278 388; 277 388; 275 390; 274 390; 270 394; 270 398; 271 399; 271 400; 272 401; 273 401; 275 403; 276 403; 277 404; 279 404; 280 405; 281 405; 282 406; 283 406; 284 407; 286 407; 287 408; 288 408; 289 409; 290 409; 292 411; 293 411; 295 413; 296 413; 297 414; 298 414; 299 415; 301 415; 302 416; 305 416; 306 415; 306 400; 307 399; 307 396; 306 395; 306 392; 305 391; 305 378; 304 377; 304 376; 303 375
49; 889 386; 887 388; 887 397; 888 398; 888 405; 889 406; 889 410; 890 411; 890 420; 891 421; 891 424; 892 425; 892 426; 893 427; 898 427; 900 425; 901 425; 905 421; 906 421; 909 418; 911 418; 912 417; 913 417; 921 409; 922 409; 922 408; 925 405; 925 401; 923 399; 922 399; 921 398; 920 398; 919 397; 918 397; 917 396; 912 396; 911 395; 910 395; 909 394; 908 394; 907 393; 905 393; 904 392; 902 392; 901 391; 900 391; 898 389; 897 389; 896 388; 895 388; 894 387; 893 387; 892 386
50; 153 392; 151 394; 151 395; 149 397; 149 398; 147 400; 147 401; 144 404; 144 405; 137 412; 137 413; 132 418; 132 419; 131 420; 131 422; 133 424; 136 424; 137 425; 142 425; 143 426; 148 426; 149 427; 157 427; 158 428; 161 428; 162 429; 171 429; 172 428; 172 424; 171 423; 171 422; 170 421; 170 419; 169 418; 169 417; 168 416; 168 414; 167 413; 167 408; 166 407; 166 406; 162 402; 162 401; 161 400; 161 399; 160 398; 160 396; 159 395; 159 394; 157 392
51; 414 419; 411 422; 411 427; 412 428; 412 431; 413 432; 413 437; 414 438; 414 442; 415 443; 415 446; 416 447; 416 452; 417 453; 417 457; 418 458; 418 459; 419 460; 421 460; 422 459; 423 459; 426 456; 427 456; 431 452; 432 452; 433 451; 435 451; 438 448; 438 447; 439 446; 440 446; 443 443; 444 443; 446 441; 447 441; 450 438; 450 434; 449 434; 447 432; 446 432; 445 431; 444 431; 443 430; 441 430; 440 429; 439 429; 438 428; 437 428; 436 427; 434 427; 433 426; 432 426; 431 425; 429 425; 428 424; 427 424; 426 423; 424 423; 423 422; 422 422; 421 421; 420 421; 419 420; 417 420; 416 419
52; 256 426; 255 427; 254 427; 254 433; 255 434; 255 437; 256 438; 256 440; 257 441; 257 442; 258 443; 258 450; 259 451; 259 452; 260 453; 260 454; 261 455; 261 457; 262 458; 262 461; 263 462; 263 464; 265 466; 268 466; 284 450; 285 450; 292 443; 293 443; 293 438; 292 438; 291 437; 290 437; 289 436; 288 436; 287 435; 285 435; 284 434; 282 434; 281 433; 280 433; 279 432; 276 432; 275 431; 272 431; 271 430; 269 430; 268 429; 266 429; 265 428; 264 428; 263 427; 261 427; 260 426
53; 459 429; 457 431; 457 434; 458 435; 458 439; 459 440; 459 441; 460 442; 460 444; 461 445; 461 446; 462 447; 462 449; 463 450; 463 453; 464 454; 464 459; 465 460; 465 463; 466 464; 466 467; 467 467; 468 468; 470 468; 471 467; 473 467; 481 459; 482 459; 483 458; 484 458; 487 455; 487 454; 493 448; 494 448; 496 446; 496 445; 497 444; 497 441; 495 439; 494 439; 493 438; 491 438; 490 437; 488 437; 487 436; 485 436; 483 434; 482 434; 481 433; 480 433; 479 432; 473 432; 472 431; 470 431; 469 430; 467 430; 466 429
54; 0 439; 0 474; 1 475; 2 475; 3 476; 6 476; 10 472; 11 472; 12 471; 12 470; 15 467; 16 467; 16 466; 19 463; 19 462; 25 456; 25 455; 28 452; 28 451; 29 450; 29 447; 28 446; 26 446; 25 445; 22 445; 21 444; 18 444; 17 443; 15 443; 13 441; 12 441; 11 440; 4 440; 3 439
55; 523 431; 520 434; 520 435; 519 436; 519 437; 517 439; 517 440; 516 441; 516 442; 515 443; 515 444; 513 446; 513 447; 510 450; 510 453; 509 454; 509 456; 508 457; 508 458; 507 459; 507 460; 506 461; 506 462; 505 463; 505 466; 506 467; 507 467; 508 468; 543 468; 544 467; 545 467; 545 462; 543 460; 543 459; 541 457; 541 456; 539 454; 539 453; 538 452; 538 451; 537 450; 537 449; 535 447; 535 446; 533 444; 533 442; 532 441; 532 440; 531 439; 531 438; 530 437; 530 436; 525 431
56; 800 438; 799 439; 799 450; 800 451; 800 455; 801 456; 801 467; 802 468; 801 469; 801 472; 803 474; 803 475; 804 476; 804 478; 805 479; 806 479; 807 478; 808 478; 811 475; 812 475; 814 473; 815 473; 818 470; 819 470; 822 467; 823 467; 826 464; 827 464; 829 462; 830 462; 833 459; 834 459; 836 457; 836 454; 834 452; 833 452; 831 450; 830 450; 828 448; 827 448; 826 447; 824 447; 823 446; 822 446; 821 445; 820 445; 818 443; 814 443; 813 442; 812 442; 811 441; 810 441; 809 440; 808 440; 807 439; 806 439; 805 438
57; 971 440; 970 441; 969 441; 969 446; 970 447; 970 455; 971 456; 971 462; 972 463; 972 472; 973 473; 973 479; 976 482; 978 482; 979 481; 980 481; 983 478; 984 478; 985 477; 987 477; 991 473; 992 473; 993 472; 994 472; 997 469; 997 468; 1001 464; 1002 464; 1007 459; 1007 457; 1006 456; 1006 455; 1005 455; 1003 453; 1002 453; 1001 452; 999 452; 998 451; 996 451; 995 450; 994 450; 993 449; 992 449; 991 448; 990 448; 989 447; 988 447; 987 446; 986 446; 985 445; 984 445; 983 444; 982 444; 981 443; 980 443; 979 442; 978 442; 977 441; 976 441; 975 440
58; 102 444; 101 445; 101 458; 100 459; 100 470; 99 471; 99 480; 100 481; 100 482; 101 483; 104 483; 105 482; 106 482; 107 481; 108 481; 109 480; 110 480; 111 479; 112 479; 113 478; 114 478; 115 477; 119 477; 120 476; 121 476; 125 472; 127 472; 128 471; 129 471; 130 470; 131 470; 132 469; 133 469; 134 468; 135 468; 135 464; 134 463; 133 463; 129 459; 128 459; 126 457; 125 457; 123 455; 122 455; 119 452; 118 452; 116 450; 115 450; 112 447; 111 447; 110 446; 109 446; 108 445; 107 445; 106 444
59; 750 468; 749 469; 748 469; 745 472; 744 472; 730 486; 729 486; 728 487; 728 488; 725 491; 725 495; 726 496; 727 496; 728 497; 730 497; 731 498; 734 498; 735 499; 737 499; 738 500; 740 500; 742 502; 743 502; 744 503; 746 503; 747 504; 751 504; 752 505; 755 505; 756 506; 758 506; 759 507; 762 507; 764 505; 764 502; 763 501; 763 498; 762 497; 762 495; 761 494; 761 491; 760 490; 760 485; 759 484; 759 482; 758 481; 758 475; 757 474; 757 472; 756 471; 756 470; 754 468
60; 886 471; 884 473; 883 473; 878 478; 877 478; 875 480; 874 480; 872 482; 871 482; 870 483; 869 483; 867 485; 866 485; 862 489; 861 489; 858 492; 857 492; 857 495; 858 496; 858 498; 863 498; 864 499; 865 499; 866 500; 867 500; 868 501; 869 501; 871 503; 872 503; 873 504; 874 504; 875 505; 877 505; 878 506; 879 506; 880 507; 881 507; 882 508; 884 508; 885 509; 887 509; 888 510; 889 510; 891 512; 896 512; 896 511; 897 510; 897 507; 896 506; 896 503; 895 502; 895 499; 894 498; 894 493; 895 492; 895 488; 894 487; 894 486; 893 485; 893 481; 892 480; 892 473; 890 471
61; 190 474; 186 478; 185 478; 183 480; 182 480; 181 481; 179 481; 178 482; 176 482; 175 483; 174 483; 172 485; 171 485; 169 487; 168 487; 167 488; 166 488; 165 489; 164 489; 160 493; 160 495; 162 497; 163 497; 165 499; 166 499; 168 501; 169 501; 171 503; 172 503; 174 505; 175 505; 177 507; 178 507; 180 509; 181 509; 182 510; 183 510; 185 512; 186 512; 187 513; 187 515; 195 515; 196 514; 196 498; 197 497; 197 492; 196 491; 196 488; 195 487; 195 475; 194 474
62; 798 472; 797 473; 796 473; 792 477; 791 477; 788 480; 788 481; 778 491; 777 491; 771 497; 771 500; 772 501; 773 501; 774 502; 775 502; 776 503; 777 503; 778 504; 780 504; 781 505; 783 505; 784 506; 786 506; 787 507; 790 507; 791 508; 793 508; 794 509; 796 509; 797 510; 800 510; 801 511; 803 511; 804 512; 809 512; 811 510; 811 507; 810 506; 810 504; 809 503; 809 502; 808 501; 808 499; 807 498; 807 490; 806 489; 806 488; 805 487; 805 486; 804 485; 804 479; 803 478; 803 476; 802 475; 802 474; 800 472
63; 818 487; 816 489; 816 491; 817 492; 817 494; 818 495; 818 496; 819 497; 819 499; 820 500; 820 502; 821 503; 821 504; 822 505; 822 509; 823 510; 823 512; 825 514; 825 515; 826 516; 826 518; 827 519; 827 521; 828 522; 828 523; 831 526; 833 526; 834 525; 835 525; 835 524; 841 518; 841 517; 843 515; 843 514; 849 508; 849 507; 855 501; 855 500; 857 498; 857 496; 856 495; 856 493; 847 493; 846 492; 843 492; 842 491; 840 491; 839 490; 834 490; 833 489; 829 489; 828 488; 825 488; 824 487
64; 726 505; 725 506; 725 515; 726 516; 726 521; 727 522; 727 532; 728 533; 728 541; 729 542; 729 544; 731 546; 733 546; 734 545; 735 545; 737 543; 738 543; 741 540; 742 540; 745 537; 747 537; 748 536; 749 536; 757 528; 758 528; 760 526; 761 526; 762 525; 763 525; 763 523; 764 522; 764 520; 763 519; 762 519; 761 518; 759 518; 758 517; 757 517; 756 516; 754 516; 753 515; 752 515; 751 514; 750 514; 749 513; 747 513; 746 512; 745 512; 744 511; 742 511; 741 510; 740 510; 739 509; 738 509; 736 507; 735 507; 734 506; 732 506; 731 505
65; 159 509; 157 511; 157 516; 158 517; 158 519; 159 520; 159 523; 160 524; 160 526; 161 527; 161 528; 162 529; 162 531; 163 532; 163 536; 164 537; 164 540; 165 541; 165 543; 166 544; 166 545; 167 546; 167 548; 168 549; 171 549; 174 546; 175 546; 184 537; 185 537; 185 536; 187 534; 187 533; 188 532; 188 531; 194 525; 194 524; 196 522; 196 518; 195 517; 195 516; 183 516; 182 515; 179 515; 178 514; 176 514; 175 513; 173 513; 172 512; 170 512; 169 511; 167 511; 166 510; 162 510; 161 509
66; 765 520; 765 522; 764 523; 764 525; 767 528; 767 530; 768 531; 768 532; 770 534; 770 535; 771 536; 771 537; 772 538; 772 539; 773 540; 773 542; 774 543; 774 544; 776 546; 776 547; 777 548; 777 549; 779 551; 779 552; 780 553; 780 554; 782 556; 782 557; 783 558; 787 558; 789 556; 789 555; 790 554; 790 553; 792 551; 792 550; 793 549; 793 548; 795 546; 795 545; 796 544; 796 543; 797 542; 797 541; 798 540; 798 539; 799 538; 799 537; 803 533; 803 532; 804 531; 804 530; 805 529; 805 524; 804 524; 803 523; 802 523; 801 522; 796 522; 795 523; 792 523; 791 522; 788 522; 787 521; 786 521; 785 520; 782 520; 781 521; 776 521; 775 520
67; 132 513; 130 515; 130 516; 128 518; 128 519; 127 520; 127 521; 126 522; 126 523; 124 525; 124 526; 122 528; 122 529; 119 532; 119 533; 117 535; 117 536; 116 537; 116 538; 115 539; 115 540; 114 541; 114 542; 113 543; 113 546; 114 547; 115 547; 116 548; 123 548; 124 549; 129 549; 130 550; 137 550; 138 549; 139 549; 140 550; 142 550; 143 551; 144 551; 145 552; 147 552; 148 551; 150 551; 152 549; 152 544; 151 543; 151 542; 150 541; 150 540; 149 539; 149 538; 148 537; 148 536; 147 535; 147 534; 146 533; 146 532; 145 531; 145 530; 144 529; 144 528; 143 527; 143 526; 142 525; 142 524; 141 523; 141 522; 139 520; 139 519; 137 517; 137 516; 136 515; 136 514; 135 513
68; 329 517; 327 519; 327 520; 326 521; 326 524; 325 525; 325 530; 324 531; 324 534; 323 535; 323 538; 322 539; 322 546; 321 547; 321 556; 323 558; 326 558; 327 557; 329 557; 330 556; 333 556; 334 555; 336 555; 337 554; 338 554; 339 553; 343 553; 344 552; 345 552; 347 550; 348 550; 349 549; 351 549; 352 548; 354 548; 355 547; 359 547; 361 545; 361 542; 360 542; 354 536; 353 536; 348 531; 347 531; 340 524; 340 523; 338 521; 337 521; 335 519; 334 519; 333 518; 332 518; 331 517
69; 183 548; 181 550; 181 552; 182 553; 182 556; 183 557; 183 559; 185 561; 185 563; 186 564; 186 570; 190 574; 190 575; 191 576; 191 578; 192 579; 192 582; 193 583; 193 584; 196 587; 198 587; 199 586; 200 586; 202 584; 202 583; 206 579; 206 578; 209 575; 209 574; 213 570; 213 569; 216 566; 217 566; 219 564; 221 564; 222 563; 222 561; 221 561; 220 560; 219 560; 218 559; 218 558; 219 557; 219 554; 218 553; 217 553; 216 552; 208 552; 207 551; 202 551; 201 550; 196 550; 195 549; 189 549; 188 548
70; 362 543; 362 545; 360 547; 360 552; 359 553; 359 556; 358 557; 358 561; 357 562; 357 567; 356 568; 356 570; 355 571; 355 578; 354 579; 354 583; 355 584; 363 584; 364 583; 366 583; 367 582; 369 582; 370 581; 375 581; 376 580; 378 580; 379 579; 381 579; 382 578; 384 578; 385 577; 388 577; 389 576; 391 576; 393 574; 393 572; 392 571; 392 569; 383 560; 383 559; 382 558; 382 557; 381 556; 380 556; 379 555; 378 555; 370 547; 369 547; 367 545; 366 545; 365 544; 364 544; 363 543
71; 107 557; 106 558; 105 558; 102 561; 102 562; 96 568; 94 568; 92 570; 92 573; 83 582; 83 583; 82 584; 82 586; 84 588; 86 588; 87 589; 89 589; 90 590; 93 590; 94 591; 96 591; 97 592; 99 592; 100 593; 101 593; 102 594; 103 594; 104 593; 112 593; 113 592; 121 592; 121 589; 120 588; 120 585; 119 584; 119 580; 118 579; 118 577; 117 576; 117 574; 116 573; 116 571; 115 570; 115 567; 114 566; 114 564; 113 563; 113 561; 112 560; 112 559; 110 557
72; 173 560; 171 562; 170 562; 167 565; 166 565; 165 566; 164 566; 163 567; 159 567; 156 570; 156 571; 154 573; 153 573; 152 574; 151 574; 150 575; 149 575; 147 577; 146 577; 145 578; 145 583; 146 583; 149 586; 150 586; 151 587; 153 587; 156 590; 158 590; 159 591; 161 591; 163 593; 164 593; 167 596; 168 596; 169 597; 170 597; 171 598; 172 598; 173 599; 174 599; 176 601; 182 601; 182 590; 181 589; 181 584; 180 583; 180 571; 179 570; 179 561; 178 560
73; 113 593; 112 594; 104 594; 104 595; 103 596; 100 596; 99 597; 97 597; 96 598; 96 602; 97 603; 97 605; 98 606; 98 607; 99 608; 99 609; 100 610; 100 612; 101 613; 101 614; 102 615; 102 616; 103 617; 103 618; 104 619; 104 620; 105 621; 105 622; 106 623; 106 625; 107 626; 107 627; 108 628; 108 630; 109 631; 109 632; 110 633; 110 635; 112 637; 116 637; 118 635; 118 634; 120 632; 120 631; 121 630; 121 629; 122 628; 122 627; 123 626; 123 625; 127 621; 130 621; 130 615; 131 614; 131 613; 133 611; 133 610; 135 608; 135 607; 136 606; 136 603; 134 601; 132 601; 131 600; 125 600; 124 599; 123 599; 122 598; 122 593
74; 729 594; 726 597; 726 599; 727 600; 727 602; 728 603; 728 605; 729 606; 729 608; 730 609; 730 610; 731 611; 731 612; 732 613; 732 614; 733 615; 733 617; 734 618; 734 619; 735 620; 735 622; 736 623; 736 624; 737 625; 737 627; 738 628; 738 630; 739 631; 739 632; 740 633; 740 634; 742 636; 744 636; 745 635; 746 635; 749 632; 749 631; 750 630; 750 629; 752 627; 752 626; 756 622; 757 622; 758 621; 758 620; 759 619; 759 618; 760 617; 760 616; 761 615; 761 614; 765 610; 765 609; 767 607; 767 603; 765 601; 762 601; 761 600; 755 600; 754 599; 749 599; 748 598; 745 598; 744 597; 741 597; 740 596; 738 596; 736 594
75; 154 592; 153 593; 152 593; 151 594; 151 595; 149 597; 149 598; 148 599; 148 600; 146 602; 146 603; 142 607; 142 608; 140 610; 140 611; 137 614; 137 615; 133 619; 131 619; 131 624; 132 625; 132 626; 133 626; 134 627; 137 627; 138 628; 144 628; 145 629; 148 629; 149 630; 150 630; 151 631; 163 631; 164 632; 171 632; 173 630; 173 628; 172 627; 172 625; 171 624; 171 623; 170 622; 170 621; 169 620; 169 619; 168 618; 168 617; 167 616; 167 615; 166 614; 166 612; 165 611; 165 610; 164 609; 164 608; 163 607; 163 606; 162 605; 162 604; 161 603; 161 601; 160 600; 160 599; 159 598; 159 597; 158 596; 158 595; 156 593; 156 592
76; 440 616; 439 617; 439 624; 440 625; 440 628; 441 629; 441 632; 442 633; 442 639; 443 640; 443 642; 444 643; 444 644; 446 646; 446 648; 447 649; 447 652; 448 653; 448 654; 449 655; 449 656; 450 657; 453 657; 468 642; 469 642; 469 641; 471 639; 472 639; 478 633; 478 629; 477 628; 476 628; 475 627; 474 627; 473 626; 470 626; 469 625; 467 625; 466 624; 465 624; 464 623; 462 623; 461 622; 460 622; 459 621; 457 621; 456 620; 453 620; 452 619; 450 619; 449 618; 447 618; 446 617; 445 617; 444 616
77; 992 635; 988 639; 988 642; 989 643; 989 645; 990 646; 990 649; 991 650; 991 651; 992 652; 992 654; 993 655; 993 657; 994 658; 994 660; 995 661; 995 664; 996 665; 996 671; 997 672; 997 674; 998 675; 998 676; 999 677; 1003 677; 1005 675; 1006 675; 1009 672; 1009 671; 1011 669; 1012 669; 1014 667; 1015 667; 1016 666; 1017 666; 1018 665; 1018 664; 1022 660; 1023 660; 1023 646; 1020 646; 1019 645; 1018 645; 1017 644; 1015 644; 1014 643; 1012 643; 1011 642; 1010 642; 1009 641; 1008 641; 1007 640; 1005 640; 1004 639; 1002 639; 1001 638; 1000 638; 998 636; 997 636; 996 635
78; 536 635; 535 636; 535 644; 536 645; 536 647; 537 648; 537 649; 538 650; 538 652; 539 653; 539 657; 540 658; 540 660; 542 662; 542 663; 543 664; 543 665; 544 666; 544 669; 545 670; 545 671; 546 672; 546 673; 549 676; 551 676; 557 670; 557 669; 562 664; 563 664; 564 663; 566 663; 567 664; 572 664; 572 659; 570 657; 571 656; 571 655; 575 651; 575 647; 573 645; 572 645; 571 644; 568 644; 567 643; 564 643; 563 642; 559 642; 558 641; 556 641; 555 640; 553 640; 552 639; 549 639; 548 638; 546 638; 545 637; 544 637; 543 636; 541 636; 540 635
79; 609 641; 604 646; 603 646; 600 649; 598 649; 597 650; 596 650; 594 652; 594 653; 589 658; 588 658; 583 663; 583 664; 582 665; 582 667; 583 668; 584 668; 586 670; 588 670; 589 671; 591 671; 592 672; 593 672; 594 673; 596 673; 597 674; 598 674; 599 675; 600 675; 601 676; 602 676; 603 677; 604 677; 605 678; 607 678; 608 679; 609 679; 610 680; 612 680; 613 681; 614 681; 615 682; 620 682; 621 681; 621 677; 620 676; 620 674; 619 673; 619 669; 618 668; 618 660; 617 659; 617 656; 616 655; 616 650; 615 649; 615 645; 614 644; 614 642; 613 641
80; 75 644; 66 653; 65 653; 61 657; 60 657; 51 666; 50 666; 50 667; 49 668; 49 671; 51 673; 51 674; 52 675; 53 675; 54 676; 56 676; 57 677; 60 677; 61 678; 63 678; 64 679; 65 679; 66 680; 67 680; 68 681; 73 681; 74 682; 76 682; 77 683; 78 683; 79 684; 80 684; 81 685; 82 685; 83 686; 86 686; 87 685; 87 679; 86 678; 86 675; 85 674; 85 664; 83 662; 83 661; 82 660; 82 658; 81 657; 81 654; 80 653; 80 647; 77 644
81; 705 648; 696 657; 696 658; 686 668; 686 669; 681 674; 680 674; 680 679; 681 678; 682 679; 684 679; 685 680; 688 680; 689 681; 691 681; 692 682; 694 682; 695 683; 697 683; 698 684; 702 684; 703 685; 706 685; 707 686; 709 686; 710 687; 713 687; 714 688; 721 688; 721 682; 720 681; 720 679; 719 678; 719 677; 718 676; 718 674; 717 673; 717 671; 716 670; 716 665; 715 664; 715 663; 714 662; 714 661; 713 660; 713 658; 712 657; 712 654; 711 653; 711 652; 709 650; 709 649; 708 648
82; 337 652; 336 653; 335 653; 331 657; 330 657; 330 658; 327 661; 326 661; 325 662; 324 662; 323 663; 322 663; 321 664; 321 665; 315 671; 314 671; 311 674; 311 678; 314 681; 315 681; 316 682; 318 682; 319 683; 320 683; 321 684; 322 684; 323 685; 326 685; 327 686; 329 686; 330 687; 331 687; 332 688; 334 688; 335 689; 336 689; 337 690; 339 690; 340 691; 341 691; 342 692; 343 692; 344 693; 349 693; 350 692; 350 685; 349 684; 349 682; 348 681; 348 679; 347 678; 347 674; 346 673; 346 668; 345 667; 345 663; 344 662; 344 659; 343 658; 343 656; 342 655; 342 654; 341 653; 341 652
83; 642 664; 641 665; 640 665; 639 666; 639 672; 640 673; 640 675; 641 676; 641 678; 642 679; 642 686; 643 687; 643 688; 644 689; 644 690; 645 691; 645 692; 646 693; 646 696; 647 697; 647 699; 648 700; 648 702; 650 704; 653 704; 655 702; 656 702; 665 693; 666 693; 670 689; 670 688; 675 683; 675 682; 678 679; 679 679; 679 674; 677 674; 676 673; 674 673; 673 672; 669 672; 668 671; 665 671; 664 670; 662 670; 661 669; 657 669; 656 668; 654 668; 653 667; 652 667; 651 666; 649 666; 648 665; 647 665; 646 664
84; 99 683; 97 685; 96 685; 95 686; 95 687; 90 692; 89 692; 87 694; 85 694; 82 697; 82 698; 81 699; 81 700; 73 708; 73 711; 75 713; 76 713; 77 714; 80 714; 81 715; 84 715; 85 716; 86 716; 87 717; 89 717; 90 718; 92 718; 93 719; 95 719; 96 720; 98 720; 99 721; 100 721; 101 722; 102 722; 104 724; 106 724; 107 725; 109 725; 110 724; 111 724; 112 723; 113 723; 113 716; 112 715; 112 713; 111 712; 111 710; 110 709; 110 707; 109 706; 109 703; 108 702; 108 698; 107 697; 107 693; 106 692; 106 690; 105 689; 105 688; 104 687; 104 685; 102 683
85; 32 754; 30 756; 30 759; 31 760; 31 761; 32 762; 32 763; 33 764; 33 766; 34 767; 34 769; 35 770; 35 772; 36 773; 36 774; 37 775; 37 776; 38 777; 38 778; 39 779; 39 781; 40 782; 40 783; 42 785; 42 787; 43 788; 43 789; 45 791; 45 792; 46 792; 47 793; 51 793; 54 790; 54 789; 58 785; 58 784; 59 783; 59 782; 60 781; 60 780; 63 777; 63 776; 66 773; 66 772; 68 770; 68 769; 71 766; 71 762; 70 761; 69 761; 68 760; 65 760; 64 759; 59 759; 58 758; 56 758; 55 757; 54 757; 53 756; 43 756; 42 755; 39 755; 38 754
86; 135 755; 134 756; 132 756; 131 757; 129 757; 128 758; 127 758; 126 759; 125 759; 124 760; 122 760; 121 761; 118 761; 117 762; 115 762; 114 763; 112 763; 111 764; 109 764; 108 765; 106 765; 105 766; 104 766; 103 767; 103 771; 106 774; 107 774; 113 780; 114 780; 122 788; 123 788; 126 791; 126 792; 130 796; 136 796; 137 795; 137 784; 138 783; 138 782; 139 781; 139 780; 140 779; 140 769; 141 768; 141 761; 142 760; 142 757; 140 755
87; 568 764; 566 766; 566 770; 567 771; 567 772; 568 773; 568 774; 569 775; 569 777; 570 778; 570 781; 569 782; 569 786; 570 786; 571 787; 572 787; 574 789; 574 790; 575 791; 575 792; 576 793; 576 798; 577 799; 577 800; 581 804; 585 804; 587 802; 587 801; 590 798; 590 797; 595 792; 595 791; 601 785; 601 784; 604 781; 604 780; 605 779; 605 778; 606 777; 606 774; 604 772; 603 772; 602 771; 596 771; 595 770; 593 770; 592 769; 590 769; 589 768; 587 768; 586 767; 583 767; 582 766; 578 766; 577 765; 574 765; 573 764
88; 867 768; 866 769; 866 786; 865 787; 865 794; 866 795; 865 796; 865 803; 866 804; 866 806; 867 807; 867 809; 869 811; 871 811; 873 809; 874 809; 875 808; 876 808; 877 807; 878 807; 880 805; 881 805; 883 803; 884 803; 885 802; 886 802; 887 801; 888 801; 889 800; 890 800; 891 799; 892 799; 893 798; 894 798; 895 797; 897 797; 899 795; 900 795; 901 794; 902 794; 903 793; 903 792; 902 791; 902 790; 901 789; 900 789; 899 788; 898 788; 895 785; 894 785; 888 779; 887 779; 886 778; 884 778; 883 777; 882 777; 880 775; 879 775; 875 771; 874 771; 871 768
89; 937 779; 936 780; 933 780; 932 781; 929 781; 928 782; 925 782; 924 783; 922 783; 921 784; 920 784; 919 785; 918 785; 917 786; 914 786; 913 787; 911 787; 910 788; 907 788; 906 789; 904 789; 903 790; 903 791; 904 792; 904 793; 905 793; 906 794; 907 794; 910 797; 910 798; 915 803; 915 804; 917 806; 918 806; 919 807; 920 807; 921 808; 922 808; 926 812; 926 813; 931 818; 932 818; 934 820; 937 820; 939 818; 939 816; 940 815; 940 811; 941 810; 941 799; 942 798; 942 789; 943 788; 943 781; 941 779
90; 978 789; 978 790; 977 791; 977 793; 978 794; 978 799; 979 800; 979 802; 980 803; 980 806; 981 807; 981 810; 982 811; 982 814; 983 815; 983 819; 984 820; 984 822; 985 823; 985 826; 986 827; 986 828; 988 830; 992 830; 994 828; 995 828; 998 825; 998 824; 1003 819; 1003 818; 1004 817; 1005 817; 1016 806; 1016 805; 1017 804; 1017 801; 1015 799; 1014 799; 1013 798; 1010 798; 1009 797; 1006 797; 1005 796; 1003 796; 1002 795; 1001 795; 1000 794; 999 794; 997 792; 991 792; 990 791; 987 791; 986 790; 985 790; 984 789
91; 242 791; 241 792; 240 792; 239 793; 238 793; 237 794; 236 794; 234 796; 233 796; 231 798; 230 798; 229 799; 228 799; 227 800; 226 800; 225 801; 224 801; 222 803; 221 803; 219 805; 218 805; 217 806; 216 806; 214 808; 213 808; 211 810; 211 812; 214 815; 215 815; 216 816; 217 816; 219 818; 220 818; 222 820; 223 820; 228 825; 229 825; 230 826; 232 826; 233 827; 235 827; 236 828; 237 828; 239 830; 240 830; 241 831; 242 831; 243 832; 244 832; 245 833; 249 833; 250 832; 250 829; 251 828; 251 826; 250 825; 250 811; 249 810; 249 803; 248 802; 248 792; 247 791
92; 0 823; 0 849; 1 849; 2 850; 2 852; 3 853; 3 855; 4 856; 4 858; 5 859; 5 861; 7 863; 7 864; 8 864; 9 865; 11 865; 13 863; 14 863; 14 862; 16 860; 16 859; 17 858; 17 857; 19 855; 19 854; 20 853; 21 853; 22 852; 23 852; 24 851; 25 851; 25 850; 26 849; 26 846; 28 844; 28 843; 34 837; 34 832; 33 832; 32 831; 31 831; 30 830; 29 830; 28 829; 24 829; 23 828; 19 828; 18 827; 15 827; 14 826; 11 826; 10 825; 6 825; 5 824; 2 824; 1 823
93; 96 891; 95 892; 95 896; 96 897; 96 899; 97 900; 97 901; 98 902; 98 903; 99 904; 99 906; 100 907; 100 908; 101 909; 101 910; 102 911; 102 912; 103 913; 103 914; 104 915; 104 916; 105 917; 105 918; 106 919; 106 921; 107 922; 107 923; 108 924; 108 925; 109 926; 109 928; 110 929; 110 930; 113 933; 115 933; 119 929; 119 928; 126 921; 127 921; 129 919; 129 917; 130 916; 130 915; 131 914; 131 913; 132 912; 132 911; 133 910; 133 909; 137 905; 137 901; 136 900; 135 900; 134 899; 133 899; 132 898; 131 898; 130 897; 129 897; 128 896; 123 896; 122 895; 118 895; 117 894; 112 894; 111 893; 109 893; 108 892; 105 892; 104 891
94; 962 905; 960 907; 960 911; 959 912; 959 916; 958 917; 958 919; 955 922; 955 923; 954 924; 954 931; 953 932; 953 933; 952 934; 952 941; 953 942; 953 943; 954 944; 959 944; 960 943; 964 943; 965 942; 971 942; 972 941; 977 941; 978 942; 981 942; 982 941; 986 941; 987 940; 988 940; 989 939; 990 939; 991 938; 991 936; 990 935; 990 934; 988 932; 988 931; 985 928; 985 927; 982 924; 982 923; 979 920; 979 919; 971 911; 971 910; 966 905
95; 690 905; 688 907; 688 908; 687 909; 687 913; 686 914; 686 917; 685 918; 685 919; 684 920; 684 921; 681 924; 681 931; 680 932; 680 935; 679 936; 679 943; 681 945; 684 945; 685 944; 694 944; 695 943; 710 943; 711 942; 714 942; 715 941; 716 941; 717 940; 717 935; 716 934; 716 933; 708 925; 708 924; 704 920; 704 919; 702 917; 702 916; 700 914; 700 913; 699 912; 699 911; 698 910; 698 909; 694 905
96; 28 932; 27 933; 26 933; 25 934; 24 934; 23 935; 22 935; 21 936; 20 936; 19 937; 16 937; 15 938; 15 939; 14 940; 14 941; 11 944; 10 944; 9 945; 8 945; 7 946; 6 946; 4 948; 3 948; 1 950; 0 950; 0 954; 2 954; 3 955; 4 955; 6 957; 7 957; 8 958; 10 958; 11 959; 12 959; 13 960; 14 960; 15 961; 16 961; 17 962; 18 962; 19 963; 20 963; 21 964; 22 964; 23 965; 24 965; 25 966; 26 966; 28 968; 29 968; 30 969; 31 969; 32 970; 33 970; 34 971; 36 971; 37 972; 41 972; 41 964; 40 963; 40 960; 39 959; 39 957; 37 955; 37 954; 35 952; 35 951; 34 950; 34 949; 29 944; 29 943; 28 942; 28 940; 29 939; 29 938; 30 937; 30 936; 31 935; 31 932
97; 822 933; 820 935; 819 935; 813 941; 812 941; 811 942; 809 942; 807 944; 807 945; 806 946; 806 947; 803 950; 802 950; 797 955; 797 957; 802 962; 803 962; 804 963; 806 963; 807 964; 810 964; 811 965; 813 965; 814 966; 815 966; 816 967; 817 967; 818 968; 819 968; 820 969; 821 969; 822 970; 824 970; 825 971; 826 971; 827 972; 829 972; 830 973; 834 973; 835 972; 835 967; 834 966; 834 964; 833 963; 833 961; 832 960; 832 958; 831 957; 831 951; 830 950; 830 947; 829 946; 829 943; 828 942; 828 940; 827 939; 827 938; 826 937; 826 935; 824 933
98; 328 938; 327 939; 327 947; 328 948; 328 949; 330 951; 330 956; 331 957; 331 960; 332 961; 332 964; 333 965; 333 969; 334 970; 334 978; 335 979; 336 979; 337 980; 341 980; 343 978; 344 978; 345 977; 345 976; 350 971; 351 971; 359 963; 360 963; 364 959; 365 959; 366 958; 366 954; 365 953; 364 953; 363 952; 362 952; 360 950; 358 950; 357 949; 354 949; 353 948; 351 948; 347 944; 346 944; 345 943; 340 943; 339 942; 338 942; 337 941; 336 941; 335 940; 334 940; 333 939; 332 939; 331 938
99; 644 941; 643 942; 642 942; 640 944; 639 944; 628 955; 627 955; 622 960; 622 961; 620 963; 620 967; 623 970; 624 970; 625 971; 627 971; 628 972; 631 972; 632 973; 634 973; 635 974; 636 974; 637 975; 638 975; 639 976; 641 976; 642 977; 643 977; 644 978; 646 978; 647 979; 648 979; 649 980; 651 980; 652 981; 656 981; 656 979; 657 978; 657 976; 656 975; 656 974; 655 973; 655 970; 654 969; 654 961; 653 960; 653 959; 652 958; 652 956; 651 955; 651 950; 650 949; 650 946; 649 945; 649 943; 647 941
100; 705 947; 704 948; 697 948; 696 949; 693 949; 692 948; 689 948; 688 949; 681 949; 680 950; 677 950; 676 951; 676 955; 683 962; 683 963; 685 965; 685 966; 686 967; 686 968; 688 970; 688 974; 694 980; 694 985; 695 985; 697 987; 698 987; 699 986; 700 986; 703 983; 703 982; 705 980; 705 978; 706 977; 706 975; 707 974; 707 972; 709 970; 709 969; 711 967; 711 961; 712 960; 712 958; 713 957; 713 956; 714 955; 714 954; 715 953; 715 950; 713 948; 712 948; 711 947
101; 972 950; 971 951; 970 951; 969 952; 969 955; 970 956; 970 959; 971 960; 971 961; 973 963; 973 964; 974 965; 974 967; 975 968; 975 973; 976 974; 976 975; 978 977; 978 978; 979 979; 979 982; 980 983; 980 984; 981 985; 981 987; 982 988; 982 989; 983 990; 985 990; 991 984; 992 984; 1003 973; 1003 972; 1007 968; 1007 967; 1008 966; 1008 962; 1007 962; 1006 961; 1005 961; 1004 960; 1002 960; 1001 959; 998 959; 997 958; 995 958; 994 957; 992 957; 991 956; 989 956; 988 955; 986 955; 984 953; 982 953; 981 952; 980 952; 979 951; 975 951; 974 950
102; 143 976; 142 979; 136 979; 135 984; 139 993; 139 999; 143 1004; 148 1017; 154 1018; 161 1009; 170 1002; 172 996; 176 992
103; 183 993; 196 979; 202 962; 197 959; 160 955
104; 160 955; 143 976; 176 992; 183 993
105; 160 955; 157 951; 156 944; 153 941; 148 941; 129 963; 127 970; 143 976
106; 887 965; 886 966; 885 966; 885 969; 886 970; 886 971; 887 972; 887 974; 889 976; 889 977; 890 978; 890 979; 892 981; 892 982; 893 983; 893 984; 894 985; 894 986; 895 987; 895 988; 896 989; 896 990; 897 991; 897 992; 898 993; 898 994; 899 995; 899 996; 901 998; 901 999; 904 1002; 906 1002; 909 999; 909 998; 911 996; 911 995; 912 994; 912 993; 916 989; 916 988; 918 986; 918 985; 919 984; 919 983; 920 982; 920 981; 922 979; 922 978; 923 977; 923 976; 924 975; 924 971; 923 970; 922 970; 921 969; 918 969; 917 968; 913 968; 912 967; 910 967; 909 966; 907 966; 906 965; 904 965; 903 966; 893 966; 892 965
107; 693 991; 695 996; 711 1004; 719 1004; 730 1000; 727 996; 718 997; 714 994; 723 986; 724 978; 719 979; 707 987; 697 990
108; 697 990; 693 985; 693 980; 670 958; 666 958; 662 973; 657 979; 660 984; 658 994; 660 996; 693 991
109; 843 995; 829 1003; 815 1014; 815 1016; 822 1023; 852 1023; 848 1001
110; 848 1001; 855 995; 884 1004; 884 992; 874 965; 870 965; 856 978; 843 995
111; 743 975; 742 976; 742 981; 743 982; 743 986; 744 987; 744 988; 745 989; 745 992; 746 993; 746 996; 747 997; 747 998; 748 999; 748 1001; 749 1002; 749 1004; 750 1005; 750 1006; 751 1007; 751 1008; 752 1009; 752 1010; 753 1011; 753 1013; 757 1013; 764 1006; 765 1006; 767 1004; 768 1004; 772 1000; 772 999; 780 991; 780 988; 778 986; 777 986; 776 985; 775 985; 774 984; 773 984; 772 983; 770 983; 769 982; 765 982; 764 981; 762 981; 761 980; 760 980; 759 979; 757 979; 756 978; 754 978; 753 977; 752 977; 751 976; 748 976; 747 975
112; 368 989; 366 991; 365 991; 362 994; 361 994; 359 996; 358 996; 357 997; 356 997; 354 999; 353 999; 344 1008; 344 1009; 343 1010; 343 1011; 342 1012; 342 1016; 343 1017; 345 1017; 346 1018; 347 1018; 348 1019; 350 1019; 351 1020; 353 1020; 356 1023; 381 1023; 381 1022; 380 1021; 380 1020; 379 1019; 379 1017; 378 1016; 378 1010; 377 1009; 377 1006; 376 1005; 376 1004; 375 1003; 375 1002; 374 1001; 374 998; 373 997; 373 995; 372 994; 372 992; 371 991; 371 990; 370 989
