0; 437 0; 437 5; 438 6; 438 10; 439 11; 439 14; 440 15; 440 21; 441 22; 441 26; 442 27; 446 27; 452 21; 452 20; 456 16; 457 16; 460 13; 462 13; 463 12; 467 12; 467 10; 465 8; 465 7; 466 6; 467 6; 468 5; 469 5; 471 3; 472 3; 473 2; 474 2; 475 3; 476 3; 477 4; 478 4; 481 7; 482 7; 488 13; 488 14; 491 17; 491 18; 492 19; 497 19; 500 16; 500 14; 499 13; 499 11; 498 10; 498 5; 499 4; 499 0; 492 0; 492 1; 490 3; 488 3; 485 0; 452 0; 452 1; 455 4; 455 6; 449 12; 447 12; 446 11; 446 7; 445 6; 445 3; 444 2; 444 0
1; 269 0; 269 1; 266 4; 265 4; 264 5; 263 5; 262 6; 261 6; 260 7; 258 7; 257 8; 252 8; 247 13; 246 13; 244 15; 243 15; 242 16; 241 16; 240 17; 239 17; 238 18; 237 18; 237 22; 238 22; 240 24; 241 24; 242 25; 243 25; 249 31; 250 31; 251 32; 252 32; 253 33; 254 33; 256 35; 257 35; 261 39; 262 39; 264 41; 265 41; 267 43; 270 43; 271 42; 271 41; 272 40; 272 22; 273 21; 273 15; 272 14; 272 0
2; 118 10; 118 40; 119 41; 119 44; 118 45; 118 49; 119 50; 122 50; 124 48; 125 48; 127 46; 128 46; 129 45; 130 45; 131 44; 132 44; 133 43; 135 43; 136 42; 137 42; 138 41; 139 41; 141 39; 142 39; 144 37; 145 37; 146 36; 147 36; 148 35; 150 35; 153 32; 153 29; 152 29; 151 28; 150 28; 149 27; 148 27; 147 26; 146 26; 145 25; 144 25; 139 20; 138 20; 135 17; 134 17; 133 16; 132 16; 131 15; 130 15; 128 13; 127 13; 126 12; 125 12; 124 11; 123 11; 122 10
3; 185 14; 184 15; 184 22; 183 23; 183 27; 182 28; 182 39; 183 40; 183 41; 182 42; 182 45; 181 46; 181 48; 180 49; 180 53; 181 54; 185 54; 187 52; 188 52; 189 51; 191 51; 192 50; 195 50; 196 49; 197 49; 198 48; 200 48; 201 47; 202 47; 203 46; 204 46; 205 45; 206 45; 207 44; 208 44; 210 42; 211 42; 212 41; 213 41; 214 40; 216 40; 218 38; 218 36; 217 35; 216 35; 215 34; 214 34; 213 33; 212 33; 210 31; 209 31; 206 28; 206 27; 202 23; 201 23; 200 22; 199 22; 198 21; 196 21; 195 20; 194 20; 193 19; 192 19; 187 14
4; 22 35; 21 36; 21 45; 20 46; 20 51; 19 52; 19 57; 18 58; 18 61; 17 62; 17 66; 16 67; 16 73; 17 74; 19 74; 20 73; 21 73; 22 72; 24 72; 25 71; 28 71; 29 70; 37 70; 38 69; 39 69; 40 68; 41 68; 42 67; 43 67; 44 66; 46 66; 47 65; 48 65; 49 64; 51 64; 52 63; 53 63; 54 62; 54 59; 52 57; 51 57; 46 52; 45 52; 35 42; 34 42; 29 37; 28 37; 26 35
5; 227 48; 226 49; 226 58; 225 59; 225 63; 224 64; 224 77; 223 78; 223 81; 222 82; 222 88; 229 88; 230 87; 232 87; 233 86; 234 86; 235 85; 236 85; 237 84; 238 84; 239 83; 244 83; 248 79; 249 79; 251 77; 252 77; 255 74; 257 74; 258 73; 259 73; 260 72; 260 70; 258 68; 257 68; 256 67; 255 67; 254 66; 253 66; 252 65; 251 65; 249 63; 248 63; 241 56; 240 56; 238 54; 237 54; 236 53; 235 53; 232 50; 231 50; 229 48
6; 394 48; 393 49; 393 56; 392 57; 392 61; 391 62; 391 71; 390 72; 390 75; 389 76; 389 80; 388 81; 388 83; 387 84; 387 86; 389 88; 391 88; 392 87; 394 87; 396 85; 398 85; 399 84; 401 84; 402 83; 409 83; 410 82; 411 82; 414 79; 415 79; 416 78; 417 78; 418 77; 423 77; 424 76; 425 76; 426 75; 426 72; 418 64; 417 64; 414 61; 413 61; 407 55; 406 55; 403 52; 402 52; 401 51; 400 51; 399 50; 399 49; 398 49; 397 48
7; 332 88; 331 89; 328 89; 327 90; 326 90; 325 91; 323 91; 322 92; 320 92; 319 93; 316 93; 315 94; 313 94; 312 95; 309 95; 308 96; 304 96; 303 97; 300 97; 297 100; 297 102; 300 105; 301 105; 305 109; 306 109; 307 110; 307 111; 308 111; 309 112; 309 113; 311 115; 311 116; 313 118; 314 118; 315 119; 316 119; 317 120; 318 120; 325 127; 330 127; 330 120; 331 119; 331 115; 332 114; 332 111; 333 110; 333 106; 334 105; 334 102; 335 101; 335 96; 336 95; 336 94; 337 93; 337 89; 336 88
8; 516 99; 515 100; 512 100; 511 101; 505 101; 504 102; 501 102; 500 103; 497 103; 496 104; 492 104; 491 105; 485 105; 484 106; 482 106; 481 107; 480 107; 479 108; 479 110; 483 114; 483 115; 495 127; 496 127; 499 130; 499 131; 501 133; 501 134; 505 138; 509 138; 510 137; 510 135; 511 134; 511 132; 512 131; 512 128; 513 127; 513 125; 517 121; 517 110; 518 109; 518 108; 519 107; 519 106; 520 105; 520 104; 521 103; 521 101; 520 100; 520 99
9; 341 127; 340 128; 339 128; 338 129; 332 129; 331 128; 326 128; 326 130; 324 132; 323 132; 321 134; 320 134; 319 135; 316 135; 315 136; 311 136; 310 137; 308 137; 308 140; 312 144; 313 144; 320 151; 321 151; 323 153; 324 153; 325 154; 326 154; 327 155; 328 155; 329 156; 331 156; 332 157; 333 157; 334 158; 335 158; 337 160; 338 160; 339 161; 343 161; 346 158; 346 155; 343 152; 343 150; 342 149; 343 148; 343 145; 344 144; 344 135; 345 134; 345 133; 346 132; 346 127
10; 60 144; 59 145; 59 146; 58 147; 58 150; 55 153; 55 154; 54 155; 54 156; 53 157; 53 158; 52 159; 52 161; 51 162; 51 163; 50 164; 50 165; 48 167; 48 168; 47 169; 47 171; 46 172; 46 173; 45 174; 45 175; 44 176; 44 178; 43 179; 43 181; 44 182; 54 182; 55 181; 60 181; 61 180; 70 180; 71 179; 73 179; 74 178; 83 178; 84 177; 84 174; 80 170; 80 169; 79 168; 79 167; 77 165; 77 164; 76 163; 76 161; 75 160; 75 159; 67 151; 67 150; 65 148; 65 147; 62 144
11; 784 167; 783 168; 782 168; 781 169; 780 169; 779 170; 778 170; 777 171; 775 171; 774 172; 768 172; 765 175; 765 176; 764 177; 763 177; 761 179; 759 179; 758 180; 757 180; 756 181; 755 181; 754 182; 753 182; 751 184; 751 186; 753 188; 754 188; 755 189; 756 189; 757 190; 758 190; 760 192; 761 192; 762 193; 762 194; 763 194; 765 196; 766 196; 767 197; 768 197; 771 200; 772 200; 776 204; 777 204; 780 207; 781 207; 782 208; 784 208; 786 206; 786 205; 787 204; 787 193; 788 192; 788 184; 789 183; 789 168; 788 167
12; 591 212; 589 214; 589 215; 588 216; 588 217; 587 218; 587 219; 581 225; 581 226; 577 230; 577 231; 576 232; 576 233; 575 234; 575 235; 569 241; 569 245; 570 246; 575 246; 576 247; 582 247; 583 248; 585 248; 586 249; 604 249; 605 250; 609 250; 610 249; 610 245; 609 244; 609 243; 608 242; 608 241; 607 240; 607 239; 606 238; 606 237; 605 236; 605 235; 604 234; 604 233; 603 232; 603 231; 602 230; 602 228; 601 227; 601 226; 600 225; 600 224; 599 223; 599 222; 598 221; 598 220; 597 219; 597 218; 596 217; 596 216; 595 215; 595 214; 594 213; 594 212
13; 600 267; 599 268; 594 268; 593 269; 591 269; 590 270; 583 270; 582 271; 581 271; 581 272; 580 273; 579 273; 578 274; 577 274; 576 275; 575 275; 574 276; 572 276; 571 277; 567 277; 565 279; 565 282; 568 285; 569 285; 583 299; 584 299; 585 300; 586 300; 588 302; 589 302; 592 305; 592 306; 593 306; 594 307; 596 307; 598 305; 598 301; 599 300; 599 296; 600 295; 600 293; 601 292; 601 285; 602 284; 602 275; 603 274; 603 273; 604 272; 604 267
14; 668 300; 667 301; 667 302; 666 303; 666 304; 665 305; 665 306; 664 307; 664 308; 663 309; 663 310; 662 311; 662 312; 661 313; 661 314; 660 315; 660 316; 659 317; 659 318; 658 319; 658 321; 657 322; 657 324; 656 325; 656 327; 655 328; 655 330; 653 332; 653 337; 658 337; 659 336; 663 336; 664 335; 665 335; 666 336; 667 336; 668 337; 669 337; 670 338; 671 338; 672 337; 673 337; 674 336; 676 336; 677 335; 684 335; 685 334; 691 334; 692 333; 692 330; 691 329; 691 328; 689 326; 689 325; 688 324; 688 323; 685 320; 685 319; 682 316; 682 315; 680 313; 680 312; 679 311; 679 310; 677 308; 677 307; 675 305; 675 304; 671 300
15; 344 312; 343 313; 342 313; 341 314; 340 314; 339 315; 338 315; 337 316; 336 316; 335 317; 333 317; 332 318; 328 318; 327 319; 326 319; 325 320; 324 320; 321 323; 320 323; 319 324; 317 324; 316 325; 314 325; 313 326; 312 326; 311 327; 310 327; 309 328; 309 331; 310 332; 311 332; 315 336; 316 336; 320 340; 321 340; 324 343; 325 343; 327 345; 328 345; 329 346; 330 346; 332 348; 333 348; 334 349; 335 349; 338 352; 342 352; 343 351; 343 347; 344 346; 344 341; 345 340; 345 333; 346 332; 346 326; 347 325; 347 313; 346 312
16; 699 324; 698 325; 698 327; 697 328; 697 329; 696 330; 696 333; 697 334; 697 338; 696 339; 696 341; 695 342; 695 343; 694 344; 694 357; 693 358; 693 362; 694 363; 694 364; 697 364; 698 363; 699 363; 701 361; 702 361; 703 360; 705 360; 706 359; 707 359; 708 358; 711 358; 712 357; 714 357; 715 356; 717 356; 718 355; 719 355; 720 354; 721 354; 722 353; 723 353; 724 352; 725 352; 726 351; 727 351; 728 350; 729 350; 730 349; 731 349; 731 346; 729 344; 728 344; 726 342; 725 342; 724 341; 723 341; 721 339; 720 339; 715 334; 714 334; 705 325; 704 325; 703 324
17; 415 328; 414 329; 412 329; 411 330; 408 330; 407 331; 402 331; 401 332; 400 332; 399 333; 398 333; 397 334; 395 334; 394 335; 393 335; 392 336; 391 336; 390 337; 387 337; 386 338; 384 338; 383 339; 381 339; 380 340; 379 340; 379 343; 382 346; 383 346; 393 356; 393 357; 394 357; 395 358; 397 358; 398 359; 399 359; 405 365; 405 366; 406 367; 409 367; 409 366; 410 365; 410 362; 411 361; 411 355; 412 354; 412 352; 413 351; 413 350; 414 349; 414 347; 415 346; 415 343; 416 342; 416 337; 417 336; 417 334; 418 333; 418 329; 417 328
18; 974 333; 973 334; 970 334; 969 335; 966 335; 965 336; 958 336; 957 337; 956 337; 956 340; 958 342; 958 343; 959 343; 961 345; 961 346; 963 348; 963 349; 964 350; 964 351; 965 352; 965 353; 966 354; 966 355; 970 359; 970 360; 971 361; 971 362; 972 363; 972 364; 974 366; 974 367; 975 368; 975 369; 976 370; 979 370; 980 369; 980 367; 981 366; 981 365; 982 364; 982 363; 984 361; 984 360; 986 358; 986 357; 987 356; 987 355; 989 353; 989 352; 990 351; 990 350; 991 349; 991 348; 992 347; 992 346; 993 345; 993 343; 994 342; 994 341; 995 340; 995 339; 997 337; 997 335; 996 334; 995 334; 994 333; 991 333; 990 334; 981 334; 980 333
19; 936 331; 936 332; 935 333; 935 336; 934 337; 934 339; 933 340; 933 341; 932 342; 932 343; 931 344; 931 345; 930 346; 930 348; 929 349; 929 350; 928 351; 928 353; 927 354; 927 355; 926 356; 926 358; 925 359; 925 361; 924 362; 924 364; 923 365; 923 367; 924 368; 924 369; 933 369; 934 368; 943 368; 944 367; 945 367; 947 365; 948 365; 949 364; 951 364; 952 363; 955 363; 956 362; 961 362; 962 361; 963 361; 964 360; 964 358; 963 357; 963 356; 962 356; 955 349; 955 348; 948 341; 948 340; 946 338; 946 337; 944 335; 943 335; 939 331
20; 786 340; 785 341; 774 341; 773 342; 772 342; 771 343; 769 343; 768 344; 765 344; 764 345; 758 345; 758 349; 760 351; 760 352; 764 356; 764 357; 766 359; 766 360; 769 363; 769 364; 772 367; 772 368; 775 371; 775 372; 780 377; 782 377; 785 374; 785 373; 786 372; 786 370; 787 369; 787 368; 788 367; 788 365; 789 364; 789 363; 790 362; 790 361; 791 360; 791 358; 792 357; 792 355; 793 354; 793 353; 794 352; 794 351; 795 350; 795 348; 796 347; 796 345; 797 344; 797 341; 796 340
21; 668 338; 667 339; 666 339; 664 341; 663 341; 662 342; 659 342; 658 343; 656 343; 655 344; 651 344; 650 345; 648 345; 646 347; 645 347; 644 348; 643 348; 642 349; 640 349; 639 350; 636 350; 635 351; 634 351; 633 352; 633 355; 638 360; 639 360; 642 363; 643 363; 644 364; 644 365; 648 369; 649 369; 651 371; 652 371; 655 374; 656 374; 660 378; 664 378; 665 377; 665 376; 666 375; 666 373; 667 372; 667 363; 668 362; 668 356; 669 355; 669 349; 670 348; 670 343; 671 342; 671 339; 670 339; 669 338
22; 106 357; 105 358; 105 359; 100 364; 100 365; 94 371; 94 372; 92 374; 92 375; 91 376; 91 377; 85 383; 85 384; 84 385; 84 388; 85 389; 93 389; 94 390; 100 390; 101 391; 103 391; 104 392; 114 392; 117 395; 117 394; 124 387; 124 386; 125 385; 122 382; 122 381; 121 380; 121 379; 120 378; 120 377; 119 376; 119 375; 118 374; 118 373; 116 371; 116 370; 115 369; 115 367; 114 366; 114 365; 113 364; 113 363; 112 362; 112 361; 110 359; 110 358; 109 357
23; 722 375; 720 377; 719 377; 718 378; 717 378; 716 379; 715 379; 713 381; 711 381; 710 382; 709 382; 708 383; 707 383; 704 386; 703 386; 702 387; 701 387; 700 388; 699 388; 698 389; 697 389; 696 390; 695 390; 694 391; 693 391; 692 392; 691 392; 691 397; 693 397; 695 399; 696 399; 698 401; 699 401; 701 403; 702 403; 705 406; 706 406; 708 408; 710 408; 711 409; 712 409; 713 410; 714 410; 715 411; 716 411; 717 412; 718 412; 719 413; 720 413; 722 415; 725 415; 726 414; 726 413; 727 412; 727 407; 726 406; 726 390; 727 389; 727 375
24; 125 386; 125 387; 118 394; 118 396; 122 400; 122 402; 123 403; 123 410; 124 411; 124 413; 125 414; 125 416; 126 417; 126 426; 127 427; 129 427; 130 426; 131 426; 135 422; 136 422; 138 420; 139 420; 143 416; 144 416; 148 412; 149 412; 159 402; 159 400; 158 399; 157 399; 156 398; 154 398; 153 397; 150 397; 149 396; 148 396; 147 395; 146 395; 144 393; 143 393; 142 392; 141 392; 140 391; 135 391; 134 390; 132 390; 131 389; 130 389; 129 388; 128 388; 126 386
25; 53 391; 52 392; 51 392; 50 393; 47 393; 46 394; 43 394; 42 395; 41 395; 40 396; 38 396; 37 397; 35 397; 34 398; 32 398; 31 399; 29 399; 28 400; 26 400; 25 401; 23 401; 22 402; 21 402; 20 403; 19 403; 18 404; 18 407; 21 410; 22 410; 25 413; 26 413; 28 415; 29 415; 31 417; 32 417; 40 425; 41 425; 44 428; 45 428; 46 429; 47 429; 48 430; 50 430; 52 428; 52 421; 53 420; 53 414; 54 413; 54 411; 55 410; 55 402; 56 401; 56 398; 57 397; 57 392; 56 391
26; 919 428; 918 429; 917 429; 916 430; 912 430; 911 431; 903 431; 902 432; 902 437; 904 439; 904 440; 907 443; 907 444; 909 446; 909 447; 910 448; 910 449; 915 454; 915 455; 917 457; 917 458; 918 459; 918 460; 920 462; 920 463; 923 466; 925 466; 926 465; 927 465; 928 464; 928 463; 929 462; 929 461; 930 460; 930 458; 931 457; 931 456; 932 455; 932 454; 933 453; 933 452; 935 450; 935 449; 936 448; 936 447; 937 446; 937 444; 938 443; 938 442; 939 441; 939 440; 940 439; 940 438; 941 437; 941 436; 943 434; 943 433; 944 432; 944 430; 943 429; 928 429; 927 430; 926 430; 925 429; 923 429; 922 428
27; 257 479; 256 480; 254 480; 253 481; 251 481; 250 482; 249 482; 248 483; 246 483; 245 484; 244 484; 243 485; 242 485; 241 486; 240 486; 239 487; 238 487; 237 488; 234 488; 233 489; 230 489; 229 490; 227 490; 226 491; 225 491; 224 492; 223 492; 223 495; 225 497; 226 497; 227 498; 228 498; 235 505; 236 505; 243 512; 243 513; 244 514; 245 514; 246 515; 247 515; 248 516; 249 516; 252 519; 254 519; 256 517; 256 508; 257 507; 257 505; 258 504; 258 503; 260 501; 260 500; 261 499; 261 495; 260 494; 260 491; 261 490; 261 488; 262 487; 262 480; 261 479
28; 447 486; 446 487; 426 487; 425 488; 419 488; 418 489; 413 489; 412 490; 411 490; 410 491; 410 495; 413 498; 413 499; 415 501; 415 502; 417 504; 417 505; 419 507; 419 508; 422 511; 422 512; 425 515; 425 516; 426 517; 426 518; 430 522; 430 523; 434 523; 435 522; 435 520; 436 519; 436 518; 437 517; 437 516; 438 515; 438 514; 439 513; 439 512; 440 511; 440 510; 442 508; 442 507; 444 505; 444 504; 445 503; 445 501; 446 500; 446 499; 447 498; 447 496; 448 495; 448 494; 449 493; 449 492; 451 490; 451 487; 450 486
29; 323 493; 322 494; 322 500; 321 501; 321 504; 320 505; 320 512; 319 513; 319 525; 318 526; 318 531; 320 533; 322 533; 323 532; 324 532; 326 530; 327 530; 328 529; 329 529; 330 528; 332 528; 333 527; 335 527; 336 526; 340 526; 341 525; 342 525; 344 523; 345 523; 346 522; 347 522; 348 521; 349 521; 350 520; 351 520; 352 519; 354 519; 355 518; 355 515; 350 510; 349 510; 346 507; 345 507; 343 505; 342 505; 341 504; 340 504; 338 502; 337 502; 336 501; 335 501; 332 498; 331 498; 326 493
30; 205 507; 203 509; 203 512; 204 513; 204 515; 205 516; 205 518; 206 519; 206 523; 207 524; 207 526; 208 527; 208 528; 209 529; 209 531; 210 532; 210 538; 211 539; 211 540; 212 541; 212 542; 213 543; 213 544; 214 545; 217 545; 221 541; 221 540; 227 534; 228 534; 228 533; 232 529; 232 528; 234 526; 235 526; 241 520; 241 516; 240 515; 235 515; 234 514; 232 514; 231 513; 229 513; 228 512; 227 512; 226 511; 225 511; 224 510; 215 510; 214 509; 212 509; 211 508; 208 508; 207 507
31; 509 516; 505 520; 505 521; 502 524; 502 525; 501 526; 501 527; 497 531; 497 533; 496 534; 496 536; 495 537; 495 538; 492 541; 492 542; 490 544; 490 546; 493 546; 494 545; 496 545; 497 544; 499 544; 500 543; 503 543; 505 541; 505 539; 504 538; 504 535; 505 534; 505 533; 509 529; 510 530; 511 530; 512 531; 512 532; 513 533; 513 534; 514 535; 514 537; 515 538; 517 538; 518 537; 521 537; 520 536; 520 531; 519 530; 519 528; 517 526; 517 525; 515 523; 515 521; 514 520; 514 518; 513 517; 513 516
32; 190 504; 189 505; 189 506; 187 508; 187 509; 185 511; 185 512; 180 517; 180 518; 175 523; 175 524; 173 526; 173 527; 168 532; 168 536; 169 537; 177 537; 178 538; 185 538; 186 539; 190 539; 191 540; 200 540; 201 541; 206 541; 207 540; 207 536; 205 534; 205 533; 204 532; 204 531; 203 530; 203 527; 202 526; 202 523; 200 521; 200 520; 199 519; 199 517; 198 516; 198 514; 197 513; 197 512; 195 510; 195 509; 194 508; 194 507; 193 506; 193 505; 192 504
33; 271 523; 270 524; 270 527; 271 528; 271 539; 272 540; 271 541; 271 545; 272 546; 272 548; 273 549; 273 558; 274 559; 274 560; 275 561; 278 561; 279 560; 280 560; 282 558; 283 558; 284 557; 285 557; 286 556; 286 555; 289 552; 290 552; 292 550; 293 550; 295 548; 296 548; 299 545; 300 545; 302 543; 303 543; 308 538; 308 535; 306 533; 305 533; 304 532; 303 532; 302 531; 298 531; 297 530; 294 530; 293 529; 290 529; 289 528; 287 528; 286 527; 285 527; 284 526; 282 526; 281 525; 279 525; 278 524; 276 524; 275 523
34; 518 538; 517 539; 515 539; 516 540; 516 544; 515 545; 514 545; 513 546; 511 546; 510 547; 506 547; 505 548; 502 548; 501 549; 500 549; 499 550; 499 554; 500 555; 500 557; 502 557; 503 556; 504 556; 505 555; 508 555; 509 554; 512 554; 513 553; 515 553; 516 552; 519 552; 520 551; 523 551; 524 550; 526 550; 527 549; 527 546; 523 542; 523 541; 522 540; 522 539; 521 538
35; 464 536; 463 537; 463 548; 462 549; 462 553; 461 554; 461 556; 460 557; 460 560; 459 561; 459 570; 458 571; 458 574; 459 575; 463 575; 464 574; 465 574; 466 573; 468 573; 469 572; 471 572; 472 571; 474 571; 475 570; 476 570; 477 569; 479 569; 480 568; 481 568; 482 567; 485 567; 486 566; 489 566; 490 565; 491 565; 492 564; 496 564; 498 562; 498 561; 499 560; 499 559; 500 558; 499 557; 499 555; 498 554; 498 551; 497 551; 495 553; 492 553; 491 552; 490 552; 488 550; 487 550; 486 549; 485 549; 481 545; 480 545; 479 544; 476 544; 474 542; 473 542; 467 536
36; 68 537; 67 538; 67 541; 66 542; 66 547; 65 548; 65 551; 64 552; 64 554; 63 555; 63 559; 64 560; 64 566; 63 567; 63 569; 62 570; 62 576; 66 576; 68 574; 69 574; 70 573; 72 573; 73 572; 76 572; 77 571; 80 571; 81 570; 82 570; 83 569; 84 569; 85 568; 86 568; 87 567; 88 567; 89 566; 90 566; 91 565; 93 565; 94 564; 97 564; 99 562; 99 560; 97 558; 96 558; 94 556; 93 556; 90 553; 89 553; 86 550; 86 549; 83 546; 82 546; 81 545; 80 545; 78 543; 77 543; 73 539; 72 539; 70 537
37; 180 544; 180 545; 179 546; 179 547; 177 549; 177 550; 175 552; 175 553; 170 558; 170 559; 169 560; 169 561; 168 562; 168 563; 166 565; 166 566; 161 571; 161 572; 160 573; 160 576; 169 576; 170 577; 173 577; 174 578; 180 578; 181 579; 187 579; 188 580; 191 580; 192 581; 198 581; 199 580; 199 576; 198 575; 198 574; 197 573; 197 571; 196 570; 196 568; 195 567; 195 566; 194 565; 194 563; 193 562; 193 561; 192 560; 192 559; 190 557; 190 556; 189 555; 189 553; 188 552; 188 551; 187 550; 187 549; 186 548; 186 547; 185 546; 185 545; 184 544
38; 920 550; 918 552; 917 552; 916 553; 913 553; 912 554; 909 554; 908 555; 906 555; 905 556; 903 556; 901 558; 900 558; 899 559; 898 559; 897 560; 896 560; 895 561; 894 561; 893 562; 891 562; 890 563; 888 563; 887 564; 887 567; 888 568; 889 568; 891 570; 892 570; 903 581; 904 581; 905 582; 906 582; 907 583; 908 583; 909 584; 910 584; 912 586; 913 586; 915 588; 916 588; 917 589; 921 589; 921 588; 922 587; 922 585; 921 584; 921 579; 922 578; 922 568; 923 567; 923 558; 924 557; 924 550
39; 706 594; 705 595; 705 596; 704 597; 704 600; 703 601; 703 602; 702 603; 702 604; 701 605; 701 606; 700 607; 700 608; 699 609; 699 610; 697 612; 697 619; 696 620; 696 622; 695 623; 695 625; 696 626; 696 627; 697 628; 697 630; 696 631; 696 633; 701 633; 702 632; 705 632; 706 631; 711 631; 712 630; 714 630; 715 629; 716 629; 717 628; 719 628; 720 627; 724 627; 725 628; 729 624; 732 624; 732 623; 730 621; 730 620; 728 618; 728 617; 727 616; 727 615; 724 612; 724 611; 723 611; 716 604; 716 603; 712 599; 712 598; 710 596; 710 595; 709 594
40; 320 605; 319 606; 318 606; 317 607; 314 607; 313 608; 306 608; 305 609; 302 609; 300 611; 300 612; 299 613; 299 614; 298 615; 298 619; 297 620; 297 621; 296 622; 296 624; 295 625; 295 628; 296 629; 296 630; 299 633; 300 633; 301 634; 302 634; 307 639; 308 639; 314 645; 316 645; 318 643; 318 635; 319 634; 319 631; 320 630; 320 627; 321 626; 321 624; 322 623; 322 616; 323 615; 323 613; 324 612; 324 610; 325 609; 325 606; 324 605
41; 729 625; 726 628; 726 629; 725 630; 724 630; 723 631; 722 631; 721 632; 718 632; 717 633; 716 633; 715 634; 713 634; 712 635; 710 635; 709 636; 707 636; 704 639; 704 641; 705 642; 705 643; 707 645; 708 645; 709 646; 710 646; 712 648; 713 648; 717 652; 717 653; 720 656; 722 656; 723 657; 724 657; 725 658; 726 658; 728 660; 729 660; 734 665; 737 665; 737 664; 738 663; 738 655; 739 654; 739 651; 740 650; 740 646; 741 645; 741 631; 742 630; 742 625; 737 625; 736 626; 735 626; 734 625
42; 640 641; 638 643; 637 643; 636 644; 635 644; 634 645; 633 645; 632 646; 631 646; 630 647; 629 647; 628 648; 626 648; 625 649; 622 649; 621 650; 619 650; 618 651; 616 651; 615 652; 613 652; 612 653; 611 653; 610 654; 609 654; 608 655; 607 655; 605 657; 605 659; 608 662; 609 662; 611 664; 612 664; 614 666; 615 666; 619 670; 620 670; 623 673; 624 673; 630 679; 631 679; 634 682; 637 682; 638 681; 638 679; 639 678; 639 676; 640 675; 640 669; 641 668; 641 666; 642 665; 642 664; 643 663; 643 661; 644 660; 644 658; 643 657; 643 649; 644 648; 644 642; 643 641
43; 22 651; 21 652; 21 653; 19 655; 19 656; 18 657; 18 659; 17 660; 17 662; 16 663; 16 664; 15 665; 15 667; 14 668; 14 672; 13 673; 13 675; 12 676; 12 678; 11 679; 11 681; 10 682; 10 683; 9 684; 9 685; 8 686; 8 688; 9 689; 9 690; 12 690; 13 689; 15 689; 16 688; 18 688; 19 687; 24 687; 25 686; 32 686; 33 685; 38 685; 39 684; 40 684; 41 683; 43 683; 44 682; 48 682; 49 681; 49 679; 48 678; 48 677; 47 677; 44 674; 43 674; 41 672; 41 671; 40 670; 40 669; 38 667; 38 666; 36 664; 35 664; 32 661; 32 660; 30 658; 30 657; 26 653; 26 652; 25 652; 24 651
44; 573 718; 570 721; 570 725; 569 726; 569 728; 568 729; 568 731; 567 732; 567 733; 566 734; 566 735; 565 736; 565 737; 564 738; 564 747; 563 748; 563 749; 562 750; 562 751; 561 752; 561 756; 562 757; 568 757; 569 756; 571 756; 572 755; 576 755; 577 754; 579 754; 580 753; 582 753; 583 752; 584 752; 585 751; 588 751; 589 750; 593 750; 594 749; 596 749; 597 748; 599 748; 600 747; 601 747; 601 743; 600 742; 599 742; 596 739; 595 739; 586 730; 586 729; 575 718
45; 281 722; 279 724; 279 731; 278 732; 277 732; 274 735; 273 735; 270 738; 269 738; 266 741; 265 741; 263 743; 263 746; 264 746; 265 747; 266 747; 267 748; 270 748; 271 749; 273 749; 274 750; 275 750; 278 753; 278 754; 280 756; 282 756; 283 755; 284 756; 287 756; 288 757; 289 757; 291 759; 292 759; 293 760; 298 760; 299 759; 299 756; 298 755; 298 752; 297 751; 297 743; 296 742; 296 741; 295 740; 295 739; 294 738; 294 737; 293 736; 293 735; 292 734; 292 732; 291 731; 291 729; 290 728; 290 726; 289 725; 289 724; 288 723; 287 723; 286 722
46; 22 742; 22 743; 21 744; 21 746; 20 747; 20 748; 19 749; 19 751; 18 752; 18 753; 17 754; 17 756; 16 757; 16 759; 15 760; 15 762; 14 763; 14 764; 13 765; 13 766; 12 767; 12 771; 11 772; 11 775; 10 776; 10 779; 16 779; 17 778; 19 778; 20 777; 26 777; 27 778; 29 778; 30 777; 31 777; 33 775; 35 775; 36 774; 42 774; 43 773; 48 773; 49 772; 49 768; 43 762; 43 761; 39 757; 39 756; 36 753; 36 752; 34 750; 33 750; 28 745; 28 744; 26 742
47; 774 749; 774 751; 777 754; 777 755; 779 757; 779 758; 780 759; 780 760; 781 761; 781 764; 782 765; 782 767; 784 769; 785 769; 787 771; 787 772; 785 774; 784 774; 783 775; 781 775; 780 776; 778 776; 777 777; 776 777; 776 779; 777 780; 780 780; 781 781; 784 781; 785 780; 792 780; 793 779; 794 779; 800 773; 800 772; 801 771; 801 767; 802 766; 802 764; 803 763; 803 762; 804 761; 804 759; 803 758; 800 758; 799 759; 798 759; 797 760; 796 760; 795 761; 792 761; 791 762; 789 762; 788 761; 787 761; 784 758; 784 757; 782 755; 782 754; 777 749
48; 648 752; 645 755; 645 756; 644 757; 644 759; 643 760; 643 763; 642 764; 642 765; 641 766; 641 768; 640 769; 640 770; 639 771; 639 774; 638 775; 638 776; 637 777; 637 778; 636 779; 636 780; 635 781; 635 782; 634 783; 634 784; 633 785; 633 789; 634 790; 638 790; 639 789; 642 789; 643 788; 647 788; 648 787; 659 787; 660 786; 663 786; 664 785; 671 785; 672 784; 673 784; 673 780; 669 776; 669 775; 667 773; 667 772; 666 771; 666 770; 665 769; 665 768; 662 765; 661 765; 658 762; 658 761; 657 760; 657 759; 655 757; 655 756; 652 753; 651 753; 650 752
49; 401 771; 400 772; 399 772; 398 773; 397 773; 396 774; 394 774; 393 775; 388 775; 387 776; 385 776; 384 777; 383 777; 382 778; 380 778; 379 779; 376 779; 375 780; 372 780; 371 781; 370 781; 369 782; 368 782; 367 783; 366 783; 365 784; 365 787; 368 790; 369 790; 371 792; 372 792; 383 803; 384 803; 391 810; 391 811; 395 811; 396 810; 396 807; 397 806; 397 804; 398 803; 398 802; 399 801; 399 799; 400 798; 400 796; 401 795; 401 793; 402 792; 402 784; 403 783; 403 780; 404 779; 404 772; 403 771
50; 25 783; 24 784; 16 784; 15 785; 8 785; 7 786; 6 786; 5 787; 3 787; 2 788; 0 788; 0 806; 2 806; 7 811; 7 812; 10 815; 10 816; 15 821; 17 821; 19 819; 19 816; 20 815; 20 812; 22 810; 22 809; 23 808; 23 807; 24 806; 24 805; 25 804; 25 803; 26 802; 26 801; 27 800; 27 795; 28 794; 28 793; 29 792; 29 791; 30 790; 30 789; 31 788; 31 784; 30 783
51; 713 808; 712 809; 710 809; 709 810; 708 810; 707 811; 705 811; 704 812; 699 812; 698 813; 697 813; 695 815; 694 815; 693 816; 692 816; 691 817; 690 817; 689 818; 688 818; 687 819; 686 819; 685 820; 683 820; 682 821; 681 821; 680 822; 680 825; 682 827; 683 827; 684 828; 685 828; 693 836; 694 836; 695 837; 696 837; 697 838; 698 838; 703 843; 704 843; 705 844; 706 844; 709 847; 710 847; 711 848; 713 848; 714 847; 714 844; 715 843; 715 835; 716 834; 716 826; 717 825; 717 822; 718 821; 718 818; 719 817; 719 813; 720 812; 720 809; 719 808
52; 501 872; 500 873; 499 873; 499 876; 501 878; 501 879; 503 881; 503 882; 504 883; 504 884; 505 885; 505 887; 506 888; 506 890; 507 891; 507 893; 508 894; 508 895; 509 896; 510 896; 513 899; 513 900; 514 901; 514 902; 516 904; 516 905; 517 906; 517 907; 519 909; 521 909; 523 907; 523 906; 524 905; 524 904; 525 903; 525 902; 528 899; 528 898; 529 897; 529 896; 530 895; 530 894; 531 893; 531 892; 532 891; 532 890; 534 888; 534 887; 536 885; 536 884; 538 882; 538 880; 540 878; 540 877; 541 876; 541 873; 540 872
53; 470 937; 469 938; 467 938; 466 939; 461 939; 460 940; 457 940; 456 941; 454 941; 453 942; 450 942; 449 943; 447 943; 446 944; 444 944; 443 945; 439 945; 438 946; 434 946; 433 947; 433 950; 434 951; 435 951; 438 954; 439 954; 443 958; 443 959; 444 959; 446 961; 446 962; 450 966; 451 966; 453 968; 454 968; 455 969; 456 969; 460 973; 460 974; 459 975; 459 976; 458 977; 458 979; 460 981; 463 981; 464 980; 464 974; 465 973; 465 972; 466 971; 466 968; 465 967; 465 964; 466 963; 466 961; 467 960; 467 958; 468 957; 468 956; 469 955; 469 954; 470 953; 470 952; 471 951; 471 949; 472 948; 472 947; 473 946; 473 945; 474 944; 474 942; 475 941; 475 938; 474 937
54; 361 972; 360 973; 359 973; 358 974; 356 974; 355 975; 353 975; 352 976; 350 976; 349 977; 346 977; 345 978; 342 978; 341 979; 339 979; 338 980; 336 980; 335 981; 334 981; 333 982; 331 982; 330 983; 328 983; 327 984; 326 984; 326 989; 327 989; 335 997; 336 997; 338 999; 338 1000; 339 1001; 339 1002; 341 1004; 343 1004; 344 1005; 345 1005; 348 1008; 349 1008; 353 1012; 357 1012; 358 1011; 358 1010; 359 1009; 359 1007; 360 1006; 360 999; 361 998; 361 995; 362 994; 362 990; 363 989; 363 987; 364 986; 364 981; 365 980; 365 973; 364 973; 363 972
55; 895 985; 894 986; 894 988; 893 989; 893 991; 892 992; 892 995; 891 996; 891 1000; 890 1001; 890 1005; 889 1006; 889 1010; 888 1011; 888 1014; 887 1015; 887 1021; 886 1022; 886 1023; 896 1023; 897 1022; 898 1022; 899 1021; 901 1021; 902 1020; 904 1020; 905 1019; 906 1019; 909 1016; 910 1016; 914 1012; 916 1012; 917 1011; 925 1011; 925 1008; 923 1006; 922 1006; 919 1003; 918 1003; 914 999; 913 999; 912 998; 912 997; 906 991; 905 991; 902 988; 901 988; 900 987; 900 986; 899 986; 898 985
