0; 60 0; 60 11; 61 12; 61 15; 62 16; 62 22; 61 23; 61 24; 60 25; 60 29; 62 29; 63 28; 64 28; 65 27; 68 27; 69 26; 70 26; 75 21; 79 21; 80 20; 82 20; 83 19; 84 19; 85 18; 87 18; 88 17; 90 17; 91 16; 92 16; 93 15; 93 13; 89 9; 88 9; 86 7; 85 7; 82 4; 82 3; 81 2; 81 0; 71 0; 71 1; 74 4; 74 5; 76 7; 76 8; 77 9; 77 11; 75 13; 74 13; 73 14; 72 14; 71 13; 70 13; 69 12; 69 11; 68 10; 68 8; 67 7; 67 0
1; 896 0; 896 2; 888 10; 887 10; 885 12; 884 12; 882 14; 881 14; 880 15; 880 18; 881 19; 882 19; 883 20; 884 20; 886 22; 887 22; 889 24; 890 24; 892 26; 893 26; 895 28; 896 28; 898 30; 899 30; 901 32; 902 32; 903 33; 904 33; 905 34; 907 34; 908 35; 909 35; 910 36; 911 36; 912 37; 917 37; 918 36; 918 33; 917 32; 917 24; 916 23; 916 20; 915 19; 915 2; 914 1; 914 0
2; 338 0; 338 5; 337 6; 337 9; 336 10; 336 13; 335 14; 335 20; 334 21; 334 22; 333 23; 333 26; 335 28; 337 28; 338 27; 341 27; 342 26; 347 26; 348 25; 350 25; 351 24; 354 24; 355 23; 357 23; 358 22; 362 22; 363 21; 366 21; 367 20; 368 20; 369 19; 371 19; 372 18; 373 18; 373 15; 372 14; 372 13; 371 13; 368 10; 368 9; 365 6; 365 5; 363 3; 363 2; 362 1; 362 0; 351 0; 351 2; 359 10; 359 13; 358 14; 357 14; 356 15; 353 15; 352 16; 350 16; 349 17; 344 17; 343 16; 343 14; 344 13; 344 8; 345 7; 345 4; 346 3; 346 0
3; 107 30; 105 32; 104 32; 103 33; 102 33; 101 34; 99 34; 98 35; 95 35; 94 36; 92 36; 91 37; 90 37; 88 39; 87 39; 86 40; 85 40; 84 41; 83 41; 82 42; 81 42; 80 43; 79 43; 78 44; 76 44; 75 45; 74 45; 73 46; 73 48; 77 52; 78 52; 80 54; 81 54; 84 57; 85 57; 87 59; 87 60; 90 63; 91 63; 92 64; 94 64; 95 65; 96 65; 99 68; 100 68; 102 70; 103 70; 104 71; 106 71; 107 72; 110 72; 110 67; 108 65; 108 60; 109 59; 109 51; 110 50; 110 41; 111 40; 111 35; 112 34; 112 32; 111 31; 111 30
4; 134 40; 133 41; 133 42; 125 50; 125 51; 123 53; 123 54; 118 59; 118 60; 117 61; 117 62; 112 67; 111 67; 111 72; 112 72; 113 73; 118 73; 119 74; 123 74; 124 75; 125 75; 126 76; 128 76; 129 77; 133 77; 134 78; 138 78; 139 79; 143 79; 144 80; 149 80; 149 75; 148 74; 148 73; 147 72; 147 70; 146 69; 146 64; 145 63; 145 60; 144 59; 144 56; 143 55; 143 53; 142 52; 142 51; 141 50; 141 47; 140 46; 140 45; 139 44; 139 41; 138 40
5; 61 49; 60 50; 59 50; 56 53; 55 53; 52 56; 50 56; 47 59; 46 59; 42 63; 41 63; 39 65; 38 65; 37 66; 36 66; 35 67; 34 67; 33 68; 32 68; 31 69; 31 73; 32 73; 33 74; 34 74; 35 75; 36 75; 38 77; 39 77; 40 78; 41 78; 46 83; 47 83; 48 84; 49 84; 50 85; 52 85; 53 86; 55 86; 56 87; 57 87; 58 88; 60 88; 62 90; 66 90; 67 89; 67 88; 68 87; 68 85; 67 84; 67 75; 66 74; 66 56; 65 55; 65 52; 64 51; 64 50; 63 49
6; 575 65; 572 68; 572 69; 570 71; 570 72; 568 74; 568 75; 563 80; 563 81; 557 87; 557 88; 555 90; 554 90; 554 91; 552 93; 552 96; 553 97; 554 97; 555 98; 559 98; 560 99; 566 99; 567 100; 568 100; 569 101; 570 101; 571 102; 584 102; 585 103; 587 103; 588 104; 590 104; 592 102; 592 98; 590 96; 590 94; 589 93; 589 92; 588 91; 588 88; 587 87; 587 85; 586 84; 586 82; 585 81; 585 80; 584 79; 584 78; 582 76; 582 75; 581 74; 581 73; 580 72; 580 69; 579 68; 579 66; 578 65
7; 230 82; 229 83; 229 89; 230 90; 230 92; 231 93; 231 96; 232 97; 232 104; 233 105; 233 106; 234 107; 234 108; 235 109; 235 110; 236 111; 236 114; 237 115; 237 117; 238 118; 238 121; 239 122; 241 122; 244 119; 245 119; 255 109; 256 109; 259 106; 259 105; 260 104; 261 104; 261 103; 267 97; 267 93; 266 93; 265 92; 262 92; 261 91; 260 91; 259 90; 256 90; 255 89; 252 89; 251 88; 249 88; 248 87; 246 87; 245 86; 242 86; 241 85; 239 85; 238 84; 236 84; 235 83; 234 83; 233 82
8; 608 90; 607 91; 607 94; 606 95; 606 96; 605 97; 605 100; 604 101; 604 104; 603 105; 603 106; 602 107; 602 108; 601 109; 601 112; 600 113; 600 116; 599 117; 599 119; 598 120; 598 121; 597 122; 597 123; 596 124; 596 126; 597 127; 607 127; 608 126; 614 126; 615 125; 616 125; 617 124; 620 124; 621 123; 624 123; 625 122; 633 122; 634 121; 635 121; 635 117; 629 111; 629 110; 627 108; 627 107; 625 105; 625 103; 622 100; 621 100; 616 95; 616 94; 612 90
9; 454 101; 452 103; 451 103; 450 104; 448 104; 447 105; 446 105; 445 106; 444 106; 442 108; 441 108; 440 109; 439 109; 438 110; 437 110; 436 111; 435 111; 434 112; 433 112; 431 114; 429 114; 427 116; 426 116; 423 119; 423 122; 425 124; 426 124; 428 126; 429 126; 431 128; 432 128; 433 129; 434 129; 435 130; 436 130; 437 131; 438 131; 440 133; 441 133; 443 135; 444 135; 446 137; 447 137; 448 138; 449 138; 452 141; 455 141; 456 140; 456 138; 457 137; 457 125; 458 124; 458 122; 459 121; 459 118; 458 117; 458 102; 457 101
10; 308 104; 307 105; 307 110; 308 111; 308 121; 309 122; 309 137; 310 138; 310 143; 311 144; 314 144; 318 140; 319 140; 322 137; 323 137; 324 136; 326 136; 327 135; 328 135; 333 130; 334 130; 337 127; 338 127; 339 126; 340 126; 343 123; 343 120; 342 119; 340 119; 339 118; 338 118; 337 117; 336 117; 335 116; 334 116; 332 114; 331 114; 330 113; 329 113; 328 112; 327 112; 326 111; 325 111; 324 110; 323 110; 322 109; 321 109; 319 107; 318 107; 317 106; 316 106; 315 105; 314 105; 313 104
11; 904 112; 899 117; 898 117; 895 120; 894 120; 892 122; 891 122; 884 129; 883 129; 881 131; 880 131; 877 134; 876 134; 875 135; 874 135; 873 136; 873 137; 874 138; 874 139; 877 139; 878 140; 880 140; 881 141; 883 141; 885 143; 886 143; 887 144; 888 144; 889 145; 890 145; 893 148; 894 148; 895 149; 899 149; 900 150; 902 150; 903 151; 904 151; 905 152; 906 152; 907 153; 911 153; 911 149; 910 148; 910 141; 909 140; 909 130; 908 129; 908 123; 907 122; 907 113; 906 112
12; 839 114; 838 115; 838 125; 837 126; 837 131; 836 132; 836 137; 835 138; 835 146; 834 147; 834 150; 833 151; 833 153; 834 154; 837 154; 838 153; 839 153; 840 152; 841 152; 842 151; 843 151; 844 150; 846 150; 847 149; 851 149; 852 148; 855 148; 856 147; 857 147; 859 145; 860 145; 862 143; 863 143; 864 142; 866 142; 867 141; 868 141; 869 140; 871 140; 872 139; 873 139; 873 138; 872 137; 872 136; 868 136; 859 127; 858 127; 855 124; 854 124; 851 121; 850 121; 847 118; 846 118; 845 117; 845 116; 844 116; 842 114
13; 363 120; 362 121; 362 126; 363 127; 363 130; 364 131; 364 141; 365 142; 365 144; 366 145; 366 151; 367 152; 367 153; 368 154; 368 158; 369 159; 373 159; 377 155; 378 155; 388 145; 389 145; 391 143; 392 143; 397 138; 398 138; 400 136; 400 134; 398 132; 397 132; 395 130; 394 130; 393 129; 390 129; 389 128; 387 128; 386 127; 385 127; 384 126; 382 126; 381 125; 379 125; 378 124; 377 124; 376 123; 374 123; 373 122; 369 122; 368 121; 366 121; 365 120
14; 0 133; 0 159; 1 159; 2 160; 2 162; 3 163; 3 164; 4 165; 4 166; 5 167; 5 170; 9 170; 12 167; 12 166; 13 165; 14 165; 17 162; 17 161; 21 157; 21 156; 24 153; 24 152; 26 150; 26 149; 28 147; 28 146; 29 145; 30 145; 32 143; 32 139; 31 138; 27 138; 26 137; 22 137; 21 136; 18 136; 17 135; 10 135; 9 134; 6 134; 5 133
15; 351 131; 349 133; 348 133; 347 134; 346 134; 344 136; 343 136; 340 139; 339 139; 336 142; 335 142; 333 144; 332 144; 329 147; 327 147; 326 148; 325 148; 322 151; 322 153; 324 155; 325 155; 326 156; 328 156; 329 157; 330 157; 331 158; 332 158; 333 159; 334 159; 335 160; 336 160; 337 161; 338 161; 340 163; 341 163; 342 164; 344 164; 345 165; 346 165; 347 166; 348 166; 349 167; 350 167; 351 168; 353 168; 355 170; 359 170; 360 169; 360 162; 359 161; 359 153; 358 152; 358 142; 357 141; 357 139; 356 138; 356 132; 355 131
16; 530 142; 529 143; 529 147; 528 148; 528 149; 527 150; 527 159; 526 160; 526 171; 525 172; 525 181; 526 182; 528 182; 529 181; 530 181; 531 180; 532 180; 533 179; 534 179; 535 178; 536 178; 537 177; 538 177; 539 176; 541 176; 542 175; 546 175; 547 174; 548 174; 551 171; 553 171; 554 170; 556 170; 557 169; 559 169; 561 167; 562 167; 562 164; 560 162; 559 162; 556 159; 555 159; 552 156; 551 156; 545 150; 544 150; 542 148; 541 148; 540 147; 539 147; 537 145; 536 145; 533 142
17; 720 167; 718 169; 718 172; 719 173; 719 177; 720 178; 720 180; 721 181; 721 182; 722 183; 722 187; 723 188; 723 194; 724 195; 724 198; 725 199; 725 201; 726 202; 726 203; 727 204; 727 205; 728 206; 728 207; 732 207; 732 206; 739 199; 740 199; 741 198; 742 198; 743 197; 744 197; 745 196; 745 195; 746 194; 746 193; 749 190; 749 189; 750 188; 751 188; 755 184; 756 184; 758 182; 758 179; 757 179; 756 178; 752 178; 751 177; 749 177; 748 176; 745 176; 744 175; 742 175; 741 174; 740 174; 739 173; 738 173; 737 172; 735 172; 734 171; 732 171; 731 170; 730 170; 729 169; 727 169; 726 168; 724 168; 723 167
18; 863 165; 862 166; 862 177; 861 178; 861 186; 860 187; 860 204; 861 205; 861 206; 863 206; 864 207; 866 207; 867 206; 867 205; 870 202; 871 202; 872 201; 874 201; 876 199; 877 199; 878 198; 879 198; 880 197; 881 197; 882 196; 883 196; 884 195; 885 195; 887 193; 888 193; 889 192; 890 192; 891 191; 893 191; 894 190; 895 190; 896 189; 896 186; 895 185; 894 185; 892 183; 891 183; 888 180; 887 180; 885 178; 884 178; 880 174; 880 173; 879 173; 878 172; 877 172; 876 171; 875 171; 874 170; 873 170; 870 167; 869 167; 867 165
19; 491 184; 490 185; 488 185; 487 186; 486 186; 485 187; 485 188; 484 189; 484 190; 483 191; 482 191; 481 192; 480 192; 479 193; 478 193; 477 194; 475 194; 474 195; 473 195; 472 196; 470 196; 469 197; 468 197; 467 198; 466 198; 466 201; 467 202; 468 202; 471 205; 472 205; 478 211; 479 211; 483 215; 484 215; 488 219; 488 220; 489 220; 495 226; 498 226; 498 217; 499 216; 499 207; 498 206; 498 203; 497 202; 497 200; 496 199; 496 196; 495 195; 495 188; 496 187; 496 185; 495 184
20; 96 196; 95 197; 94 197; 93 198; 92 198; 91 199; 90 199; 89 200; 88 200; 87 201; 86 201; 85 202; 84 202; 83 203; 82 203; 80 205; 79 205; 77 207; 76 207; 75 208; 74 208; 73 209; 72 209; 71 210; 70 210; 69 211; 68 211; 66 213; 65 213; 65 217; 66 217; 68 219; 69 219; 71 221; 72 221; 73 222; 74 222; 75 223; 76 223; 78 225; 79 225; 80 226; 81 226; 82 227; 83 227; 85 229; 86 229; 87 230; 88 230; 90 232; 91 232; 93 234; 94 234; 95 235; 99 235; 99 233; 100 232; 100 221; 101 220; 101 207; 100 206; 101 205; 101 197; 100 196
21; 111 195; 110 196; 110 202; 109 203; 109 210; 108 211; 108 214; 107 215; 107 222; 106 223; 106 225; 105 226; 105 233; 106 234; 111 234; 112 233; 115 233; 116 232; 117 232; 118 231; 119 231; 120 230; 122 230; 123 229; 125 229; 126 228; 127 228; 128 227; 129 227; 131 225; 132 225; 134 223; 137 223; 138 222; 141 222; 143 220; 143 218; 141 216; 140 216; 138 214; 137 214; 133 210; 132 210; 125 203; 124 203; 122 201; 121 201; 116 196; 115 196; 114 195
22; 901 203; 900 204; 890 204; 889 205; 882 205; 881 206; 875 206; 874 207; 867 207; 866 208; 866 209; 867 210; 867 211; 868 212; 868 213; 871 216; 871 217; 872 218; 872 219; 873 220; 873 221; 874 222; 874 223; 876 225; 876 226; 879 229; 879 230; 882 233; 882 234; 883 235; 883 236; 886 239; 887 239; 888 240; 891 240; 895 236; 895 235; 896 234; 896 231; 897 230; 897 228; 898 227; 898 226; 899 225; 899 224; 900 223; 900 222; 901 221; 901 220; 902 219; 902 216; 903 215; 903 214; 904 213; 904 212; 905 211; 905 209; 906 208; 906 205; 904 203
23; 446 219; 445 220; 444 220; 443 221; 442 221; 441 222; 440 222; 439 223; 438 223; 437 224; 436 224; 435 225; 432 225; 431 226; 429 226; 428 227; 427 227; 426 228; 425 228; 424 229; 423 229; 422 230; 420 230; 418 232; 417 232; 416 233; 415 233; 415 237; 416 237; 419 240; 420 240; 424 244; 425 244; 428 247; 429 247; 433 251; 434 251; 437 254; 438 254; 440 256; 441 256; 443 258; 445 258; 447 256; 447 248; 448 247; 448 245; 449 244; 449 243; 450 242; 450 240; 452 238; 452 236; 451 235; 451 226; 452 225; 452 220; 451 219
24; 612 220; 611 221; 611 224; 610 225; 610 226; 609 227; 609 228; 608 229; 608 230; 607 231; 607 232; 605 234; 605 235; 604 236; 604 237; 603 238; 603 241; 602 242; 602 244; 601 245; 601 246; 600 247; 600 250; 599 251; 599 253; 597 255; 597 257; 598 258; 599 258; 600 257; 603 257; 604 256; 607 256; 608 255; 610 255; 611 256; 617 256; 618 255; 622 255; 623 254; 631 254; 632 253; 635 253; 636 252; 636 250; 635 249; 635 248; 633 246; 633 245; 632 244; 632 243; 626 237; 626 236; 624 234; 624 233; 620 229; 620 228; 618 226; 618 224; 617 223; 617 222; 616 221; 615 221; 614 220
25; 498 227; 498 242; 499 243; 499 250; 500 251; 500 256; 501 257; 501 261; 502 262; 502 264; 503 265; 503 266; 504 267; 506 267; 507 266; 508 266; 510 264; 511 264; 516 259; 517 259; 519 257; 520 257; 522 255; 523 255; 527 251; 528 251; 529 250; 530 250; 531 249; 532 249; 533 248; 534 248; 535 247; 535 244; 534 243; 533 243; 532 242; 530 242; 529 241; 528 241; 526 239; 524 239; 523 238; 522 238; 521 237; 520 237; 518 235; 517 235; 516 234; 513 234; 512 233; 510 233; 509 232; 508 232; 507 231; 506 231; 505 230; 504 230; 502 228; 501 228; 500 227
26; 456 233; 453 236; 453 238; 456 241; 456 242; 457 243; 457 244; 458 245; 458 246; 459 247; 459 249; 460 250; 460 253; 461 254; 461 256; 463 258; 463 259; 464 260; 464 261; 465 262; 465 263; 466 264; 466 266; 467 267; 467 268; 468 269; 468 270; 469 271; 471 271; 471 270; 476 265; 476 264; 479 261; 479 260; 483 256; 483 255; 484 254; 484 253; 491 246; 491 245; 494 242; 494 239; 493 238; 483 238; 482 237; 480 237; 479 236; 475 236; 474 235; 471 235; 470 234; 466 234; 465 233
27; 569 229; 568 230; 568 232; 567 233; 567 235; 566 236; 566 237; 565 238; 565 240; 564 241; 564 243; 563 244; 563 245; 562 246; 562 247; 561 248; 561 249; 560 250; 560 252; 559 253; 559 256; 558 257; 558 260; 557 261; 557 263; 556 264; 556 266; 557 267; 561 267; 562 266; 566 266; 567 265; 577 265; 578 264; 582 264; 583 263; 587 263; 588 262; 591 262; 592 261; 593 261; 594 260; 595 260; 596 259; 597 259; 597 258; 596 257; 593 257; 588 252; 588 251; 586 249; 586 248; 585 247; 585 246; 579 240; 579 239; 578 238; 578 237; 577 236; 577 235; 574 232; 574 231; 572 229
28; 324 244; 323 245; 322 245; 322 247; 323 248; 323 249; 324 250; 324 252; 325 253; 325 258; 326 259; 326 264; 327 265; 327 273; 328 274; 328 275; 329 276; 329 278; 330 279; 330 282; 331 283; 334 283; 335 282; 335 281; 340 276; 341 276; 343 274; 344 274; 351 267; 352 267; 355 264; 356 264; 356 263; 357 262; 358 262; 360 260; 360 258; 358 256; 355 256; 353 254; 352 254; 350 252; 349 252; 348 251; 347 251; 346 250; 344 250; 343 249; 338 249; 337 248; 335 248; 334 247; 333 247; 332 246; 329 246; 328 245; 327 245; 326 244
29; 263 242; 261 244; 260 244; 259 245; 258 245; 256 247; 255 247; 253 249; 252 249; 251 250; 250 250; 249 251; 248 251; 247 252; 246 252; 245 253; 244 253; 243 254; 242 254; 241 255; 240 255; 239 256; 238 256; 237 257; 235 257; 233 259; 233 262; 234 262; 236 264; 237 264; 239 266; 240 266; 245 271; 246 271; 247 272; 248 272; 249 273; 250 273; 251 274; 252 274; 254 276; 256 276; 257 277; 258 277; 259 278; 260 278; 261 279; 262 279; 264 281; 267 281; 267 249; 268 248; 268 243; 267 242
30; 905 242; 903 244; 902 244; 901 245; 900 245; 899 246; 898 246; 897 247; 896 247; 894 249; 893 249; 891 251; 890 251; 888 253; 887 253; 885 255; 884 255; 883 256; 882 256; 881 257; 880 257; 879 258; 878 258; 875 261; 875 264; 877 266; 877 267; 878 268; 878 269; 883 269; 884 270; 885 270; 886 271; 887 271; 888 272; 890 272; 892 274; 893 274; 894 275; 895 275; 897 277; 898 277; 899 278; 900 278; 901 279; 902 279; 905 282; 908 282; 909 281; 909 265; 910 264; 910 262; 909 261; 909 258; 908 257; 908 243; 907 242
31; 195 243; 194 244; 194 261; 195 262; 195 276; 194 277; 194 282; 199 282; 201 280; 202 280; 204 278; 205 278; 206 277; 207 277; 208 276; 209 276; 210 275; 212 275; 214 273; 215 273; 218 270; 219 270; 221 268; 222 268; 225 265; 226 265; 227 264; 228 264; 229 263; 229 261; 228 260; 226 260; 225 259; 224 259; 222 257; 221 257; 220 256; 219 256; 217 254; 216 254; 215 253; 214 253; 213 252; 212 252; 211 251; 210 251; 209 250; 208 250; 206 248; 204 248; 201 245; 200 245; 199 244; 198 244; 197 243
32; 118 255; 115 258; 115 264; 114 265; 114 266; 113 267; 113 268; 111 270; 111 271; 110 272; 110 281; 111 282; 111 283; 112 284; 112 289; 111 290; 111 291; 113 293; 114 293; 120 287; 121 287; 122 286; 123 286; 126 283; 127 283; 131 279; 132 279; 132 278; 134 276; 135 276; 143 268; 143 265; 142 264; 141 264; 140 263; 139 263; 138 262; 136 262; 135 261; 132 261; 129 258; 128 258; 127 257; 126 257; 125 256; 122 256; 121 255
33; 393 252; 392 253; 392 254; 390 256; 389 256; 387 258; 386 258; 384 260; 383 260; 382 261; 381 261; 380 262; 379 262; 375 266; 374 266; 372 268; 371 268; 367 272; 366 272; 365 273; 365 275; 366 276; 367 276; 368 277; 369 277; 370 278; 372 278; 373 279; 374 279; 375 280; 376 280; 377 281; 378 281; 380 283; 381 283; 383 285; 385 285; 386 286; 388 286; 389 287; 390 287; 391 288; 392 288; 393 289; 394 289; 395 290; 396 290; 397 291; 399 291; 401 289; 401 280; 400 279; 400 272; 399 271; 399 267; 398 266; 398 256; 397 255; 397 252
34; 1012 272; 1011 273; 1009 273; 1008 274; 1006 274; 1005 275; 1000 275; 999 276; 998 276; 998 280; 1003 285; 1003 286; 1004 287; 1004 288; 1006 290; 1006 291; 1008 293; 1008 294; 1016 302; 1016 303; 1017 304; 1022 304; 1023 303; 1023 296; 1018 296; 1017 295; 1017 294; 1014 291; 1014 290; 1013 289; 1013 288; 1010 285; 1010 284; 1009 283; 1009 282; 1012 279; 1023 279; 1023 272; 1020 272; 1019 273; 1018 273; 1017 272
35; 443 267; 440 270; 439 270; 438 271; 437 271; 433 275; 432 275; 431 276; 431 277; 418 290; 418 291; 417 292; 417 294; 418 295; 421 295; 422 296; 425 296; 426 297; 428 297; 429 298; 431 298; 432 299; 433 299; 434 300; 435 300; 436 301; 441 301; 442 302; 448 302; 449 303; 450 303; 451 304; 454 304; 455 303; 455 301; 454 300; 454 299; 453 298; 453 295; 452 294; 452 292; 451 291; 451 285; 450 284; 450 282; 449 281; 449 280; 448 279; 448 278; 447 277; 447 270; 446 269; 446 268; 445 267
36; 875 271; 874 272; 873 272; 872 273; 871 273; 870 274; 868 274; 867 275; 866 275; 865 276; 864 276; 863 277; 861 277; 860 278; 857 278; 856 279; 855 279; 854 280; 853 280; 852 281; 851 281; 850 282; 849 282; 848 283; 847 283; 846 284; 845 284; 842 287; 841 287; 839 289; 840 289; 843 292; 844 291; 845 291; 846 292; 847 292; 848 293; 849 293; 852 296; 853 296; 857 300; 858 300; 859 301; 860 301; 861 302; 862 302; 864 304; 865 304; 867 306; 868 306; 869 307; 870 307; 872 309; 875 309; 875 291; 876 290; 876 286; 877 285; 877 279; 878 278; 878 271
37; 469 275; 469 277; 468 278; 468 280; 467 281; 467 286; 466 287; 466 309; 465 310; 465 312; 466 313; 471 313; 472 312; 473 312; 474 311; 475 311; 476 310; 477 310; 478 309; 479 309; 480 308; 481 308; 482 307; 484 307; 485 306; 487 306; 488 305; 490 305; 491 304; 493 304; 494 303; 495 303; 496 302; 497 302; 500 299; 500 296; 499 295; 498 295; 492 289; 491 289; 488 286; 487 286; 485 284; 484 284; 481 281; 480 281; 477 278; 476 278; 475 277; 474 277; 472 275
38; 76 279; 75 280; 74 280; 74 285; 75 286; 75 294; 76 295; 76 298; 77 299; 77 301; 78 302; 78 307; 79 308; 79 313; 80 314; 80 317; 84 317; 88 313; 89 313; 91 311; 92 311; 99 304; 100 304; 107 297; 108 297; 109 296; 110 296; 112 294; 112 293; 110 291; 109 292; 108 292; 107 291; 105 291; 104 290; 103 290; 101 288; 100 288; 98 286; 97 286; 96 285; 95 285; 94 284; 90 284; 89 283; 86 283; 85 282; 83 282; 82 281; 81 281; 80 280; 79 280; 78 279
39; 271 288; 271 292; 272 293; 272 294; 273 295; 273 296; 274 297; 274 299; 276 301; 276 302; 278 304; 278 305; 279 306; 279 307; 280 308; 280 309; 281 310; 281 311; 282 312; 282 313; 284 315; 284 316; 285 317; 285 319; 286 320; 286 321; 287 322; 290 322; 290 321; 291 320; 291 319; 293 317; 293 316; 300 309; 300 308; 302 306; 302 304; 303 303; 303 301; 304 300; 304 299; 307 296; 307 295; 308 294; 308 293; 309 292; 309 290; 297 290; 296 289; 280 289; 279 288
40; 571 286; 570 287; 570 290; 571 291; 571 292; 572 293; 572 294; 573 295; 573 298; 574 299; 574 301; 575 302; 575 306; 576 307; 576 309; 577 310; 577 311; 578 312; 578 314; 579 315; 579 318; 580 319; 580 322; 581 323; 584 323; 593 314; 593 313; 599 307; 599 306; 601 304; 601 303; 604 300; 605 300; 608 297; 608 294; 607 294; 606 293; 604 293; 603 292; 599 292; 598 291; 594 291; 593 290; 591 290; 590 289; 587 289; 586 288; 580 288; 579 287; 576 287; 575 286
41; 362 285; 362 286; 361 287; 361 300; 362 301; 362 303; 363 304; 363 310; 362 311; 362 318; 363 319; 363 322; 364 323; 366 323; 368 321; 369 321; 370 320; 371 320; 373 318; 374 318; 375 317; 376 317; 377 316; 378 316; 380 314; 381 314; 384 311; 386 311; 387 310; 388 310; 390 308; 391 308; 395 304; 395 302; 392 299; 391 299; 389 297; 388 297; 386 295; 385 295; 384 294; 382 294; 381 293; 380 293; 379 292; 378 292; 376 290; 375 290; 374 289; 372 289; 371 288; 370 288; 369 287; 368 287; 366 285
42; 838 290; 838 291; 837 292; 837 293; 836 294; 836 295; 835 296; 835 297; 833 299; 833 300; 832 301; 832 302; 831 303; 831 304; 829 306; 829 307; 828 308; 828 309; 827 310; 827 312; 826 313; 826 314; 825 315; 825 316; 824 317; 824 318; 823 319; 823 321; 822 322; 822 326; 828 326; 829 325; 837 325; 838 326; 840 326; 841 325; 845 325; 846 324; 850 324; 851 325; 856 325; 859 322; 860 322; 861 321; 861 319; 860 318; 860 317; 859 316; 859 315; 852 308; 852 307; 849 304; 849 303; 848 302; 848 301; 842 295; 842 292; 840 290
43; 404 295; 403 296; 403 300; 404 301; 404 306; 403 307; 403 316; 404 317; 404 332; 405 333; 407 333; 408 332; 409 332; 410 331; 411 331; 413 329; 414 329; 416 327; 417 327; 418 326; 419 326; 420 325; 421 325; 423 323; 424 323; 426 321; 427 321; 428 320; 429 320; 430 319; 431 319; 433 317; 434 317; 435 316; 436 316; 437 315; 438 315; 438 313; 436 311; 435 311; 434 310; 433 310; 430 307; 429 307; 428 306; 427 306; 426 305; 425 305; 424 304; 422 304; 421 303; 420 303; 418 301; 417 301; 414 298; 413 298; 412 297; 410 297; 409 296; 407 296; 406 295
44; 903 293; 903 294; 900 297; 900 298; 898 300; 898 301; 896 303; 896 304; 895 305; 895 306; 894 307; 894 309; 892 311; 892 312; 890 314; 890 315; 887 318; 887 320; 885 322; 885 325; 886 325; 887 326; 890 326; 891 325; 899 325; 900 326; 902 326; 903 327; 925 327; 925 324; 921 320; 921 319; 920 318; 920 317; 919 316; 919 315; 917 313; 917 312; 916 311; 916 309; 915 308; 915 307; 913 305; 913 304; 911 302; 911 301; 909 299; 909 298; 908 297; 908 296; 907 295; 907 294; 906 293
45; 686 300; 685 301; 683 301; 682 302; 677 302; 676 303; 674 303; 673 304; 670 304; 669 305; 668 305; 667 306; 665 306; 664 307; 659 307; 658 308; 656 308; 654 310; 654 312; 655 313; 655 314; 656 315; 656 316; 659 319; 660 319; 666 325; 666 326; 675 335; 675 336; 676 337; 675 338; 677 340; 678 340; 679 339; 680 339; 680 338; 681 337; 681 335; 682 334; 682 333; 683 332; 683 331; 684 330; 684 329; 685 328; 685 325; 686 324; 686 322; 687 321; 687 317; 688 316; 688 314; 689 313; 689 311; 690 310; 690 301; 689 300
46; 958 305; 955 308; 954 308; 952 310; 951 310; 950 311; 949 311; 948 312; 947 312; 945 314; 944 314; 943 315; 942 315; 941 316; 940 316; 938 318; 937 318; 936 319; 935 319; 930 324; 929 324; 928 325; 927 325; 927 327; 928 327; 929 328; 931 328; 932 329; 933 329; 935 331; 936 331; 937 332; 938 332; 942 336; 943 336; 944 337; 949 337; 950 338; 951 338; 952 339; 953 339; 955 341; 956 341; 957 342; 959 342; 960 343; 964 343; 965 342; 965 333; 964 332; 964 318; 963 317; 963 315; 962 314; 962 313; 961 312; 961 305
47; 91 324; 90 325; 90 330; 91 331; 91 333; 92 334; 92 336; 93 337; 93 342; 94 343; 94 344; 95 345; 95 346; 97 348; 97 349; 98 350; 98 354; 99 355; 99 357; 100 358; 100 360; 101 361; 104 361; 108 357; 109 357; 114 352; 114 351; 116 349; 116 348; 118 346; 118 345; 125 338; 125 337; 128 334; 128 332; 126 330; 123 330; 122 329; 120 329; 119 328; 115 328; 114 327; 112 327; 111 326; 106 326; 105 325; 97 325; 96 324
48; 639 323; 639 325; 638 326; 638 342; 639 343; 639 352; 640 353; 640 357; 641 358; 641 363; 644 363; 645 362; 646 362; 648 360; 649 360; 650 359; 651 359; 653 357; 654 357; 655 356; 656 356; 658 354; 659 354; 666 347; 667 347; 668 346; 669 346; 670 345; 671 345; 672 344; 673 344; 674 343; 675 343; 677 341; 675 339; 672 339; 671 338; 670 338; 669 337; 668 337; 667 336; 666 336; 665 335; 664 335; 663 334; 662 334; 661 333; 660 333; 657 330; 656 330; 654 328; 653 328; 652 327; 651 327; 650 326; 648 326; 647 325; 646 325; 645 324; 644 324; 643 323
49; 908 342; 902 348; 901 348; 895 354; 894 354; 892 356; 891 356; 886 361; 885 361; 883 363; 882 363; 881 364; 881 368; 882 369; 884 369; 885 370; 889 370; 890 371; 891 371; 892 372; 893 372; 894 373; 895 373; 900 378; 903 378; 904 379; 906 379; 907 380; 909 380; 910 381; 912 381; 913 382; 916 382; 918 380; 918 378; 917 377; 917 376; 916 375; 916 373; 915 372; 915 370; 916 369; 916 367; 917 366; 917 359; 915 357; 915 356; 914 355; 914 350; 913 349; 913 348; 912 347; 912 344; 910 342
50; 920 369; 921 378; 925 384; 927 395; 931 396; 938 388; 944 384; 953 373; 957 371; 957 367; 949 364; 945 360
51; 945 360; 945 356; 954 347; 954 345; 943 342; 934 336; 929 336; 921 332; 917 332; 916 342; 920 353; 918 366; 920 369
52; 728 356; 704 380; 703 380; 703 384; 704 384; 705 385; 707 385; 708 386; 710 386; 711 387; 713 387; 714 388; 716 388; 717 389; 719 389; 720 390; 722 390; 723 391; 727 391; 728 392; 732 392; 733 393; 735 393; 736 394; 741 394; 742 393; 742 390; 741 389; 741 388; 740 387; 740 385; 739 384; 739 379; 738 378; 738 376; 737 375; 737 374; 736 373; 736 371; 735 370; 735 364; 734 363; 734 362; 733 361; 733 358; 732 357; 732 356
53; 845 366; 844 367; 844 371; 845 372; 845 373; 846 374; 846 375; 847 376; 847 377; 848 378; 848 384; 849 385; 849 387; 850 388; 850 390; 851 391; 851 392; 852 393; 852 394; 853 395; 853 399; 854 400; 854 403; 855 404; 858 404; 871 391; 872 391; 873 390; 873 389; 874 388; 874 387; 878 383; 879 383; 881 381; 883 381; 883 375; 882 374; 879 374; 878 373; 877 373; 876 372; 873 372; 872 371; 869 371; 868 370; 862 370; 861 369; 859 369; 858 368; 857 368; 856 367; 851 367; 850 366
54; 161 369; 160 370; 160 371; 159 372; 159 375; 158 376; 158 378; 157 379; 157 381; 156 382; 156 384; 155 385; 155 386; 154 387; 154 388; 153 389; 153 391; 152 392; 152 393; 151 394; 151 397; 150 398; 150 402; 149 403; 149 407; 150 408; 153 408; 154 407; 159 407; 160 406; 166 406; 167 405; 168 405; 169 404; 172 404; 173 403; 177 403; 178 402; 185 402; 186 401; 187 401; 187 396; 178 387; 178 386; 177 385; 177 384; 175 382; 175 381; 174 381; 166 373; 166 372; 163 369
55; 884 381; 883 382; 883 385; 884 386; 884 388; 885 389; 885 392; 886 393; 886 397; 887 398; 887 405; 888 406; 888 410; 889 411; 889 413; 890 414; 890 417; 891 418; 891 419; 893 421; 895 421; 900 416; 901 416; 907 410; 908 410; 911 407; 911 406; 919 398; 920 398; 922 396; 922 394; 921 393; 920 393; 919 392; 917 392; 916 391; 913 391; 912 390; 910 390; 909 389; 908 389; 907 388; 905 388; 904 387; 902 387; 901 386; 900 386; 899 385; 898 385; 897 384; 895 384; 894 383; 891 383; 890 382; 888 382; 887 381
56; 472 384; 471 385; 471 388; 470 389; 470 392; 469 393; 469 395; 468 396; 468 397; 467 398; 467 406; 466 407; 466 410; 465 411; 465 414; 464 415; 464 417; 463 418; 463 424; 465 424; 466 423; 468 423; 469 422; 471 422; 472 421; 476 421; 477 420; 480 420; 481 419; 483 419; 484 418; 486 418; 487 417; 489 417; 490 416; 492 416; 493 415; 494 415; 495 414; 497 414; 498 413; 500 413; 502 411; 502 409; 494 401; 493 401; 492 400; 492 399; 488 395; 487 395; 478 386; 477 386; 475 384
57; 591 412; 590 413; 589 413; 589 418; 590 419; 590 421; 591 422; 591 425; 592 426; 592 430; 593 431; 593 432; 594 433; 594 436; 595 437; 595 440; 596 441; 596 443; 597 444; 597 446; 598 447; 598 448; 599 449; 599 451; 600 452; 602 452; 603 451; 604 451; 607 448; 607 447; 613 441; 613 440; 622 431; 623 431; 624 430; 624 429; 625 428; 626 428; 627 427; 627 426; 628 425; 628 422; 627 422; 626 421; 623 421; 622 420; 619 420; 618 419; 616 419; 615 418; 614 418; 613 417; 612 417; 611 416; 605 416; 604 415; 600 415; 599 414; 597 414; 596 413; 594 413; 593 412
58; 147 428; 146 429; 142 429; 141 430; 140 430; 139 429; 134 429; 133 430; 132 430; 131 431; 129 431; 128 432; 125 432; 124 433; 118 433; 117 434; 117 437; 119 439; 119 440; 124 445; 124 446; 126 448; 126 449; 130 453; 130 454; 133 457; 133 458; 135 460; 135 461; 140 466; 142 466; 143 465; 143 464; 144 463; 144 461; 145 460; 145 459; 147 457; 147 455; 148 454; 148 453; 149 452; 149 450; 150 449; 150 448; 151 447; 151 445; 152 444; 152 442; 153 441; 153 439; 154 438; 154 437; 155 436; 155 428
59; 462 425; 460 427; 460 436; 459 437; 459 443; 458 444; 458 446; 457 447; 457 451; 456 452; 456 465; 460 465; 461 464; 462 464; 463 463; 464 463; 465 462; 467 462; 468 461; 470 461; 471 460; 476 460; 477 459; 478 459; 480 457; 481 457; 482 456; 483 456; 484 455; 486 455; 487 454; 488 454; 489 453; 490 453; 492 451; 493 451; 493 448; 492 447; 491 447; 490 446; 489 446; 486 443; 485 443; 478 436; 477 436; 475 434; 474 434; 470 430; 469 430; 465 426; 465 425
60; 84 434; 81 437; 80 437; 73 444; 72 444; 71 445; 70 445; 67 448; 67 449; 62 454; 61 454; 60 455; 59 455; 58 456; 58 457; 57 458; 57 461; 58 462; 58 463; 59 463; 60 464; 62 464; 63 465; 65 465; 66 466; 67 466; 68 467; 71 467; 72 468; 75 468; 76 469; 79 469; 80 470; 84 470; 85 471; 87 471; 88 472; 89 472; 91 474; 93 474; 94 473; 95 473; 95 464; 94 463; 94 459; 93 458; 93 456; 92 455; 92 453; 91 452; 91 447; 90 446; 90 444; 89 443; 89 441; 88 440; 88 435; 87 434
61; 333 488; 331 490; 331 491; 327 495; 326 495; 324 497; 323 497; 322 498; 322 499; 321 500; 320 500; 317 503; 316 503; 311 508; 310 508; 306 512; 306 515; 308 517; 309 517; 310 518; 312 518; 313 519; 316 519; 317 520; 318 520; 319 521; 321 521; 322 522; 324 522; 325 523; 330 523; 331 524; 334 524; 335 525; 336 525; 337 526; 338 526; 339 527; 341 527; 342 528; 344 528; 345 527; 345 523; 344 522; 344 521; 343 520; 343 506; 342 505; 342 503; 341 502; 341 501; 340 500; 340 497; 339 496; 339 492; 338 491; 338 489; 337 488
62; 641 544; 640 545; 638 545; 637 546; 636 546; 635 547; 634 547; 632 549; 631 549; 630 550; 628 550; 627 551; 626 551; 625 552; 624 552; 623 553; 621 553; 619 555; 618 555; 617 556; 616 556; 615 557; 613 557; 612 558; 611 558; 609 560; 608 560; 608 561; 607 562; 607 564; 609 566; 610 566; 611 567; 612 567; 613 568; 615 568; 617 570; 618 570; 626 578; 627 578; 629 580; 630 580; 632 582; 633 582; 635 584; 636 584; 637 585; 639 585; 641 583; 641 582; 642 581; 642 575; 643 574; 643 567; 644 566; 644 557; 645 556; 645 545; 644 544
63; 272 557; 271 558; 271 567; 272 568; 272 574; 273 575; 273 580; 274 581; 274 594; 275 595; 275 597; 276 598; 279 598; 284 593; 285 593; 290 588; 291 588; 292 587; 293 587; 294 586; 295 586; 296 585; 297 585; 301 581; 302 581; 305 578; 306 578; 308 576; 308 573; 307 572; 306 572; 305 571; 302 571; 301 570; 300 570; 298 568; 297 568; 293 564; 290 564; 289 563; 287 563; 285 561; 284 561; 283 560; 280 560; 279 559; 277 559; 275 557
64; 764 554; 762 556; 762 557; 760 559; 760 560; 756 564; 756 565; 754 567; 753 567; 751 569; 750 569; 750 570; 748 572; 748 573; 747 574; 747 575; 746 576; 745 576; 745 577; 740 582; 740 586; 741 587; 745 587; 746 588; 751 588; 752 589; 756 589; 757 590; 758 590; 759 591; 766 591; 767 592; 770 592; 771 593; 779 593; 781 591; 781 590; 778 587; 778 586; 777 585; 777 583; 776 582; 776 578; 775 577; 775 574; 774 573; 774 571; 773 570; 773 568; 772 567; 772 566; 771 565; 771 563; 770 562; 770 561; 769 560; 769 559; 768 558; 768 556; 766 554
65; 347 586; 346 587; 344 587; 343 588; 341 588; 340 589; 338 589; 337 590; 336 590; 335 591; 333 591; 332 592; 331 592; 330 593; 328 593; 326 595; 325 595; 324 596; 323 596; 322 597; 321 597; 320 598; 319 598; 318 599; 317 599; 316 600; 316 603; 317 604; 318 604; 319 605; 320 605; 321 606; 322 606; 325 609; 326 609; 332 615; 333 615; 335 617; 336 617; 337 618; 338 618; 341 621; 342 621; 344 623; 348 623; 348 622; 349 621; 349 618; 350 617; 350 614; 351 613; 351 608; 352 607; 352 596; 353 595; 353 586
66; 782 591; 780 593; 780 594; 781 595; 781 598; 780 599; 780 605; 779 606; 779 611; 778 612; 778 613; 777 614; 777 616; 776 617; 776 621; 775 622; 775 625; 774 626; 774 629; 776 631; 781 631; 782 630; 784 630; 786 628; 795 628; 796 627; 797 627; 799 625; 800 625; 801 624; 802 624; 803 623; 805 623; 806 622; 808 622; 809 623; 812 620; 812 618; 806 612; 806 611; 795 600; 794 600; 785 591
67; 867 595; 864 598; 863 598; 859 602; 858 602; 856 604; 855 604; 854 605; 852 605; 851 606; 850 606; 848 608; 848 609; 844 613; 843 613; 842 614; 841 614; 840 615; 839 615; 838 616; 837 616; 837 619; 838 619; 839 620; 842 620; 843 621; 844 621; 845 622; 846 622; 848 624; 849 624; 850 625; 851 625; 852 626; 854 626; 855 627; 856 627; 857 628; 858 628; 859 629; 860 629; 861 630; 862 630; 864 632; 866 632; 867 633; 868 633; 870 635; 875 635; 875 630; 874 629; 874 624; 873 623; 874 622; 874 613; 873 612; 873 610; 872 609; 872 598; 871 597; 871 596; 870 595
68; 557 607; 556 608; 556 613; 557 614; 557 640; 558 641; 558 646; 559 647; 561 647; 562 646; 563 646; 564 645; 565 645; 566 644; 567 644; 569 642; 570 642; 571 641; 572 641; 575 638; 576 638; 577 637; 578 637; 580 635; 581 635; 582 634; 583 634; 584 633; 585 633; 587 631; 588 631; 591 628; 591 626; 590 625; 589 625; 588 624; 587 624; 586 623; 585 623; 583 621; 582 621; 577 616; 576 616; 575 615; 574 615; 573 614; 571 614; 570 613; 569 613; 568 612; 567 612; 566 611; 565 611; 563 609; 562 609; 561 608; 560 608; 559 607
69; 388 609; 388 610; 387 611; 387 619; 388 620; 388 627; 387 628; 387 637; 386 638; 386 640; 387 641; 387 647; 391 647; 392 646; 393 646; 394 645; 395 645; 396 644; 397 644; 398 643; 400 643; 401 642; 405 642; 406 641; 407 641; 410 638; 411 638; 414 635; 415 635; 416 634; 417 634; 418 633; 419 633; 420 632; 422 632; 422 629; 421 629; 420 628; 418 628; 416 626; 415 626; 412 623; 411 623; 407 619; 406 619; 404 617; 403 617; 402 616; 401 616; 398 613; 397 613; 396 612; 395 612; 393 610; 392 610; 391 609
70; 756 610; 750 616; 749 616; 748 617; 747 617; 746 618; 745 618; 732 631; 731 631; 729 633; 729 634; 728 635; 728 638; 731 638; 732 637; 733 637; 734 638; 736 638; 737 639; 739 639; 740 640; 742 640; 743 641; 744 641; 745 642; 746 642; 747 643; 748 643; 749 644; 751 644; 752 645; 754 645; 755 646; 758 646; 759 647; 760 647; 761 648; 762 648; 764 650; 766 648; 767 648; 767 647; 766 646; 766 645; 765 644; 765 638; 764 637; 764 632; 763 631; 763 625; 762 624; 762 620; 761 619; 761 612; 760 611; 760 610
71; 460 616; 459 617; 458 617; 457 618; 455 618; 454 619; 453 619; 452 620; 449 620; 448 621; 446 621; 445 622; 443 622; 442 623; 440 623; 439 624; 437 624; 436 625; 434 625; 433 626; 431 626; 430 627; 429 627; 428 628; 427 628; 426 629; 426 631; 427 631; 432 636; 433 636; 440 643; 440 644; 441 644; 444 647; 445 647; 452 654; 452 655; 453 656; 456 656; 456 655; 457 654; 457 652; 458 651; 458 650; 459 649; 459 648; 460 647; 460 637; 461 636; 461 631; 462 630; 462 622; 463 621; 463 620; 464 619; 464 617; 463 617; 462 616
72; 831 616; 831 617; 830 618; 830 620; 829 621; 829 623; 828 624; 828 625; 827 626; 826 626; 821 621; 814 621; 813 620; 810 623; 810 626; 808 628; 808 629; 803 634; 803 637; 804 637; 805 638; 807 638; 809 640; 811 640; 812 641; 814 641; 815 642; 816 642; 817 643; 818 643; 819 644; 820 644; 821 645; 823 645; 824 646; 826 646; 828 648; 829 648; 830 649; 831 649; 832 650; 833 650; 834 651; 836 651; 838 649; 839 649; 839 648; 840 647; 840 642; 839 641; 839 639; 838 638; 838 637; 837 636; 837 632; 836 631; 836 629; 835 628; 835 626; 834 625; 834 621; 836 619; 836 617; 835 616
73; 203 622; 202 623; 201 623; 200 624; 199 624; 198 625; 195 625; 194 626; 191 626; 190 627; 189 627; 187 629; 186 629; 185 630; 184 630; 183 631; 182 631; 181 632; 180 632; 179 633; 178 633; 177 634; 175 634; 174 635; 173 635; 171 637; 171 640; 174 640; 180 646; 181 646; 188 653; 189 653; 192 656; 193 656; 196 659; 197 659; 199 661; 202 661; 204 659; 204 652; 205 651; 205 647; 206 646; 206 642; 205 641; 206 640; 206 635; 207 634; 207 627; 208 626; 208 624; 207 623; 207 622
74; 247 624; 244 627; 244 628; 241 631; 241 632; 236 637; 236 638; 234 640; 234 641; 232 643; 232 644; 225 651; 225 653; 226 654; 231 654; 232 655; 235 655; 236 656; 238 656; 239 657; 240 657; 241 658; 249 658; 250 659; 259 659; 260 660; 264 660; 265 659; 265 657; 264 656; 264 655; 263 654; 263 653; 262 652; 262 649; 261 648; 261 647; 259 645; 259 643; 258 642; 258 641; 257 640; 257 638; 256 637; 256 634; 255 633; 255 631; 254 630; 254 629; 253 628; 253 627; 250 624
75; 772 639; 772 644; 773 645; 773 647; 774 648; 774 652; 775 653; 775 655; 776 656; 776 658; 777 659; 777 661; 778 662; 777 663; 777 664; 778 665; 778 666; 780 668; 780 670; 781 671; 781 677; 785 677; 798 664; 798 663; 800 661; 800 660; 804 656; 804 655; 805 654; 805 653; 809 649; 809 647; 808 646; 807 646; 806 645; 802 645; 801 644; 799 644; 798 643; 795 643; 794 642; 793 642; 792 641; 790 641; 789 640; 787 640; 786 641; 780 641; 779 640; 777 640; 776 639
76; 726 638; 725 639; 724 639; 722 641; 721 641; 719 643; 718 643; 717 644; 716 644; 715 645; 714 645; 713 646; 712 646; 711 647; 710 647; 705 652; 704 652; 702 654; 701 654; 699 656; 698 656; 696 658; 696 661; 698 663; 699 663; 701 665; 702 665; 703 666; 704 666; 705 667; 706 667; 707 668; 708 668; 709 669; 710 669; 711 670; 712 670; 713 671; 714 671; 715 672; 716 672; 718 674; 720 674; 721 675; 722 675; 723 676; 724 676; 727 679; 730 679; 730 678; 731 677; 731 663; 730 662; 730 660; 729 659; 729 642; 728 641; 728 639; 727 638
77; 413 646; 412 647; 412 651; 413 652; 413 655; 414 656; 414 660; 415 661; 415 665; 416 666; 416 680; 415 681; 416 681; 419 684; 420 684; 421 683; 422 683; 423 682; 424 682; 425 681; 426 681; 427 680; 428 680; 433 675; 434 675; 438 671; 438 670; 442 666; 443 666; 445 664; 446 664; 447 663; 448 663; 449 662; 449 659; 448 658; 444 658; 443 657; 442 657; 441 656; 440 656; 437 653; 436 653; 434 651; 432 651; 431 650; 427 650; 426 649; 425 649; 424 648; 422 648; 421 647; 419 647; 418 646
78; 167 640; 164 643; 164 644; 163 645; 163 646; 162 647; 162 648; 160 650; 160 652; 159 653; 159 654; 157 656; 157 657; 156 658; 156 663; 155 664; 155 666; 154 667; 154 669; 153 670; 153 671; 152 672; 152 673; 151 674; 151 678; 159 678; 160 677; 172 677; 173 676; 176 676; 177 675; 180 675; 181 676; 183 676; 184 675; 187 675; 189 673; 189 669; 186 666; 186 665; 185 664; 185 663; 179 657; 179 656; 175 652; 175 651; 172 648; 172 647; 170 645; 170 644; 169 643; 169 640
79; 362 644; 361 645; 361 648; 362 649; 362 651; 361 652; 361 654; 360 655; 360 656; 359 657; 359 661; 358 662; 358 669; 357 670; 357 672; 356 673; 356 680; 357 681; 357 683; 358 684; 361 684; 362 683; 363 683; 364 682; 366 682; 367 681; 369 681; 370 680; 371 680; 373 678; 374 678; 375 677; 376 677; 378 675; 379 675; 380 674; 381 674; 382 673; 383 673; 384 672; 385 672; 386 671; 387 671; 388 670; 392 670; 393 671; 395 671; 396 670; 396 669; 395 668; 395 667; 394 666; 394 665; 393 665; 392 664; 391 664; 390 663; 389 663; 387 661; 386 661; 377 652; 376 652; 375 651; 374 651; 373 650; 372 650; 370 648; 369 648; 366 645; 365 645; 364 644
80; 766 649; 765 650; 765 653; 757 661; 757 662; 744 675; 744 676; 742 678; 742 681; 743 682; 751 682; 752 683; 755 683; 756 684; 758 684; 759 685; 760 685; 761 686; 765 686; 766 687; 768 687; 769 688; 773 688; 774 689; 778 689; 779 690; 781 690; 782 689; 782 687; 781 686; 781 683; 780 682; 780 680; 781 679; 781 678; 780 677; 780 671; 779 670; 779 668; 777 666; 777 665; 776 665; 774 663; 774 662; 773 661; 773 660; 771 658; 771 656; 770 655; 770 652; 769 651; 769 650; 768 649
81; 396 671; 394 673; 394 675; 393 676; 393 678; 392 679; 392 682; 391 683; 391 686; 390 687; 390 690; 389 691; 389 695; 388 696; 388 698; 387 699; 387 709; 392 709; 393 708; 396 708; 397 707; 399 707; 400 706; 402 706; 403 705; 404 705; 405 704; 407 704; 408 703; 410 703; 411 702; 413 702; 414 701; 417 701; 418 700; 422 700; 423 699; 424 699; 425 698; 425 696; 422 693; 422 692; 418 688; 418 686; 419 685; 416 682; 414 682; 413 683; 412 682; 411 682; 406 677; 405 677; 403 675; 402 675; 400 673; 399 673; 397 671
82; 795 679; 789 685; 789 686; 787 688; 786 688; 785 689; 784 689; 783 690; 782 690; 781 691; 781 693; 774 700; 774 701; 770 705; 770 708; 771 709; 774 709; 775 710; 779 710; 780 711; 782 711; 783 712; 785 712; 786 713; 791 713; 792 714; 796 714; 797 715; 800 715; 801 716; 802 716; 803 717; 808 717; 809 716; 809 713; 808 712; 808 706; 807 705; 807 703; 806 702; 806 695; 805 694; 805 693; 804 692; 804 691; 802 689; 802 688; 801 687; 801 686; 800 685; 800 683; 799 682; 799 680; 798 679
83; 640 696; 639 697; 639 707; 640 708; 640 735; 641 736; 644 736; 645 735; 646 735; 647 734; 648 734; 649 733; 650 733; 652 731; 653 731; 654 730; 656 730; 657 729; 658 729; 659 728; 660 728; 660 727; 662 725; 663 725; 666 722; 667 722; 670 719; 671 719; 672 718; 673 718; 675 716; 675 713; 674 712; 672 712; 671 711; 669 711; 668 710; 667 710; 666 709; 665 709; 664 708; 663 708; 660 705; 659 705; 658 704; 656 704; 655 703; 654 703; 651 700; 650 700; 648 698; 647 698; 646 697; 645 697; 644 696
84; 518 715; 517 716; 517 720; 518 721; 518 725; 519 726; 519 729; 520 730; 519 731; 519 735; 520 736; 520 738; 522 740; 522 748; 523 749; 523 752; 522 753; 523 753; 524 754; 526 754; 528 752; 529 752; 530 751; 531 751; 537 745; 538 745; 548 735; 549 735; 551 733; 552 733; 556 729; 556 728; 555 727; 555 726; 553 726; 552 725; 548 725; 547 724; 546 724; 545 723; 543 723; 542 722; 540 722; 539 721; 538 721; 537 720; 536 720; 535 719; 534 719; 533 718; 530 718; 529 717; 528 717; 527 716; 525 716; 524 715
85; 559 716; 558 717; 558 724; 556 726; 556 727; 557 728; 557 729; 558 730; 558 732; 559 733; 558 734; 558 739; 559 740; 559 748; 560 749; 559 750; 559 755; 560 756; 562 756; 563 755; 564 755; 565 754; 566 754; 567 753; 568 753; 570 751; 571 751; 572 750; 573 750; 574 749; 575 749; 576 748; 577 748; 578 747; 579 747; 580 746; 581 746; 582 745; 583 745; 586 742; 587 742; 588 741; 589 741; 594 736; 594 733; 593 733; 592 732; 591 732; 590 731; 589 731; 588 730; 586 730; 585 729; 584 729; 583 728; 582 728; 581 727; 580 727; 577 724; 576 724; 574 722; 573 722; 572 721; 571 721; 570 720; 569 720; 568 719; 567 719; 566 718; 564 718; 562 716
86; 600 723; 600 739; 601 740; 601 745; 602 746; 602 749; 603 750; 603 755; 604 756; 604 758; 605 759; 605 761; 606 762; 609 762; 612 759; 613 759; 618 754; 619 754; 620 753; 621 753; 622 752; 623 752; 625 750; 625 749; 630 744; 631 744; 633 742; 634 742; 636 740; 636 737; 634 735; 632 735; 631 734; 630 734; 629 733; 627 733; 626 732; 625 732; 624 731; 623 731; 622 730; 621 730; 620 729; 619 729; 618 728; 617 728; 616 727; 613 727; 612 726; 610 726; 609 725; 607 725; 606 724; 605 724; 604 723
87; 283 748; 283 749; 282 750; 282 757; 283 758; 283 761; 284 762; 284 765; 285 766; 285 781; 286 782; 286 786; 287 787; 291 787; 292 786; 293 786; 294 785; 295 785; 298 782; 299 782; 301 780; 302 780; 308 774; 309 774; 312 771; 313 771; 315 769; 316 769; 317 768; 318 768; 319 767; 319 764; 318 763; 317 763; 316 762; 315 762; 313 760; 311 760; 310 759; 308 759; 304 755; 303 755; 302 754; 299 754; 298 753; 297 753; 296 752; 295 752; 293 750; 292 750; 291 749; 290 749; 289 748
88; 1017 756; 1016 757; 1008 757; 1007 758; 996 758; 995 759; 990 759; 989 760; 983 760; 982 761; 981 761; 981 765; 985 769; 985 770; 986 771; 986 772; 992 778; 992 779; 994 781; 994 782; 999 787; 999 788; 1001 790; 1001 791; 1003 793; 1006 793; 1008 791; 1008 790; 1010 788; 1010 787; 1011 786; 1011 785; 1012 784; 1012 781; 1013 780; 1013 779; 1014 778; 1014 776; 1015 775; 1015 773; 1016 772; 1016 768; 1017 767; 1017 766; 1018 765; 1021 765; 1022 766; 1023 766; 1023 756
89; 522 754; 520 756; 520 757; 519 758; 518 758; 516 760; 515 760; 512 763; 510 763; 509 764; 506 764; 503 767; 503 768; 500 771; 499 771; 495 775; 494 775; 493 776; 492 776; 490 778; 490 780; 491 781; 492 781; 493 782; 494 782; 495 783; 496 783; 498 785; 499 785; 500 786; 501 786; 502 787; 503 787; 504 788; 505 788; 506 789; 507 789; 508 790; 510 790; 511 791; 513 791; 515 793; 516 793; 517 794; 519 794; 520 795; 521 795; 522 796; 525 796; 526 795; 527 795; 528 794; 528 790; 527 789; 527 788; 526 787; 526 785; 525 784; 525 778; 526 777; 526 773; 525 772; 525 768; 524 767; 524 764; 523 763; 523 761; 524 760; 524 758; 525 757; 525 755; 524 755; 523 754
90; 871 818; 870 819; 869 819; 868 820; 867 820; 866 821; 865 821; 864 822; 862 822; 861 823; 860 823; 859 824; 858 824; 857 825; 852 825; 851 826; 850 826; 849 827; 848 827; 847 828; 845 828; 844 829; 842 829; 840 831; 839 831; 838 832; 837 832; 837 835; 838 835; 840 837; 841 837; 846 842; 847 842; 851 846; 852 846; 859 853; 860 853; 865 858; 869 858; 870 857; 870 850; 871 849; 871 848; 872 847; 872 843; 873 842; 873 841; 874 840; 874 824; 875 823; 875 819; 874 818
91; 196 820; 195 821; 195 844; 194 845; 194 859; 196 861; 198 861; 199 860; 200 860; 202 858; 203 858; 206 855; 207 855; 209 853; 210 853; 211 852; 213 852; 215 850; 216 850; 217 849; 218 849; 219 848; 220 848; 221 847; 222 847; 223 846; 224 846; 225 845; 227 845; 228 844; 230 844; 231 843; 231 841; 230 840; 230 839; 227 836; 226 836; 225 835; 223 835; 221 833; 220 833; 218 831; 218 830; 216 828; 214 828; 213 827; 210 827; 209 826; 208 826; 206 824; 205 824; 204 823; 203 823; 200 820
92; 74 830; 73 831; 70 831; 69 832; 66 832; 65 833; 63 833; 62 834; 59 834; 58 835; 49 835; 49 839; 54 844; 54 845; 57 848; 58 848; 60 850; 61 850; 62 851; 63 851; 65 853; 67 853; 68 854; 69 854; 71 856; 72 856; 77 861; 77 863; 79 863; 80 864; 83 864; 83 863; 84 862; 84 854; 83 853; 83 851; 82 850; 82 847; 83 846; 83 844; 84 843; 84 840; 85 839; 85 837; 86 836; 86 833; 85 832; 85 830; 83 830; 82 831; 81 830
93; 90 827; 89 828; 88 828; 86 830; 86 832; 87 833; 87 835; 88 835; 90 837; 90 842; 89 843; 89 848; 90 849; 90 858; 89 859; 89 865; 90 866; 90 867; 95 867; 96 866; 97 866; 98 865; 99 865; 100 864; 101 864; 102 863; 103 863; 106 860; 107 860; 108 859; 109 859; 110 858; 111 858; 113 856; 114 856; 116 854; 117 854; 119 852; 120 852; 122 850; 123 850; 125 848; 125 845; 124 845; 123 844; 121 844; 120 843; 119 843; 116 840; 115 840; 113 838; 112 838; 111 837; 109 837; 108 836; 107 836; 106 835; 105 835; 103 833; 102 833; 101 832; 100 832; 98 830; 97 830; 95 828; 94 828; 93 827
94; 76 864; 73 867; 72 867; 69 870; 68 870; 65 873; 64 873; 61 876; 60 876; 57 879; 56 879; 54 881; 53 881; 51 883; 50 883; 49 884; 49 887; 51 889; 52 889; 53 890; 54 890; 55 891; 56 891; 57 892; 59 892; 60 893; 61 893; 62 894; 66 894; 67 895; 68 895; 69 896; 71 896; 72 897; 74 897; 75 898; 77 898; 78 899; 79 899; 81 901; 83 901; 84 902; 86 902; 87 901; 87 900; 88 899; 88 897; 87 896; 87 887; 86 886; 86 879; 85 878; 85 876; 84 875; 84 870; 83 869; 83 866; 82 865; 80 865; 79 864
95; 305 897; 303 899; 303 904; 302 905; 302 908; 301 909; 301 927; 300 928; 300 936; 301 937; 304 937; 305 936; 306 936; 307 935; 309 935; 310 934; 311 934; 312 933; 314 933; 315 932; 317 932; 318 931; 319 931; 323 927; 324 927; 325 926; 326 926; 327 925; 329 925; 330 924; 331 924; 332 923; 334 923; 336 921; 336 918; 335 917; 334 917; 330 913; 329 913; 325 909; 324 909; 321 906; 320 906; 318 904; 317 904; 316 903; 315 903; 314 902; 313 902; 309 898; 308 898; 307 897
96; 789 896; 789 897; 786 900; 786 901; 781 906; 780 906; 778 908; 778 910; 777 911; 777 913; 772 918; 772 919; 771 920; 771 921; 770 922; 770 923; 768 925; 768 926; 767 927; 767 928; 768 929; 777 929; 778 930; 784 930; 785 931; 798 931; 799 932; 807 932; 808 931; 808 929; 805 926; 805 925; 804 924; 804 920; 803 919; 803 918; 802 917; 802 916; 801 915; 801 911; 800 910; 800 909; 797 906; 797 904; 796 903; 796 902; 795 901; 795 900; 794 899; 794 897; 793 896
97; 36 913; 34 915; 33 915; 31 917; 30 917; 29 918; 28 918; 27 919; 26 919; 25 920; 24 920; 23 921; 22 921; 19 924; 18 924; 17 925; 16 925; 15 926; 14 926; 12 928; 11 928; 10 929; 9 929; 8 930; 7 930; 6 931; 5 931; 5 934; 6 935; 7 935; 8 936; 9 936; 11 938; 12 938; 15 941; 16 941; 21 946; 22 946; 23 947; 27 947; 28 948; 30 948; 31 949; 32 949; 33 950; 34 950; 37 953; 40 953; 41 952; 41 946; 40 945; 40 939; 41 938; 41 920; 40 919; 40 914; 39 913
98; 728 921; 727 922; 727 926; 728 927; 728 928; 729 929; 729 932; 730 933; 730 935; 731 936; 731 938; 732 939; 732 940; 733 941; 733 943; 734 944; 734 946; 735 947; 735 948; 736 949; 736 950; 737 951; 737 952; 738 953; 738 955; 739 956; 739 957; 740 958; 740 959; 743 959; 749 953; 749 952; 750 951; 750 950; 753 947; 753 946; 759 940; 759 939; 763 935; 763 934; 767 930; 767 929; 766 928; 766 927; 765 928; 757 928; 756 927; 754 927; 753 926; 751 926; 750 925; 748 925; 747 924; 742 924; 741 923; 738 923; 737 922; 734 922; 733 921
99; 605 922; 604 923; 604 945; 605 946; 605 947; 606 948; 606 960; 607 961; 611 961; 615 957; 616 957; 617 956; 618 956; 619 955; 620 955; 623 952; 624 952; 626 950; 627 950; 628 949; 629 949; 635 943; 636 943; 637 942; 638 942; 639 941; 640 941; 640 938; 639 937; 638 937; 637 936; 635 936; 634 935; 633 935; 630 932; 628 932; 627 931; 625 931; 623 929; 622 929; 621 928; 620 928; 619 927; 618 927; 617 926; 616 926; 615 925; 614 925; 613 924; 612 924; 611 923; 610 923; 609 922
100; 122 929; 122 930; 121 931; 121 933; 120 934; 120 941; 119 942; 119 948; 118 949; 118 954; 117 955; 117 959; 116 960; 116 966; 117 967; 119 967; 120 966; 123 966; 124 965; 128 965; 129 964; 130 964; 131 963; 132 963; 133 962; 135 962; 136 961; 138 961; 139 960; 140 960; 142 958; 144 958; 145 957; 147 957; 148 956; 150 956; 151 955; 153 955; 154 954; 154 951; 153 951; 147 945; 146 945; 140 939; 139 939; 137 937; 136 937; 130 931; 129 931; 127 929
101; 836 936; 835 937; 823 937; 822 938; 819 938; 818 939; 809 939; 808 940; 805 940; 804 941; 803 941; 802 942; 802 945; 807 950; 807 951; 810 954; 810 955; 812 957; 812 958; 813 959; 813 960; 815 962; 815 963; 820 968; 820 969; 821 970; 821 971; 824 974; 826 974; 829 971; 829 970; 830 969; 830 967; 831 966; 831 964; 832 963; 832 961; 836 957; 836 951; 837 950; 837 948; 838 947; 838 946; 839 945; 839 944; 840 943; 840 942; 841 941; 841 937; 840 936
102; 384 978; 383 979; 383 988; 384 989; 384 992; 385 993; 385 1005; 386 1006; 386 1013; 387 1014; 387 1017; 388 1018; 388 1019; 391 1019; 393 1017; 394 1017; 395 1016; 396 1016; 400 1012; 401 1012; 402 1011; 403 1011; 405 1009; 406 1009; 408 1007; 408 1006; 414 1000; 415 1000; 417 998; 418 998; 419 997; 420 997; 420 996; 421 995; 421 993; 419 991; 418 991; 417 990; 414 990; 413 989; 411 989; 410 988; 409 988; 408 987; 406 987; 405 986; 404 986; 403 985; 402 985; 401 984; 400 984; 399 983; 398 983; 397 982; 396 982; 395 981; 394 981; 393 980; 391 980; 390 979; 389 979; 388 978
103; 784 994; 783 995; 782 995; 780 997; 779 997; 776 1000; 775 1000; 773 1002; 772 1002; 770 1004; 769 1004; 767 1006; 766 1006; 762 1010; 761 1010; 760 1011; 759 1011; 757 1013; 756 1013; 754 1015; 754 1018; 755 1018; 756 1019; 759 1019; 760 1020; 761 1020; 763 1022; 763 1023; 778 1023; 778 1022; 777 1021; 776 1021; 774 1019; 773 1019; 770 1016; 770 1013; 773 1010; 774 1010; 775 1009; 776 1009; 777 1008; 778 1008; 779 1007; 780 1007; 782 1009; 782 1018; 783 1019; 783 1023; 790 1023; 790 1020; 789 1019; 789 1002; 788 1001; 788 994
