0; 2 0; 2 2; 3 3; 3 5; 2 6; 2 7; 1 8; 0 8; 0 27; 9 27; 10 28; 11 28; 12 29; 13 29; 14 30; 19 30; 21 32; 21 35; 28 35; 31 32; 31 31; 33 29; 38 29; 39 30; 55 30; 56 29; 57 29; 58 28; 58 27; 59 26; 59 22; 53 16; 53 14; 52 13; 52 12; 51 11; 51 10; 47 6; 47 5; 44 2; 44 0; 29 0; 29 1; 30 2; 30 3; 32 5; 32 6; 33 7; 33 8; 34 9; 34 13; 33 14; 31 14; 30 15; 28 15; 27 16; 23 16; 22 17; 18 17; 17 16; 15 16; 14 15; 14 14; 13 13; 13 12; 14 11; 14 10; 15 9; 15 8; 16 7; 16 6; 18 4; 18 3; 20 1; 20 0
1; 137 0; 137 3; 138 4; 138 5; 139 6; 139 8; 140 9; 140 13; 141 14; 141 17; 142 18; 142 20; 143 21; 143 24; 144 25; 144 26; 146 28; 149 28; 152 25; 152 24; 153 23; 153 22; 154 21; 154 20; 158 16; 158 15; 165 8; 165 7; 168 4; 170 4; 171 3; 172 3; 173 2; 173 0; 154 0; 154 1; 152 3; 151 3; 149 1; 149 0
2; 346 0; 346 6; 345 7; 345 16; 344 17; 344 29; 343 30; 343 35; 345 37; 349 37; 350 36; 351 36; 353 34; 354 34; 355 33; 357 33; 358 32; 361 32; 362 31; 366 31; 367 30; 369 30; 374 25; 375 25; 376 24; 380 24; 381 23; 382 23; 384 21; 385 21; 386 20; 388 20; 389 19; 392 19; 393 18; 395 18; 396 17; 397 17; 398 16; 399 16; 401 14; 402 14; 403 13; 404 13; 404 8; 400 4; 399 4; 397 2; 397 0; 371 0; 371 1; 377 7; 377 10; 376 11; 375 11; 374 12; 373 12; 372 13; 370 13; 369 14; 368 14; 367 15; 365 15; 364 16; 360 16; 359 15; 359 3; 360 2; 360 0
3; 702 0; 702 10; 701 11; 701 16; 700 17; 700 21; 699 22; 699 25; 698 26; 698 48; 697 49; 697 53; 698 54; 711 54; 711 52; 713 50; 714 50; 715 49; 716 49; 717 48; 718 48; 719 47; 720 47; 721 46; 723 46; 724 45; 726 45; 727 44; 729 44; 730 43; 731 43; 732 42; 733 42; 734 41; 735 41; 736 40; 744 40; 745 39; 746 39; 747 38; 748 38; 749 37; 751 37; 752 36; 753 36; 754 35; 755 35; 756 34; 757 34; 758 33; 759 33; 759 28; 758 27; 758 26; 757 25; 756 25; 751 20; 750 20; 748 18; 747 18; 746 17; 745 17; 743 15; 742 15; 738 11; 738 10; 737 9; 737 7; 736 6; 736 5; 733 5; 732 6; 728 6; 726 4; 725 4; 722 1; 722 0
4; 524 0; 524 1; 525 2; 525 3; 526 4; 526 8; 527 9; 529 9; 530 8; 531 8; 533 6; 543 6; 544 7; 546 7; 547 8; 548 8; 549 9; 551 9; 553 11; 554 11; 555 12; 556 12; 560 16; 560 19; 558 21; 558 22; 551 29; 550 29; 546 33; 546 34; 545 35; 545 36; 544 37; 544 42; 545 42; 546 43; 552 43; 553 44; 556 44; 557 45; 569 45; 570 46; 573 46; 574 47; 576 47; 577 46; 580 46; 581 47; 583 47; 584 48; 591 48; 592 49; 593 49; 595 47; 602 47; 603 46; 611 46; 611 44; 610 43; 610 41; 608 39; 608 35; 609 34; 609 31; 608 30; 607 30; 605 28; 604 28; 602 26; 602 25; 601 24; 601 23; 600 22; 600 21; 601 20; 601 18; 602 17; 602 14; 597 14; 592 9; 592 8; 590 6; 590 5; 589 4; 589 2; 588 1; 588 0; 572 0; 572 2; 570 4; 570 5; 567 8; 564 8; 562 6; 562 5; 560 3; 560 0
5; 13 35; 11 37; 11 38; 10 39; 10 42; 8 44; 5 44; 2 41; 2 40; 1 39; 0 39; 0 77; 1 77; 2 78; 15 78; 18 75; 18 74; 19 73; 20 74; 21 74; 22 75; 22 76; 23 77; 23 78; 24 79; 24 81; 25 82; 25 83; 26 84; 26 85; 28 87; 28 94; 29 95; 29 97; 30 98; 34 98; 35 97; 36 97; 37 96; 37 94; 38 93; 38 92; 39 91; 39 90; 47 82; 48 82; 49 81; 50 81; 51 80; 52 80; 53 79; 53 78; 56 75; 56 74; 69 61; 70 61; 72 59; 73 59; 74 58; 75 58; 78 55; 78 52; 76 50; 74 50; 73 49; 70 49; 69 48; 67 48; 66 47; 62 47; 61 46; 56 46; 55 45; 53 45; 50 42; 50 41; 49 40; 46 40; 45 41; 44 41; 43 42; 38 42; 37 41; 35 41; 34 40; 31 40; 30 39; 28 39; 27 38; 27 36; 19 36; 18 35
6; 193 34; 192 35; 191 35; 183 43; 182 43; 178 47; 177 47; 175 49; 174 49; 173 50; 172 50; 169 53; 168 53; 165 56; 164 56; 163 57; 162 57; 161 58; 160 58; 157 61; 156 61; 155 62; 152 62; 151 63; 150 63; 148 65; 147 65; 145 67; 144 67; 143 68; 142 68; 141 69; 141 73; 143 75; 146 75; 147 76; 149 76; 152 79; 153 79; 154 80; 157 80; 158 81; 160 81; 161 82; 162 82; 164 84; 165 84; 166 85; 168 85; 169 86; 172 86; 173 87; 174 87; 176 89; 177 89; 179 91; 181 91; 182 92; 184 92; 186 94; 187 94; 188 95; 188 96; 189 97; 189 98; 190 98; 192 100; 193 100; 195 102; 195 103; 201 103; 202 102; 207 102; 207 101; 206 100; 206 97; 205 96; 205 95; 203 93; 203 92; 202 91; 202 90; 201 89; 201 84; 200 83; 200 79; 201 78; 201 69; 204 66; 204 64; 203 64; 200 61; 200 60; 199 59; 199 54; 198 53; 198 46; 197 45; 197 40; 198 39; 198 36; 196 34
7; 603 47; 602 48; 595 48; 594 49; 594 51; 592 53; 588 53; 587 52; 580 52; 579 53; 572 53; 571 54; 567 54; 566 53; 563 53; 562 54; 561 54; 560 55; 560 57; 559 58; 559 61; 563 65; 564 65; 566 67; 566 68; 568 70; 568 71; 571 74; 571 75; 572 76; 572 78; 573 79; 573 81; 575 83; 576 83; 582 89; 582 90; 588 96; 588 97; 589 98; 589 99; 590 100; 590 101; 592 103; 592 104; 594 106; 594 107; 596 109; 600 109; 601 108; 601 107; 602 106; 602 105; 603 104; 603 100; 604 99; 604 97; 605 96; 605 95; 606 94; 606 93; 608 91; 611 91; 612 92; 612 89; 613 88; 613 80; 615 78; 615 77; 616 76; 616 74; 617 73; 617 71; 618 70; 618 69; 619 68; 619 67; 620 66; 620 65; 621 64; 621 63; 622 62; 622 61; 623 60; 623 59; 625 57; 625 56; 626 55; 626 49; 624 47; 621 47; 620 48; 618 48; 617 49; 613 49; 612 48; 612 47
8; 736 49; 735 50; 734 50; 731 53; 730 53; 728 55; 727 55; 726 56; 724 56; 723 57; 721 57; 720 58; 715 58; 712 55; 698 55; 698 56; 699 57; 699 61; 698 62; 697 62; 696 63; 693 63; 692 64; 691 64; 690 65; 687 65; 686 66; 682 66; 679 69; 679 72; 681 74; 682 74; 686 78; 687 78; 690 81; 691 81; 704 94; 704 95; 705 96; 705 97; 707 99; 708 99; 709 100; 711 100; 712 101; 713 101; 717 105; 717 106; 718 107; 718 108; 719 109; 719 111; 720 112; 720 113; 721 114; 726 114; 727 113; 728 113; 728 112; 729 111; 729 110; 730 109; 730 101; 731 100; 731 97; 732 96; 732 92; 733 91; 733 87; 734 86; 734 83; 735 82; 735 80; 736 79; 736 76; 737 75; 737 73; 738 72; 738 71; 739 70; 739 69; 740 68; 740 66; 741 65; 741 61; 742 60; 742 59; 743 58; 743 57; 744 56; 744 51; 742 49
9; 657 45; 656 46; 655 46; 653 48; 653 49; 651 51; 651 52; 649 54; 649 55; 648 56; 648 57; 644 61; 643 61; 642 62; 640 62; 639 63; 637 63; 636 64; 636 65; 634 67; 634 68; 633 69; 633 70; 627 76; 627 77; 626 78; 626 79; 621 84; 620 84; 619 85; 617 85; 616 86; 615 85; 614 85; 614 88; 613 89; 613 93; 614 94; 615 94; 616 95; 622 95; 623 96; 625 96; 626 97; 629 97; 630 98; 632 98; 633 99; 634 99; 635 100; 636 100; 637 101; 640 101; 641 102; 650 102; 651 103; 652 103; 653 104; 654 104; 655 105; 657 105; 658 106; 663 106; 664 107; 667 107; 668 108; 676 108; 677 107; 677 106; 678 105; 678 103; 677 102; 677 101; 674 98; 674 97; 673 96; 673 95; 672 94; 672 83; 668 79; 668 78; 667 77; 667 74; 666 73; 666 68; 665 67; 665 61; 664 60; 664 58; 663 57; 663 50; 662 49; 662 48; 659 45
10; 1004 35; 1003 36; 1002 36; 1000 38; 1000 39; 1003 39; 1004 40; 1003 41; 1000 41; 1000 43; 1004 47; 1004 48; 1005 49; 1005 50; 1006 51; 1006 53; 1007 54; 1007 56; 1008 57; 1008 59; 1009 60; 1009 61; 1010 62; 1010 63; 1011 64; 1011 65; 1012 66; 1012 67; 1014 69; 1014 70; 1016 72; 1016 73; 1017 74; 1017 76; 1018 77; 1018 80; 1015 83; 1014 83; 1013 84; 1011 84; 1010 85; 1009 84; 1007 84; 1006 83; 1005 83; 1003 81; 1002 81; 998 77; 998 76; 996 74; 996 73; 995 73; 994 72; 990 72; 989 71; 988 71; 987 70; 987 69; 986 68; 986 67; 985 67; 984 66; 983 66; 982 65; 981 65; 980 64; 978 64; 977 63; 974 63; 973 62; 971 62; 970 61; 969 61; 968 60; 963 60; 963 61; 962 62; 962 73; 963 74; 963 77; 964 78; 964 79; 963 80; 963 83; 962 84; 962 92; 963 93; 963 96; 962 97; 962 100; 980 100; 981 101; 998 101; 1000 103; 1001 103; 1002 102; 1003 102; 1005 100; 1006 100; 1007 99; 1008 99; 1009 98; 1010 98; 1011 97; 1012 97; 1014 95; 1015 95; 1016 94; 1017 94; 1018 93; 1020 93; 1021 92; 1023 92; 1023 57; 1021 55; 1021 54; 1022 53; 1023 53; 1023 39; 1017 39; 1016 38; 1012 38; 1011 37; 1010 37; 1009 36; 1007 36; 1006 35
11; 450 67; 449 68; 449 72; 450 73; 450 74; 451 75; 451 77; 452 78; 452 80; 453 81; 453 82; 454 83; 454 87; 455 88; 455 89; 456 90; 456 91; 457 92; 457 95; 456 96; 456 97; 455 98; 455 102; 456 103; 457 103; 458 104; 458 105; 459 106; 459 107; 460 108; 460 110; 461 111; 461 115; 462 116; 462 118; 463 119; 463 127; 464 128; 469 128; 471 126; 472 126; 477 121; 478 121; 482 117; 488 117; 489 116; 489 110; 491 108; 492 108; 494 106; 495 106; 496 105; 496 104; 497 103; 497 100; 498 99; 498 98; 501 95; 502 95; 507 90; 508 90; 509 89; 510 89; 513 86; 513 82; 511 80; 505 80; 504 79; 501 79; 500 78; 498 78; 497 77; 494 77; 493 76; 491 76; 490 75; 487 75; 486 74; 481 74; 480 73; 479 73; 478 72; 475 72; 474 71; 466 71; 465 70; 463 70; 462 69; 461 69; 460 68; 459 68; 458 67
12; 814 74; 813 75; 812 75; 810 77; 809 77; 808 78; 805 78; 804 79; 802 79; 800 81; 799 81; 797 83; 795 83; 794 84; 792 84; 791 85; 790 85; 789 86; 788 86; 787 87; 786 87; 785 88; 784 88; 783 89; 781 89; 780 90; 779 90; 778 91; 776 91; 775 92; 770 92; 769 93; 768 93; 767 94; 766 94; 763 97; 761 97; 760 98; 759 98; 758 99; 758 102; 761 105; 762 105; 763 106; 764 106; 766 108; 767 108; 770 111; 771 111; 774 114; 775 114; 777 116; 777 117; 781 121; 782 121; 787 126; 788 126; 790 128; 791 128; 792 129; 793 129; 794 130; 795 130; 803 138; 804 138; 805 139; 809 139; 811 137; 811 133; 810 132; 810 131; 811 130; 811 121; 812 120; 812 115; 813 114; 813 111; 814 110; 814 108; 815 107; 815 103; 816 102; 816 87; 817 86; 817 83; 818 82; 818 81; 819 80; 819 75; 818 74
13; 834 80; 833 81; 832 81; 830 83; 830 86; 831 87; 831 89; 832 90; 832 92; 833 93; 833 105; 832 106; 832 107; 830 109; 829 109; 828 110; 827 110; 826 111; 826 113; 827 114; 828 114; 829 115; 833 115; 835 117; 835 122; 836 123; 836 128; 835 129; 835 136; 836 137; 836 143; 838 145; 842 145; 843 144; 844 144; 852 136; 853 136; 856 133; 857 133; 859 131; 860 131; 862 129; 863 129; 865 127; 866 127; 867 126; 873 126; 874 127; 875 127; 877 125; 877 122; 878 121; 878 118; 882 114; 883 114; 885 112; 886 112; 888 110; 889 110; 890 109; 891 109; 892 108; 892 105; 890 103; 889 103; 888 102; 885 102; 884 101; 883 101; 882 100; 881 100; 880 99; 878 99; 877 98; 875 98; 874 97; 873 97; 872 96; 871 96; 870 95; 868 95; 867 94; 866 94; 865 93; 863 93; 862 92; 860 92; 859 91; 858 91; 857 90; 855 90; 854 89; 853 89; 852 88; 851 88; 850 87; 849 87; 847 85; 846 85; 845 84; 844 84; 843 83; 841 83; 840 82; 839 82; 838 81; 837 81; 836 80
14; 131 84; 129 86; 129 93; 130 94; 130 99; 131 100; 131 103; 132 104; 132 105; 133 106; 133 113; 134 114; 134 116; 135 117; 135 122; 134 123; 134 125; 135 126; 135 127; 138 130; 138 131; 139 132; 139 137; 140 138; 140 145; 142 147; 145 147; 146 146; 147 146; 154 139; 155 139; 157 137; 158 137; 168 127; 168 126; 177 117; 178 117; 179 116; 181 116; 182 115; 183 115; 185 113; 185 112; 187 110; 188 110; 191 107; 191 106; 192 105; 192 101; 190 99; 189 99; 188 98; 187 99; 186 99; 185 100; 182 100; 181 99; 178 99; 177 98; 173 98; 172 97; 169 97; 167 95; 166 95; 163 92; 162 92; 161 91; 152 91; 151 90; 146 90; 145 89; 142 89; 141 88; 140 88; 139 87; 138 87; 135 84
15; 1022 100; 1021 101; 1020 101; 1019 102; 1018 102; 1016 104; 1015 104; 1012 107; 1011 107; 1010 108; 1008 108; 1007 109; 1000 109; 998 107; 998 106; 1000 104; 998 102; 981 102; 980 101; 962 101; 962 104; 961 105; 961 108; 960 109; 960 117; 959 118; 968 127; 968 129; 969 130; 969 131; 977 139; 981 139; 982 140; 983 140; 984 141; 986 141; 987 142; 989 142; 990 143; 991 143; 992 144; 993 144; 994 145; 997 145; 998 146; 1000 146; 1001 147; 1002 147; 1003 148; 1004 148; 1007 151; 1008 151; 1009 152; 1010 152; 1011 153; 1012 153; 1014 155; 1015 155; 1017 157; 1018 157; 1019 158; 1020 158; 1021 159; 1023 159; 1023 100
16; 202 103; 201 104; 196 104; 196 107; 195 108; 195 109; 194 110; 194 112; 193 113; 193 114; 191 116; 191 117; 190 118; 190 120; 189 121; 189 123; 188 124; 188 125; 187 126; 187 128; 186 129; 186 130; 185 131; 185 132; 184 133; 184 134; 183 135; 183 136; 182 137; 182 138; 181 139; 181 140; 180 141; 180 142; 179 143; 179 144; 178 145; 178 147; 177 148; 177 149; 176 150; 191 150; 192 151; 203 151; 205 153; 206 153; 207 154; 208 153; 210 153; 211 152; 220 152; 221 151; 224 151; 225 150; 232 150; 233 151; 237 151; 238 150; 239 150; 240 149; 240 146; 239 145; 239 144; 232 137; 232 136; 230 134; 230 133; 229 132; 229 131; 223 125; 223 121; 224 120; 224 116; 223 115; 216 115; 212 111; 212 110; 211 109; 211 108; 210 107; 210 106; 207 103
17; 941 106; 938 109; 938 110; 937 111; 937 117; 936 118; 936 119; 935 120; 935 122; 934 123; 934 124; 933 125; 933 126; 932 127; 932 129; 931 130; 931 134; 930 135; 930 138; 929 139; 929 140; 927 142; 927 147; 926 148; 926 150; 925 151; 925 152; 924 153; 924 154; 923 155; 923 156; 922 157; 922 161; 921 162; 921 164; 920 165; 920 167; 929 167; 930 166; 933 166; 934 165; 935 165; 936 164; 938 164; 939 163; 950 163; 951 162; 952 162; 953 161; 954 161; 955 160; 963 160; 964 159; 967 159; 968 158; 970 158; 971 157; 979 157; 980 156; 982 156; 984 154; 984 151; 981 148; 980 148; 976 144; 976 141; 977 140; 968 131; 968 130; 967 129; 967 127; 959 119; 956 119; 953 116; 953 115; 952 114; 952 113; 947 108; 947 107; 946 107; 945 106
18; 904 111; 896 119; 895 119; 893 121; 892 121; 890 123; 889 123; 888 124; 887 124; 886 125; 885 125; 884 126; 883 126; 882 127; 880 127; 878 125; 875 128; 875 129; 874 130; 874 131; 873 132; 873 133; 872 134; 871 134; 869 136; 868 136; 867 137; 866 137; 864 139; 863 139; 861 141; 860 141; 858 143; 856 143; 855 144; 854 144; 852 146; 852 148; 853 149; 854 149; 855 150; 856 150; 857 151; 858 151; 859 152; 860 152; 861 153; 862 153; 863 154; 865 154; 866 155; 867 155; 868 156; 869 156; 870 157; 872 157; 873 158; 874 158; 876 160; 878 160; 879 161; 881 161; 882 162; 883 162; 884 163; 885 163; 886 164; 887 164; 888 165; 889 165; 892 168; 893 168; 895 170; 897 170; 898 171; 900 171; 901 172; 902 172; 903 173; 904 173; 906 175; 907 175; 908 176; 910 176; 911 175; 912 175; 912 174; 913 173; 913 167; 912 166; 912 165; 911 164; 911 144; 910 143; 910 136; 911 135; 911 132; 910 131; 910 128; 909 127; 909 123; 908 122; 908 121; 909 120; 909 112; 908 111
19; 347 117; 341 123; 340 123; 338 125; 337 125; 335 127; 334 127; 329 132; 328 132; 323 137; 322 137; 321 138; 320 138; 319 139; 318 139; 312 145; 311 145; 309 147; 308 147; 306 149; 304 149; 303 150; 301 150; 298 153; 298 157; 299 157; 300 158; 303 158; 304 159; 306 159; 307 160; 308 160; 309 161; 310 161; 312 163; 313 163; 314 164; 315 164; 316 165; 318 165; 319 166; 320 166; 321 167; 323 167; 324 168; 326 168; 328 170; 329 170; 330 171; 331 171; 332 172; 335 172; 336 173; 337 173; 338 174; 340 174; 341 175; 342 175; 343 176; 344 176; 346 178; 346 179; 347 180; 347 181; 348 182; 348 184; 347 185; 352 185; 353 186; 358 186; 358 185; 359 184; 359 174; 358 173; 358 165; 357 164; 357 154; 359 152; 359 149; 356 146; 356 145; 355 144; 355 143; 354 142; 354 140; 353 139; 353 127; 352 126; 352 119; 350 117
20; 405 115; 404 116; 403 116; 403 117; 401 119; 401 120; 400 121; 400 123; 398 125; 398 126; 390 134; 390 135; 387 138; 386 138; 374 150; 373 150; 368 155; 367 155; 363 159; 363 162; 365 164; 367 164; 368 165; 377 165; 378 166; 379 166; 380 167; 381 167; 382 168; 387 168; 388 169; 390 169; 393 172; 393 175; 394 176; 397 176; 402 171; 410 171; 411 172; 414 172; 415 173; 417 173; 419 175; 420 175; 423 178; 426 178; 427 177; 427 168; 426 167; 426 165; 425 164; 425 163; 424 162; 424 160; 423 159; 423 157; 422 156; 422 155; 421 154; 421 153; 420 152; 420 150; 419 149; 419 146; 418 145; 418 141; 417 140; 417 139; 416 138; 416 137; 415 136; 415 134; 414 133; 414 129; 413 128; 413 125; 411 123; 411 122; 410 121; 410 118; 409 117; 409 116; 408 115
21; 692 130; 689 133; 689 135; 690 135; 692 137; 692 138; 694 140; 694 141; 695 142; 695 144; 696 145; 696 146; 697 147; 697 150; 698 151; 698 153; 699 154; 699 156; 700 157; 700 160; 701 161; 701 163; 702 164; 703 164; 705 166; 705 167; 706 168; 706 169; 707 170; 707 173; 708 174; 708 175; 709 176; 709 179; 710 180; 710 184; 711 185; 711 186; 712 187; 712 188; 713 189; 713 190; 714 191; 719 191; 720 190; 720 189; 721 188; 721 186; 722 185; 722 184; 723 183; 723 182; 724 181; 724 180; 726 178; 726 177; 742 161; 742 160; 744 158; 744 157; 748 153; 748 152; 750 150; 750 149; 756 143; 756 140; 754 138; 751 138; 750 137; 744 137; 743 136; 741 136; 740 137; 733 137; 732 136; 729 136; 724 131; 722 131; 721 132; 719 132; 718 133; 704 133; 703 132; 701 132; 700 131; 698 131; 697 130
22; 682 134; 678 138; 677 138; 669 146; 669 147; 667 149; 666 149; 647 168; 646 168; 644 170; 643 170; 642 171; 641 171; 640 172; 639 172; 638 173; 637 173; 636 174; 636 178; 637 178; 639 180; 640 180; 641 181; 646 181; 647 182; 650 182; 651 183; 652 183; 653 184; 655 184; 656 185; 657 185; 658 186; 660 186; 661 187; 664 187; 665 188; 669 188; 670 189; 672 189; 673 190; 675 190; 676 191; 678 191; 680 193; 681 193; 682 194; 685 194; 686 195; 688 195; 690 197; 691 197; 692 198; 698 198; 700 196; 700 190; 698 188; 698 187; 697 186; 697 184; 696 183; 696 180; 695 179; 695 177; 694 176; 694 173; 693 172; 693 170; 694 169; 694 164; 691 161; 691 159; 690 158; 690 149; 689 148; 689 146; 688 145; 688 144; 687 143; 687 134
23; 175 151; 175 152; 174 153; 174 154; 172 156; 171 156; 170 157; 168 157; 165 160; 165 166; 166 167; 166 168; 167 169; 167 170; 171 174; 171 175; 172 176; 172 178; 173 179; 173 184; 172 185; 172 191; 173 190; 175 190; 177 192; 177 201; 181 205; 181 206; 182 207; 182 209; 183 210; 183 214; 184 215; 184 217; 187 220; 191 220; 195 216; 195 215; 199 211; 200 211; 201 210; 202 210; 204 208; 204 207; 206 205; 206 202; 207 201; 207 200; 213 194; 213 193; 215 191; 215 190; 218 187; 218 186; 229 175; 229 174; 230 173; 230 172; 231 171; 231 169; 229 167; 227 167; 226 168; 224 168; 223 169; 218 169; 217 168; 215 168; 214 167; 213 167; 211 165; 210 165; 209 164; 208 164; 207 163; 206 163; 205 162; 205 161; 204 160; 205 159; 205 156; 206 155; 206 154; 205 154; 203 152; 192 152; 191 151
24; 833 157; 831 159; 830 159; 828 161; 827 161; 826 162; 825 162; 824 163; 822 163; 821 164; 819 164; 818 165; 816 165; 815 166; 814 166; 813 167; 812 167; 811 168; 810 168; 809 169; 805 169; 804 170; 802 170; 801 171; 799 171; 798 172; 796 172; 795 173; 794 173; 793 174; 792 174; 791 175; 790 175; 789 176; 786 176; 785 177; 781 177; 780 178; 779 178; 777 180; 777 184; 778 185; 779 185; 780 186; 782 186; 784 188; 785 188; 789 192; 790 192; 793 195; 794 195; 798 199; 798 204; 799 204; 800 205; 804 205; 805 206; 807 206; 809 208; 810 208; 814 212; 814 213; 816 215; 817 215; 822 220; 823 220; 825 222; 829 222; 830 221; 830 220; 831 219; 831 209; 832 208; 832 207; 833 206; 833 205; 834 204; 834 203; 835 202; 835 200; 834 199; 834 190; 835 189; 835 186; 836 185; 836 179; 837 178; 837 166; 838 165; 838 163; 839 162; 839 159; 838 158; 838 157
25; 503 165; 502 166; 502 171; 503 172; 503 173; 504 174; 504 176; 505 177; 505 178; 506 179; 506 180; 508 182; 508 183; 509 184; 509 186; 510 187; 510 195; 509 196; 509 199; 510 200; 511 200; 512 201; 513 201; 516 204; 516 206; 517 207; 517 209; 518 210; 518 211; 520 213; 520 214; 521 215; 521 217; 522 218; 522 221; 523 222; 523 223; 525 225; 529 225; 531 223; 531 222; 532 221; 532 220; 533 219; 533 218; 537 214; 537 213; 542 208; 543 208; 546 205; 546 204; 547 203; 547 202; 548 201; 548 200; 558 190; 558 189; 559 188; 559 187; 561 185; 561 184; 565 180; 565 179; 567 177; 567 174; 566 173; 565 173; 564 172; 555 172; 554 173; 552 173; 551 172; 549 172; 548 171; 547 171; 546 170; 539 170; 538 171; 537 171; 536 170; 534 170; 533 169; 525 169; 524 168; 523 168; 522 167; 519 167; 518 166; 510 166; 509 165
26; 62 161; 61 162; 60 162; 59 163; 58 163; 55 166; 46 166; 45 167; 42 167; 40 169; 39 169; 35 173; 34 173; 33 174; 32 174; 31 175; 28 175; 27 176; 24 176; 23 177; 22 177; 21 178; 18 178; 17 179; 14 179; 13 180; 11 180; 10 181; 9 181; 8 182; 7 182; 6 183; 5 183; 5 184; 4 185; 4 188; 6 190; 10 190; 11 191; 12 191; 13 192; 14 192; 16 194; 17 194; 25 202; 25 203; 26 204; 26 211; 27 212; 29 212; 31 210; 36 210; 37 211; 38 211; 44 217; 44 218; 45 219; 45 220; 48 223; 49 223; 50 224; 51 224; 52 225; 56 225; 58 223; 58 220; 59 219; 59 213; 60 212; 60 209; 61 208; 61 201; 62 200; 62 198; 63 197; 63 189; 64 188; 64 175; 65 174; 65 171; 66 170; 66 169; 67 168; 67 166; 68 165; 68 163; 67 162; 66 162; 65 161
27; 109 170; 108 171; 108 176; 109 177; 109 178; 110 179; 110 183; 111 184; 111 185; 112 186; 112 194; 113 195; 113 196; 114 197; 114 198; 115 199; 115 201; 116 202; 116 209; 117 210; 117 211; 118 212; 118 213; 119 214; 119 215; 120 216; 120 217; 121 218; 121 222; 122 223; 122 224; 123 225; 123 226; 124 227; 124 231; 125 232; 125 233; 126 234; 128 234; 129 233; 130 233; 133 230; 133 229; 135 227; 135 226; 137 224; 137 223; 138 222; 139 222; 141 220; 142 220; 143 219; 144 219; 146 217; 147 217; 147 216; 150 213; 150 212; 161 201; 161 200; 166 195; 167 195; 169 193; 170 193; 171 192; 171 186; 169 186; 168 185; 164 185; 163 184; 160 184; 159 183; 154 183; 153 182; 151 182; 150 181; 149 181; 148 180; 147 180; 144 177; 141 177; 140 178; 134 178; 133 177; 131 177; 130 176; 126 176; 125 175; 121 175; 120 174; 119 174; 118 173; 117 173; 115 171; 114 171; 113 170
28; 346 186; 344 188; 343 188; 342 189; 341 189; 339 191; 338 191; 337 192; 335 192; 334 193; 331 193; 330 194; 324 194; 323 195; 321 195; 320 196; 319 196; 315 200; 314 200; 314 214; 315 215; 315 224; 319 228; 321 228; 322 229; 323 229; 324 230; 325 230; 326 231; 327 231; 329 233; 330 233; 332 235; 333 235; 336 238; 337 238; 338 239; 340 239; 341 240; 342 240; 343 241; 344 241; 347 238; 348 238; 352 234; 353 234; 355 232; 354 231; 354 226; 357 223; 360 223; 363 220; 363 214; 361 212; 360 212; 358 210; 358 209; 357 208; 357 206; 356 205; 356 202; 357 201; 357 189; 358 188; 358 187; 353 187; 352 186
29; 312 201; 311 202; 309 202; 308 203; 306 203; 305 204; 304 204; 303 205; 301 205; 298 208; 289 208; 287 210; 287 212; 286 213; 286 221; 285 222; 285 227; 284 228; 284 232; 283 233; 283 239; 282 240; 282 242; 281 243; 281 246; 280 247; 280 250; 279 251; 279 258; 278 259; 278 261; 277 262; 277 263; 276 264; 276 265; 275 266; 275 267; 274 268; 274 270; 275 271; 275 272; 276 272; 277 273; 280 273; 281 272; 283 272; 285 270; 286 270; 287 269; 288 269; 289 268; 290 268; 291 267; 293 267; 294 266; 296 266; 297 265; 303 265; 304 266; 305 266; 306 267; 308 267; 314 261; 315 261; 316 260; 317 260; 319 258; 320 258; 321 257; 323 257; 324 256; 327 256; 328 255; 337 255; 338 256; 338 255; 339 254; 339 252; 338 251; 338 250; 337 249; 337 248; 336 247; 336 246; 333 243; 333 242; 331 240; 330 240; 323 233; 321 233; 317 229; 317 227; 314 224; 314 215; 313 214; 313 201
30; 510 210; 509 211; 508 211; 501 218; 500 218; 498 220; 497 220; 496 221; 495 221; 494 222; 493 222; 491 224; 490 224; 489 225; 488 225; 487 226; 484 226; 483 227; 481 227; 480 228; 480 229; 479 230; 479 231; 476 234; 474 234; 473 235; 472 235; 471 236; 470 236; 467 239; 467 240; 465 242; 464 242; 459 247; 459 249; 460 250; 461 250; 462 251; 464 251; 465 252; 466 252; 467 253; 469 253; 470 254; 472 254; 473 255; 474 255; 476 257; 477 257; 480 260; 482 260; 483 261; 485 261; 486 262; 488 262; 489 263; 490 263; 493 266; 494 266; 495 267; 496 267; 497 268; 498 268; 499 269; 500 269; 503 272; 504 272; 505 273; 507 273; 508 274; 509 274; 510 275; 512 275; 513 276; 514 276; 515 277; 519 277; 520 276; 520 275; 521 274; 521 272; 520 271; 520 268; 519 267; 519 261; 518 260; 518 250; 519 249; 519 246; 518 245; 518 244; 517 243; 517 226; 516 225; 516 212; 514 210
31; 382 210; 377 215; 377 216; 365 228; 364 228; 363 229; 361 229; 359 231; 358 231; 356 233; 355 233; 353 235; 352 235; 348 239; 347 239; 344 242; 345 243; 345 244; 346 245; 346 246; 348 248; 352 248; 353 249; 352 250; 349 250; 347 252; 346 252; 345 253; 340 253; 340 254; 339 255; 339 256; 340 257; 342 257; 343 258; 345 258; 346 259; 349 259; 350 260; 352 260; 353 261; 354 261; 355 262; 357 262; 358 263; 360 263; 361 264; 365 264; 366 265; 369 265; 370 266; 371 266; 372 267; 373 267; 374 268; 375 268; 376 269; 377 269; 378 270; 389 270; 390 271; 392 271; 393 272; 396 272; 397 273; 403 273; 404 272; 404 265; 402 263; 402 262; 399 259; 399 258; 398 257; 398 249; 397 248; 397 247; 396 246; 396 245; 395 244; 395 243; 394 242; 394 236; 393 235; 393 233; 392 232; 392 230; 391 229; 391 226; 390 225; 390 224; 389 223; 389 221; 388 220; 388 214; 387 213; 387 212; 385 210
32; 621 221; 620 222; 618 222; 617 223; 616 223; 615 224; 613 224; 611 226; 604 226; 603 227; 602 227; 600 229; 597 229; 595 227; 592 227; 592 228; 591 229; 591 231; 587 235; 585 235; 584 236; 581 236; 580 237; 579 237; 578 238; 577 238; 576 239; 575 239; 574 240; 566 240; 565 241; 564 241; 562 243; 562 246; 563 247; 563 248; 564 249; 565 249; 567 251; 568 251; 572 255; 573 255; 576 258; 577 258; 586 267; 587 267; 588 268; 589 268; 590 269; 591 269; 595 273; 596 273; 606 283; 607 283; 610 286; 611 286; 612 287; 613 287; 614 288; 616 288; 617 287; 618 287; 618 286; 619 285; 619 278; 620 277; 620 273; 619 272; 619 270; 618 269; 618 265; 619 264; 619 262; 620 261; 620 259; 621 258; 621 254; 622 253; 622 251; 623 250; 623 237; 624 236; 624 231; 625 230; 625 229; 626 228; 626 227; 627 226; 627 222; 626 221
33; 898 230; 897 231; 896 231; 896 237; 897 238; 897 239; 898 240; 898 243; 899 244; 899 249; 900 250; 900 252; 899 253; 899 257; 898 258; 898 259; 897 260; 896 260; 895 261; 894 261; 893 262; 893 266; 895 266; 896 267; 898 267; 900 269; 900 272; 901 273; 901 284; 902 285; 902 294; 903 295; 903 296; 908 296; 909 295; 910 295; 912 293; 913 293; 914 292; 915 292; 920 287; 921 287; 924 284; 925 284; 926 283; 927 283; 929 281; 930 281; 932 279; 933 279; 934 278; 935 278; 936 277; 937 277; 938 276; 939 276; 941 274; 941 273; 942 272; 942 271; 945 268; 946 268; 947 267; 948 267; 950 265; 951 265; 952 264; 953 264; 954 263; 955 263; 957 261; 957 260; 958 259; 958 257; 957 256; 957 255; 956 255; 955 254; 953 254; 952 253; 951 253; 950 252; 949 252; 948 251; 946 251; 945 250; 943 250; 942 249; 940 249; 939 248; 938 248; 937 247; 936 247; 935 246; 934 246; 933 245; 932 245; 931 244; 930 244; 928 242; 927 242; 926 241; 925 241; 924 240; 922 240; 921 239; 919 239; 918 238; 915 238; 914 237; 913 237; 912 236; 911 236; 910 235; 909 235; 907 233; 906 233; 904 231; 903 231; 902 230
34; 1022 220; 1020 222; 1020 223; 1019 224; 1019 225; 1018 226; 1018 227; 1017 228; 1017 229; 1014 232; 1014 233; 1012 235; 1012 236; 1011 237; 1011 238; 1010 239; 1010 241; 1008 243; 1008 244; 1006 246; 1006 247; 1004 249; 1004 251; 1003 252; 1003 253; 1002 254; 1002 255; 1001 256; 1001 257; 1000 258; 1000 259; 999 260; 999 261; 997 263; 996 263; 994 265; 994 270; 997 273; 997 274; 998 275; 998 276; 1001 279; 1001 280; 1004 283; 1004 284; 1006 286; 1006 288; 1007 289; 1007 295; 1009 295; 1010 296; 1013 296; 1014 297; 1015 297; 1016 298; 1016 299; 1018 301; 1018 302; 1020 304; 1020 305; 1021 306; 1023 306; 1023 266; 1021 266; 1020 265; 1018 265; 1017 264; 1016 264; 1015 263; 1015 261; 1016 260; 1018 260; 1019 261; 1021 261; 1022 262; 1023 262; 1023 220
35; 816 259; 814 261; 813 261; 813 262; 808 267; 807 267; 806 268; 804 268; 803 269; 800 269; 799 270; 798 270; 792 276; 791 276; 790 277; 789 277; 788 278; 787 278; 786 279; 785 279; 784 280; 782 280; 781 281; 780 281; 779 282; 778 282; 777 283; 775 283; 774 284; 770 284; 769 285; 766 285; 765 286; 764 286; 762 288; 762 293; 763 294; 763 295; 764 296; 764 298; 765 299; 766 299; 767 300; 768 300; 769 301; 770 300; 772 300; 773 301; 774 301; 775 302; 776 302; 777 303; 778 303; 779 304; 781 304; 782 305; 783 305; 786 308; 786 311; 785 312; 785 314; 798 314; 800 316; 801 316; 803 318; 804 318; 809 323; 810 323; 813 326; 818 326; 818 325; 819 324; 819 316; 820 315; 820 302; 821 301; 821 290; 822 289; 822 261; 820 259
36; 628 265; 626 267; 626 268; 625 269; 625 270; 624 271; 624 273; 623 274; 623 277; 622 278; 622 282; 620 284; 620 285; 619 286; 619 292; 618 293; 618 298; 617 299; 617 301; 616 302; 616 307; 615 308; 615 310; 614 311; 614 313; 613 314; 613 315; 612 316; 612 317; 611 318; 611 321; 610 322; 610 327; 611 328; 615 328; 616 327; 618 327; 619 326; 624 326; 625 325; 627 325; 628 324; 630 324; 631 325; 631 326; 637 326; 637 324; 639 322; 646 322; 647 321; 648 321; 650 319; 651 319; 652 318; 654 318; 655 317; 663 317; 664 316; 673 316; 674 315; 674 314; 675 313; 675 311; 673 309; 673 308; 672 307; 672 306; 668 302; 667 302; 657 292; 657 287; 656 286; 652 286; 651 285; 650 285; 647 282; 647 281; 644 278; 644 277; 643 276; 643 275; 633 265
37; 105 273; 104 274; 104 275; 103 276; 103 277; 102 278; 102 284; 103 285; 103 289; 102 290; 102 294; 101 295; 101 298; 97 302; 95 302; 95 305; 98 308; 98 309; 99 310; 99 313; 98 314; 98 315; 97 316; 97 318; 96 319; 96 326; 95 327; 95 329; 94 330; 94 334; 95 335; 99 335; 100 334; 101 334; 102 333; 104 333; 105 332; 107 332; 108 331; 109 331; 110 330; 112 330; 113 329; 121 329; 122 328; 124 328; 125 327; 127 327; 128 326; 129 326; 130 325; 132 325; 133 324; 134 324; 135 323; 137 323; 138 322; 140 322; 141 321; 145 321; 146 320; 147 320; 148 319; 150 319; 151 318; 153 318; 154 317; 155 317; 156 316; 157 316; 158 315; 158 313; 157 312; 157 311; 156 311; 147 302; 146 302; 144 300; 143 300; 142 299; 141 299; 140 298; 140 297; 137 294; 136 294; 134 292; 133 292; 128 287; 127 287; 122 282; 121 282; 113 274; 112 274; 111 273
38; 506 287; 505 288; 504 288; 503 289; 502 289; 501 290; 499 290; 498 291; 486 291; 485 292; 482 292; 481 293; 474 293; 473 292; 472 292; 470 290; 465 290; 464 291; 463 291; 463 292; 460 295; 451 295; 450 296; 449 296; 448 297; 448 298; 447 299; 447 301; 448 302; 448 303; 449 304; 450 304; 453 307; 453 308; 454 309; 454 310; 457 313; 458 313; 461 316; 461 317; 469 325; 469 326; 471 328; 471 329; 473 331; 474 331; 478 335; 478 336; 483 341; 483 342; 484 343; 484 345; 486 347; 487 347; 488 348; 491 348; 493 346; 493 341; 494 340; 494 337; 495 336; 495 335; 496 334; 496 333; 497 332; 497 331; 498 330; 498 329; 502 325; 503 325; 504 326; 507 326; 508 325; 508 322; 507 321; 507 320; 506 319; 506 318; 505 317; 505 313; 506 312; 506 311; 507 310; 507 309; 508 308; 508 307; 509 306; 509 305; 510 304; 510 298; 511 297; 511 296; 512 295; 512 294; 513 293; 513 292; 514 291; 514 288; 513 287
39; 762 299; 760 301; 759 301; 757 303; 756 303; 755 304; 754 304; 753 305; 752 305; 751 306; 750 306; 749 307; 746 307; 745 308; 740 308; 739 307; 738 307; 737 306; 734 306; 732 308; 732 311; 731 312; 731 313; 727 317; 726 317; 725 318; 723 318; 722 319; 718 319; 717 320; 716 320; 715 321; 714 321; 713 322; 712 322; 709 325; 708 325; 707 326; 707 330; 708 331; 709 331; 710 332; 711 332; 712 333; 713 333; 714 334; 715 334; 717 336; 718 336; 720 338; 721 338; 722 339; 723 339; 724 340; 726 340; 727 341; 728 341; 729 342; 730 342; 732 344; 733 344; 734 345; 735 345; 741 351; 742 351; 743 352; 744 352; 745 353; 746 353; 752 359; 752 360; 755 363; 760 363; 761 362; 761 348; 762 347; 762 345; 763 344; 763 338; 764 337; 764 325; 765 324; 765 313; 766 312; 766 311; 767 310; 767 308; 768 307; 768 301; 767 301; 766 300; 765 300; 764 299
40; 373 312; 372 313; 371 313; 369 315; 368 315; 367 316; 366 316; 364 318; 363 318; 361 320; 360 320; 357 323; 356 323; 354 325; 352 325; 351 326; 346 326; 345 325; 343 325; 342 324; 340 324; 339 325; 339 326; 338 327; 338 328; 337 329; 337 334; 334 337; 332 337; 331 338; 329 338; 328 339; 326 339; 325 340; 324 340; 322 342; 322 345; 323 346; 324 346; 325 347; 326 347; 327 348; 328 348; 329 349; 330 349; 332 351; 333 351; 337 355; 338 355; 340 357; 341 357; 342 358; 343 358; 344 359; 345 359; 346 360; 349 360; 350 361; 352 361; 353 362; 354 362; 357 365; 358 365; 362 369; 363 369; 365 371; 366 371; 367 372; 368 372; 370 374; 371 374; 374 377; 378 377; 379 376; 379 370; 378 369; 378 366; 377 365; 377 353; 378 352; 378 351; 379 350; 380 350; 382 348; 383 348; 386 345; 386 343; 385 342; 385 341; 384 341; 383 340; 382 340; 381 339; 380 339; 379 338; 379 337; 378 336; 378 332; 379 331; 379 313; 378 312
41; 194 313; 192 315; 192 316; 191 317; 191 330; 190 331; 190 338; 189 339; 189 341; 188 342; 188 345; 190 347; 190 351; 189 352; 189 359; 188 360; 188 361; 187 362; 187 363; 186 364; 186 368; 185 369; 185 372; 184 373; 184 375; 185 376; 185 377; 186 378; 188 378; 189 377; 190 377; 191 376; 192 376; 193 375; 194 375; 195 374; 196 374; 197 373; 198 373; 199 372; 201 372; 202 371; 204 371; 205 370; 206 370; 207 369; 209 369; 210 368; 213 368; 214 367; 215 367; 216 366; 217 366; 220 363; 221 363; 222 362; 223 362; 224 361; 225 361; 226 360; 227 360; 228 359; 230 359; 231 358; 233 358; 234 357; 241 357; 242 356; 243 356; 244 355; 244 351; 242 349; 240 349; 239 348; 237 348; 236 347; 235 347; 229 341; 228 341; 226 339; 226 338; 225 337; 225 331; 222 331; 221 332; 219 332; 218 331; 217 331; 209 323; 208 323; 206 321; 205 321; 201 317; 201 316; 198 313
42; 46 319; 45 320; 44 320; 42 322; 41 322; 40 323; 39 323; 38 324; 37 324; 36 325; 34 325; 33 326; 26 326; 24 328; 23 328; 22 329; 21 329; 20 330; 19 330; 18 331; 17 331; 16 332; 14 332; 13 333; 12 333; 10 335; 9 335; 8 336; 6 336; 5 337; 3 337; 2 338; 0 338; 0 354; 1 354; 2 355; 4 355; 6 357; 7 357; 11 361; 11 363; 12 364; 12 366; 13 366; 14 367; 16 367; 18 369; 19 369; 21 371; 22 371; 25 374; 26 374; 36 384; 37 384; 38 385; 40 385; 42 383; 42 371; 43 370; 43 366; 44 365; 44 363; 45 362; 45 361; 46 360; 46 358; 45 357; 45 343; 46 342; 46 339; 47 338; 47 334; 48 333; 48 331; 49 330; 49 327; 50 326; 50 321; 48 319
43; 435 315; 433 317; 433 318; 432 319; 432 331; 431 332; 431 334; 430 335; 430 338; 429 339; 429 341; 427 343; 427 348; 428 349; 428 351; 427 352; 427 354; 426 355; 426 357; 425 358; 425 361; 424 362; 424 364; 423 365; 423 368; 422 369; 422 370; 421 371; 421 372; 420 373; 420 378; 425 378; 426 377; 427 377; 429 375; 430 375; 431 374; 433 374; 434 373; 442 373; 443 372; 444 372; 445 371; 446 371; 447 370; 451 370; 452 369; 459 369; 461 367; 462 367; 463 366; 464 366; 465 365; 466 365; 467 364; 468 364; 469 363; 470 363; 471 362; 479 362; 480 361; 481 361; 481 360; 482 359; 482 357; 480 355; 479 355; 478 354; 477 354; 471 348; 470 348; 467 345; 467 344; 465 342; 465 341; 461 337; 461 336; 458 333; 457 333; 455 331; 454 331; 443 320; 443 319; 439 315
44; 681 316; 677 320; 677 321; 672 326; 672 327; 668 331; 667 331; 666 332; 665 332; 664 333; 663 333; 662 334; 661 334; 659 336; 659 337; 658 338; 658 340; 657 341; 657 342; 652 347; 652 348; 650 350; 650 351; 647 354; 646 354; 645 355; 645 359; 646 360; 646 364; 650 364; 651 365; 653 365; 654 366; 655 366; 656 367; 658 367; 659 368; 660 368; 661 369; 664 369; 665 370; 671 370; 672 371; 674 371; 675 372; 678 372; 679 373; 681 373; 682 374; 684 374; 685 375; 687 375; 688 376; 690 376; 691 377; 694 377; 695 378; 701 378; 701 377; 702 376; 702 374; 701 373; 701 372; 700 371; 700 370; 698 368; 698 367; 697 366; 697 364; 696 363; 696 361; 695 360; 695 357; 694 356; 694 353; 693 352; 693 350; 692 349; 692 346; 691 345; 691 342; 690 341; 690 337; 689 336; 689 333; 688 332; 688 329; 687 328; 687 321; 686 320; 686 319; 685 318; 685 317; 684 316
45; 944 324; 942 326; 942 327; 941 328; 941 330; 942 331; 942 335; 943 336; 943 338; 945 340; 945 341; 946 342; 946 345; 947 346; 947 359; 948 360; 948 364; 949 365; 949 369; 950 370; 950 375; 949 376; 949 388; 951 390; 953 390; 954 389; 955 389; 964 380; 965 380; 967 378; 968 378; 972 374; 973 374; 976 371; 977 371; 978 370; 978 369; 981 366; 982 366; 984 364; 985 364; 992 357; 993 357; 995 355; 996 355; 998 353; 999 353; 1000 352; 1001 352; 1001 347; 999 347; 998 346; 991 346; 990 345; 989 345; 987 343; 986 343; 985 342; 983 342; 982 341; 981 341; 980 340; 978 340; 977 339; 976 339; 975 338; 974 338; 971 335; 969 335; 968 334; 967 334; 966 333; 964 333; 963 332; 962 332; 961 331; 960 331; 958 329; 957 329; 956 328; 955 328; 954 327; 953 327; 950 324
46; 832 327; 831 328; 830 328; 827 331; 826 331; 824 333; 823 333; 820 336; 814 336; 807 343; 806 343; 804 345; 803 345; 802 346; 801 346; 800 347; 797 347; 796 348; 795 348; 793 350; 792 350; 791 351; 790 351; 789 352; 788 352; 787 353; 786 353; 785 354; 784 354; 783 355; 782 355; 782 358; 783 359; 785 359; 786 360; 787 360; 788 361; 789 361; 791 363; 792 363; 794 365; 795 365; 796 366; 797 366; 799 368; 800 368; 802 370; 803 370; 805 372; 805 373; 806 374; 806 375; 808 377; 811 377; 812 378; 813 378; 814 379; 815 379; 816 380; 817 380; 820 383; 821 383; 826 388; 827 388; 830 391; 832 391; 833 392; 835 392; 836 391; 837 391; 837 384; 836 383; 836 375; 837 374; 837 367; 836 366; 836 352; 837 351; 837 336; 838 335; 838 329; 836 327
47; 631 327; 625 333; 624 333; 622 335; 621 335; 616 340; 615 340; 613 342; 611 342; 610 343; 609 343; 603 349; 602 349; 599 352; 598 352; 597 353; 596 353; 595 354; 594 354; 591 357; 590 357; 588 359; 586 359; 585 360; 584 360; 582 362; 582 365; 584 367; 590 367; 591 368; 592 368; 593 369; 594 369; 595 370; 596 370; 597 371; 598 371; 599 372; 601 372; 603 374; 604 374; 605 375; 606 375; 608 377; 610 377; 611 378; 612 378; 613 379; 614 379; 617 382; 619 382; 620 383; 622 383; 623 384; 624 384; 626 382; 632 382; 633 381; 641 381; 641 378; 640 377; 640 373; 639 372; 639 367; 641 365; 643 365; 644 364; 645 364; 645 360; 644 359; 644 355; 641 355; 640 354; 639 354; 638 353; 638 350; 637 349; 638 348; 638 329; 637 328; 637 327
48; 175 334; 174 335; 173 335; 172 336; 171 336; 170 337; 168 337; 167 338; 165 338; 164 339; 163 339; 162 340; 158 340; 157 341; 153 341; 152 342; 148 342; 147 341; 144 341; 141 344; 140 344; 139 345; 137 345; 136 346; 134 346; 133 347; 130 347; 129 348; 116 348; 115 349; 114 349; 114 352; 122 360; 122 361; 124 363; 125 363; 126 364; 126 365; 129 368; 129 369; 132 372; 132 373; 135 376; 135 377; 142 384; 142 385; 148 391; 148 392; 150 394; 150 395; 153 398; 157 398; 158 397; 158 396; 159 395; 159 391; 160 390; 160 388; 161 387; 161 386; 162 385; 162 381; 163 380; 163 376; 164 375; 164 373; 165 372; 165 369; 166 368; 166 367; 167 366; 167 363; 168 362; 168 356; 169 355; 169 353; 170 352; 170 349; 171 348; 171 347; 172 346; 172 345; 173 344; 173 343; 178 338; 178 335; 177 334
49; 909 342; 908 343; 904 343; 903 344; 901 344; 900 345; 898 345; 897 346; 893 346; 892 347; 886 347; 885 346; 881 346; 878 349; 877 349; 876 350; 874 350; 873 351; 865 351; 864 352; 857 352; 855 354; 854 354; 854 359; 860 365; 861 365; 866 370; 866 371; 871 376; 871 377; 874 380; 874 382; 876 384; 876 385; 877 386; 877 387; 879 389; 879 390; 881 392; 882 392; 889 399; 889 400; 892 403; 895 403; 897 401; 897 399; 898 398; 898 395; 899 394; 899 393; 900 392; 900 391; 901 390; 901 387; 902 386; 902 384; 904 382; 904 381; 905 380; 905 375; 906 374; 906 373; 907 372; 907 370; 908 369; 908 364; 909 363; 909 357; 910 356; 910 354; 912 352; 912 351; 914 349; 914 348; 915 347; 915 343; 914 342
50; 64 331; 63 332; 63 333; 62 334; 62 336; 61 337; 61 345; 60 346; 60 351; 59 352; 59 354; 58 355; 58 357; 55 360; 55 367; 54 368; 54 370; 52 372; 52 374; 51 375; 51 380; 50 381; 50 382; 49 383; 49 384; 48 385; 48 386; 44 390; 54 390; 55 391; 58 391; 61 394; 63 394; 65 396; 69 396; 73 392; 73 391; 74 390; 74 389; 76 387; 80 387; 81 386; 84 386; 85 385; 86 385; 88 383; 89 383; 90 382; 93 382; 94 381; 95 381; 96 380; 97 380; 98 379; 100 379; 101 378; 108 378; 110 376; 110 372; 108 370; 107 370; 106 369; 105 369; 104 368; 103 368; 101 366; 100 366; 96 362; 95 362; 93 360; 93 359; 87 353; 86 353; 83 350; 82 350; 81 349; 80 349; 77 346; 77 345; 74 342; 74 341; 70 337; 70 336; 69 335; 69 334; 68 333; 68 332; 67 331
51; 766 361; 763 364; 762 364; 762 368; 763 369; 763 370; 765 372; 765 379; 764 380; 764 387; 760 391; 757 391; 757 393; 758 394; 760 394; 763 397; 763 402; 762 403; 762 407; 761 408; 761 418; 760 419; 760 423; 761 424; 761 425; 762 425; 763 426; 765 426; 766 425; 767 425; 768 424; 769 424; 771 422; 773 422; 774 421; 775 421; 777 419; 778 419; 780 417; 781 417; 782 416; 783 416; 784 415; 787 415; 791 411; 792 411; 793 410; 794 410; 795 409; 796 409; 797 408; 798 408; 799 407; 801 407; 802 406; 806 406; 807 405; 808 405; 809 404; 811 404; 812 403; 815 403; 816 402; 817 402; 819 400; 819 396; 816 393; 816 392; 813 389; 812 389; 810 387; 809 387; 806 384; 805 384; 804 383; 803 383; 802 382; 799 382; 798 381; 797 381; 796 380; 795 380; 792 377; 791 377; 789 375; 788 375; 783 370; 782 370; 779 367; 777 367; 775 365; 774 365; 773 364; 773 363; 771 361
52; 240 367; 239 368; 237 368; 236 369; 235 369; 234 370; 232 370; 231 371; 229 371; 228 372; 226 372; 225 373; 224 373; 223 374; 221 374; 220 375; 219 375; 218 376; 216 376; 215 377; 214 377; 213 378; 212 378; 211 379; 210 379; 209 380; 208 380; 207 381; 205 381; 204 382; 201 382; 200 383; 195 383; 194 384; 192 384; 191 385; 190 385; 189 386; 188 386; 187 387; 186 387; 185 388; 185 389; 184 390; 184 392; 187 395; 188 395; 189 396; 190 396; 193 399; 194 399; 196 401; 197 401; 200 404; 201 404; 204 407; 204 411; 203 412; 203 415; 204 416; 207 416; 209 414; 213 414; 214 415; 215 415; 229 429; 230 429; 231 430; 235 430; 236 429; 236 419; 237 418; 237 411; 238 410; 238 405; 239 404; 239 399; 240 398; 240 397; 241 396; 241 395; 242 394; 242 393; 243 392; 243 380; 244 379; 244 376; 245 375; 245 373; 246 372; 246 369; 245 368; 245 367
53; 520 374; 518 376; 518 379; 519 380; 519 381; 520 382; 520 384; 521 385; 521 386; 522 387; 522 389; 523 390; 523 391; 525 393; 525 394; 526 395; 526 396; 527 397; 527 398; 528 399; 528 401; 529 402; 529 403; 530 404; 530 406; 531 407; 531 409; 532 410; 532 411; 534 413; 534 414; 535 415; 535 416; 536 417; 536 418; 537 419; 537 421; 538 422; 538 424; 539 425; 539 426; 540 427; 540 428; 541 429; 541 430; 542 431; 542 432; 549 432; 552 429; 553 429; 554 428; 554 426; 555 425; 555 422; 556 421; 556 420; 557 419; 557 418; 558 417; 558 416; 559 415; 559 414; 560 413; 560 412; 565 407; 566 407; 567 406; 567 405; 568 404; 568 403; 569 402; 569 401; 570 400; 570 399; 578 391; 578 390; 580 388; 580 387; 581 386; 581 385; 583 383; 583 381; 582 380; 581 380; 580 379; 559 379; 558 378; 554 378; 553 377; 546 377; 545 378; 544 377; 541 377; 540 376; 531 376; 530 375; 526 375; 525 374
54; 669 393; 666 396; 666 397; 665 398; 665 400; 666 400; 670 404; 670 405; 671 406; 671 408; 673 410; 673 412; 674 413; 674 414; 676 416; 676 418; 677 419; 677 420; 678 421; 678 422; 679 423; 679 424; 680 425; 680 426; 681 427; 681 429; 682 430; 682 431; 683 432; 683 433; 685 435; 685 436; 686 437; 686 441; 687 442; 687 444; 688 445; 688 451; 689 452; 689 453; 691 455; 693 455; 694 454; 695 454; 696 453; 697 453; 700 450; 700 448; 701 447; 701 446; 703 444; 703 443; 704 442; 704 441; 705 440; 705 439; 708 436; 708 435; 710 433; 710 432; 712 430; 712 429; 713 428; 713 427; 715 425; 715 424; 717 422; 717 421; 724 414; 724 413; 727 410; 727 409; 728 408; 728 407; 732 403; 732 400; 731 399; 728 399; 727 400; 726 399; 718 399; 717 398; 715 398; 714 397; 704 397; 700 393; 698 393; 696 395; 695 395; 694 396; 690 396; 689 395; 679 395; 678 394; 675 394; 674 393
55; 44 391; 43 392; 43 398; 46 401; 46 403; 47 404; 47 410; 46 411; 46 415; 47 416; 47 433; 48 434; 48 440; 47 441; 47 450; 46 451; 46 452; 45 453; 45 454; 43 456; 43 457; 42 458; 42 460; 43 461; 45 461; 45 460; 47 458; 51 458; 52 457; 53 457; 57 453; 58 453; 63 448; 64 448; 65 447; 66 447; 67 446; 68 446; 69 445; 70 445; 71 444; 72 444; 76 440; 77 440; 79 438; 80 438; 81 437; 82 437; 83 436; 84 436; 85 435; 87 435; 88 434; 89 434; 90 433; 91 433; 93 431; 94 431; 96 429; 97 429; 98 428; 99 428; 100 427; 103 427; 105 425; 105 420; 104 420; 103 419; 102 419; 101 418; 99 418; 98 417; 96 417; 95 416; 93 416; 92 415; 91 415; 90 414; 89 414; 87 412; 86 412; 85 411; 84 411; 83 410; 82 410; 79 407; 79 406; 78 405; 78 402; 74 402; 73 403; 69 403; 68 402; 67 402; 61 396; 61 395; 58 392; 55 392; 54 391
56; 420 389; 420 390; 419 391; 419 404; 418 405; 418 407; 417 408; 417 409; 416 410; 416 412; 415 413; 415 416; 414 417; 414 422; 413 423; 413 432; 412 433; 412 438; 411 439; 411 441; 410 442; 410 444; 409 445; 409 447; 408 448; 408 453; 410 455; 412 455; 413 454; 414 454; 415 453; 416 453; 417 452; 418 452; 421 449; 422 449; 423 448; 424 448; 425 447; 426 447; 427 446; 428 446; 429 445; 431 445; 432 444; 434 444; 435 443; 437 443; 438 444; 439 444; 440 445; 444 445; 444 444; 448 440; 449 440; 450 439; 451 439; 452 438; 453 438; 454 437; 455 437; 456 436; 458 436; 459 435; 461 435; 462 434; 464 434; 465 433; 468 433; 470 431; 470 426; 464 420; 462 420; 460 418; 459 418; 457 416; 456 416; 449 409; 448 409; 445 406; 444 406; 441 403; 440 403; 437 400; 436 400; 425 389
57; 596 391; 590 392; 580 405; 570 408; 568 417; 549 433; 543 433; 550 441; 574 445; 579 451; 600 452; 612 456; 617 448
58; 617 448; 623 446; 640 422; 650 415; 662 399; 646 395; 641 382; 626 383; 624 390; 601 383; 597 386; 596 391
59; 999 392; 996 395; 996 396; 986 406; 985 406; 982 409; 981 409; 971 419; 970 419; 966 423; 965 423; 961 427; 960 427; 953 434; 953 437; 955 439; 962 439; 963 440; 964 440; 965 441; 967 441; 968 442; 970 442; 971 443; 972 443; 974 445; 976 445; 977 446; 980 446; 981 447; 985 447; 986 448; 987 448; 988 449; 989 449; 990 450; 991 450; 992 451; 993 451; 994 452; 995 452; 996 453; 999 453; 1000 454; 1002 454; 1003 455; 1004 455; 1006 457; 1007 457; 1008 458; 1009 458; 1010 459; 1014 459; 1017 456; 1017 454; 1016 453; 1016 452; 1015 451; 1015 450; 1014 449; 1014 442; 1013 441; 1013 439; 1012 438; 1012 431; 1013 430; 1013 427; 1014 426; 1014 423; 1012 421; 1011 421; 1010 420; 1010 419; 1009 418; 1009 413; 1010 412; 1010 409; 1009 408; 1009 407; 1008 406; 1008 405; 1007 404; 1007 400; 1006 399; 1006 396; 1005 395; 1005 394; 1003 392
60; 339 410; 338 411; 338 434; 333 439; 333 442; 336 445; 336 446; 337 447; 337 461; 336 462; 336 463; 335 464; 335 465; 344 474; 344 475; 345 476; 346 475; 347 475; 349 473; 351 473; 354 470; 355 470; 359 466; 360 466; 364 462; 365 462; 367 460; 368 460; 369 459; 370 459; 371 458; 373 458; 374 457; 375 457; 378 454; 381 454; 382 453; 385 453; 386 452; 387 452; 389 450; 390 450; 391 449; 392 449; 395 446; 395 442; 392 439; 392 436; 393 435; 393 433; 390 433; 388 435; 385 435; 383 433; 382 433; 381 432; 379 432; 378 431; 377 431; 374 428; 374 427; 373 426; 373 425; 372 424; 372 423; 369 420; 367 420; 366 419; 361 419; 360 418; 357 418; 356 417; 353 417; 352 416; 351 416; 349 414; 348 414; 344 410
61; 289 439; 288 440; 288 442; 287 443; 287 445; 285 447; 285 448; 283 450; 283 456; 284 457; 284 459; 283 460; 283 469; 282 470; 282 487; 281 488; 281 491; 280 492; 280 507; 281 508; 283 508; 284 507; 285 507; 287 505; 288 505; 290 503; 291 503; 292 502; 293 502; 294 501; 296 501; 297 500; 298 500; 299 499; 302 499; 303 498; 307 498; 308 497; 309 497; 311 495; 312 495; 313 494; 314 494; 315 493; 316 493; 318 491; 320 491; 321 490; 326 490; 327 489; 328 489; 329 488; 330 488; 332 486; 333 486; 334 485; 335 485; 336 484; 337 484; 338 483; 339 483; 344 478; 344 476; 343 475; 343 474; 334 465; 333 466; 332 466; 331 467; 330 467; 329 466; 328 466; 326 464; 325 464; 323 462; 322 462; 319 459; 319 451; 317 449; 316 449; 315 448; 312 448; 310 450; 310 451; 308 453; 307 453; 306 452; 305 452; 295 442; 295 441; 293 439
62; 664 435; 662 437; 662 438; 660 440; 660 442; 659 443; 659 445; 658 446; 658 448; 657 449; 657 451; 655 453; 655 454; 653 456; 653 457; 651 459; 651 463; 650 464; 650 465; 645 470; 645 471; 644 472; 644 475; 643 476; 643 479; 642 480; 642 483; 641 484; 641 485; 640 486; 640 487; 636 491; 636 492; 635 493; 639 493; 641 495; 642 495; 644 497; 645 496; 646 496; 647 495; 665 495; 666 496; 668 496; 669 495; 670 495; 671 496; 675 496; 676 495; 678 495; 679 494; 681 494; 682 493; 692 493; 693 494; 698 494; 699 493; 701 493; 702 492; 703 492; 703 491; 704 490; 704 488; 703 487; 703 486; 701 484; 701 483; 699 481; 699 480; 698 479; 698 477; 697 476; 697 475; 696 474; 696 473; 695 473; 690 468; 690 465; 692 463; 692 460; 691 459; 691 458; 685 458; 684 457; 683 457; 679 453; 679 452; 678 451; 678 450; 676 448; 676 447; 673 444; 673 443; 669 439; 669 438; 666 435
63; 194 521; 212 544; 217 546; 219 536; 227 523; 237 517; 258 519; 258 516; 240 507; 239 498; 227 483
64; 227 483; 230 475; 217 470; 193 475; 186 489; 172 501; 171 510; 194 521
65; 217 470; 206 454; 208 444; 192 430; 177 424; 199 452; 193 475
66; 850 478; 849 479; 848 479; 847 480; 846 480; 845 481; 844 481; 843 482; 842 482; 841 483; 840 483; 838 485; 837 485; 835 487; 834 487; 832 489; 830 489; 829 490; 826 490; 824 488; 823 488; 822 487; 819 487; 819 488; 818 489; 818 491; 813 496; 812 496; 811 497; 810 497; 809 498; 808 498; 807 499; 805 499; 804 500; 803 500; 802 501; 797 501; 796 502; 795 502; 793 504; 793 508; 794 509; 794 510; 795 511; 795 512; 796 513; 797 513; 798 514; 799 514; 801 516; 801 518; 798 521; 798 523; 797 524; 797 531; 796 532; 796 534; 795 535; 795 539; 794 540; 794 541; 793 542; 812 542; 813 543; 831 543; 832 544; 833 544; 834 543; 837 543; 840 546; 845 546; 846 545; 846 535; 847 534; 847 532; 848 531; 848 527; 849 526; 849 522; 850 521; 850 510; 851 509; 851 505; 852 504; 852 501; 853 500; 853 497; 854 496; 854 490; 855 489; 855 486; 856 485; 856 480; 854 478
67; 330 499; 329 500; 322 500; 321 501; 321 505; 325 509; 325 510; 326 511; 326 512; 327 513; 327 514; 328 515; 328 517; 329 518; 329 519; 330 520; 330 521; 331 522; 331 523; 332 524; 332 529; 331 530; 331 532; 332 533; 334 533; 337 536; 337 537; 338 538; 338 539; 339 540; 339 542; 340 543; 340 546; 341 547; 341 556; 342 557; 342 561; 344 561; 345 560; 347 560; 348 561; 351 561; 353 559; 353 558; 354 557; 354 555; 355 554; 355 553; 357 551; 357 550; 358 549; 358 548; 359 547; 359 546; 361 544; 362 544; 365 541; 365 540; 367 538; 367 537; 369 535; 369 534; 371 532; 372 532; 373 531; 374 531; 375 530; 376 530; 377 529; 377 528; 378 527; 378 523; 379 522; 379 521; 381 519; 381 518; 388 511; 388 507; 387 506; 387 505; 386 505; 385 504; 379 504; 378 505; 372 505; 371 504; 368 504; 367 503; 362 503; 361 502; 350 502; 349 501; 348 501; 347 500; 340 500; 339 499
68; 625 492; 621 496; 621 497; 620 498; 620 502; 621 503; 621 504; 622 505; 622 506; 623 507; 623 511; 622 512; 622 513; 621 514; 621 519; 623 521; 623 522; 624 523; 624 530; 625 531; 625 532; 626 533; 626 536; 627 537; 627 550; 628 551; 628 557; 630 559; 634 559; 637 556; 637 555; 639 553; 639 552; 641 550; 642 550; 645 547; 646 547; 647 546; 648 546; 649 545; 651 545; 652 544; 653 544; 654 543; 655 543; 657 541; 658 541; 667 532; 668 532; 673 527; 674 527; 675 526; 676 526; 679 523; 680 523; 681 522; 681 521; 682 520; 682 518; 680 516; 679 516; 678 515; 675 515; 674 514; 673 514; 671 512; 670 512; 669 511; 667 511; 666 510; 664 510; 663 509; 662 509; 661 508; 660 508; 659 507; 658 507; 657 506; 656 506; 655 505; 652 505; 651 504; 650 504; 649 503; 648 503; 646 501; 645 501; 643 499; 643 497; 642 496; 641 496; 639 494; 635 494; 634 495; 632 495; 630 493; 629 493; 628 492
69; 543 514; 541 516; 541 518; 540 519; 540 523; 541 524; 541 525; 542 526; 542 528; 543 529; 543 534; 544 535; 544 546; 545 547; 545 548; 546 549; 546 551; 547 552; 547 564; 548 565; 548 567; 549 568; 549 581; 551 583; 551 584; 555 584; 558 581; 558 580; 560 578; 560 577; 561 576; 561 575; 564 572; 565 572; 568 569; 569 569; 571 567; 572 567; 573 566; 573 565; 576 562; 577 562; 579 560; 580 560; 581 559; 582 559; 585 556; 586 556; 588 554; 589 554; 590 553; 591 553; 594 550; 595 550; 599 546; 600 546; 603 543; 603 539; 602 539; 601 538; 600 538; 599 537; 592 537; 591 536; 589 536; 588 535; 587 535; 586 534; 585 534; 584 533; 583 533; 582 532; 581 532; 577 528; 577 522; 573 522; 571 524; 565 524; 563 522; 562 522; 561 521; 558 521; 557 520; 555 520; 554 519; 553 519; 551 517; 550 517; 549 516; 548 516; 547 515; 546 515; 545 514
70; 32 524; 30 526; 30 531; 35 536; 35 537; 36 538; 36 539; 37 540; 37 541; 38 542; 38 543; 39 544; 39 545; 40 546; 40 547; 41 548; 41 553; 39 555; 39 559; 40 559; 41 560; 43 560; 44 561; 44 565; 48 565; 51 568; 51 569; 52 570; 52 571; 53 572; 53 573; 54 574; 54 575; 55 576; 55 578; 56 579; 56 582; 61 587; 64 587; 65 586; 66 586; 68 584; 68 583; 69 582; 69 580; 70 579; 70 577; 71 576; 71 574; 72 573; 72 571; 76 567; 76 566; 77 565; 77 564; 78 563; 78 561; 79 560; 79 557; 80 556; 80 555; 83 552; 83 551; 85 549; 85 548; 86 547; 86 546; 88 544; 88 542; 89 541; 89 539; 93 535; 93 534; 95 532; 95 528; 93 528; 92 527; 83 527; 82 526; 72 526; 71 525; 69 525; 68 526; 47 526; 46 525; 39 525; 38 524
71; 400 509; 399 510; 399 511; 397 513; 397 514; 393 518; 392 518; 392 519; 390 521; 390 522; 388 524; 388 525; 385 528; 385 529; 384 530; 384 531; 383 532; 383 533; 382 534; 382 535; 381 536; 381 537; 380 538; 380 539; 372 547; 372 548; 370 550; 370 551; 368 553; 368 554; 367 555; 367 557; 365 559; 365 560; 364 561; 364 564; 365 565; 368 565; 369 564; 375 564; 376 565; 385 565; 386 566; 389 566; 390 567; 391 567; 393 569; 396 569; 398 567; 409 567; 410 568; 414 568; 415 569; 418 569; 419 570; 427 570; 429 568; 429 566; 428 565; 428 564; 427 563; 427 562; 426 561; 426 560; 425 559; 425 558; 424 557; 424 555; 423 554; 423 552; 422 551; 422 549; 421 548; 421 547; 419 545; 419 544; 415 540; 415 539; 414 538; 414 537; 413 536; 413 530; 411 528; 411 527; 409 525; 409 524; 408 523; 408 521; 407 520; 407 516; 406 515; 406 513; 405 512; 405 511; 403 509
72; 294 516; 294 517; 292 519; 292 521; 291 522; 291 525; 292 526; 292 530; 291 531; 291 534; 290 535; 290 539; 289 540; 289 542; 286 545; 284 545; 283 546; 282 546; 282 548; 283 549; 284 549; 287 552; 287 559; 286 560; 286 568; 285 569; 285 572; 284 573; 284 574; 283 575; 283 576; 282 577; 282 578; 281 579; 281 581; 282 582; 282 583; 283 583; 284 584; 286 584; 287 583; 288 583; 290 581; 291 581; 292 580; 293 580; 294 579; 296 579; 297 578; 299 578; 300 577; 304 577; 305 576; 307 576; 308 575; 309 575; 310 574; 311 574; 312 573; 313 573; 315 571; 317 571; 318 570; 323 570; 326 567; 327 567; 328 566; 330 566; 331 565; 334 565; 335 564; 337 564; 338 563; 339 563; 340 562; 341 562; 341 557; 340 556; 340 552; 338 550; 337 550; 335 548; 334 548; 333 547; 332 547; 330 545; 329 545; 326 542; 325 542; 316 533; 315 533; 309 527; 309 526; 308 525; 308 524; 307 524; 305 522; 304 522; 300 518; 300 517; 299 516
73; 532 521; 531 522; 530 522; 529 523; 529 524; 522 531; 521 531; 520 532; 519 532; 518 533; 517 533; 516 534; 515 534; 514 535; 512 535; 511 536; 508 536; 507 537; 506 537; 503 540; 502 540; 496 546; 495 546; 494 547; 492 547; 491 548; 490 548; 489 549; 488 549; 487 550; 485 550; 484 551; 482 551; 479 554; 479 558; 480 559; 481 559; 482 560; 483 560; 484 561; 485 561; 486 562; 487 562; 488 563; 489 563; 490 564; 491 564; 492 565; 493 565; 495 567; 496 567; 500 571; 501 571; 502 572; 503 572; 504 573; 505 573; 506 574; 507 574; 508 575; 509 575; 510 576; 512 576; 513 577; 514 577; 515 578; 516 578; 522 584; 522 585; 524 587; 525 587; 528 590; 529 590; 531 592; 533 592; 537 588; 537 587; 538 586; 538 581; 539 580; 539 576; 538 575; 538 571; 537 570; 537 546; 538 545; 538 542; 537 541; 537 529; 538 528; 538 523; 537 522; 536 522; 535 521
74; 793 543; 793 544; 792 545; 792 547; 791 548; 791 551; 790 552; 790 554; 789 555; 789 558; 788 559; 788 562; 787 563; 787 565; 786 566; 786 571; 785 572; 785 573; 784 574; 784 575; 782 577; 782 578; 781 579; 781 584; 783 586; 786 586; 787 585; 788 585; 789 584; 790 584; 792 582; 793 582; 794 581; 797 581; 798 580; 800 580; 801 579; 811 579; 812 578; 813 578; 814 577; 815 577; 816 576; 817 576; 818 575; 829 575; 830 574; 831 574; 833 572; 835 572; 836 571; 840 571; 841 570; 843 570; 844 569; 845 569; 845 565; 840 560; 840 559; 838 557; 837 557; 831 551; 831 550; 830 549; 830 547; 831 546; 831 544; 813 544; 812 543
75; 994 522; 993 523; 993 524; 992 525; 992 526; 991 527; 991 532; 990 533; 990 537; 989 538; 989 540; 988 541; 988 542; 987 543; 987 545; 985 547; 985 548; 982 551; 982 552; 981 553; 981 554; 980 555; 980 559; 979 560; 979 562; 978 563; 978 565; 977 566; 977 567; 976 568; 976 569; 975 570; 975 571; 972 574; 972 575; 971 576; 971 577; 970 578; 970 579; 969 580; 969 582; 970 583; 970 584; 971 584; 972 585; 977 585; 978 584; 983 584; 984 583; 986 583; 987 582; 988 582; 989 581; 1001 581; 1002 580; 1003 580; 1004 579; 1005 579; 1006 578; 1012 578; 1013 577; 1023 577; 1023 551; 1021 551; 1019 549; 1019 548; 1018 547; 1018 545; 1020 543; 1023 543; 1023 539; 1020 539; 1019 538; 1018 538; 1017 537; 1016 537; 1015 536; 1013 536; 1012 535; 1011 535; 1010 534; 1009 534; 1004 529; 1004 528; 1003 528; 1000 525; 1000 524; 998 522
76; 10 552; 8 554; 8 560; 7 561; 7 563; 6 564; 6 565; 5 566; 5 568; 4 569; 4 570; 3 571; 3 572; 2 573; 2 574; 1 575; 0 575; 0 612; 3 612; 4 611; 18 611; 19 610; 25 610; 26 609; 36 609; 37 608; 42 608; 43 607; 45 607; 46 606; 52 606; 53 605; 54 605; 55 604; 55 603; 56 602; 56 599; 53 596; 53 595; 52 595; 48 591; 48 590; 39 581; 39 580; 38 579; 38 578; 37 577; 37 576; 36 575; 34 575; 33 574; 32 574; 26 568; 26 567; 24 565; 24 564; 22 562; 22 561; 19 558; 19 557; 14 552
77; 531 594; 527 598; 527 599; 526 600; 526 603; 527 604; 528 604; 531 607; 531 608; 533 610; 533 612; 534 613; 534 615; 533 616; 533 619; 532 620; 532 625; 534 627; 534 628; 536 630; 536 631; 537 632; 537 641; 542 646; 542 647; 551 656; 553 656; 556 653; 556 652; 562 646; 563 646; 564 645; 565 645; 566 644; 567 644; 568 645; 569 645; 570 646; 574 646; 574 640; 580 634; 580 633; 582 631; 583 631; 584 630; 587 630; 588 629; 589 629; 593 625; 593 624; 594 623; 594 618; 592 616; 588 616; 587 615; 585 615; 584 614; 583 614; 582 613; 581 613; 580 612; 577 612; 576 611; 574 611; 573 610; 571 610; 569 608; 568 608; 567 607; 566 607; 565 606; 562 606; 561 605; 559 605; 557 603; 556 603; 554 601; 552 601; 551 600; 547 600; 546 599; 545 599; 544 598; 543 598; 541 596; 539 596; 538 595; 537 595; 536 594
78; 130 604; 129 605; 128 605; 127 606; 125 606; 124 607; 118 607; 117 606; 114 606; 113 605; 110 605; 109 606; 107 606; 106 607; 105 607; 104 608; 102 608; 101 609; 91 609; 90 610; 75 610; 72 613; 72 617; 73 618; 73 619; 74 620; 74 621; 79 626; 80 626; 87 633; 87 634; 88 635; 88 637; 87 638; 87 640; 88 641; 88 642; 89 643; 90 643; 91 644; 92 644; 105 657; 105 658; 107 660; 107 661; 108 662; 108 663; 112 667; 117 667; 117 666; 118 665; 118 664; 117 663; 117 658; 118 657; 118 656; 119 655; 119 654; 122 651; 122 650; 123 649; 123 648; 124 647; 124 645; 125 644; 125 642; 126 641; 126 639; 127 638; 127 637; 130 634; 131 634; 132 633; 132 631; 133 630; 133 629; 135 627; 135 621; 136 620; 136 619; 137 618; 137 617; 138 616; 138 614; 139 613; 139 612; 140 611; 140 610; 141 609; 141 607; 140 606; 140 605; 139 605; 138 604
79; 913 606; 912 607; 911 607; 910 608; 910 609; 909 610; 909 613; 910 614; 910 618; 911 619; 911 632; 912 633; 912 646; 913 647; 913 652; 912 653; 912 657; 913 658; 913 664; 912 665; 912 674; 914 674; 915 675; 917 675; 918 674; 918 673; 924 667; 925 667; 926 666; 927 666; 928 665; 929 665; 930 664; 931 664; 932 663; 936 663; 937 664; 938 664; 939 665; 944 665; 945 664; 946 664; 947 663; 947 658; 948 657; 948 655; 950 653; 951 653; 952 652; 953 652; 954 651; 956 651; 957 650; 958 650; 961 647; 962 647; 963 646; 964 646; 965 645; 966 645; 967 644; 968 644; 970 642; 970 638; 968 636; 967 636; 964 633; 963 633; 962 632; 961 632; 960 631; 958 631; 957 630; 956 630; 953 627; 952 627; 951 626; 950 626; 949 625; 948 625; 947 624; 946 624; 939 617; 939 615; 938 614; 938 612; 937 611; 933 611; 932 612; 928 612; 927 611; 926 611; 925 610; 924 610; 922 608; 921 608; 920 607; 918 607; 917 606
80; 6 642; 5 643; 4 643; 3 644; 0 644; 0 655; 3 655; 4 656; 9 656; 10 657; 10 658; 9 659; 9 660; 8 661; 8 662; 7 663; 7 665; 6 666; 6 667; 5 668; 5 669; 4 670; 4 671; 1 674; 0 674; 0 699; 1 699; 2 698; 2 697; 3 696; 3 694; 4 693; 4 691; 7 688; 7 687; 8 686; 8 685; 9 684; 9 683; 10 682; 10 681; 11 680; 11 679; 16 674; 16 668; 17 667; 17 666; 19 664; 19 663; 21 661; 21 660; 22 659; 22 658; 23 657; 23 656; 25 654; 25 653; 26 652; 26 651; 27 650; 27 649; 28 648; 28 643; 27 642; 14 642; 13 643; 9 643; 8 642
81; 684 627; 684 628; 682 630; 681 630; 680 631; 678 631; 677 632; 665 632; 664 631; 661 631; 660 630; 658 630; 655 633; 655 637; 656 638; 656 639; 658 641; 658 642; 661 645; 661 646; 662 647; 662 648; 663 649; 663 650; 664 651; 664 652; 665 653; 665 654; 666 655; 666 656; 670 660; 670 661; 672 663; 672 664; 674 666; 674 667; 675 668; 675 669; 677 671; 677 672; 679 674; 679 675; 681 677; 681 678; 682 679; 682 680; 683 681; 683 682; 684 683; 684 684; 685 685; 685 686; 686 687; 686 688; 688 690; 691 690; 694 687; 694 684; 695 683; 695 680; 696 679; 696 678; 697 677; 697 676; 699 674; 699 673; 702 670; 702 669; 703 668; 703 667; 704 666; 704 665; 705 664; 705 663; 706 662; 706 661; 707 660; 707 659; 709 657; 709 656; 710 655; 710 654; 712 652; 712 651; 713 650; 713 649; 715 647; 715 646; 716 645; 716 644; 720 640; 720 639; 722 637; 722 632; 721 631; 705 631; 704 632; 701 632; 700 633; 696 633; 695 632; 693 632; 691 630; 690 630; 687 627
82; 391 624; 390 625; 387 625; 386 626; 384 626; 383 627; 382 627; 381 628; 380 628; 378 630; 377 630; 376 631; 375 631; 374 632; 373 632; 372 633; 368 633; 366 631; 366 630; 365 629; 365 628; 363 626; 362 626; 361 625; 356 625; 355 626; 354 626; 352 628; 352 638; 351 639; 350 639; 349 640; 347 640; 346 641; 340 641; 339 642; 336 642; 335 643; 334 643; 333 644; 333 648; 335 650; 336 650; 341 655; 342 655; 346 659; 346 660; 353 667; 354 667; 359 672; 359 673; 362 676; 363 676; 364 677; 365 677; 373 685; 373 686; 374 687; 374 688; 376 690; 377 690; 378 691; 381 691; 383 689; 383 687; 384 686; 384 684; 383 683; 383 681; 384 680; 384 677; 385 676; 385 675; 386 674; 386 673; 387 672; 387 671; 388 670; 388 666; 389 665; 389 663; 393 659; 393 655; 392 654; 392 640; 393 639; 393 637; 395 635; 395 634; 396 633; 396 632; 397 631; 397 630; 398 629; 398 627; 397 626; 397 625; 396 624
83; 515 615; 508 622; 508 624; 507 625; 507 627; 506 628; 506 631; 505 632; 505 634; 503 636; 503 637; 500 640; 500 641; 499 642; 499 643; 498 644; 498 645; 496 647; 496 648; 495 649; 495 650; 493 652; 493 653; 491 655; 491 656; 484 663; 484 664; 481 667; 481 670; 482 671; 483 671; 484 672; 497 672; 500 675; 503 675; 504 674; 512 674; 513 675; 514 675; 515 676; 515 678; 517 678; 520 675; 533 675; 534 676; 538 676; 539 677; 543 677; 544 676; 545 676; 546 675; 546 674; 547 673; 547 670; 546 669; 546 664; 548 662; 548 661; 550 659; 550 658; 551 657; 541 647; 541 646; 536 641; 535 642; 533 642; 530 639; 530 638; 529 637; 529 636; 528 635; 528 634; 527 633; 527 631; 526 630; 526 628; 525 627; 525 626; 524 625; 524 624; 523 623; 523 619; 522 618; 522 617; 520 615
84; 136 627; 134 629; 134 630; 133 631; 133 633; 131 635; 132 636; 132 639; 131 640; 131 641; 129 643; 129 644; 124 649; 124 655; 125 656; 125 657; 124 658; 124 661; 120 665; 119 665; 118 666; 118 675; 117 676; 117 678; 116 679; 116 680; 114 682; 114 683; 111 686; 111 689; 112 690; 115 690; 116 689; 123 689; 124 688; 146 688; 147 687; 149 687; 151 685; 152 685; 153 684; 155 684; 156 683; 174 683; 177 680; 177 678; 176 677; 176 676; 174 674; 173 674; 166 667; 166 666; 165 665; 165 664; 164 663; 164 662; 163 661; 163 659; 162 658; 162 655; 160 653; 159 653; 156 650; 156 649; 155 648; 155 647; 152 644; 151 644; 148 641; 148 640; 147 639; 147 637; 146 636; 146 635; 142 631; 142 630; 140 628; 139 628; 138 627
85; 993 670; 990 642; 984 638; 947 664; 936 678; 946 693; 947 721; 973 696; 980 704; 993 703; 994 681
86; 994 681; 999 680; 1005 686; 1015 715; 1015 712; 1023 702; 1023 689; 1017 688; 1012 671; 1015 664; 1023 666; 1023 652; 997 646; 995 651; 1001 668; 993 670
87; 866 655; 865 656; 862 656; 861 657; 860 657; 858 659; 857 659; 854 662; 852 662; 851 663; 850 663; 849 664; 843 664; 842 665; 841 665; 841 666; 840 667; 840 668; 837 671; 836 671; 835 672; 834 672; 832 674; 831 674; 828 677; 827 677; 826 678; 824 678; 823 677; 821 679; 818 679; 817 680; 815 680; 814 681; 814 683; 813 684; 813 685; 812 686; 812 687; 817 692; 820 692; 821 693; 822 693; 823 694; 824 694; 829 699; 830 699; 831 700; 834 700; 835 701; 836 701; 837 702; 838 702; 839 703; 839 704; 840 705; 840 706; 841 707; 844 707; 845 708; 847 708; 848 709; 849 709; 851 711; 852 711; 854 713; 855 713; 857 715; 858 715; 861 718; 862 718; 864 720; 868 720; 869 719; 869 718; 870 717; 870 714; 869 713; 869 702; 870 701; 870 681; 869 680; 870 679; 870 673; 871 672; 871 665; 870 664; 870 655
88; 751 662; 730 670; 725 676; 704 688; 706 693; 718 698; 735 712; 741 713; 755 722; 760 720; 760 706; 763 701; 773 699
89; 773 699; 790 687; 822 677; 822 672; 816 665; 802 657; 798 651; 787 647; 773 633; 766 637; 767 651; 765 655; 758 655; 751 662
90; 911 675; 911 680; 912 681; 912 684; 911 685; 911 689; 912 690; 912 691; 913 692; 913 694; 914 695; 914 698; 915 699; 915 706; 916 707; 916 712; 917 713; 917 715; 918 716; 918 718; 919 719; 919 729; 920 730; 920 731; 921 732; 921 739; 922 740; 922 741; 923 742; 925 742; 928 739; 929 739; 931 737; 931 736; 943 724; 944 724; 946 722; 946 698; 945 697; 945 693; 942 690; 942 689; 936 683; 930 683; 929 682; 927 682; 926 681; 923 681; 922 680; 921 680; 920 679; 919 679; 918 678; 918 677; 917 676; 915 676; 914 675
91; 498 677; 497 678; 496 678; 494 680; 493 680; 491 682; 490 682; 489 683; 488 683; 487 684; 485 684; 484 685; 481 685; 480 686; 479 686; 478 687; 477 687; 476 688; 475 688; 474 689; 471 689; 470 690; 464 690; 463 691; 460 691; 458 693; 457 693; 456 694; 455 694; 454 695; 451 695; 450 696; 446 696; 445 697; 443 697; 442 698; 441 698; 440 699; 440 703; 442 705; 443 705; 444 706; 445 706; 448 709; 449 709; 450 710; 450 711; 451 712; 452 712; 453 713; 454 713; 456 715; 457 715; 458 716; 458 717; 459 718; 459 722; 460 723; 460 724; 461 725; 467 725; 468 726; 470 726; 471 727; 472 727; 474 729; 475 729; 478 732; 478 733; 481 736; 481 737; 483 739; 483 741; 484 742; 490 742; 490 740; 491 739; 491 732; 492 731; 492 728; 493 727; 493 724; 494 723; 494 718; 495 717; 495 714; 496 713; 496 712; 497 711; 497 710; 498 709; 498 705; 497 704; 497 702; 498 701; 498 697; 499 696; 499 695; 500 694; 500 685; 501 684; 501 677
92; 255 676; 251 680; 250 680; 250 681; 243 688; 243 689; 237 695; 237 696; 236 697; 236 698; 231 703; 231 704; 228 707; 228 708; 225 711; 225 712; 223 714; 222 714; 217 719; 217 720; 216 721; 216 722; 222 728; 223 727; 231 727; 232 728; 235 728; 236 729; 238 729; 239 730; 240 730; 241 731; 243 731; 244 732; 246 732; 247 731; 250 731; 251 732; 257 732; 258 733; 259 733; 260 734; 261 734; 262 735; 263 735; 264 736; 268 736; 269 737; 270 737; 271 738; 276 738; 278 736; 278 735; 279 734; 279 732; 278 731; 278 730; 277 729; 277 728; 276 727; 276 725; 275 724; 275 722; 274 721; 274 720; 273 719; 273 717; 272 716; 272 715; 271 714; 271 712; 270 711; 270 708; 269 707; 269 706; 266 703; 266 702; 265 701; 265 700; 264 699; 264 697; 263 696; 263 694; 262 693; 262 684; 261 683; 261 681; 260 680; 260 678; 258 676
93; 515 679; 513 681; 513 682; 512 683; 512 684; 511 685; 511 686; 510 687; 510 688; 509 689; 509 694; 508 695; 508 697; 507 698; 507 700; 506 701; 506 702; 505 703; 505 704; 504 705; 504 706; 503 707; 503 710; 504 711; 504 713; 503 714; 503 716; 502 717; 502 719; 501 720; 501 723; 500 724; 500 726; 499 727; 499 729; 498 730; 498 732; 497 733; 497 734; 494 737; 492 737; 492 739; 491 740; 491 742; 492 743; 494 743; 495 744; 497 744; 498 743; 501 743; 502 742; 504 742; 505 741; 508 741; 509 740; 513 740; 515 738; 516 738; 517 737; 523 737; 526 740; 526 741; 527 741; 528 742; 530 742; 531 741; 531 739; 532 738; 532 736; 534 734; 535 734; 537 732; 544 732; 545 731; 548 731; 549 730; 552 730; 553 729; 554 729; 554 724; 553 723; 553 718; 550 718; 545 713; 545 712; 542 709; 541 709; 537 705; 537 704; 536 703; 536 702; 535 701; 535 700; 534 699; 533 699; 525 691; 525 690; 519 684; 519 683; 518 682; 518 681; 517 680; 517 679
94; 803 687; 801 689; 801 697; 802 698; 802 701; 803 702; 803 704; 802 705; 802 708; 801 709; 801 715; 800 716; 800 728; 799 729; 799 743; 798 744; 798 746; 797 747; 797 748; 796 749; 796 754; 802 754; 804 752; 805 752; 808 749; 809 749; 811 747; 812 747; 813 746; 814 746; 815 745; 816 745; 817 744; 818 744; 820 742; 821 742; 822 741; 824 741; 825 740; 827 740; 831 736; 832 736; 833 735; 835 735; 836 734; 837 734; 838 733; 840 733; 841 732; 842 732; 843 731; 845 731; 846 730; 848 730; 849 729; 854 729; 856 727; 856 723; 853 720; 851 720; 850 719; 849 719; 846 716; 845 716; 841 712; 841 711; 840 710; 839 710; 838 709; 836 709; 835 708; 834 708; 827 701; 826 701; 825 700; 823 700; 822 699; 821 699; 816 694; 816 692; 811 687; 810 688; 809 688; 808 687
95; 394 686; 385 695; 385 696; 379 702; 379 703; 375 707; 372 707; 371 706; 368 706; 367 707; 367 712; 366 713; 366 714; 365 715; 365 717; 364 718; 364 719; 363 720; 363 721; 362 722; 362 723; 357 728; 356 728; 353 731; 353 735; 354 735; 355 736; 360 736; 361 737; 363 737; 364 738; 369 738; 370 739; 374 739; 375 740; 377 740; 378 741; 380 741; 381 742; 387 742; 388 743; 391 743; 392 744; 399 744; 400 745; 401 745; 402 746; 403 746; 404 747; 406 747; 407 748; 411 748; 412 749; 415 749; 416 748; 416 742; 414 740; 414 739; 411 736; 411 734; 410 733; 410 732; 409 731; 409 728; 410 727; 410 722; 406 718; 406 717; 405 716; 405 713; 404 712; 404 710; 403 709; 403 708; 402 707; 402 704; 401 703; 401 701; 400 700; 400 697; 399 696; 399 690; 398 689; 398 687; 397 686
96; 554 698; 553 699; 552 699; 552 700; 551 701; 551 704; 552 705; 552 706; 554 708; 554 709; 555 710; 555 711; 556 712; 556 716; 554 718; 554 723; 555 724; 555 729; 560 729; 563 732; 563 733; 561 735; 561 739; 562 739; 565 742; 565 743; 566 744; 566 746; 567 747; 567 751; 568 752; 568 754; 569 755; 569 756; 570 757; 570 758; 571 759; 571 760; 572 761; 575 761; 576 760; 577 760; 577 759; 579 757; 579 755; 580 754; 580 753; 582 751; 582 750; 591 741; 597 741; 597 734; 598 733; 598 732; 599 731; 599 730; 600 729; 600 728; 602 726; 602 725; 606 721; 606 720; 614 712; 614 708; 613 707; 606 707; 605 706; 597 706; 596 705; 594 705; 593 704; 590 704; 589 703; 581 703; 580 702; 575 702; 574 701; 564 701; 563 700; 561 700; 560 699; 558 699; 557 698
97; 169 701; 167 703; 167 710; 168 711; 168 713; 167 714; 167 730; 168 731; 168 740; 167 741; 167 745; 166 746; 166 757; 165 758; 165 760; 164 761; 164 767; 166 769; 169 769; 170 768; 172 768; 178 762; 179 762; 181 760; 182 760; 183 759; 185 759; 186 758; 189 758; 190 757; 192 757; 193 758; 195 758; 196 759; 199 759; 200 758; 200 756; 199 755; 199 751; 202 748; 203 748; 204 747; 205 747; 207 745; 208 745; 209 744; 212 744; 213 743; 216 743; 218 741; 219 741; 224 736; 224 734; 221 731; 221 728; 215 722; 213 724; 212 724; 211 725; 210 725; 209 724; 208 724; 207 723; 205 723; 204 722; 203 722; 201 720; 200 720; 199 719; 198 719; 191 712; 190 712; 189 711; 186 711; 185 710; 184 710; 182 708; 181 708; 175 702; 174 702; 173 701
98; 979 705; 978 706; 978 707; 976 709; 976 710; 973 713; 972 713; 970 715; 969 715; 960 724; 959 724; 958 725; 957 725; 954 728; 954 729; 953 730; 953 731; 950 734; 949 734; 948 735; 947 735; 946 736; 945 736; 944 737; 943 737; 942 738; 941 738; 935 744; 935 748; 936 749; 943 749; 944 750; 946 750; 947 751; 949 751; 950 752; 952 752; 953 753; 954 753; 955 754; 956 754; 958 756; 958 757; 959 758; 959 759; 960 760; 969 760; 970 761; 971 761; 972 762; 973 762; 974 763; 978 763; 979 764; 981 764; 982 765; 983 765; 984 766; 985 766; 987 768; 988 768; 989 769; 990 769; 991 770; 995 770; 996 769; 997 769; 998 768; 998 767; 999 766; 999 763; 998 762; 998 761; 997 760; 997 759; 996 758; 996 756; 995 755; 995 753; 994 752; 994 746; 993 745; 993 743; 992 742; 992 741; 991 740; 991 739; 990 738; 990 737; 991 736; 991 735; 992 734; 992 731; 991 730; 991 729; 990 728; 990 726; 989 725; 989 721; 988 720; 988 715; 987 714; 987 713; 986 712; 986 707; 987 706; 984 706; 983 705
99; 72 725; 71 726; 70 726; 69 727; 69 732; 70 733; 70 735; 71 736; 71 746; 72 747; 72 752; 73 753; 73 756; 74 757; 74 761; 75 762; 75 767; 76 768; 76 771; 77 772; 77 777; 78 778; 78 783; 79 784; 79 789; 80 790; 83 790; 91 782; 92 782; 93 781; 94 781; 96 779; 97 779; 100 776; 101 776; 103 774; 106 774; 109 777; 113 777; 114 776; 114 768; 118 764; 118 763; 120 761; 121 761; 124 758; 125 758; 129 754; 129 753; 131 751; 131 748; 128 745; 127 745; 126 744; 125 744; 124 743; 123 743; 122 742; 117 742; 116 741; 114 741; 113 740; 112 740; 111 739; 109 739; 108 738; 104 738; 103 737; 102 737; 101 736; 100 736; 99 735; 97 735; 96 734; 94 734; 93 733; 92 733; 91 732; 90 732; 89 731; 87 731; 86 730; 84 730; 83 729; 82 729; 81 728; 80 728; 79 727; 78 727; 77 726; 75 726; 74 725
100; 709 721; 704 726; 704 727; 702 729; 702 730; 696 736; 696 737; 688 745; 687 745; 685 747; 684 747; 676 755; 675 755; 673 757; 672 757; 669 760; 668 760; 664 764; 664 765; 663 766; 663 768; 665 770; 667 770; 668 771; 671 771; 672 772; 678 772; 679 773; 682 773; 683 774; 684 774; 685 775; 687 775; 688 776; 692 776; 696 780; 696 781; 697 782; 699 782; 700 781; 712 781; 713 782; 717 782; 718 783; 721 783; 722 784; 723 784; 724 785; 728 785; 729 784; 729 780; 728 779; 728 778; 727 777; 727 776; 726 775; 726 774; 725 773; 725 767; 724 766; 724 764; 723 763; 723 761; 722 760; 722 756; 721 755; 721 753; 720 752; 720 750; 719 749; 719 744; 718 743; 718 742; 717 741; 717 740; 716 739; 716 738; 715 737; 715 735; 714 734; 714 731; 713 730; 713 723; 712 722; 712 721
101; 321 726; 317 730; 316 730; 312 734; 312 735; 310 737; 310 738; 304 744; 301 744; 297 740; 293 740; 291 742; 291 747; 292 748; 292 751; 291 752; 291 753; 290 754; 289 754; 287 756; 286 756; 271 771; 271 775; 274 778; 274 781; 297 781; 298 780; 303 780; 304 781; 306 781; 307 782; 308 782; 309 783; 312 783; 313 784; 318 784; 319 785; 322 785; 323 786; 324 786; 325 787; 326 787; 327 788; 328 788; 329 789; 330 789; 331 790; 337 790; 338 789; 338 787; 339 786; 339 784; 338 783; 338 781; 335 778; 335 777; 334 776; 334 771; 333 770; 333 763; 332 762; 332 759; 331 758; 331 756; 330 755; 330 752; 329 751; 329 748; 328 747; 328 731; 327 730; 327 729; 326 728; 326 727; 325 726
102; 556 735; 555 736; 554 736; 553 737; 552 737; 549 740; 548 740; 546 742; 545 742; 544 743; 543 743; 542 744; 539 744; 538 745; 533 745; 532 746; 531 746; 528 749; 526 749; 525 750; 524 750; 523 751; 522 751; 521 752; 520 752; 519 753; 516 753; 515 754; 513 754; 512 755; 511 755; 510 756; 509 756; 508 757; 507 757; 506 758; 504 758; 503 759; 502 759; 501 760; 500 760; 498 762; 498 766; 499 767; 500 767; 502 769; 503 769; 504 770; 505 770; 506 771; 507 771; 510 774; 511 774; 513 776; 514 776; 515 777; 517 777; 518 778; 519 778; 523 782; 523 783; 521 785; 521 789; 525 789; 526 788; 527 788; 528 787; 530 787; 531 788; 532 788; 533 789; 534 789; 535 790; 536 790; 542 796; 543 796; 545 798; 546 798; 547 799; 548 799; 549 800; 554 800; 554 799; 555 798; 555 785; 556 784; 556 767; 557 766; 557 754; 558 753; 558 749; 559 748; 559 743; 560 742; 560 741; 561 740; 560 739; 560 735
103; 578 769; 575 772; 575 776; 576 777; 576 778; 579 781; 579 782; 581 784; 581 789; 580 790; 580 794; 581 795; 581 796; 585 800; 585 801; 586 802; 586 804; 587 805; 587 807; 588 808; 588 810; 589 811; 589 814; 590 815; 590 817; 591 818; 591 821; 592 822; 592 828; 593 829; 593 830; 595 832; 599 832; 602 829; 602 828; 609 821; 609 820; 612 817; 613 817; 615 815; 616 815; 617 814; 624 814; 624 810; 623 809; 623 807; 624 806; 624 805; 625 804; 625 803; 632 796; 633 796; 634 795; 635 795; 638 792; 638 791; 640 789; 640 788; 641 787; 641 785; 639 783; 637 783; 636 782; 635 782; 634 781; 633 781; 630 778; 625 778; 624 779; 622 779; 621 778; 620 778; 619 777; 618 777; 617 776; 607 776; 606 775; 602 775; 601 774; 599 774; 598 773; 595 773; 594 772; 587 772; 586 771; 584 771; 583 770; 582 770; 581 769
104; 0 769; 0 788; 2 790; 2 798; 3 799; 3 802; 4 803; 4 804; 5 805; 5 816; 4 817; 3 817; 2 818; 0 818; 0 823; 3 823; 4 822; 7 825; 7 828; 8 829; 8 836; 9 837; 13 837; 16 834; 16 833; 23 826; 24 826; 29 821; 30 821; 32 819; 33 819; 37 815; 38 815; 41 812; 42 812; 43 811; 44 811; 45 810; 46 810; 47 809; 48 809; 55 802; 56 802; 58 800; 59 800; 60 799; 61 799; 62 798; 62 794; 61 793; 58 793; 57 792; 54 792; 53 791; 52 791; 51 790; 50 790; 49 789; 48 789; 46 787; 45 787; 44 786; 43 786; 42 785; 41 785; 40 784; 38 784; 34 780; 34 778; 32 778; 30 780; 26 780; 25 779; 24 779; 23 778; 22 778; 21 777; 19 777; 18 776; 17 776; 16 775; 15 775; 14 774; 13 774; 11 772; 10 772; 9 771; 7 771; 6 770; 4 770; 3 769
105; 855 779; 855 787; 854 788; 854 794; 853 795; 853 799; 855 801; 855 802; 856 803; 856 804; 857 805; 857 807; 859 809; 859 810; 861 812; 861 814; 862 815; 862 817; 863 818; 863 819; 864 820; 864 821; 865 822; 865 825; 866 826; 866 827; 867 828; 867 829; 868 830; 868 831; 869 832; 869 833; 870 834; 870 837; 871 838; 871 839; 872 840; 872 841; 876 841; 878 839; 878 838; 879 837; 879 836; 880 835; 880 834; 881 833; 881 832; 882 831; 882 830; 886 826; 887 826; 889 824; 890 824; 892 822; 892 821; 893 820; 893 818; 894 817; 894 816; 897 813; 897 812; 899 810; 899 809; 900 808; 900 807; 901 806; 901 805; 903 803; 903 802; 905 800; 905 799; 906 798; 907 798; 909 796; 910 796; 914 792; 914 790; 913 789; 911 789; 910 788; 907 788; 906 787; 899 787; 898 786; 896 786; 895 785; 892 785; 891 784; 889 784; 888 783; 887 783; 886 782; 885 782; 883 780; 880 780; 877 783; 874 783; 873 782; 870 782; 869 781; 864 781; 863 780; 858 780; 857 779
106; 274 782; 274 794; 273 795; 273 798; 272 799; 272 801; 271 802; 271 803; 269 805; 269 808; 270 809; 271 809; 274 812; 274 817; 273 818; 273 821; 272 822; 272 823; 271 824; 271 825; 269 827; 269 828; 268 829; 268 830; 267 831; 270 834; 273 834; 274 835; 276 835; 278 837; 279 837; 280 838; 281 837; 282 837; 284 835; 286 835; 287 834; 288 834; 291 831; 291 830; 294 827; 295 827; 297 825; 298 825; 299 824; 301 824; 302 823; 305 823; 306 822; 308 822; 309 821; 311 821; 313 819; 313 818; 316 815; 317 815; 318 814; 319 814; 320 813; 321 813; 322 812; 323 812; 324 811; 325 811; 326 810; 328 810; 330 808; 331 808; 331 807; 332 806; 332 803; 330 801; 329 801; 328 800; 324 800; 323 799; 322 799; 321 798; 320 798; 318 796; 317 796; 315 794; 314 794; 313 793; 312 793; 311 792; 310 792; 309 791; 308 791; 307 790; 305 790; 304 789; 303 789; 301 787; 300 787; 298 785; 298 784; 297 783; 297 782
107; 128 783; 127 784; 126 784; 125 785; 125 791; 127 793; 127 794; 128 795; 128 796; 129 797; 129 801; 130 802; 130 805; 131 806; 131 810; 130 811; 130 814; 131 815; 131 816; 132 817; 132 818; 133 819; 133 821; 134 822; 134 823; 135 824; 135 826; 136 827; 136 828; 135 829; 135 833; 134 834; 134 837; 135 838; 135 840; 136 841; 136 845; 137 846; 137 847; 139 849; 142 849; 143 850; 144 850; 146 848; 146 847; 149 844; 149 842; 150 841; 150 840; 152 838; 153 838; 158 833; 159 833; 166 826; 166 825; 169 822; 170 822; 173 819; 174 819; 175 818; 176 818; 181 813; 182 813; 185 810; 186 810; 190 806; 190 803; 189 802; 188 802; 187 801; 185 801; 184 800; 181 800; 180 799; 177 799; 176 798; 174 798; 173 797; 171 797; 170 796; 169 796; 168 795; 167 795; 166 794; 165 794; 160 789; 151 789; 150 788; 149 788; 148 787; 145 787; 144 788; 142 788; 141 787; 138 787; 137 786; 136 786; 134 784; 133 784; 132 783
108; 755 778; 754 779; 753 779; 752 780; 751 780; 749 782; 748 782; 746 784; 745 784; 743 786; 741 786; 740 787; 738 787; 737 788; 736 788; 735 789; 733 789; 732 790; 730 790; 728 792; 727 792; 726 793; 725 793; 724 794; 723 794; 722 795; 721 795; 720 796; 719 796; 717 798; 716 798; 715 799; 713 799; 712 800; 709 800; 708 801; 704 801; 703 802; 702 802; 701 803; 700 803; 698 805; 698 808; 700 810; 701 810; 710 819; 711 819; 715 823; 716 823; 717 824; 718 824; 723 829; 724 829; 725 830; 726 830; 727 831; 728 831; 729 832; 730 832; 733 835; 734 835; 735 836; 735 837; 740 842; 741 842; 742 843; 744 843; 746 845; 747 845; 748 846; 751 846; 752 845; 753 845; 753 837; 752 836; 752 828; 753 827; 753 824; 754 823; 754 820; 756 818; 756 812; 755 811; 755 803; 756 802; 756 800; 757 799; 757 787; 758 786; 758 784; 759 783; 759 780; 757 778
109; 842 778; 839 781; 839 782; 836 785; 836 786; 835 787; 834 787; 829 792; 828 792; 818 802; 818 803; 817 804; 816 804; 815 805; 814 805; 809 810; 808 810; 805 813; 804 813; 799 818; 798 818; 796 820; 796 821; 795 822; 795 824; 796 825; 798 825; 799 826; 802 826; 803 827; 805 827; 806 828; 807 828; 808 829; 810 829; 811 830; 812 830; 813 831; 814 831; 815 832; 816 832; 820 836; 821 836; 824 839; 825 839; 826 840; 828 840; 830 838; 831 838; 832 837; 835 837; 836 838; 837 838; 838 839; 839 839; 840 840; 841 840; 842 841; 845 841; 846 842; 847 842; 849 844; 850 844; 851 845; 855 845; 856 844; 857 844; 858 843; 858 842; 859 841; 859 839; 858 838; 858 833; 857 832; 857 830; 856 829; 856 828; 855 827; 855 825; 854 824; 854 821; 853 820; 853 818; 852 817; 852 815; 851 814; 851 807; 850 806; 850 801; 849 800; 849 799; 850 798; 850 796; 851 795; 852 796; 852 795; 853 794; 853 788; 854 787; 854 779; 848 779; 847 778
110; 921 787; 917 791; 917 794; 916 795; 916 799; 915 800; 915 806; 914 807; 914 809; 913 810; 913 811; 912 812; 912 813; 911 814; 911 815; 910 816; 910 819; 909 820; 909 821; 906 824; 906 825; 905 826; 905 828; 904 829; 904 835; 903 836; 903 840; 902 841; 902 843; 901 844; 901 846; 900 847; 900 850; 901 851; 905 851; 906 850; 907 850; 908 849; 909 849; 910 848; 914 848; 915 847; 920 847; 921 846; 924 846; 925 845; 928 845; 929 844; 930 844; 931 843; 933 843; 934 842; 935 842; 936 843; 937 843; 938 844; 941 844; 942 843; 945 843; 947 841; 952 841; 953 840; 955 840; 956 839; 962 839; 963 838; 964 838; 964 833; 954 823; 954 822; 953 821; 953 820; 951 818; 951 817; 950 817; 948 815; 948 814; 947 813; 947 812; 946 811; 946 808; 945 807; 945 806; 944 805; 943 805; 942 804; 940 804; 939 803; 938 803; 935 800; 934 800; 928 794; 928 793; 927 792; 927 791; 926 790; 926 789; 924 787
111; 516 795; 515 796; 514 796; 505 805; 504 805; 503 806; 502 806; 501 807; 500 807; 499 808; 498 808; 497 809; 496 809; 489 816; 488 816; 486 818; 485 818; 483 820; 482 820; 481 821; 480 821; 478 823; 477 823; 476 824; 475 824; 474 825; 473 825; 472 826; 471 826; 470 827; 469 827; 466 830; 466 831; 465 832; 465 834; 466 835; 466 836; 467 836; 468 837; 470 837; 471 838; 473 838; 474 839; 475 839; 476 840; 477 840; 479 842; 481 842; 482 843; 484 843; 485 844; 487 844; 491 848; 491 852; 492 853; 495 853; 497 851; 502 851; 503 852; 505 852; 506 853; 507 853; 512 858; 513 858; 515 860; 517 860; 518 861; 526 861; 528 859; 528 851; 527 850; 527 848; 526 847; 526 837; 525 836; 525 832; 524 831; 524 827; 523 826; 523 824; 524 823; 524 817; 523 816; 523 808; 522 807; 522 797; 521 796; 521 795
112; 239 819; 237 821; 237 828; 238 829; 238 833; 237 834; 237 841; 238 842; 238 849; 237 850; 237 854; 236 855; 236 857; 237 858; 237 871; 236 872; 236 877; 235 878; 235 884; 237 886; 241 886; 242 885; 243 885; 244 884; 245 884; 247 882; 249 882; 253 878; 254 878; 256 876; 257 876; 258 875; 259 875; 260 874; 261 874; 262 873; 263 873; 264 872; 265 872; 266 871; 267 871; 268 870; 269 870; 270 869; 271 869; 272 868; 274 868; 275 867; 276 867; 278 865; 279 865; 280 864; 281 864; 282 863; 283 863; 284 862; 286 862; 287 861; 288 861; 289 860; 290 860; 291 859; 293 859; 296 856; 296 852; 294 850; 292 850; 291 849; 288 849; 287 848; 286 848; 285 847; 284 847; 283 846; 282 846; 278 842; 278 840; 279 839; 279 838; 278 838; 276 836; 274 836; 273 835; 270 835; 267 832; 266 832; 265 833; 264 833; 263 832; 262 832; 261 831; 260 831; 259 830; 258 830; 256 828; 255 828; 253 826; 252 826; 250 824; 249 824; 246 821; 245 821; 243 819
113; 202 822; 201 823; 200 823; 199 824; 198 824; 196 826; 195 826; 194 827; 192 827; 191 828; 188 828; 187 829; 185 829; 182 832; 181 832; 178 835; 176 835; 175 836; 172 836; 171 837; 170 837; 169 838; 168 838; 167 839; 165 839; 164 840; 162 840; 161 841; 160 841; 159 842; 158 842; 156 844; 150 844; 147 847; 147 848; 145 850; 145 852; 149 856; 150 856; 151 857; 153 857; 155 859; 156 859; 157 860; 158 860; 162 864; 162 866; 164 868; 166 868; 167 869; 169 869; 170 870; 171 870; 174 873; 175 873; 176 874; 178 874; 179 875; 180 875; 184 879; 185 879; 188 882; 189 882; 192 885; 193 885; 197 889; 201 889; 202 888; 202 887; 203 886; 203 881; 202 880; 202 874; 203 873; 203 864; 204 863; 204 861; 205 860; 205 859; 206 858; 207 858; 209 856; 209 854; 205 850; 205 846; 204 845; 204 838; 205 837; 205 835; 206 834; 206 823; 205 823; 204 822
114; 942 844; 941 845; 938 845; 938 848; 937 849; 937 851; 938 852; 938 853; 939 854; 939 856; 940 857; 940 858; 941 859; 941 861; 942 862; 942 866; 943 867; 943 871; 940 874; 939 874; 938 875; 938 879; 939 880; 944 880; 947 883; 947 884; 948 885; 948 891; 949 892; 949 895; 950 896; 950 898; 951 899; 951 900; 952 901; 952 903; 953 904; 953 908; 954 909; 954 910; 958 910; 960 908; 960 907; 964 903; 964 902; 972 894; 973 894; 976 891; 976 890; 978 888; 979 888; 980 887; 981 887; 983 885; 983 884; 984 883; 984 882; 985 881; 985 880; 989 876; 990 876; 993 873; 994 873; 999 868; 1000 868; 1002 866; 1002 863; 1001 862; 999 862; 998 861; 994 861; 993 860; 991 860; 990 859; 989 859; 988 858; 985 858; 984 857; 982 857; 981 856; 980 856; 979 855; 978 855; 977 854; 976 854; 975 853; 968 853; 967 852; 965 852; 964 851; 960 851; 959 850; 956 850; 955 849; 954 849; 953 848; 952 848; 951 847; 950 847; 949 846; 948 846; 947 845; 946 845; 945 844
115; 697 845; 696 846; 695 846; 692 849; 691 849; 689 851; 688 851; 687 852; 686 852; 685 853; 684 853; 682 855; 681 855; 680 856; 679 856; 678 857; 676 857; 674 855; 673 855; 671 853; 669 853; 667 855; 667 859; 666 860; 666 861; 663 864; 662 864; 661 865; 659 865; 658 866; 656 866; 655 867; 654 867; 653 868; 652 868; 650 870; 649 870; 647 872; 646 872; 642 876; 642 879; 643 879; 644 880; 647 880; 648 881; 649 881; 650 882; 651 882; 654 885; 655 885; 658 888; 659 888; 661 890; 662 890; 663 891; 664 891; 666 893; 667 893; 668 894; 669 894; 670 895; 671 895; 674 898; 675 898; 676 899; 677 899; 678 900; 679 900; 680 901; 681 901; 691 911; 692 911; 694 913; 699 913; 701 911; 701 910; 702 909; 702 891; 701 890; 701 863; 702 862; 702 859; 703 858; 703 847; 702 846; 701 846; 700 845
116; 926 852; 925 853; 924 853; 923 854; 922 854; 921 855; 920 855; 919 856; 917 856; 916 857; 915 857; 914 858; 913 858; 912 859; 911 859; 910 860; 908 860; 907 861; 904 861; 903 862; 900 862; 899 863; 897 863; 896 864; 894 864; 893 865; 892 865; 891 866; 890 866; 889 867; 888 867; 887 868; 886 868; 885 869; 884 869; 883 870; 881 870; 880 871; 877 871; 876 872; 874 872; 870 876; 870 881; 872 881; 873 882; 876 882; 877 883; 878 883; 880 885; 880 886; 881 887; 881 889; 882 890; 882 891; 884 893; 885 893; 886 894; 887 894; 888 895; 889 895; 891 897; 893 897; 894 898; 896 898; 899 901; 900 901; 904 905; 905 905; 913 913; 914 913; 918 917; 923 917; 924 916; 924 915; 925 914; 925 907; 926 906; 926 899; 927 898; 927 892; 929 890; 930 890; 931 889; 933 889; 933 886; 932 885; 932 884; 930 882; 930 880; 929 879; 929 878; 930 877; 930 868; 931 867; 931 862; 932 861; 932 854; 931 853; 931 852
117; 24 841; 23 842; 22 842; 20 844; 20 845; 15 850; 10 850; 9 851; 8 851; 8 852; 6 854; 6 855; 5 856; 5 857; 3 859; 2 859; 1 860; 0 860; 0 934; 3 934; 4 935; 7 935; 8 934; 9 934; 10 933; 18 933; 22 929; 22 928; 24 926; 24 925; 25 924; 25 919; 26 918; 26 913; 27 912; 27 910; 31 906; 33 906; 34 907; 35 907; 37 909; 42 909; 43 908; 43 907; 44 906; 44 894; 41 891; 41 890; 40 889; 40 888; 39 887; 39 885; 38 884; 38 882; 37 881; 37 877; 36 876; 36 866; 35 865; 35 863; 34 862; 34 858; 33 857; 33 851; 32 850; 32 847; 31 846; 31 844; 28 841
118; 804 867; 803 868; 802 868; 802 869; 801 870; 801 871; 800 872; 800 875; 806 881; 806 882; 807 883; 807 885; 808 886; 808 892; 809 893; 809 896; 808 897; 808 900; 809 901; 809 902; 810 902; 811 903; 812 903; 817 908; 817 910; 818 911; 818 913; 819 914; 819 916; 820 917; 820 918; 821 919; 821 921; 822 922; 822 923; 823 924; 823 926; 824 927; 824 929; 827 932; 829 932; 830 931; 831 931; 831 930; 833 928; 833 927; 834 926; 834 925; 835 924; 835 923; 838 920; 838 919; 840 917; 840 916; 843 913; 843 912; 845 910; 845 909; 854 900; 854 899; 855 898; 855 897; 856 896; 856 895; 869 882; 869 877; 864 877; 863 876; 860 876; 859 877; 851 877; 850 876; 848 876; 847 875; 845 875; 844 874; 838 874; 837 875; 836 875; 835 874; 830 874; 829 873; 825 873; 824 872; 823 872; 822 871; 821 871; 820 870; 819 870; 818 869; 811 869; 810 868; 808 868; 807 867
119; 269 891; 268 892; 267 892; 265 894; 265 895; 264 896; 263 896; 262 897; 249 897; 248 898; 247 898; 246 899; 244 899; 243 900; 240 900; 236 904; 236 906; 237 907; 238 907; 239 908; 243 908; 244 907; 255 907; 256 906; 262 906; 263 907; 265 907; 266 908; 268 908; 269 909; 270 909; 271 910; 272 910; 273 911; 274 911; 275 912; 278 912; 279 913; 283 913; 284 914; 285 914; 286 915; 287 915; 288 916; 289 916; 290 917; 295 917; 296 916; 297 916; 298 915; 298 911; 296 909; 295 909; 287 901; 287 900; 285 898; 284 898; 283 897; 278 897; 277 896; 276 896; 271 891
120; 857 906; 856 907; 855 907; 853 909; 853 910; 852 911; 852 925; 851 926; 851 928; 849 930; 849 931; 848 932; 848 942; 847 943; 847 949; 846 950; 846 952; 845 953; 845 955; 844 956; 844 963; 843 964; 843 966; 842 967; 842 970; 843 971; 843 972; 844 972; 845 973; 847 973; 848 972; 850 972; 851 971; 853 971; 854 970; 855 970; 856 969; 857 969; 859 967; 860 967; 861 966; 863 966; 864 965; 866 965; 867 964; 868 964; 869 963; 877 963; 878 962; 879 962; 880 961; 882 961; 883 960; 887 960; 888 959; 890 959; 891 958; 894 958; 895 957; 901 957; 902 956; 904 956; 906 954; 906 949; 901 944; 900 944; 898 942; 897 942; 887 932; 887 928; 885 926; 882 926; 881 925; 879 925; 877 923; 876 923; 869 916; 868 916; 865 913; 865 912; 864 911; 864 910; 861 907; 860 907; 859 906
121; 536 909; 531 914; 530 914; 528 916; 528 917; 519 926; 519 927; 513 933; 512 933; 511 934; 509 934; 505 938; 505 939; 504 940; 504 941; 503 942; 503 943; 498 948; 497 948; 495 950; 494 950; 493 951; 493 952; 491 954; 491 957; 492 958; 492 959; 494 961; 495 961; 496 962; 498 962; 499 963; 503 963; 504 964; 513 964; 514 965; 516 965; 517 966; 519 966; 520 967; 526 967; 527 968; 530 968; 531 967; 532 967; 535 964; 541 964; 542 963; 557 963; 555 961; 555 960; 553 958; 553 957; 552 956; 552 951; 551 950; 551 946; 554 943; 555 943; 556 942; 556 940; 553 937; 551 937; 547 933; 547 931; 546 930; 546 922; 545 921; 545 920; 544 919; 544 917; 543 916; 543 915; 542 914; 542 913; 541 912; 541 911; 540 910; 539 910; 538 909
122; 567 915; 566 916; 565 916; 564 917; 564 925; 563 926; 563 927; 562 928; 562 945; 563 946; 563 948; 564 949; 564 956; 563 957; 563 967; 574 978; 575 977; 576 977; 577 976; 578 976; 579 975; 589 975; 591 973; 591 972; 592 971; 592 970; 596 966; 597 966; 599 964; 600 964; 601 963; 603 963; 604 962; 605 962; 606 961; 607 961; 608 960; 611 960; 612 959; 615 959; 616 958; 617 958; 618 957; 619 957; 620 956; 621 956; 623 954; 623 953; 624 952; 624 950; 623 949; 623 948; 622 948; 620 946; 618 946; 617 945; 616 945; 615 944; 614 944; 612 942; 611 942; 609 940; 608 940; 607 939; 606 939; 605 938; 604 938; 603 937; 602 937; 598 933; 598 931; 595 928; 594 928; 593 927; 592 927; 591 926; 589 926; 588 925; 587 925; 586 924; 585 924; 584 923; 582 923; 581 922; 580 922; 579 921; 578 921; 577 920; 576 920; 573 917; 572 917; 570 915
123; 402 945; 401 946; 400 946; 399 947; 399 948; 397 950; 397 955; 398 956; 398 957; 399 958; 399 959; 400 960; 400 961; 403 964; 403 966; 404 967; 404 977; 405 978; 405 983; 407 985; 407 986; 408 987; 408 994; 409 995; 409 996; 413 1000; 413 1001; 414 1002; 414 1005; 415 1006; 415 1007; 418 1010; 422 1010; 427 1005; 427 1004; 429 1002; 429 1001; 434 996; 435 996; 442 989; 443 989; 444 988; 445 988; 447 986; 447 985; 448 984; 448 983; 449 982; 450 982; 452 980; 453 980; 454 979; 454 978; 458 974; 459 974; 460 973; 461 973; 465 969; 465 966; 463 964; 462 964; 461 963; 457 963; 456 962; 453 962; 452 961; 451 961; 450 960; 448 960; 447 959; 445 959; 444 958; 443 958; 441 956; 441 955; 440 954; 440 952; 438 950; 436 950; 435 951; 434 951; 432 953; 428 953; 427 952; 424 952; 423 951; 418 951; 417 950; 416 950; 415 949; 414 949; 412 947; 411 947; 410 946; 409 946; 408 945
124; 520 983; 511 987; 501 985; 501 993; 483 1001; 479 1007; 479 1012; 487 1016; 485 1023; 577 1023
125; 577 1023; 597 1011; 602 1005; 581 993; 572 981; 573 978; 557 964; 535 965; 530 969; 531 973; 520 983
