0; 0 0; 0 9; 4 9; 5 8; 7 8; 8 7; 11 7; 13 9; 13 12; 12 13; 12 15; 11 16; 11 19; 10 20; 10 22; 7 25; 5 25; 3 23; 2 23; 1 22; 0 22; 0 32; 1 32; 8 39; 8 40; 10 42; 12 42; 14 40; 14 39; 15 38; 15 36; 16 35; 16 32; 17 31; 17 28; 18 27; 18 26; 19 25; 19 24; 21 22; 21 14; 22 13; 22 11; 23 10; 23 5; 24 4; 24 0
1; 428 0; 428 2; 426 4; 426 6; 425 7; 425 11; 424 12; 424 13; 422 15; 422 16; 421 17; 421 22; 422 23; 428 23; 429 22; 432 22; 433 21; 435 21; 436 20; 438 20; 439 19; 441 19; 442 18; 447 18; 448 17; 452 17; 453 16; 457 16; 458 15; 459 15; 460 14; 461 14; 462 13; 464 13; 465 12; 470 12; 471 11; 471 8; 468 5; 467 5; 466 4; 465 4; 462 1; 462 0; 452 0; 452 2; 454 4; 454 6; 452 8; 451 8; 450 9; 448 9; 447 10; 443 10; 442 11; 437 11; 435 9; 435 5; 436 4; 436 0
2; 986 0; 984 2; 983 2; 982 3; 979 3; 978 4; 972 4; 971 5; 970 5; 970 9; 973 12; 974 12; 978 16; 978 17; 982 21; 982 22; 983 23; 983 24; 986 27; 988 27; 989 28; 990 28; 991 29; 992 29; 997 34; 997 35; 998 36; 998 37; 1000 39; 1001 39; 1002 40; 1005 40; 1006 39; 1006 38; 1007 37; 1007 33; 1008 32; 1008 29; 1009 28; 1009 26; 1010 25; 1010 23; 1011 22; 1011 18; 1012 17; 1012 11; 1013 10; 1013 7; 1014 6; 1014 0
3; 181 0; 181 2; 182 3; 183 3; 186 6; 187 6; 190 9; 191 9; 194 12; 194 13; 196 15; 196 16; 197 17; 197 20; 193 24; 192 24; 191 25; 189 25; 188 26; 186 26; 185 27; 183 27; 182 28; 181 28; 180 29; 179 29; 178 30; 177 30; 176 31; 174 31; 173 32; 172 32; 171 33; 170 33; 169 34; 168 34; 167 35; 166 35; 165 36; 163 36; 162 37; 158 37; 157 38; 156 38; 156 41; 157 42; 157 45; 161 45; 162 46; 163 46; 166 49; 167 49; 168 50; 169 50; 171 52; 172 52; 173 53; 174 53; 177 56; 178 56; 179 57; 180 57; 181 58; 182 58; 183 59; 184 59; 188 63; 189 63; 195 69; 197 69; 199 67; 199 63; 198 62; 198 60; 197 59; 197 52; 198 51; 198 49; 199 48; 199 46; 200 45; 200 42; 201 41; 201 39; 200 38; 200 32; 201 31; 201 28; 202 27; 202 26; 203 25; 203 23; 204 22; 204 11; 205 10; 205 8; 206 7; 206 5; 207 4; 207 3; 208 2; 208 0; 199 0; 199 1; 197 3; 196 3; 193 0
4; 152 38; 151 39; 143 39; 142 40; 138 40; 137 41; 133 41; 132 42; 126 42; 125 43; 113 43; 112 42; 110 42; 109 43; 107 43; 106 44; 106 47; 108 49; 109 49; 110 50; 111 50; 113 52; 113 53; 115 55; 115 56; 116 57; 116 58; 117 59; 117 61; 118 62; 118 63; 120 65; 121 65; 122 66; 123 66; 125 68; 126 68; 128 70; 128 71; 132 75; 132 76; 133 77; 133 78; 134 79; 134 81; 136 83; 140 83; 142 81; 142 71; 143 70; 143 68; 144 67; 144 66; 145 65; 145 64; 146 63; 146 62; 147 61; 147 60; 148 59; 148 57; 149 56; 149 54; 150 53; 150 52; 152 50; 152 49; 156 45; 156 42; 155 41; 155 38
5; 238 34; 238 38; 240 40; 240 41; 241 42; 241 43; 242 44; 242 50; 241 51; 241 57; 242 58; 242 60; 243 61; 243 64; 244 65; 244 67; 245 68; 245 80; 246 81; 249 81; 252 78; 253 78; 256 75; 257 75; 259 73; 260 73; 262 71; 263 71; 264 70; 265 70; 266 69; 269 69; 271 67; 272 67; 272 66; 274 64; 274 63; 280 57; 281 57; 282 56; 284 56; 285 55; 286 55; 287 54; 287 50; 286 50; 285 49; 278 49; 277 48; 276 48; 275 47; 274 47; 273 46; 272 46; 271 45; 270 45; 269 44; 267 44; 266 43; 264 43; 263 42; 262 42; 261 41; 259 41; 258 40; 256 40; 255 39; 252 39; 251 38; 250 38; 249 37; 248 37; 247 36; 246 36; 245 35; 244 35; 243 34
6; 991 42; 990 43; 989 43; 988 44; 987 44; 986 45; 984 45; 983 46; 975 46; 974 47; 973 47; 972 48; 971 48; 969 50; 968 50; 967 51; 966 51; 965 52; 961 52; 960 53; 959 53; 958 54; 956 54; 955 55; 950 55; 948 57; 948 61; 950 63; 951 63; 952 64; 953 64; 954 65; 955 65; 957 67; 957 68; 964 75; 965 75; 967 77; 967 78; 969 80; 971 80; 972 81; 973 81; 974 82; 975 82; 982 89; 983 89; 984 90; 986 90; 988 88; 988 78; 989 77; 989 73; 990 72; 990 70; 991 69; 991 68; 992 67; 992 66; 993 65; 993 57; 994 56; 994 53; 995 52; 995 51; 997 49; 997 43; 996 42
7; 515 52; 514 53; 514 54; 513 55; 513 56; 512 57; 512 58; 502 68; 500 68; 499 69; 497 69; 496 70; 496 71; 495 72; 495 76; 492 79; 492 80; 487 85; 486 85; 485 86; 485 87; 484 88; 484 90; 485 91; 486 91; 487 92; 489 92; 490 91; 494 91; 495 90; 498 90; 499 91; 501 91; 502 92; 505 92; 506 93; 508 93; 509 94; 511 94; 512 95; 513 95; 514 96; 523 96; 524 97; 528 97; 529 98; 536 98; 537 97; 537 93; 533 89; 533 87; 532 86; 532 80; 531 79; 531 78; 530 77; 530 76; 528 74; 528 73; 527 72; 527 71; 526 70; 526 69; 525 68; 525 66; 524 65; 524 62; 523 61; 523 59; 522 58; 522 57; 520 55; 520 54; 518 52
8; 216 95; 215 96; 215 102; 216 103; 216 106; 217 107; 217 114; 218 115; 218 119; 219 120; 219 124; 220 125; 220 137; 221 138; 221 141; 222 142; 226 142; 231 137; 232 137; 234 135; 235 135; 237 133; 238 133; 239 132; 241 132; 242 131; 243 131; 245 129; 245 128; 251 122; 252 122; 253 121; 254 121; 261 114; 261 112; 259 110; 257 110; 256 109; 252 109; 251 108; 249 108; 248 107; 247 107; 246 106; 245 106; 244 105; 242 105; 241 104; 239 104; 238 103; 236 103; 235 102; 231 102; 230 101; 228 101; 227 100; 226 100; 225 99; 224 99; 223 98; 222 98; 220 96; 219 96; 218 95
9; 49 103; 48 104; 48 105; 46 107; 45 107; 44 108; 41 108; 40 109; 36 109; 35 110; 32 110; 31 111; 26 111; 25 112; 24 112; 24 115; 25 116; 26 116; 27 117; 28 117; 33 122; 33 123; 35 125; 35 126; 45 136; 46 136; 52 142; 52 143; 53 144; 53 145; 54 146; 54 147; 55 148; 59 148; 60 147; 60 146; 61 145; 61 143; 62 142; 62 139; 63 138; 63 135; 64 134; 64 133; 65 132; 65 131; 66 130; 66 129; 67 128; 67 126; 68 125; 68 123; 69 122; 69 121; 70 120; 70 119; 71 118; 71 116; 72 115; 72 111; 73 110; 73 108; 74 107; 74 103; 69 103; 68 104; 65 104; 64 105; 56 105; 55 104; 54 104; 53 103
10; 297 105; 296 106; 295 106; 294 107; 292 107; 291 108; 290 108; 288 110; 287 110; 285 112; 284 112; 283 113; 282 113; 280 115; 279 115; 277 117; 276 117; 274 119; 273 119; 270 122; 269 122; 267 124; 266 124; 265 125; 264 125; 263 126; 262 126; 261 127; 260 127; 259 128; 259 132; 260 132; 261 133; 263 133; 264 134; 267 134; 268 135; 269 135; 270 136; 272 136; 273 137; 274 137; 276 139; 277 139; 278 140; 279 140; 280 141; 290 141; 291 142; 293 142; 294 143; 295 143; 296 144; 297 144; 298 145; 299 145; 300 146; 302 146; 303 145; 303 143; 295 135; 295 133; 296 132; 298 132; 299 131; 301 131; 302 130; 303 130; 305 128; 306 128; 307 127; 307 126; 308 125; 308 122; 304 118; 304 116; 303 115; 303 112; 302 111; 302 108; 301 107; 301 106; 300 105
11; 879 103; 877 105; 877 107; 876 108; 876 110; 875 111; 875 112; 874 113; 874 114; 873 115; 873 116; 872 117; 872 121; 867 126; 867 128; 868 129; 868 133; 867 134; 867 138; 866 139; 866 141; 865 142; 865 143; 864 144; 864 145; 862 147; 862 150; 868 150; 869 149; 872 149; 873 148; 878 148; 879 147; 882 147; 883 146; 885 146; 886 145; 893 145; 894 144; 897 144; 898 143; 905 143; 906 142; 909 142; 911 140; 913 140; 913 137; 912 136; 912 135; 910 133; 909 133; 908 132; 907 132; 904 129; 903 129; 900 126; 900 125; 898 123; 898 122; 893 117; 892 117; 888 113; 888 112; 885 109; 885 108; 883 106; 883 105; 881 103
12; 173 116; 172 117; 172 122; 171 123; 171 125; 170 126; 170 128; 169 129; 169 131; 168 132; 168 135; 167 136; 167 138; 166 139; 166 141; 165 142; 165 143; 164 144; 164 145; 163 146; 163 148; 162 149; 162 150; 161 151; 161 153; 160 154; 160 155; 159 156; 159 160; 160 161; 165 161; 166 160; 169 160; 170 159; 180 159; 181 158; 182 158; 183 157; 186 157; 187 156; 190 156; 191 155; 193 155; 194 154; 200 154; 201 153; 204 153; 205 152; 207 152; 208 151; 208 149; 203 144; 203 143; 197 137; 196 137; 195 136; 195 135; 193 133; 193 130; 190 127; 189 127; 188 126; 187 126; 177 116
13; 911 141; 909 143; 909 144; 908 145; 908 146; 900 154; 898 154; 897 155; 894 155; 894 156; 893 157; 893 158; 891 160; 891 161; 883 169; 882 169; 881 170; 879 170; 877 172; 877 175; 878 176; 885 176; 886 177; 889 177; 890 178; 892 178; 893 179; 895 179; 896 180; 897 180; 901 184; 902 184; 903 185; 911 185; 912 186; 914 186; 915 187; 916 187; 919 190; 924 190; 925 189; 925 186; 923 184; 923 183; 922 182; 922 177; 921 176; 921 171; 920 170; 920 163; 919 162; 919 149; 918 148; 918 146; 917 145; 917 144; 914 141
14; 415 151; 412 154; 412 155; 410 157; 410 158; 408 160; 407 160; 406 161; 405 161; 404 162; 402 162; 399 165; 399 166; 398 167; 398 168; 396 170; 396 171; 394 173; 394 174; 392 176; 392 177; 388 181; 387 181; 386 182; 385 182; 384 183; 383 183; 381 185; 380 185; 380 188; 395 188; 396 189; 398 189; 399 190; 400 190; 401 191; 403 191; 405 193; 406 193; 407 194; 413 194; 414 195; 418 195; 419 196; 426 196; 427 197; 431 197; 431 194; 430 193; 430 191; 429 190; 429 189; 428 188; 428 186; 427 185; 427 179; 426 178; 426 177; 425 176; 425 175; 423 173; 423 171; 422 170; 422 165; 421 164; 421 160; 420 159; 420 156; 419 155; 419 153; 418 152; 418 151
15; 1017 160; 1016 161; 1015 161; 1013 163; 1012 163; 1011 164; 998 164; 997 163; 996 163; 995 162; 993 162; 989 166; 987 166; 986 167; 978 167; 977 166; 973 166; 971 168; 971 170; 978 177; 978 178; 982 182; 982 183; 986 187; 986 188; 988 190; 988 191; 994 197; 994 198; 996 200; 996 201; 997 202; 997 204; 999 206; 1001 206; 1002 205; 1002 204; 1003 203; 1003 199; 1004 198; 1004 196; 1005 195; 1005 194; 1006 193; 1006 192; 1007 191; 1007 190; 1008 189; 1008 188; 1010 186; 1010 185; 1012 183; 1012 182; 1013 181; 1013 180; 1014 179; 1014 177; 1015 176; 1015 175; 1016 174; 1016 173; 1017 172; 1017 171; 1018 170; 1018 169; 1021 166; 1022 166; 1023 165; 1023 161; 1022 161; 1021 160
16; 345 152; 344 153; 344 154; 343 155; 343 161; 342 162; 342 163; 341 164; 341 165; 340 166; 340 167; 339 168; 339 169; 338 170; 338 172; 337 173; 337 174; 336 175; 336 177; 335 178; 335 179; 334 180; 334 181; 333 182; 333 184; 332 185; 332 187; 331 188; 331 190; 328 193; 328 197; 332 197; 333 196; 335 196; 336 195; 338 195; 339 194; 350 194; 351 193; 358 193; 359 192; 361 192; 362 191; 365 191; 366 190; 372 190; 373 189; 379 189; 379 186; 376 186; 369 179; 369 178; 365 174; 365 173; 363 171; 363 170; 358 165; 358 164; 355 161; 355 160; 354 159; 353 159; 351 157; 351 156; 350 155; 350 154; 348 152
17; 188 163; 187 164; 186 164; 185 165; 184 165; 183 166; 172 166; 171 167; 170 167; 169 168; 168 168; 166 170; 165 170; 164 171; 159 171; 158 172; 154 172; 153 173; 146 173; 145 174; 145 177; 161 193; 161 194; 163 196; 164 196; 165 197; 166 197; 168 199; 168 200; 172 204; 172 205; 173 206; 173 207; 175 209; 178 209; 178 208; 179 207; 179 202; 180 201; 180 200; 181 199; 181 198; 182 197; 182 195; 184 193; 184 191; 185 190; 185 187; 186 186; 186 183; 187 182; 187 181; 188 180; 188 179; 189 178; 189 175; 190 174; 190 172; 191 171; 191 170; 192 169; 192 168; 193 167; 193 163
18; 646 160; 644 162; 644 164; 645 165; 645 166; 646 167; 646 177; 645 178; 645 181; 644 182; 644 183; 643 184; 643 188; 644 189; 644 190; 645 191; 645 194; 644 195; 644 199; 643 200; 643 207; 644 208; 648 208; 650 206; 651 206; 653 204; 654 204; 655 203; 656 203; 657 202; 658 202; 659 201; 661 201; 662 200; 663 200; 664 199; 666 199; 668 197; 669 197; 671 195; 673 195; 676 192; 677 192; 680 189; 682 189; 683 188; 685 188; 686 187; 687 187; 687 184; 685 182; 684 182; 683 181; 682 181; 681 180; 680 180; 678 178; 677 178; 676 177; 675 177; 674 176; 673 176; 672 175; 671 175; 670 174; 669 174; 667 172; 666 172; 665 171; 664 171; 663 170; 662 170; 661 169; 660 169; 659 168; 658 168; 657 167; 656 167; 651 162; 650 162; 648 160
19; 113 160; 113 161; 112 162; 112 166; 113 167; 113 171; 112 172; 112 175; 111 176; 111 177; 110 178; 110 179; 108 181; 108 183; 107 184; 107 189; 106 190; 106 194; 105 195; 105 196; 104 197; 104 198; 102 200; 102 201; 101 202; 101 204; 102 205; 111 205; 112 204; 113 204; 114 203; 115 203; 116 202; 119 202; 120 201; 124 201; 125 200; 127 200; 128 199; 129 199; 130 198; 131 198; 132 197; 133 197; 134 196; 136 196; 137 195; 145 195; 146 194; 147 194; 148 193; 148 190; 145 187; 145 186; 144 186; 143 185; 142 185; 138 181; 138 180; 134 176; 133 176; 129 172; 128 172; 126 170; 126 169; 119 162; 119 161; 118 160
20; 619 176; 615 180; 615 181; 614 182; 613 182; 608 187; 607 187; 606 188; 605 188; 603 190; 603 191; 594 200; 593 200; 590 203; 589 203; 585 207; 585 209; 587 211; 590 211; 591 212; 594 212; 595 213; 597 213; 598 214; 599 214; 600 215; 602 215; 603 216; 606 216; 607 215; 608 215; 609 216; 612 216; 613 217; 617 217; 618 218; 621 218; 622 219; 624 219; 625 220; 626 220; 628 222; 629 222; 630 223; 632 223; 633 222; 634 222; 634 219; 633 218; 633 217; 632 216; 632 215; 631 214; 631 212; 630 211; 630 206; 629 205; 629 204; 630 203; 630 199; 629 198; 629 197; 626 194; 626 193; 625 192; 625 191; 624 190; 624 189; 623 188; 623 178; 622 177; 622 176
21; 859 187; 858 188; 858 191; 859 192; 859 193; 860 194; 860 195; 861 196; 861 198; 862 199; 862 202; 863 203; 863 205; 864 206; 864 207; 865 208; 865 210; 866 211; 866 212; 867 213; 867 215; 869 217; 869 218; 871 220; 871 221; 873 223; 873 224; 874 225; 874 226; 875 227; 875 230; 876 231; 880 231; 880 230; 882 228; 882 227; 883 226; 883 225; 884 224; 884 223; 885 222; 885 220; 886 219; 886 218; 888 216; 888 215; 891 212; 892 212; 892 211; 894 209; 894 208; 896 206; 896 205; 898 203; 898 202; 905 195; 905 193; 904 192; 895 192; 894 191; 892 191; 891 190; 881 190; 880 189; 867 189; 866 188; 862 188; 861 187
22; 711 188; 709 190; 708 190; 707 191; 706 191; 705 192; 703 192; 702 193; 699 193; 698 194; 695 194; 694 195; 692 195; 691 196; 688 196; 687 197; 685 197; 684 198; 682 198; 681 199; 680 199; 679 200; 677 200; 676 201; 670 201; 668 203; 668 205; 670 207; 671 207; 672 208; 673 208; 675 210; 676 210; 687 221; 688 221; 689 222; 690 222; 692 224; 693 224; 697 228; 698 228; 699 229; 700 229; 703 232; 704 232; 705 233; 708 233; 708 223; 709 222; 709 221; 710 220; 710 217; 711 216; 711 211; 712 210; 712 207; 713 206; 713 203; 712 202; 712 199; 713 198; 713 196; 714 195; 714 193; 715 192; 715 189; 714 188
23; 408 198; 407 199; 405 199; 404 200; 401 200; 400 201; 394 201; 393 200; 386 200; 385 201; 384 201; 383 202; 381 202; 380 203; 376 203; 375 204; 372 204; 371 205; 368 205; 367 204; 365 204; 363 206; 363 208; 366 211; 367 211; 372 216; 372 217; 375 220; 375 221; 378 224; 378 225; 379 226; 379 227; 380 228; 380 230; 381 231; 382 231; 383 232; 384 232; 386 234; 387 234; 389 236; 389 237; 391 239; 391 240; 392 241; 392 242; 393 243; 396 243; 396 242; 397 241; 397 238; 398 237; 398 236; 399 235; 399 234; 400 233; 400 232; 401 231; 401 229; 402 228; 402 225; 403 224; 403 222; 404 221; 404 219; 405 218; 405 216; 406 215; 406 214; 407 213; 407 212; 408 211; 408 210; 410 208; 410 207; 411 206; 411 205; 413 203; 413 199; 412 198
24; 267 195; 265 197; 264 197; 263 198; 262 198; 261 199; 259 199; 258 200; 254 200; 253 201; 250 201; 249 202; 243 202; 242 203; 239 203; 238 204; 237 204; 236 205; 235 205; 234 206; 233 206; 231 208; 229 208; 228 209; 226 209; 225 210; 224 210; 223 211; 223 214; 224 215; 226 215; 227 216; 228 216; 229 217; 230 217; 231 218; 232 218; 237 223; 237 224; 239 226; 239 227; 240 227; 241 228; 242 228; 243 229; 245 229; 246 230; 247 230; 249 232; 250 232; 259 241; 261 241; 262 240; 262 236; 261 235; 261 233; 262 232; 262 228; 263 227; 263 225; 264 224; 264 223; 265 222; 265 220; 266 219; 266 216; 267 215; 267 205; 268 204; 268 203; 270 201; 270 200; 271 199; 271 195
25; 344 200; 344 201; 343 202; 343 207; 339 211; 337 211; 336 210; 332 210; 331 211; 330 211; 330 216; 331 216; 332 217; 333 217; 335 219; 334 220; 334 221; 333 222; 333 233; 332 234; 332 235; 331 236; 331 237; 330 238; 330 239; 328 241; 328 244; 329 245; 332 245; 333 244; 335 244; 336 243; 337 243; 338 242; 346 242; 347 241; 348 241; 349 240; 352 240; 353 239; 360 239; 361 238; 364 238; 365 237; 367 237; 368 236; 370 236; 371 235; 376 235; 377 234; 378 234; 378 231; 377 230; 376 230; 374 228; 373 228; 368 223; 368 222; 360 214; 360 213; 358 211; 357 211; 349 203; 349 202; 347 200
26; 844 198; 844 199; 843 200; 843 201; 842 202; 842 203; 841 204; 841 205; 840 206; 840 207; 838 209; 838 210; 836 212; 836 213; 833 216; 833 217; 831 219; 831 220; 829 222; 829 223; 828 224; 828 225; 827 226; 827 228; 824 231; 824 232; 823 233; 823 234; 822 235; 822 240; 830 240; 831 239; 848 239; 849 240; 855 240; 856 239; 857 239; 858 238; 861 238; 862 239; 865 239; 866 240; 868 240; 869 239; 871 239; 871 236; 868 233; 868 232; 867 231; 867 230; 866 229; 866 228; 865 227; 865 226; 863 224; 863 223; 862 222; 862 221; 861 220; 861 219; 860 218; 860 217; 856 213; 856 212; 854 210; 854 209; 851 206; 851 205; 850 204; 850 203; 849 202; 849 201; 847 199; 847 198
27; 202 213; 201 214; 201 215; 199 217; 199 219; 198 220; 198 221; 197 222; 197 223; 192 228; 192 229; 190 231; 190 232; 189 233; 189 234; 188 235; 188 236; 187 237; 187 238; 186 239; 186 240; 185 241; 185 242; 183 244; 183 245; 182 246; 182 247; 181 248; 181 249; 180 250; 180 253; 182 253; 183 254; 189 254; 190 253; 204 253; 205 254; 206 254; 207 255; 212 255; 213 254; 214 254; 215 253; 223 253; 224 254; 228 254; 229 253; 229 250; 227 248; 227 247; 225 245; 225 244; 224 243; 224 242; 220 238; 220 237; 218 235; 218 234; 217 233; 217 232; 216 231; 216 230; 214 228; 214 227; 213 226; 213 225; 212 224; 212 223; 210 221; 210 220; 209 219; 209 218; 208 217; 208 216; 205 213
28; 732 216; 731 217; 731 218; 729 220; 729 221; 725 225; 724 225; 720 229; 719 229; 719 230; 713 236; 712 236; 712 237; 705 244; 704 244; 701 247; 700 247; 700 248; 699 249; 699 250; 701 252; 709 252; 710 253; 714 253; 715 254; 717 254; 718 255; 720 255; 721 254; 733 254; 734 253; 747 253; 747 251; 746 250; 746 246; 745 245; 745 243; 744 242; 744 241; 743 240; 743 238; 742 237; 742 234; 741 233; 741 231; 740 230; 740 229; 738 227; 738 220; 737 219; 737 217; 736 216
29; 755 221; 754 222; 754 226; 755 227; 755 229; 756 230; 756 232; 755 233; 755 236; 754 237; 754 240; 753 241; 753 245; 754 246; 754 248; 755 249; 755 255; 753 257; 752 257; 752 261; 751 262; 751 266; 753 268; 753 269; 754 269; 755 270; 757 270; 763 264; 764 264; 766 262; 767 262; 768 261; 769 261; 770 260; 772 260; 773 259; 774 259; 776 257; 777 257; 778 256; 779 256; 780 255; 782 255; 783 254; 785 254; 786 253; 787 253; 788 252; 789 252; 792 249; 793 249; 794 248; 795 248; 796 247; 798 247; 799 246; 799 243; 798 242; 796 242; 795 241; 793 241; 792 240; 791 240; 790 239; 789 239; 788 238; 787 238; 785 236; 784 236; 781 233; 780 233; 779 232; 778 232; 777 231; 776 231; 775 230; 772 230; 771 229; 770 229; 769 228; 768 228; 767 227; 766 227; 763 224; 762 224; 759 221
30; 697 250; 696 251; 694 251; 693 252; 687 252; 686 253; 683 253; 682 254; 666 254; 665 255; 662 255; 661 256; 659 256; 658 257; 651 257; 650 258; 649 258; 648 259; 648 262; 650 264; 652 264; 653 265; 654 265; 658 269; 658 270; 659 271; 659 272; 669 282; 669 283; 670 284; 670 285; 672 287; 672 288; 673 289; 673 290; 675 292; 675 293; 676 294; 679 294; 680 293; 680 292; 681 291; 681 290; 682 289; 682 288; 683 287; 683 286; 685 284; 685 283; 686 282; 686 281; 688 279; 688 278; 691 275; 692 275; 693 274; 693 273; 694 272; 694 266; 695 265; 695 262; 698 259; 699 259; 700 258; 699 257; 699 255; 701 253; 698 250
31; 566 251; 564 253; 564 254; 563 255; 563 258; 562 259; 562 260; 560 262; 560 263; 559 264; 559 266; 558 267; 558 268; 556 270; 556 271; 555 272; 555 275; 554 276; 554 278; 553 279; 553 281; 552 282; 552 284; 551 285; 551 287; 550 288; 550 289; 546 293; 546 295; 548 297; 548 299; 549 298; 550 298; 551 297; 552 297; 553 296; 555 296; 556 295; 560 295; 561 294; 578 294; 579 293; 581 293; 582 292; 590 292; 591 291; 595 291; 596 290; 596 287; 595 286; 594 286; 593 285; 592 285; 589 282; 589 281; 588 280; 588 279; 586 277; 586 276; 584 274; 584 273; 582 271; 582 270; 580 268; 580 267; 579 266; 579 265; 578 264; 577 264; 573 260; 573 259; 571 257; 571 256; 569 254; 569 252; 568 251
32; 701 274; 700 286; 698 290; 698 301; 695 306; 696 311; 699 311; 713 304; 721 303; 731 298; 744 295; 744 293; 738 289; 738 285
33; 738 285; 742 280; 743 274; 750 266; 751 257; 748 254; 721 255; 721 258; 717 261; 707 258; 700 259; 701 274
34; 196 281; 195 282; 195 285; 196 286; 196 287; 198 289; 198 291; 199 292; 199 296; 200 297; 200 298; 201 299; 201 300; 202 301; 202 305; 203 306; 203 310; 204 311; 204 313; 205 314; 205 315; 206 316; 206 317; 207 318; 207 319; 208 320; 208 322; 209 323; 209 329; 210 330; 213 330; 216 327; 216 325; 217 324; 217 322; 223 316; 224 316; 235 305; 235 304; 238 301; 238 300; 241 297; 242 297; 244 295; 244 292; 243 292; 242 291; 236 291; 235 290; 233 290; 232 289; 230 289; 229 288; 226 288; 225 287; 224 287; 221 284; 219 284; 218 285; 216 285; 215 286; 213 286; 212 285; 207 285; 206 284; 205 284; 204 283; 203 283; 202 282; 201 282; 200 281
35; 447 293; 446 294; 443 294; 442 295; 437 295; 436 294; 430 294; 429 295; 427 295; 426 296; 418 296; 417 297; 415 297; 414 298; 412 298; 411 297; 406 297; 405 298; 404 298; 404 302; 405 302; 409 306; 409 307; 413 311; 413 312; 416 315; 416 316; 419 319; 419 320; 422 323; 422 324; 424 326; 424 327; 427 330; 427 331; 429 333; 429 334; 430 335; 430 336; 431 337; 435 337; 435 336; 436 335; 436 334; 437 333; 437 332; 439 330; 439 329; 440 328; 440 323; 441 322; 441 320; 442 319; 442 318; 443 317; 443 316; 444 315; 444 313; 445 312; 445 311; 446 310; 446 309; 447 308; 447 307; 448 306; 448 305; 449 304; 449 303; 454 298; 454 294; 453 294; 452 293
36; 394 286; 393 287; 392 287; 391 288; 391 289; 378 302; 377 302; 374 305; 373 305; 373 306; 370 309; 370 310; 363 317; 362 317; 360 319; 360 322; 361 322; 362 323; 367 323; 368 324; 371 324; 372 325; 378 325; 379 326; 383 326; 384 327; 385 327; 387 329; 389 329; 390 330; 397 330; 398 331; 401 331; 402 332; 409 332; 410 331; 410 329; 409 328; 409 327; 407 325; 407 324; 406 323; 406 322; 405 321; 405 317; 404 316; 404 313; 403 312; 403 309; 402 308; 402 304; 403 303; 403 298; 402 298; 398 294; 398 289; 397 288; 397 287; 396 286
37; 545 294; 544 295; 543 295; 542 296; 540 296; 539 297; 536 297; 535 298; 519 298; 518 299; 516 299; 515 300; 511 300; 510 301; 501 301; 500 302; 496 302; 496 306; 498 308; 499 308; 501 310; 501 311; 502 312; 502 313; 503 314; 503 316; 504 317; 504 318; 506 320; 507 320; 514 327; 514 328; 516 330; 516 331; 517 332; 517 333; 518 334; 518 336; 519 337; 519 339; 522 342; 525 342; 526 341; 526 340; 527 339; 527 335; 528 334; 528 332; 529 331; 529 330; 531 328; 531 327; 532 326; 532 325; 533 324; 533 323; 537 319; 537 318; 538 317; 538 315; 539 314; 539 312; 540 311; 540 310; 541 309; 541 308; 542 307; 542 306; 543 305; 543 304; 547 300; 547 297; 545 295
38; 902 292; 901 293; 900 293; 899 294; 898 294; 896 296; 895 296; 892 299; 891 299; 890 300; 889 300; 888 301; 887 301; 886 302; 885 302; 884 303; 882 303; 881 304; 880 304; 879 305; 878 305; 873 310; 872 310; 871 311; 869 311; 868 312; 863 312; 862 313; 861 313; 861 316; 862 317; 863 317; 864 318; 865 318; 866 319; 868 319; 870 321; 871 321; 875 325; 876 325; 877 326; 878 326; 880 328; 881 328; 883 330; 884 330; 885 331; 886 331; 887 332; 888 332; 889 333; 890 333; 891 334; 892 334; 893 335; 894 335; 895 336; 896 336; 898 338; 899 338; 901 340; 902 340; 903 341; 906 341; 907 340; 907 339; 908 338; 908 335; 907 334; 907 333; 906 332; 906 331; 905 330; 905 324; 906 323; 906 320; 907 319; 907 318; 908 317; 908 316; 909 315; 909 311; 908 310; 908 309; 907 308; 907 305; 906 304; 906 299; 905 298; 905 293; 904 292
39; 580 302; 578 304; 578 305; 575 308; 574 308; 573 309; 569 309; 568 310; 567 310; 563 314; 563 315; 557 321; 556 321; 555 322; 554 322; 553 323; 552 323; 550 325; 549 325; 548 326; 547 326; 546 327; 545 327; 544 328; 544 332; 545 333; 547 333; 548 334; 549 334; 550 335; 551 335; 552 336; 553 336; 554 337; 555 337; 556 338; 557 338; 561 342; 562 342; 563 343; 571 343; 572 344; 575 344; 576 345; 579 345; 580 346; 581 346; 582 347; 583 347; 584 348; 586 348; 587 349; 593 349; 593 345; 592 344; 592 343; 591 342; 591 341; 590 340; 590 335; 589 334; 589 327; 588 326; 588 324; 587 323; 587 318; 586 317; 586 305; 585 304; 585 303; 584 302
40; 1014 391; 1014 407; 1011 414; 1012 421; 1009 428; 1009 436; 1011 440; 1023 436; 1023 428; 1020 426; 1020 418; 1023 414; 1023 394; 1016 388
41; 1016 388; 1020 377; 1013 366; 1012 358; 1005 349; 1003 340; 1000 340; 987 352; 982 352; 977 345; 974 345; 976 367; 989 376; 1003 381; 1014 391
42; 164 348; 161 351; 161 352; 160 353; 159 353; 157 355; 154 355; 153 356; 149 356; 148 355; 147 355; 146 354; 144 354; 142 356; 142 358; 141 359; 141 360; 139 362; 138 362; 137 363; 136 363; 134 365; 133 365; 132 366; 131 366; 130 367; 129 367; 128 368; 126 368; 125 369; 123 369; 123 372; 124 373; 125 373; 127 375; 128 375; 131 378; 132 378; 133 379; 134 379; 135 380; 136 380; 138 382; 139 382; 140 383; 141 383; 143 385; 144 385; 146 387; 147 387; 148 388; 149 388; 150 389; 151 389; 152 390; 153 390; 154 391; 155 391; 159 395; 159 396; 161 398; 164 398; 165 397; 165 391; 164 390; 164 387; 165 386; 165 381; 166 380; 166 378; 167 377; 167 366; 168 365; 168 363; 167 362; 167 359; 168 358; 168 356; 169 355; 169 354; 170 353; 170 351; 169 350; 169 349; 168 349; 167 348
43; 411 353; 410 354; 410 356; 411 357; 411 358; 412 359; 412 360; 413 361; 413 362; 414 363; 414 368; 413 369; 413 373; 415 375; 415 376; 416 377; 416 379; 417 380; 417 383; 418 384; 418 385; 419 386; 419 387; 420 388; 420 389; 421 390; 421 397; 420 398; 420 399; 419 400; 422 403; 423 403; 424 402; 425 402; 427 400; 427 399; 440 386; 441 386; 445 382; 446 382; 447 381; 447 380; 450 377; 450 376; 451 375; 452 375; 455 372; 456 372; 457 371; 458 371; 459 370; 460 370; 460 366; 459 365; 454 365; 453 366; 449 366; 448 365; 446 365; 445 364; 443 364; 442 363; 441 363; 440 362; 438 362; 437 361; 435 361; 434 360; 433 360; 432 359; 430 359; 429 358; 428 358; 427 357; 424 357; 423 356; 419 356; 418 355; 417 355; 415 353
44; 557 352; 550 359; 549 359; 548 360; 547 360; 546 361; 545 361; 544 362; 543 362; 542 363; 541 363; 540 364; 539 364; 531 372; 530 372; 528 374; 527 374; 525 376; 524 376; 523 377; 521 377; 520 378; 519 378; 518 379; 518 381; 520 383; 522 383; 523 384; 524 384; 525 385; 526 385; 527 386; 529 386; 530 387; 531 387; 533 389; 534 389; 535 390; 536 390; 537 391; 538 391; 539 392; 541 392; 543 394; 544 394; 545 395; 547 395; 548 396; 549 396; 550 397; 551 397; 552 398; 553 398; 555 400; 557 400; 558 401; 563 401; 564 400; 564 397; 563 396; 563 395; 562 394; 562 383; 561 382; 561 381; 562 380; 562 376; 561 375; 561 373; 560 372; 560 368; 559 367; 559 365; 560 364; 560 357; 561 356; 561 354; 559 352
45; 370 358; 369 359; 369 369; 368 370; 368 373; 367 374; 367 378; 366 379; 366 381; 365 382; 365 384; 364 385; 364 387; 365 388; 365 390; 366 391; 366 394; 365 395; 365 398; 364 399; 364 400; 363 401; 363 403; 364 404; 364 405; 365 405; 366 406; 367 406; 368 407; 370 407; 371 406; 372 406; 373 405; 374 405; 374 403; 377 400; 378 400; 379 399; 381 399; 382 398; 383 398; 384 397; 385 397; 386 396; 387 396; 388 395; 390 395; 391 394; 393 394; 394 393; 395 393; 396 392; 397 392; 398 391; 399 391; 400 390; 403 390; 404 389; 407 389; 408 388; 410 388; 410 385; 409 384; 408 384; 407 383; 406 383; 403 380; 402 380; 397 375; 397 374; 396 373; 396 372; 393 369; 392 369; 391 368; 388 368; 387 367; 385 367; 384 366; 382 366; 380 364; 379 364; 377 362; 377 361; 374 358
46; 820 371; 820 373; 819 374; 819 376; 820 377; 820 380; 822 382; 822 383; 823 384; 823 385; 825 387; 825 388; 829 392; 829 393; 830 394; 830 395; 831 396; 831 399; 832 400; 832 402; 836 406; 837 406; 842 411; 842 413; 843 414; 843 416; 847 416; 848 415; 851 415; 850 414; 851 413; 851 411; 852 410; 852 409; 855 406; 855 405; 856 404; 856 403; 857 402; 857 401; 859 399; 859 398; 861 396; 861 395; 862 394; 862 393; 863 392; 863 391; 864 390; 864 389; 866 387; 866 386; 870 382; 870 381; 872 379; 872 377; 871 376; 863 376; 862 375; 851 375; 850 374; 846 374; 844 376; 843 376; 842 377; 840 377; 839 378; 835 378; 834 379; 830 379; 829 378; 828 378; 825 375; 825 373; 824 372; 824 371
47; 296 380; 294 382; 294 386; 295 387; 295 392; 294 393; 294 397; 293 398; 293 402; 292 403; 292 406; 291 407; 291 415; 290 416; 290 421; 289 422; 289 425; 290 426; 290 427; 294 427; 297 424; 298 424; 299 423; 301 423; 302 422; 304 422; 305 421; 306 421; 307 420; 308 420; 309 419; 314 419; 315 418; 316 418; 317 417; 318 417; 319 416; 320 416; 321 415; 322 415; 323 414; 324 414; 325 413; 326 413; 327 412; 329 412; 330 411; 333 411; 334 412; 335 412; 336 413; 337 413; 338 412; 339 412; 338 411; 338 410; 336 408; 336 407; 335 406; 334 406; 332 404; 331 404; 330 403; 329 403; 326 400; 325 400; 320 395; 319 395; 314 390; 313 390; 312 389; 311 389; 310 388; 308 388; 307 387; 305 387; 298 380
48; 415 401; 414 402; 412 402; 411 403; 410 403; 409 404; 400 404; 399 403; 394 403; 392 405; 390 405; 389 406; 385 406; 384 407; 379 407; 378 406; 376 406; 375 405; 374 406; 373 406; 372 407; 371 407; 370 408; 370 409; 371 410; 371 411; 372 412; 372 413; 373 414; 373 415; 375 417; 375 418; 381 424; 381 425; 384 428; 384 429; 385 430; 385 431; 388 434; 389 434; 391 436; 391 437; 393 439; 393 440; 394 441; 394 447; 395 447; 396 448; 400 448; 402 446; 402 443; 403 442; 403 438; 405 436; 405 435; 407 433; 407 432; 408 431; 408 429; 409 428; 409 426; 410 425; 410 423; 411 422; 411 421; 412 420; 412 417; 413 416; 413 414; 414 413; 414 412; 420 406; 420 405; 421 404; 421 403; 419 401
49; 884 397; 883 398; 882 398; 881 399; 881 400; 877 404; 876 404; 875 405; 874 405; 873 406; 872 406; 871 407; 870 407; 868 409; 867 409; 865 411; 864 411; 863 412; 861 412; 859 414; 858 414; 855 417; 852 417; 851 416; 848 416; 847 417; 844 417; 844 423; 845 424; 845 425; 846 426; 847 426; 848 427; 850 427; 851 428; 852 428; 855 431; 855 432; 857 434; 858 434; 859 435; 865 435; 866 436; 868 436; 869 437; 871 437; 872 438; 873 438; 876 441; 877 441; 880 444; 881 444; 883 446; 884 446; 885 447; 887 447; 889 445; 889 442; 888 441; 888 436; 889 435; 889 426; 893 422; 893 419; 889 415; 889 414; 888 413; 888 406; 889 405; 889 399; 888 398; 887 398; 886 397
50; 977 405; 976 406; 975 406; 971 410; 970 410; 969 411; 968 411; 967 412; 965 412; 964 413; 958 413; 957 414; 955 414; 954 415; 953 415; 950 418; 949 418; 948 419; 947 419; 945 421; 944 421; 943 422; 940 422; 939 423; 935 423; 934 424; 934 426; 936 428; 937 428; 938 429; 939 429; 940 430; 941 430; 942 431; 943 431; 945 433; 946 433; 949 436; 950 436; 954 440; 955 440; 957 442; 958 442; 960 444; 961 444; 962 445; 963 445; 964 446; 965 446; 968 449; 969 449; 972 452; 973 452; 974 453; 976 453; 977 452; 977 451; 978 450; 978 447; 977 446; 977 440; 979 438; 979 437; 980 436; 980 434; 978 432; 978 426; 979 425; 979 419; 980 418; 980 411; 981 410; 981 407; 979 405
51; 338 413; 337 414; 336 414; 337 415; 337 423; 338 424; 338 426; 339 427; 339 432; 338 433; 338 434; 337 435; 337 436; 336 437; 336 439; 338 441; 338 442; 339 443; 339 448; 338 449; 338 453; 340 455; 340 456; 339 457; 340 458; 340 460; 341 461; 341 463; 342 462; 344 462; 351 455; 352 455; 354 453; 355 453; 356 452; 358 452; 359 451; 361 451; 362 450; 364 450; 366 448; 367 448; 369 446; 370 446; 372 444; 373 444; 376 441; 377 441; 378 440; 379 441; 381 441; 383 439; 383 434; 382 433; 380 433; 379 432; 377 432; 376 431; 374 431; 373 430; 371 430; 370 429; 369 429; 367 427; 366 427; 365 426; 364 426; 363 425; 362 425; 361 424; 360 424; 359 423; 358 423; 357 422; 356 422; 355 421; 352 421; 351 420; 349 420; 348 419; 346 419; 345 418; 344 418; 339 413
52; 164 421; 163 422; 163 425; 164 426; 164 433; 163 434; 163 436; 162 437; 162 438; 161 439; 161 445; 162 446; 162 452; 163 453; 163 465; 162 466; 162 468; 163 469; 167 469; 168 468; 169 468; 172 465; 173 465; 175 463; 177 463; 178 462; 179 462; 180 461; 181 461; 182 460; 183 460; 184 459; 185 459; 186 458; 190 458; 191 457; 192 457; 198 451; 201 451; 202 450; 204 450; 206 448; 206 446; 205 445; 204 445; 203 444; 202 444; 200 442; 199 442; 196 439; 195 439; 192 436; 191 436; 190 435; 188 435; 187 434; 186 434; 185 433; 184 433; 183 432; 182 432; 180 430; 179 430; 178 429; 177 429; 176 428; 175 428; 173 426; 172 426; 167 421
53; 326 425; 318 433; 317 433; 315 435; 313 435; 312 436; 311 436; 309 438; 309 439; 307 441; 307 442; 305 444; 304 444; 302 446; 301 446; 300 447; 299 447; 297 449; 296 449; 295 450; 293 450; 290 453; 290 456; 292 456; 293 457; 296 457; 297 458; 300 458; 301 459; 304 459; 305 460; 306 460; 307 461; 309 461; 310 462; 312 462; 313 463; 315 463; 316 464; 317 464; 318 465; 320 465; 321 466; 323 466; 324 467; 327 467; 328 468; 329 468; 330 469; 331 469; 332 470; 333 470; 334 471; 337 471; 338 470; 338 466; 339 465; 339 464; 340 463; 340 461; 339 460; 339 458; 337 458; 336 457; 336 450; 334 448; 334 447; 333 446; 333 436; 332 435; 332 434; 331 433; 331 431; 330 430; 330 426; 329 425
54; 277 425; 276 426; 275 426; 275 427; 273 429; 273 430; 268 435; 267 435; 264 438; 263 438; 261 440; 260 440; 258 442; 257 442; 256 443; 255 443; 253 445; 252 445; 250 447; 250 448; 247 451; 246 451; 245 452; 244 452; 241 455; 241 457; 242 458; 243 458; 244 459; 247 459; 248 460; 250 460; 251 461; 254 461; 255 462; 260 462; 261 463; 263 463; 264 464; 265 464; 266 465; 267 465; 268 466; 272 466; 273 467; 276 467; 277 468; 278 468; 279 469; 280 469; 281 470; 283 470; 284 471; 286 471; 287 472; 290 472; 290 468; 289 467; 289 466; 288 465; 288 464; 287 463; 287 462; 286 461; 286 459; 287 458; 287 457; 288 456; 289 456; 289 453; 288 453; 287 452; 287 449; 286 448; 286 447; 284 445; 284 444; 283 443; 283 440; 282 439; 282 438; 281 437; 281 426; 280 425
55; 383 440; 381 442; 380 442; 380 443; 381 444; 381 449; 380 450; 380 452; 379 453; 379 455; 378 456; 378 457; 377 458; 377 459; 375 461; 375 462; 374 463; 374 465; 375 466; 375 471; 374 472; 374 476; 373 477; 373 479; 372 480; 372 481; 371 482; 371 483; 370 484; 370 488; 376 488; 377 487; 378 487; 379 486; 380 486; 381 485; 382 485; 383 484; 384 484; 385 483; 389 483; 390 482; 393 482; 394 481; 397 481; 398 480; 400 480; 401 479; 403 479; 404 478; 406 478; 407 477; 409 477; 410 476; 417 476; 418 475; 419 475; 419 472; 417 470; 416 470; 415 469; 414 469; 409 464; 409 463; 405 459; 404 459; 397 452; 397 451; 396 450; 396 449; 395 448; 393 448; 392 447; 391 447; 384 440
56; 606 455; 604 457; 603 457; 602 458; 601 458; 600 459; 599 459; 598 460; 596 460; 595 461; 593 461; 592 462; 586 462; 585 463; 584 463; 583 464; 582 464; 580 466; 579 466; 578 467; 577 467; 576 468; 575 468; 574 469; 573 469; 572 470; 566 470; 565 471; 564 471; 564 475; 565 476; 566 476; 569 479; 570 479; 574 483; 575 483; 577 485; 578 485; 584 491; 584 492; 585 493; 585 494; 586 494; 587 495; 592 495; 598 501; 598 502; 600 504; 603 504; 604 503; 604 492; 605 491; 605 490; 606 489; 606 488; 607 487; 607 486; 608 485; 608 480; 607 479; 607 477; 608 476; 608 474; 609 473; 609 465; 610 464; 610 463; 611 462; 611 461; 612 460; 612 456; 611 455
57; 981 462; 979 464; 978 464; 977 465; 974 465; 973 464; 962 464; 961 463; 956 463; 955 464; 955 468; 958 471; 958 472; 959 473; 959 474; 960 475; 960 476; 961 477; 961 478; 962 479; 962 480; 963 481; 963 482; 964 483; 964 484; 965 485; 965 486; 966 487; 966 489; 967 490; 967 491; 968 492; 969 492; 974 497; 974 498; 975 499; 975 500; 976 501; 976 502; 977 503; 977 504; 978 505; 978 506; 979 507; 982 507; 984 505; 984 502; 985 501; 985 498; 986 497; 986 496; 989 493; 989 492; 992 489; 992 488; 993 487; 993 486; 994 485; 994 484; 995 483; 995 482; 996 481; 996 480; 997 479; 997 478; 998 477; 998 476; 1000 474; 1000 473; 1004 469; 1004 468; 1005 467; 1005 464; 1004 463; 1000 463; 999 464; 998 464; 997 465; 990 465; 989 464; 988 464; 987 463; 985 463; 984 462
58; 508 458; 505 461; 505 462; 504 463; 504 464; 503 465; 503 466; 498 471; 498 472; 494 476; 493 476; 492 477; 489 477; 488 478; 484 478; 483 479; 482 479; 481 480; 480 480; 478 482; 477 482; 476 483; 476 485; 481 485; 482 484; 484 484; 485 483; 489 483; 490 484; 490 485; 491 486; 491 489; 490 490; 490 495; 491 496; 491 500; 524 500; 525 501; 527 501; 532 496; 531 495; 531 494; 530 493; 530 491; 528 489; 528 488; 525 485; 525 484; 524 483; 524 480; 518 474; 518 473; 517 472; 517 471; 515 469; 515 467; 514 466; 514 465; 513 464; 513 461; 512 460; 512 459; 511 458
59; 479 491; 478 492; 477 492; 475 494; 463 494; 461 496; 460 496; 459 497; 458 497; 457 498; 456 498; 455 499; 453 499; 452 500; 449 500; 448 499; 445 499; 444 500; 443 500; 442 501; 442 504; 443 505; 444 505; 449 510; 449 511; 454 516; 455 516; 458 519; 458 520; 459 521; 459 522; 461 524; 462 524; 463 525; 464 525; 466 527; 467 527; 470 530; 470 531; 471 532; 471 533; 472 534; 472 535; 473 536; 473 537; 474 537; 475 538; 478 538; 479 537; 479 534; 480 533; 480 530; 481 529; 481 527; 482 526; 482 525; 483 524; 483 523; 484 522; 484 521; 485 520; 485 519; 491 513; 491 510; 490 509; 490 508; 488 506; 488 503; 490 501; 490 496; 489 495; 489 491
60; 915 491; 914 492; 914 493; 913 494; 913 501; 912 502; 912 505; 911 506; 911 509; 910 510; 910 513; 909 514; 909 518; 910 519; 910 523; 909 524; 909 533; 908 534; 908 540; 913 540; 918 535; 920 535; 921 534; 922 534; 923 535; 929 535; 932 532; 932 531; 935 528; 936 528; 937 527; 939 527; 940 526; 942 526; 943 525; 945 525; 946 524; 949 524; 950 523; 951 523; 953 521; 954 521; 954 517; 953 516; 952 516; 949 513; 947 513; 946 512; 945 512; 944 511; 942 511; 938 507; 938 506; 937 505; 937 504; 936 504; 935 503; 933 503; 932 502; 931 502; 929 500; 928 500; 927 499; 926 499; 921 494; 921 493; 920 492; 919 492; 918 491
61; 532 497; 527 502; 527 503; 528 504; 526 506; 526 507; 525 508; 524 508; 522 510; 521 510; 510 521; 510 522; 501 531; 500 531; 498 533; 498 536; 499 537; 503 537; 504 538; 507 538; 508 539; 509 539; 510 540; 511 540; 512 541; 513 541; 514 542; 516 542; 517 543; 518 543; 519 544; 530 544; 531 545; 536 545; 537 546; 538 546; 540 548; 541 548; 542 549; 546 549; 547 548; 547 547; 548 546; 548 544; 547 543; 547 541; 546 540; 546 539; 544 537; 544 536; 543 535; 543 534; 542 533; 542 526; 544 524; 544 521; 543 520; 540 520; 539 519; 539 518; 538 517; 538 516; 537 515; 537 513; 536 512; 536 506; 537 505; 537 504; 538 503; 538 500; 536 498; 535 498; 534 497
62; 296 528; 294 530; 294 532; 293 533; 293 535; 288 540; 287 540; 279 548; 278 548; 278 549; 277 550; 277 551; 276 552; 276 553; 269 560; 268 560; 266 562; 266 563; 264 565; 264 568; 265 569; 265 570; 269 570; 270 569; 273 569; 273 568; 275 566; 277 566; 278 567; 283 567; 284 568; 292 568; 293 569; 296 569; 297 570; 301 570; 302 571; 305 571; 306 572; 308 572; 309 573; 310 573; 311 574; 315 574; 316 573; 316 570; 315 569; 315 567; 314 566; 314 564; 313 563; 313 562; 312 561; 312 560; 311 559; 311 555; 312 554; 312 551; 309 548; 309 547; 308 546; 308 545; 307 544; 307 542; 306 541; 306 540; 305 539; 305 538; 304 537; 304 536; 303 535; 303 534; 302 533; 302 532; 301 531; 301 529; 300 528
63; 347 540; 345 542; 345 543; 344 544; 344 546; 343 547; 343 548; 342 549; 342 550; 338 554; 337 554; 332 559; 332 560; 331 561; 331 562; 330 563; 330 564; 325 569; 325 571; 320 576; 320 579; 321 580; 334 580; 335 581; 340 581; 341 582; 354 582; 355 583; 361 583; 362 584; 364 584; 365 585; 370 585; 371 584; 371 581; 366 576; 366 574; 365 573; 365 567; 363 565; 363 564; 361 562; 361 561; 360 560; 360 559; 359 558; 359 556; 358 555; 358 554; 356 552; 356 551; 353 548; 353 547; 352 546; 352 544; 351 543; 351 542; 349 540
64; 5 563; 4 564; 4 567; 5 568; 5 569; 7 571; 7 572; 9 574; 9 576; 10 577; 10 578; 11 579; 11 581; 12 582; 12 586; 11 587; 11 591; 12 592; 14 592; 15 593; 16 593; 19 596; 19 597; 21 599; 21 600; 28 600; 29 599; 35 599; 35 597; 36 596; 36 595; 38 593; 38 592; 45 585; 45 584; 46 583; 46 581; 47 580; 47 578; 49 576; 49 575; 54 570; 55 570; 55 567; 54 567; 53 566; 14 566; 13 565; 12 565; 10 563
65; 214 563; 213 564; 207 564; 206 565; 205 565; 203 567; 202 567; 201 568; 200 568; 199 569; 198 569; 197 570; 196 570; 195 571; 187 571; 185 573; 184 573; 180 577; 179 577; 178 578; 177 578; 176 579; 169 579; 169 584; 174 589; 175 589; 176 590; 177 590; 178 591; 179 591; 183 595; 184 595; 191 602; 192 602; 193 603; 196 603; 197 604; 198 604; 202 608; 202 609; 205 612; 207 612; 209 610; 209 608; 210 607; 210 602; 211 601; 211 596; 212 595; 212 592; 213 591; 213 589; 214 588; 214 586; 213 585; 213 579; 214 578; 214 576; 215 575; 215 572; 216 571; 216 570; 218 568; 218 564; 217 564; 216 563
66; 274 569; 273 570; 270 570; 269 571; 266 571; 266 572; 267 573; 267 576; 268 577; 268 584; 267 585; 267 586; 264 589; 264 591; 266 593; 267 593; 270 596; 270 597; 271 598; 271 599; 272 600; 272 601; 273 602; 273 603; 274 604; 274 606; 275 607; 275 609; 276 610; 276 613; 277 614; 280 614; 283 611; 283 610; 289 604; 290 604; 292 602; 293 602; 296 599; 297 599; 307 589; 308 589; 309 588; 310 588; 312 586; 312 582; 306 582; 305 581; 304 581; 303 580; 302 580; 301 579; 300 579; 299 578; 298 578; 297 577; 296 577; 295 576; 293 576; 292 575; 290 575; 289 574; 287 574; 286 573; 285 573; 284 572; 282 572; 281 571; 278 571; 277 570; 275 570
67; 70 579; 65 584; 64 584; 62 586; 61 586; 59 588; 58 588; 57 589; 56 589; 55 590; 53 590; 52 591; 48 591; 47 592; 46 592; 45 593; 45 594; 43 596; 42 596; 40 598; 39 598; 38 599; 37 599; 37 610; 38 610; 39 611; 41 611; 42 612; 43 612; 45 614; 46 614; 47 615; 48 615; 50 617; 51 617; 52 618; 53 618; 54 619; 56 619; 57 620; 58 620; 59 621; 61 621; 62 622; 63 622; 64 623; 65 623; 66 624; 68 624; 69 625; 75 625; 75 615; 78 612; 79 612; 80 613; 80 608; 79 608; 78 607; 77 607; 73 603; 73 601; 72 600; 72 593; 73 592; 73 580; 72 579
68; 121 598; 120 599; 119 599; 118 600; 117 600; 116 601; 108 601; 106 603; 105 603; 104 604; 103 604; 102 605; 99 605; 98 606; 95 606; 94 607; 92 607; 91 608; 81 608; 81 613; 82 614; 83 614; 94 625; 94 626; 95 627; 95 628; 99 632; 100 632; 106 638; 106 639; 108 641; 108 642; 110 644; 114 644; 115 643; 115 635; 116 634; 116 632; 117 631; 117 630; 118 629; 118 628; 119 627; 119 626; 120 625; 120 623; 121 622; 121 619; 122 618; 122 617; 123 616; 123 615; 124 614; 124 608; 125 607; 125 606; 126 605; 126 604; 128 602; 128 599; 127 598
69; 322 601; 321 602; 320 602; 318 604; 317 604; 316 605; 315 605; 314 606; 313 606; 312 607; 311 607; 310 608; 309 608; 308 609; 307 609; 306 610; 305 610; 304 611; 303 611; 302 612; 301 612; 300 613; 299 613; 298 614; 297 614; 296 615; 295 615; 293 617; 292 617; 291 618; 290 618; 288 620; 286 620; 285 621; 284 621; 283 622; 282 622; 281 623; 281 625; 283 627; 285 627; 286 628; 288 628; 289 629; 290 629; 294 633; 294 634; 295 635; 295 636; 297 638; 304 638; 305 639; 306 639; 307 640; 308 640; 309 641; 310 641; 311 642; 312 642; 313 643; 314 643; 315 644; 316 644; 317 645; 318 645; 321 648; 325 648; 325 643; 324 642; 324 633; 325 632; 325 617; 324 616; 324 608; 325 607; 325 603; 324 602; 324 601
70; 335 604; 334 605; 334 610; 335 611; 335 620; 334 621; 334 643; 333 644; 333 649; 335 651; 338 651; 342 647; 343 647; 344 646; 345 646; 346 645; 347 645; 348 644; 349 644; 350 643; 351 643; 352 642; 353 642; 354 641; 359 641; 359 640; 361 638; 362 638; 364 636; 366 636; 367 635; 368 635; 372 631; 373 631; 374 630; 376 630; 377 629; 378 629; 379 628; 379 626; 378 625; 377 625; 376 624; 374 624; 373 623; 372 623; 370 621; 369 621; 367 619; 366 619; 364 617; 363 617; 362 616; 360 616; 359 615; 357 615; 356 614; 355 614; 354 613; 353 613; 351 611; 350 611; 349 610; 348 610; 347 609; 346 609; 345 608; 344 608; 342 606; 341 606; 339 604
71; 889 605; 889 606; 888 607; 888 608; 887 609; 887 615; 886 616; 886 618; 877 627; 877 630; 876 631; 876 633; 874 635; 874 637; 873 638; 873 640; 870 643; 870 644; 869 645; 869 649; 870 650; 874 650; 875 649; 876 649; 877 648; 879 648; 880 647; 919 647; 921 645; 921 643; 918 640; 917 640; 916 639; 916 638; 915 637; 915 636; 914 635; 914 634; 912 632; 912 631; 911 630; 911 629; 910 628; 910 627; 909 626; 909 625; 906 622; 906 621; 900 615; 899 615; 898 614; 898 613; 895 610; 895 609; 894 608; 894 607; 892 605
72; 14 623; 17 620; 21 623; 18 640; 18 655; 20 657; 34 648; 46 645; 63 637; 59 631; 33 613; 33 611; 36 610; 36 599; 22 601; 18 607; 13 609; 0 610; 0 617; 3 617; 6 620
73; 255 629; 252 632; 252 634; 251 635; 251 637; 250 638; 250 645; 249 646; 249 648; 248 649; 248 650; 246 652; 246 653; 243 656; 243 657; 242 658; 242 661; 241 662; 241 665; 240 666; 240 667; 239 668; 239 669; 238 670; 238 673; 239 674; 244 674; 245 673; 255 673; 256 672; 258 672; 259 671; 262 671; 263 670; 268 670; 269 669; 271 669; 272 668; 276 668; 277 667; 288 667; 289 666; 289 663; 287 661; 286 661; 284 659; 283 659; 275 651; 275 650; 274 649; 274 648; 273 647; 273 646; 271 644; 270 644; 259 633; 259 631; 257 629
74; 346 680; 345 681; 345 687; 344 688; 344 691; 343 692; 343 698; 342 699; 342 701; 338 705; 338 707; 337 708; 337 711; 338 712; 338 714; 337 715; 337 720; 336 721; 336 722; 335 723; 335 726; 340 726; 341 725; 342 725; 343 724; 344 724; 345 723; 347 723; 348 722; 351 722; 352 721; 354 721; 355 720; 358 720; 359 719; 361 719; 362 718; 364 718; 365 717; 368 717; 369 716; 371 716; 372 715; 374 715; 375 714; 378 714; 379 713; 384 713; 384 709; 382 707; 381 707; 380 706; 379 706; 378 705; 377 705; 375 703; 374 703; 368 697; 367 697; 360 690; 360 689; 357 686; 356 686; 354 684; 353 684; 349 680
75; 439 685; 436 688; 436 689; 435 690; 435 691; 433 693; 433 694; 432 695; 432 696; 431 697; 431 698; 429 700; 429 701; 421 709; 421 710; 420 711; 420 713; 419 714; 419 715; 412 722; 411 722; 411 723; 410 724; 410 727; 411 727; 412 728; 416 728; 417 727; 435 727; 436 728; 454 728; 455 727; 456 728; 462 728; 463 727; 463 723; 462 722; 461 722; 457 718; 457 716; 458 715; 458 711; 457 710; 457 709; 451 703; 451 702; 449 700; 449 699; 447 697; 447 696; 445 694; 445 693; 444 692; 444 689; 443 688; 443 687; 441 685
76; 319 697; 318 698; 315 698; 314 699; 312 699; 311 698; 305 698; 304 699; 301 699; 300 700; 299 700; 298 701; 296 701; 295 702; 289 702; 288 703; 282 703; 281 704; 279 704; 278 705; 276 705; 275 706; 275 709; 276 710; 277 710; 281 714; 281 715; 283 717; 283 718; 287 722; 287 723; 288 724; 288 725; 290 727; 292 727; 298 733; 299 733; 302 736; 302 737; 304 739; 304 740; 305 740; 306 741; 308 741; 310 739; 310 737; 311 736; 311 734; 312 733; 312 730; 313 729; 313 727; 314 726; 314 725; 315 724; 315 723; 317 721; 317 720; 319 718; 319 710; 320 709; 320 707; 321 706; 321 705; 322 704; 322 703; 324 701; 324 697
77; 793 722; 791 724; 790 724; 786 728; 785 728; 784 729; 783 729; 782 730; 780 730; 779 731; 778 731; 777 732; 776 732; 775 733; 774 733; 773 734; 771 734; 770 735; 768 735; 765 738; 764 738; 763 739; 761 739; 760 740; 759 740; 758 741; 757 741; 756 742; 753 742; 752 743; 751 743; 751 748; 752 748; 753 749; 754 749; 755 750; 757 750; 758 751; 760 751; 761 752; 762 752; 764 754; 765 754; 766 755; 767 755; 769 757; 770 757; 771 758; 772 758; 775 761; 776 761; 777 762; 779 762; 780 763; 781 763; 782 764; 783 764; 785 766; 786 766; 789 769; 790 769; 792 771; 795 771; 796 770; 796 759; 797 758; 797 755; 798 754; 798 752; 799 751; 799 748; 798 747; 798 745; 797 744; 797 740; 796 739; 796 738; 797 737; 797 735; 798 734; 798 728; 799 727; 799 725; 798 724; 798 723; 797 722
78; 544 733; 543 734; 543 737; 545 739; 545 740; 547 742; 547 743; 549 745; 549 746; 550 747; 550 749; 551 750; 551 755; 555 759; 555 760; 561 766; 561 767; 562 768; 562 769; 563 770; 563 775; 564 776; 567 776; 570 773; 570 772; 572 770; 572 769; 573 768; 573 767; 574 766; 574 765; 578 761; 578 760; 580 758; 580 757; 582 755; 583 755; 584 754; 585 754; 586 753; 587 753; 587 750; 588 749; 588 746; 589 745; 589 744; 594 739; 594 736; 593 735; 590 735; 589 734; 587 734; 586 735; 582 735; 581 734; 570 734; 569 735; 563 735; 562 734; 550 734; 549 733
79; 229 739; 227 741; 227 742; 226 743; 226 745; 225 746; 225 747; 224 748; 224 751; 223 752; 223 754; 222 755; 222 756; 221 757; 221 758; 220 759; 220 762; 219 763; 219 764; 218 765; 218 767; 217 768; 217 773; 216 774; 216 775; 214 777; 214 778; 212 780; 212 781; 211 782; 211 784; 212 784; 214 786; 215 786; 217 784; 218 784; 219 783; 220 783; 221 782; 223 782; 224 781; 233 781; 234 780; 241 780; 242 779; 246 779; 247 778; 249 778; 250 777; 251 777; 252 776; 254 776; 255 775; 260 775; 261 774; 262 774; 262 771; 259 768; 258 768; 253 763; 253 762; 252 761; 252 757; 250 755; 247 755; 246 754; 245 754; 244 753; 243 753; 237 747; 237 746; 235 744; 235 743; 231 739
80; 512 757; 511 758; 510 758; 509 759; 507 759; 506 760; 503 760; 502 761; 494 761; 493 762; 491 762; 490 763; 489 763; 488 764; 487 764; 486 765; 485 765; 484 766; 482 766; 481 767; 478 767; 477 768; 467 768; 466 769; 466 773; 467 774; 468 774; 471 777; 472 777; 477 782; 477 783; 480 786; 480 787; 482 789; 482 790; 484 792; 485 792; 486 793; 488 793; 490 795; 491 795; 497 801; 497 802; 498 803; 502 803; 503 802; 503 801; 504 800; 504 795; 505 794; 505 793; 509 789; 509 788; 510 787; 510 777; 511 776; 511 775; 512 774; 512 771; 513 770; 513 765; 514 764; 514 763; 515 762; 515 761; 516 760; 516 758; 515 757
81; 591 778; 590 779; 590 781; 589 782; 589 784; 590 785; 589 786; 589 792; 590 793; 589 794; 589 804; 590 805; 590 806; 589 807; 589 824; 590 825; 593 825; 594 824; 595 824; 596 823; 597 823; 598 822; 600 822; 601 821; 602 821; 603 820; 604 820; 607 817; 608 817; 609 816; 610 816; 611 815; 613 815; 614 814; 615 814; 616 813; 617 813; 621 809; 622 809; 625 806; 626 806; 627 805; 628 805; 629 804; 632 804; 633 803; 634 803; 634 800; 632 798; 630 798; 629 797; 628 797; 627 796; 626 796; 625 795; 624 795; 621 792; 620 792; 619 791; 618 791; 617 790; 615 790; 614 789; 613 789; 612 788; 610 788; 609 787; 608 787; 605 784; 604 784; 603 783; 602 783; 601 782; 600 782; 599 781; 598 781; 597 780; 596 780; 594 778
82; 210 785; 208 787; 205 787; 204 788; 194 788; 193 787; 191 787; 190 786; 188 786; 186 788; 186 791; 187 792; 187 794; 188 795; 188 797; 189 798; 189 799; 190 800; 190 801; 191 802; 191 806; 192 807; 192 809; 193 810; 193 811; 194 812; 194 813; 197 816; 197 817; 199 819; 199 820; 201 822; 201 828; 202 829; 202 830; 203 831; 205 831; 206 830; 206 829; 207 828; 207 827; 214 820; 215 820; 216 819; 218 819; 219 818; 222 818; 222 811; 233 800; 234 800; 237 797; 237 794; 236 794; 235 793; 231 793; 230 792; 227 792; 226 791; 216 791; 214 789; 214 787; 212 785
83; 264 793; 261 796; 260 796; 259 797; 258 797; 256 799; 255 799; 254 800; 252 800; 251 801; 244 801; 243 802; 242 802; 241 803; 241 804; 239 806; 238 806; 235 809; 234 809; 233 810; 232 810; 230 812; 229 812; 228 813; 226 813; 225 814; 223 814; 223 819; 224 820; 228 820; 229 821; 231 821; 234 824; 235 824; 238 827; 241 827; 242 828; 244 828; 245 829; 246 829; 247 830; 248 830; 249 831; 250 831; 252 833; 253 833; 254 834; 255 834; 256 835; 258 835; 261 838; 262 838; 264 840; 266 840; 267 839; 267 837; 268 836; 268 824; 267 823; 267 801; 268 800; 268 797; 269 796; 269 794; 268 793
84; 73 807; 72 808; 71 808; 70 809; 69 809; 68 810; 65 810; 64 811; 62 811; 61 812; 60 812; 59 813; 58 813; 57 814; 55 814; 54 815; 53 814; 52 814; 51 813; 47 813; 47 814; 46 815; 46 816; 44 818; 43 818; 42 819; 41 819; 40 820; 39 820; 38 821; 36 821; 35 822; 32 822; 31 823; 29 823; 28 824; 27 824; 26 825; 26 829; 28 831; 31 831; 32 832; 33 832; 47 846; 48 846; 50 848; 51 848; 52 849; 53 849; 55 851; 56 851; 57 852; 57 853; 60 856; 65 856; 65 855; 66 854; 66 851; 65 850; 65 845; 67 843; 67 842; 68 841; 68 840; 69 839; 69 837; 70 836; 70 834; 71 833; 71 826; 70 825; 70 820; 71 819; 71 817; 72 816; 72 815; 75 812; 76 812; 77 811; 77 809; 75 807
85; 126 825; 124 827; 124 834; 123 835; 123 839; 122 840; 122 841; 121 842; 121 844; 120 845; 120 846; 118 848; 118 849; 117 850; 117 856; 116 857; 116 859; 115 860; 115 862; 114 863; 114 865; 113 866; 113 869; 114 870; 117 870; 118 869; 120 869; 121 868; 122 868; 123 867; 125 867; 126 866; 131 866; 132 865; 136 865; 137 864; 140 864; 141 863; 142 863; 143 862; 146 862; 147 861; 149 861; 150 860; 161 860; 162 859; 162 856; 161 855; 161 854; 157 850; 156 850; 155 849; 154 849; 150 845; 150 844; 148 842; 148 841; 147 840; 147 839; 146 838; 146 837; 145 837; 144 836; 142 836; 141 835; 140 835; 139 834; 138 834; 136 832; 136 831; 131 826; 130 826; 129 825
86; 613 834; 612 835; 611 835; 610 836; 609 836; 608 837; 606 837; 605 838; 600 838; 599 839; 597 839; 596 840; 592 840; 591 839; 589 839; 588 838; 586 838; 580 844; 576 844; 575 845; 572 845; 571 846; 570 846; 569 847; 568 847; 568 851; 569 852; 570 852; 571 853; 573 853; 574 854; 575 854; 579 858; 579 859; 587 867; 588 867; 590 869; 591 869; 593 871; 594 871; 596 873; 596 874; 601 879; 604 879; 605 878; 605 871; 606 870; 606 869; 611 864; 611 854; 612 853; 612 850; 613 849; 613 846; 614 845; 614 844; 616 842; 616 841; 617 840; 617 839; 618 838; 618 836; 616 834
87; 736 851; 733 854; 732 854; 725 861; 724 861; 723 862; 722 862; 721 863; 719 863; 718 864; 715 864; 714 865; 712 865; 710 867; 710 868; 709 869; 709 871; 704 876; 703 876; 702 877; 700 877; 698 879; 698 881; 699 882; 701 882; 702 883; 706 883; 707 884; 709 884; 710 885; 711 885; 712 886; 713 886; 714 887; 715 887; 716 888; 717 888; 718 889; 720 889; 721 890; 723 890; 724 891; 726 891; 727 892; 729 892; 730 893; 732 893; 733 894; 736 894; 737 895; 738 895; 740 897; 741 897; 742 898; 744 898; 745 899; 746 899; 746 897; 747 896; 747 893; 746 892; 746 891; 745 890; 745 884; 744 883; 744 882; 743 881; 743 872; 742 871; 742 868; 741 867; 741 864; 740 863; 740 861; 739 860; 739 856; 740 855; 740 851
88; 884 856; 882 858; 882 859; 880 861; 879 861; 875 865; 875 866; 873 868; 872 868; 871 869; 870 869; 869 870; 868 870; 865 873; 865 874; 864 875; 864 876; 863 877; 862 877; 857 882; 856 882; 853 885; 852 885; 852 888; 853 889; 853 891; 854 890; 862 890; 863 891; 864 891; 866 893; 867 893; 868 894; 874 894; 875 895; 880 895; 881 896; 885 896; 886 897; 892 897; 894 899; 895 899; 896 900; 900 900; 901 899; 901 895; 897 891; 897 889; 896 888; 896 882; 895 881; 895 880; 894 879; 894 871; 893 870; 893 868; 892 867; 892 865; 891 864; 891 863; 890 862; 890 860; 889 859; 889 857; 888 856
89; 249 867; 248 868; 245 868; 244 869; 242 869; 241 870; 216 870; 215 871; 212 871; 211 872; 205 872; 204 873; 203 873; 203 877; 205 879; 206 879; 210 883; 210 884; 212 886; 212 888; 213 889; 213 890; 218 895; 219 895; 221 897; 221 898; 225 902; 225 905; 226 906; 226 908; 227 909; 227 910; 231 910; 232 909; 232 908; 233 907; 233 906; 234 905; 234 903; 235 902; 235 901; 236 900; 236 899; 241 894; 241 893; 244 890; 244 889; 245 888; 245 886; 246 885; 246 883; 247 882; 247 881; 248 880; 248 879; 249 878; 249 877; 251 875; 251 874; 252 873; 252 872; 253 871; 253 867
90; 810 863; 810 869; 809 870; 809 872; 808 873; 808 878; 807 879; 807 883; 806 884; 806 885; 805 886; 805 887; 803 889; 803 893; 805 895; 805 897; 803 899; 803 900; 801 902; 801 906; 810 906; 811 905; 813 905; 814 904; 815 904; 816 903; 817 903; 818 902; 820 902; 821 901; 823 901; 824 900; 827 900; 828 899; 830 899; 832 897; 834 897; 835 896; 836 896; 837 895; 839 895; 840 894; 848 894; 849 893; 850 893; 852 891; 852 889; 851 888; 851 886; 850 886; 849 887; 845 887; 843 885; 842 885; 840 883; 839 883; 838 882; 837 882; 832 877; 832 875; 831 874; 828 874; 827 873; 826 873; 824 871; 823 871; 822 870; 821 870; 817 866; 817 865; 815 863
91; 435 861; 434 862; 434 863; 433 864; 433 867; 432 868; 432 869; 431 870; 431 871; 430 872; 430 873; 429 874; 429 875; 424 880; 424 881; 423 882; 423 887; 422 888; 422 892; 421 893; 421 895; 420 896; 420 897; 416 901; 416 904; 417 905; 422 905; 423 904; 431 904; 432 903; 435 903; 436 902; 442 902; 443 903; 444 903; 445 904; 448 904; 449 903; 452 903; 452 902; 453 901; 453 900; 454 899; 459 899; 460 900; 463 900; 465 898; 465 894; 460 889; 459 889; 455 885; 455 884; 453 882; 453 881; 451 879; 451 878; 445 872; 444 872; 443 871; 443 870; 440 867; 440 865; 439 864; 439 863; 438 862; 438 861
92; 793 891; 792 892; 788 892; 787 893; 784 893; 783 894; 779 894; 778 893; 773 893; 772 894; 771 894; 770 895; 767 895; 766 896; 752 896; 751 895; 749 895; 748 894; 748 896; 747 897; 747 900; 748 900; 754 906; 754 907; 756 909; 756 910; 757 911; 757 912; 758 913; 758 914; 759 915; 759 916; 773 930; 773 932; 774 933; 778 933; 778 932; 779 931; 779 930; 780 929; 780 927; 781 926; 781 924; 782 923; 782 921; 783 920; 783 919; 784 918; 784 917; 786 915; 786 914; 788 912; 788 911; 789 910; 789 909; 790 908; 790 907; 791 906; 791 905; 792 904; 792 903; 793 902; 793 901; 795 899; 795 898; 797 896; 797 892; 796 891
93; 449 904; 448 905; 445 905; 445 908; 443 910; 443 911; 442 912; 442 913; 441 914; 441 915; 440 916; 440 917; 435 922; 435 923; 434 924; 434 928; 433 929; 433 930; 432 931; 432 932; 430 934; 430 935; 429 936; 429 937; 426 940; 426 941; 425 942; 425 944; 427 946; 429 946; 430 945; 433 945; 434 944; 448 944; 449 943; 453 943; 454 942; 459 942; 460 941; 471 941; 472 942; 474 942; 475 941; 475 939; 474 938; 474 937; 472 935; 472 934; 471 933; 471 932; 469 930; 469 929; 466 926; 466 925; 464 923; 464 922; 461 919; 461 918; 460 917; 460 916; 459 915; 459 914; 458 914; 454 910; 454 907; 453 906; 453 904
94; 631 915; 630 916; 630 917; 629 918; 629 925; 628 926; 628 927; 627 928; 627 930; 626 931; 626 932; 624 934; 624 935; 622 937; 622 943; 621 944; 621 947; 620 948; 620 951; 618 953; 618 954; 617 955; 617 958; 618 959; 621 959; 622 958; 623 958; 624 957; 627 957; 628 956; 630 956; 631 955; 633 955; 634 954; 635 954; 636 953; 639 953; 640 952; 646 952; 647 951; 651 951; 652 950; 655 950; 656 949; 658 949; 659 948; 666 948; 666 944; 665 943; 664 943; 662 941; 661 941; 660 940; 659 940; 656 937; 656 936; 645 925; 644 925; 634 915
95; 918 922; 917 923; 917 929; 918 930; 918 932; 917 933; 917 938; 916 939; 916 942; 915 943; 915 956; 914 957; 914 961; 913 962; 913 967; 917 967; 918 966; 919 966; 920 965; 922 965; 923 964; 924 964; 925 963; 926 963; 928 961; 929 961; 930 960; 939 960; 944 955; 945 955; 946 954; 947 954; 948 953; 949 953; 950 952; 951 952; 952 951; 955 951; 956 950; 958 950; 959 949; 959 946; 958 945; 956 945; 955 944; 953 944; 952 943; 951 943; 948 940; 947 940; 944 937; 943 937; 941 935; 940 935; 939 934; 938 934; 937 933; 936 933; 935 932; 934 932; 931 929; 930 929; 926 925; 925 925; 922 922
96; 245 927; 244 928; 244 948; 245 949; 245 954; 246 955; 246 958; 245 959; 245 965; 244 966; 244 967; 243 968; 243 972; 248 972; 251 969; 252 969; 254 967; 255 967; 256 966; 257 966; 258 965; 260 965; 261 964; 265 964; 266 963; 268 963; 273 958; 274 958; 276 956; 277 956; 278 955; 279 955; 280 954; 282 954; 284 952; 285 952; 286 951; 287 951; 288 950; 289 950; 289 946; 281 946; 280 945; 278 945; 277 944; 276 944; 273 941; 272 941; 270 939; 269 939; 266 936; 265 936; 264 935; 260 935; 259 934; 258 934; 257 933; 256 933; 255 932; 254 932; 249 927
97; 582 928; 579 931; 578 931; 577 932; 576 932; 575 933; 574 933; 573 934; 572 934; 569 937; 568 937; 567 938; 566 938; 565 939; 562 939; 561 940; 560 940; 558 942; 557 942; 555 944; 554 944; 553 945; 552 945; 550 947; 549 947; 548 948; 547 948; 546 949; 545 949; 544 950; 542 950; 541 951; 541 954; 542 955; 544 955; 545 956; 547 956; 548 957; 549 957; 553 961; 554 961; 555 962; 556 962; 557 963; 561 963; 562 964; 563 964; 564 965; 565 965; 568 968; 569 968; 570 969; 571 969; 572 970; 573 970; 574 971; 575 971; 576 972; 577 972; 579 974; 582 974; 584 972; 584 967; 583 966; 583 961; 584 960; 584 958; 585 957; 585 953; 586 952; 586 948; 585 947; 585 946; 584 945; 584 936; 586 934; 586 929; 585 928
98; 429 950; 429 952; 428 953; 428 957; 429 958; 429 959; 430 960; 430 963; 431 964; 431 967; 432 968; 432 972; 433 973; 433 976; 435 978; 435 979; 437 981; 437 982; 438 983; 438 987; 439 988; 439 990; 440 991; 440 992; 441 993; 443 993; 444 994; 445 994; 446 995; 446 992; 447 991; 447 990; 448 989; 448 988; 449 987; 449 986; 450 985; 450 984; 452 982; 452 981; 454 979; 454 978; 458 974; 459 974; 464 969; 464 968; 468 964; 469 964; 471 962; 472 962; 474 960; 474 957; 473 956; 469 956; 468 957; 465 957; 464 956; 461 956; 460 955; 456 955; 455 954; 453 954; 452 953; 451 953; 450 952; 436 952; 435 951; 431 951; 430 950
99; 981 943; 979 952; 973 960; 972 970; 966 984; 991 983; 997 978; 1014 976; 990 950; 987 942
100; 987 942; 997 940; 1006 944; 1023 945; 1023 939; 1010 937; 1004 933; 1017 920; 1023 927; 1023 904; 997 928; 992 930; 981 943
101; 424 945; 417 952; 416 952; 415 953; 402 953; 401 954; 397 954; 396 955; 390 955; 389 956; 387 956; 386 957; 385 957; 384 958; 375 958; 374 959; 374 963; 375 963; 377 965; 378 965; 385 972; 385 973; 395 983; 395 984; 397 986; 397 987; 398 988; 398 989; 399 990; 399 991; 401 993; 404 993; 405 992; 405 991; 406 990; 406 988; 407 987; 407 986; 408 985; 408 984; 409 983; 409 982; 412 979; 413 979; 415 977; 415 969; 416 968; 416 966; 417 965; 417 964; 418 963; 418 962; 419 961; 419 960; 420 959; 420 958; 423 955; 424 955; 425 954; 426 955; 427 955; 427 953; 428 952; 428 949; 427 948; 427 947; 425 945
102; 858 959; 857 960; 857 962; 858 963; 858 964; 859 965; 859 967; 860 968; 860 972; 861 973; 861 977; 860 978; 860 984; 862 986; 862 987; 863 987; 864 988; 864 989; 865 990; 865 991; 866 992; 866 995; 867 996; 867 1003; 868 1004; 872 1004; 875 1001; 875 1000; 877 998; 877 997; 884 990; 885 990; 889 986; 890 986; 892 984; 893 984; 902 975; 903 975; 905 973; 905 970; 904 969; 897 969; 896 968; 894 968; 893 967; 892 967; 890 965; 880 965; 879 964; 876 964; 875 963; 872 963; 871 962; 868 962; 867 961; 866 961; 865 960; 863 960; 862 959
103; 478 961; 478 962; 474 966; 474 967; 473 968; 472 968; 451 989; 449 989; 448 990; 448 991; 447 992; 447 996; 459 996; 460 997; 462 997; 465 1000; 466 1000; 467 1001; 469 1001; 470 1000; 471 1000; 472 999; 474 999; 475 998; 478 998; 479 999; 488 999; 489 1000; 492 1000; 493 1001; 496 1001; 497 1000; 497 997; 496 996; 496 995; 494 993; 494 992; 493 991; 493 990; 492 989; 492 988; 491 987; 491 985; 490 984; 490 982; 489 981; 489 975; 488 974; 488 973; 487 972; 487 971; 486 970; 486 969; 485 968; 485 967; 484 966; 484 964; 483 963; 483 962; 482 961
104; 87 973; 86 974; 85 974; 84 975; 81 975; 80 976; 64 976; 63 977; 61 977; 60 978; 57 978; 56 979; 54 979; 53 978; 51 978; 50 977; 47 977; 45 979; 45 982; 46 983; 46 984; 49 987; 49 988; 51 990; 51 991; 54 994; 54 995; 59 1000; 59 1001; 63 1005; 63 1006; 66 1009; 66 1010; 67 1011; 67 1012; 68 1013; 68 1014; 69 1015; 69 1016; 70 1017; 70 1018; 71 1019; 73 1019; 74 1018; 74 1017; 75 1016; 75 1014; 76 1013; 76 1012; 78 1010; 78 1009; 79 1008; 79 1007; 81 1005; 81 1004; 83 1002; 83 1001; 85 999; 85 998; 86 997; 86 995; 87 994; 87 992; 88 991; 88 990; 89 989; 89 986; 90 985; 90 983; 94 979; 94 978; 95 977; 95 974; 94 973
105; 616 996; 616 1001; 617 1002; 617 1005; 618 1006; 618 1008; 619 1009; 619 1011; 620 1012; 620 1013; 621 1014; 621 1018; 622 1019; 622 1020; 623 1021; 623 1022; 624 1023; 634 1023; 634 1019; 633 1018; 633 1017; 628 1012; 628 1008; 629 1007; 630 1007; 631 1006; 632 1007; 635 1007; 638 1010; 638 1015; 639 1015; 640 1016; 641 1016; 643 1018; 643 1019; 642 1020; 642 1023; 652 1023; 652 1022; 653 1021; 653 1020; 655 1018; 655 1016; 659 1012; 659 1008; 658 1007; 657 1007; 656 1006; 655 1006; 654 1005; 652 1005; 651 1004; 649 1004; 648 1003; 645 1003; 644 1002; 643 1002; 642 1001; 641 1001; 640 1000; 639 1000; 638 999; 633 999; 632 998; 625 998; 624 997; 622 997; 621 996
106; 965 990; 965 991; 964 992; 964 997; 965 998; 965 1000; 966 1001; 966 1004; 967 1005; 967 1013; 968 1014; 968 1023; 990 1023; 990 1022; 993 1019; 994 1019; 995 1018; 996 1018; 998 1016; 999 1016; 1001 1014; 1002 1014; 1003 1013; 1004 1013; 1006 1011; 1008 1011; 1009 1010; 1011 1010; 1013 1008; 1013 1006; 1012 1005; 1011 1005; 1010 1004; 1006 1004; 1005 1003; 1004 1003; 1003 1002; 1002 1002; 1000 1000; 999 1000; 997 998; 996 998; 994 996; 993 996; 992 995; 991 995; 990 994; 988 994; 987 993; 980 993; 979 994; 978 994; 974 998; 972 998; 970 996; 970 995; 969 994; 969 993; 968 992; 968 991; 967 990
