0; 396 0; 396 4; 397 5; 397 6; 398 7; 398 8; 400 10; 400 11; 402 13; 402 15; 403 16; 403 22; 406 25; 406 26; 408 28; 408 29; 409 30; 409 31; 410 32; 410 33; 412 35; 412 36; 413 37; 413 38; 414 39; 414 44; 415 45; 415 46; 416 47; 416 48; 418 50; 422 50; 423 49; 424 49; 427 46; 427 45; 429 43; 429 42; 434 37; 434 36; 437 33; 437 32; 438 31; 438 30; 442 26; 443 26; 443 25; 447 21; 447 20; 449 18; 449 17; 450 16; 450 15; 451 14; 451 13; 453 11; 453 10; 458 5; 459 5; 462 2; 462 0; 411 0; 411 1; 409 3; 408 3; 407 2; 406 2; 404 0
1; 619 0; 619 4; 618 5; 618 10; 619 11; 619 12; 618 13; 618 15; 617 16; 617 17; 616 18; 616 19; 615 20; 615 25; 616 26; 617 26; 618 27; 622 27; 623 26; 625 26; 626 25; 627 25; 628 24; 636 24; 637 23; 639 23; 640 22; 646 22; 647 23; 650 23; 655 18; 657 18; 658 17; 664 17; 665 16; 675 16; 676 15; 679 15; 681 13; 681 8; 679 6; 679 5; 678 5; 674 1; 674 0; 658 0; 658 2; 659 3; 659 5; 658 6; 657 6; 656 7; 655 7; 654 8; 652 8; 651 9; 647 9; 646 10; 642 10; 641 11; 635 11; 633 9; 633 4; 634 3; 634 0
2; 978 0; 978 2; 971 9; 971 10; 970 11; 970 17; 969 18; 969 19; 966 22; 966 23; 965 24; 965 25; 964 26; 964 28; 963 29; 963 30; 961 32; 961 33; 960 34; 960 35; 959 36; 959 37; 958 38; 958 39; 956 41; 956 42; 955 43; 955 48; 956 49; 961 49; 962 48; 964 48; 965 47; 968 47; 969 48; 976 48; 977 49; 981 49; 982 48; 991 48; 992 47; 996 47; 997 46; 1007 46; 1008 45; 1020 45; 1021 44; 1023 44; 1023 34; 1022 34; 1016 28; 1016 27; 1013 24; 1013 23; 1010 20; 1010 19; 1009 18; 1009 16; 1008 15; 1008 10; 1003 10; 1002 9; 1001 9; 997 5; 997 4; 996 3; 996 0
3; 51 3; 50 4; 48 4; 47 5; 41 5; 40 6; 37 6; 36 7; 34 7; 33 8; 31 8; 30 9; 27 9; 26 8; 22 8; 21 9; 19 9; 18 10; 17 10; 16 11; 15 11; 14 12; 12 12; 11 13; 6 13; 5 14; 0 14; 0 32; 1 32; 6 37; 6 38; 7 39; 7 40; 5 42; 4 41; 0 41; 0 51; 4 51; 5 50; 6 50; 10 46; 14 46; 18 50; 18 51; 29 62; 30 62; 31 63; 32 63; 33 64; 38 64; 40 62; 40 61; 41 60; 41 59; 43 57; 43 56; 44 55; 44 54; 45 53; 45 49; 44 48; 44 45; 45 44; 45 43; 46 42; 46 41; 47 40; 47 39; 48 38; 48 37; 49 36; 49 34; 50 33; 50 31; 51 30; 51 26; 52 25; 52 23; 53 22; 53 21; 54 20; 54 19; 55 18; 55 16; 56 15; 56 14; 57 13; 57 6; 55 4; 54 4; 53 3
4; 745 17; 739 39; 777 82; 785 86; 791 69; 806 58; 801 48; 809 28; 801 25; 776 30; 767 29; 762 32; 754 32; 752 29
5; 752 29; 781 11; 803 3; 804 0; 773 0; 766 7; 760 7; 757 0; 742 0; 745 17
6; 635 49; 634 50; 633 50; 632 51; 631 51; 630 52; 629 52; 628 53; 624 53; 623 54; 615 54; 614 55; 612 55; 611 56; 609 56; 608 57; 606 57; 605 58; 602 58; 601 59; 599 59; 598 60; 597 60; 596 61; 590 61; 589 62; 585 62; 584 63; 583 63; 582 64; 581 64; 580 65; 579 65; 578 66; 575 66; 574 67; 573 67; 573 70; 575 72; 576 72; 578 74; 579 74; 580 75; 581 75; 588 82; 589 82; 595 88; 595 89; 596 90; 596 92; 597 93; 597 95; 596 96; 596 97; 595 98; 595 99; 597 101; 599 101; 600 102; 601 102; 603 104; 604 104; 606 106; 607 106; 608 107; 610 107; 611 106; 612 106; 613 107; 614 107; 615 108; 616 108; 617 109; 618 109; 620 111; 625 111; 627 109; 627 107; 628 106; 628 102; 629 101; 629 100; 630 99; 630 98; 631 97; 631 96; 632 95; 632 94; 633 93; 633 91; 634 90; 634 86; 635 85; 635 79; 636 78; 636 76; 637 75; 637 72; 638 71; 638 67; 639 66; 639 64; 640 63; 640 61; 641 60; 641 59; 642 58; 642 57; 643 56; 643 51; 642 50; 641 50; 640 49
7; 300 56; 299 57; 298 57; 298 58; 297 59; 297 62; 298 63; 298 64; 299 65; 299 66; 300 67; 300 68; 301 69; 301 70; 302 71; 302 74; 303 75; 303 83; 302 84; 302 85; 303 86; 303 87; 304 87; 306 89; 306 90; 307 91; 307 92; 308 93; 308 96; 309 97; 309 98; 308 99; 308 102; 309 103; 309 104; 310 105; 310 106; 312 108; 312 109; 314 111; 314 112; 315 113; 315 114; 317 116; 320 116; 321 115; 322 115; 324 113; 325 113; 330 108; 331 108; 342 97; 343 97; 347 93; 347 92; 354 85; 355 85; 356 84; 357 84; 359 82; 360 82; 366 76; 366 72; 364 70; 360 70; 359 71; 351 71; 350 70; 349 70; 348 69; 346 69; 345 68; 342 68; 341 67; 340 67; 335 62; 335 61; 332 61; 331 62; 326 62; 325 61; 323 61; 322 60; 317 60; 316 59; 313 59; 312 58; 309 58; 308 57; 306 57; 305 56
8; 287 56; 286 57; 285 57; 279 63; 278 63; 271 70; 270 70; 264 76; 263 76; 261 78; 259 78; 257 80; 256 80; 255 81; 255 82; 254 83; 254 85; 253 86; 253 87; 250 90; 249 90; 247 92; 246 92; 245 93; 244 93; 243 94; 242 94; 239 97; 239 100; 242 103; 243 103; 244 104; 247 104; 248 105; 249 105; 250 106; 250 108; 249 109; 251 109; 252 110; 255 110; 255 109; 256 108; 261 108; 262 109; 270 109; 271 110; 277 110; 278 111; 282 111; 283 112; 286 112; 287 113; 288 113; 289 114; 290 114; 291 115; 293 115; 294 116; 299 116; 300 117; 302 117; 303 118; 308 118; 309 117; 309 113; 308 112; 308 111; 306 109; 306 101; 304 99; 304 98; 303 97; 303 95; 302 94; 302 86; 299 83; 299 82; 298 81; 298 79; 297 78; 297 77; 296 76; 296 75; 295 74; 295 73; 294 72; 294 71; 293 70; 293 69; 292 68; 292 63; 293 62; 293 59; 291 57; 290 57; 289 56
9; 498 66; 497 67; 495 67; 494 68; 490 68; 489 69; 486 69; 485 70; 484 70; 482 72; 481 72; 478 75; 473 75; 472 74; 471 74; 469 72; 469 71; 466 71; 466 72; 465 73; 465 74; 461 78; 459 78; 458 79; 457 79; 456 78; 452 78; 451 79; 449 79; 448 80; 447 80; 446 81; 443 81; 442 82; 438 82; 437 83; 436 83; 434 85; 434 89; 436 91; 437 91; 438 92; 439 92; 445 98; 447 98; 448 99; 450 99; 457 106; 458 106; 461 109; 461 110; 463 112; 463 113; 465 115; 465 116; 466 117; 467 117; 468 118; 470 118; 471 119; 472 119; 474 121; 475 121; 478 124; 479 124; 480 125; 481 125; 485 129; 489 129; 489 128; 490 127; 490 124; 489 123; 489 119; 490 118; 490 116; 491 115; 491 113; 492 112; 492 110; 493 109; 493 108; 494 107; 494 106; 495 105; 495 104; 496 103; 496 102; 497 101; 497 96; 498 95; 498 92; 499 91; 499 90; 500 89; 500 87; 501 86; 501 84; 502 83; 502 73; 503 72; 503 68; 502 67; 501 67; 500 66
10; 114 88; 112 90; 112 97; 113 98; 113 99; 114 100; 114 104; 113 105; 113 106; 112 107; 112 108; 111 109; 111 111; 110 112; 110 116; 109 117; 109 119; 108 120; 108 123; 110 125; 110 126; 111 127; 111 130; 110 131; 110 138; 109 139; 109 145; 110 146; 109 147; 109 153; 112 156; 116 156; 117 155; 118 155; 124 149; 126 149; 127 148; 130 148; 131 147; 132 147; 133 146; 134 146; 137 143; 138 143; 141 140; 142 140; 143 139; 147 139; 148 138; 150 138; 154 134; 154 133; 155 132; 156 132; 158 130; 159 130; 160 129; 161 129; 162 128; 172 128; 173 127; 174 127; 175 126; 175 123; 173 121; 172 121; 171 120; 170 120; 169 119; 164 119; 163 118; 162 118; 156 112; 155 112; 153 110; 152 110; 150 108; 149 108; 147 106; 146 106; 141 101; 140 101; 139 100; 136 100; 135 99; 134 99; 133 98; 132 98; 131 97; 130 97; 128 95; 127 95; 126 94; 125 94; 121 90; 120 90; 119 89; 118 89; 117 88
11; 594 99; 592 101; 591 101; 590 102; 589 102; 588 103; 584 103; 583 104; 582 104; 579 107; 578 107; 576 109; 574 109; 573 110; 571 110; 570 111; 569 111; 568 112; 567 112; 566 113; 563 113; 562 114; 561 114; 560 115; 559 115; 557 117; 546 117; 545 118; 545 121; 547 123; 548 123; 549 124; 550 124; 551 125; 552 125; 558 131; 559 131; 560 132; 561 132; 564 135; 565 135; 567 137; 568 137; 570 139; 571 139; 583 151; 584 151; 588 155; 588 156; 589 157; 589 159; 592 162; 597 162; 599 160; 599 149; 600 148; 600 143; 601 142; 601 141; 602 140; 602 139; 603 138; 603 132; 604 131; 604 128; 605 127; 605 125; 606 124; 606 122; 607 121; 607 109; 608 108; 607 107; 606 107; 604 105; 603 105; 601 103; 600 103; 599 102; 597 102
12; 932 94; 931 95; 931 101; 932 102; 932 103; 931 104; 931 106; 930 107; 930 109; 929 110; 929 113; 928 114; 928 116; 927 117; 927 121; 926 122; 926 123; 925 124; 925 125; 924 126; 924 129; 923 130; 923 132; 922 133; 922 135; 921 136; 921 139; 920 140; 920 156; 921 157; 925 157; 926 156; 929 156; 930 155; 933 155; 934 154; 935 154; 936 153; 938 153; 939 152; 941 152; 942 151; 945 151; 946 150; 947 150; 948 149; 949 149; 951 147; 955 147; 956 148; 957 148; 958 149; 960 149; 961 150; 964 150; 965 149; 966 149; 970 145; 970 144; 973 141; 976 141; 977 142; 979 142; 980 141; 982 141; 984 139; 984 137; 983 136; 983 135; 974 126; 973 126; 972 125; 971 125; 966 120; 965 120; 962 117; 962 111; 955 111; 954 110; 953 110; 947 104; 947 103; 942 98; 941 98; 939 96; 938 96; 937 95; 936 95; 935 94
13; 249 110; 246 113; 245 113; 244 114; 243 114; 242 115; 224 115; 223 114; 216 114; 215 115; 215 117; 216 118; 216 119; 220 123; 220 125; 221 126; 221 129; 222 130; 222 131; 227 136; 227 137; 228 138; 228 140; 229 141; 229 145; 230 146; 230 147; 231 148; 231 149; 234 152; 234 153; 236 155; 236 157; 238 159; 238 160; 242 164; 242 169; 243 170; 243 171; 245 173; 251 173; 253 171; 253 170; 254 169; 254 166; 255 165; 255 163; 257 161; 257 160; 259 158; 265 158; 266 157; 266 154; 267 153; 267 151; 268 150; 268 148; 269 147; 269 145; 270 144; 270 143; 271 142; 271 141; 273 139; 273 138; 276 135; 278 135; 279 136; 280 136; 281 137; 288 137; 292 133; 292 132; 293 131; 293 129; 294 128; 294 123; 291 120; 290 120; 289 119; 288 119; 287 118; 280 118; 279 119; 278 119; 277 120; 276 120; 275 121; 272 121; 271 120; 270 120; 269 119; 268 119; 267 118; 264 118; 263 117; 259 117; 258 116; 257 116; 254 113; 254 111; 252 111; 251 110
14; 680 114; 678 116; 677 116; 676 117; 674 117; 673 118; 663 118; 662 119; 655 119; 654 120; 653 120; 651 122; 650 122; 649 123; 647 123; 646 124; 643 124; 642 125; 640 125; 639 126; 638 126; 637 127; 632 127; 631 126; 624 126; 623 127; 622 127; 621 128; 620 128; 619 129; 619 132; 622 135; 623 135; 630 142; 630 143; 637 150; 637 151; 638 152; 638 153; 642 157; 643 157; 644 158; 647 158; 648 159; 649 159; 653 163; 654 163; 658 167; 658 168; 667 177; 671 177; 671 176; 672 175; 672 173; 673 172; 673 170; 674 169; 674 167; 675 166; 675 160; 678 157; 679 157; 680 156; 680 149; 679 149; 677 147; 677 143; 678 142; 678 141; 679 140; 679 139; 680 138; 680 133; 681 132; 681 130; 682 129; 682 126; 683 125; 683 124; 686 121; 686 120; 687 119; 687 116; 685 114
15; 705 171; 690 182; 692 186; 715 196; 718 206; 728 202; 749 216; 755 210; 754 178; 757 174; 764 175; 764 167; 759 159
16; 759 159; 761 142; 755 128; 755 115; 750 115; 743 123; 737 124; 714 138; 705 139; 700 148; 681 149; 682 157; 705 171
17; 995 122; 995 137; 996 138; 996 139; 995 140; 995 160; 994 161; 994 167; 995 168; 995 169; 996 170; 996 171; 997 171; 998 172; 1002 172; 1003 171; 1004 171; 1007 168; 1008 168; 1010 166; 1012 166; 1013 165; 1015 165; 1016 164; 1018 164; 1019 163; 1021 163; 1022 162; 1023 162; 1023 149; 1021 149; 1019 151; 1018 151; 1016 153; 1015 153; 1014 154; 1013 154; 1012 155; 1010 155; 1009 156; 1006 153; 1006 144; 1007 143; 1007 140; 1008 139; 1008 136; 1007 135; 1007 132; 1006 131; 1006 124; 1005 123; 1001 123; 1000 122
18; 156 149; 156 150; 153 153; 151 153; 150 154; 149 154; 148 155; 146 155; 145 156; 142 156; 141 155; 140 155; 138 153; 134 153; 129 158; 128 158; 127 159; 126 159; 125 160; 124 160; 123 161; 119 161; 118 162; 115 162; 114 163; 113 163; 112 164; 110 164; 109 165; 102 165; 101 164; 98 164; 97 165; 96 165; 95 166; 95 169; 97 171; 98 171; 116 189; 118 189; 119 190; 122 190; 123 191; 124 191; 136 203; 136 204; 137 205; 137 206; 138 207; 138 209; 142 213; 146 213; 147 212; 148 212; 149 211; 149 210; 150 209; 150 203; 151 202; 151 199; 152 198; 152 197; 153 196; 153 194; 154 193; 154 187; 155 186; 155 184; 156 183; 156 182; 157 181; 157 179; 158 178; 158 176; 159 175; 159 173; 160 172; 160 161; 161 160; 161 151; 160 150; 160 149
19; 616 144; 616 145; 614 147; 614 148; 613 149; 613 152; 611 154; 611 155; 608 158; 608 159; 607 160; 607 161; 605 163; 605 164; 599 170; 599 171; 598 172; 598 174; 596 176; 596 177; 593 180; 593 181; 592 182; 592 184; 591 185; 591 186; 590 187; 590 188; 589 189; 589 190; 587 192; 587 193; 586 194; 586 197; 587 198; 591 198; 592 197; 593 197; 594 198; 597 198; 598 199; 609 199; 610 200; 612 200; 613 201; 614 201; 617 204; 621 204; 622 203; 622 202; 625 199; 626 199; 627 198; 630 198; 631 197; 650 197; 651 198; 655 198; 657 196; 657 192; 653 188; 652 188; 651 187; 650 187; 643 180; 643 179; 642 178; 642 177; 641 176; 641 175; 636 170; 636 169; 634 167; 634 166; 632 164; 632 163; 630 161; 630 160; 628 158; 628 157; 627 156; 627 155; 625 153; 625 152; 623 150; 623 149; 622 148; 622 147; 621 146; 621 145; 620 144
20; 856 176; 855 177; 854 177; 853 178; 853 179; 852 180; 852 184; 853 185; 853 186; 854 187; 854 188; 855 189; 855 191; 856 192; 856 193; 857 194; 857 204; 858 205; 858 211; 859 212; 859 218; 860 219; 860 221; 861 222; 861 225; 862 226; 862 229; 863 230; 863 234; 864 235; 864 239; 865 240; 865 241; 866 242; 870 242; 871 241; 872 241; 876 237; 876 236; 879 233; 880 233; 882 231; 883 231; 886 228; 887 228; 891 224; 892 224; 893 223; 894 223; 904 213; 905 213; 911 207; 912 207; 914 205; 915 205; 916 204; 917 204; 919 202; 919 198; 917 196; 916 196; 915 195; 912 195; 911 194; 909 194; 908 193; 907 193; 905 191; 903 191; 902 190; 898 190; 897 189; 895 189; 894 188; 893 188; 890 185; 891 184; 891 180; 890 179; 887 179; 886 180; 886 181; 885 182; 885 183; 883 185; 880 185; 879 184; 876 184; 875 183; 873 183; 872 182; 871 182; 870 181; 868 181; 867 180; 866 180; 865 179; 864 179; 863 178; 862 178; 861 177; 859 177; 858 176
21; 271 185; 268 188; 268 189; 267 190; 267 192; 265 194; 265 195; 263 197; 263 198; 262 199; 262 201; 261 202; 261 204; 260 205; 260 206; 258 208; 257 208; 256 209; 250 209; 250 211; 251 212; 252 212; 255 215; 255 217; 254 218; 254 219; 251 222; 251 223; 249 225; 249 227; 248 228; 248 229; 247 230; 247 235; 246 236; 246 237; 244 239; 243 239; 243 240; 242 241; 242 243; 243 244; 243 245; 244 246; 246 246; 247 247; 253 247; 254 246; 261 246; 262 247; 263 247; 264 248; 270 248; 270 247; 271 246; 273 246; 274 245; 277 245; 278 244; 290 244; 291 243; 292 243; 293 242; 299 242; 300 241; 304 241; 305 242; 306 242; 308 244; 312 244; 313 243; 313 240; 312 239; 312 237; 311 236; 311 235; 310 234; 310 233; 308 231; 308 230; 303 225; 303 224; 301 222; 301 221; 300 220; 300 219; 299 218; 299 217; 297 215; 297 214; 292 209; 292 208; 288 204; 288 203; 287 202; 287 200; 286 199; 286 198; 285 197; 285 196; 278 189; 278 188; 275 185
22; 774 186; 773 187; 773 190; 772 191; 772 193; 769 196; 768 196; 763 201; 763 202; 762 203; 762 204; 761 205; 761 206; 759 208; 759 209; 758 210; 756 210; 753 213; 753 215; 751 217; 752 218; 752 221; 751 222; 751 224; 750 225; 750 226; 749 227; 749 228; 744 233; 744 234; 742 236; 742 238; 741 239; 741 244; 743 246; 743 247; 744 247; 745 248; 747 248; 748 247; 749 247; 750 246; 752 246; 753 245; 754 245; 755 244; 759 244; 760 245; 768 245; 772 249; 773 249; 774 250; 779 250; 780 249; 782 249; 783 248; 788 248; 789 247; 791 247; 792 246; 794 246; 795 245; 801 245; 802 246; 811 246; 812 245; 812 240; 807 235; 807 234; 805 232; 805 231; 803 229; 803 228; 802 227; 802 226; 801 225; 801 224; 800 223; 800 222; 798 220; 798 219; 793 214; 793 213; 792 212; 792 210; 791 209; 791 205; 790 204; 790 202; 785 197; 785 196; 783 194; 783 193; 781 191; 781 190; 777 186
23; 521 209; 520 210; 518 210; 517 211; 515 211; 514 212; 513 212; 512 213; 511 213; 510 214; 509 214; 508 215; 507 215; 506 216; 505 216; 504 217; 498 217; 497 216; 494 216; 493 217; 488 217; 487 218; 485 218; 484 219; 483 219; 482 220; 480 220; 479 221; 478 221; 477 222; 476 222; 475 223; 469 223; 468 222; 463 222; 462 223; 461 223; 460 224; 459 224; 458 225; 458 226; 457 227; 457 229; 460 232; 461 232; 462 233; 463 233; 464 234; 466 234; 468 236; 469 236; 478 245; 478 246; 480 248; 481 248; 484 251; 484 255; 485 256; 485 258; 486 259; 487 259; 488 260; 494 260; 495 261; 496 261; 501 266; 502 266; 504 268; 505 268; 508 271; 512 271; 513 270; 513 269; 514 268; 515 268; 517 266; 519 266; 521 264; 521 262; 520 261; 520 260; 519 259; 519 254; 520 253; 520 251; 522 249; 523 249; 525 247; 525 245; 524 244; 524 243; 523 242; 523 234; 524 233; 524 231; 525 230; 525 229; 526 228; 526 227; 527 226; 527 225; 528 224; 528 218; 529 217; 529 215; 530 214; 530 212; 529 211; 529 210; 528 209
24; 825 232; 824 233; 824 234; 823 235; 823 245; 822 246; 822 249; 821 250; 821 252; 820 253; 820 255; 819 256; 819 257; 818 258; 818 267; 817 268; 817 279; 816 280; 816 282; 815 283; 815 285; 814 286; 814 287; 813 288; 813 289; 812 290; 812 292; 813 293; 813 294; 814 295; 815 295; 816 296; 821 296; 822 295; 823 295; 825 293; 826 293; 827 292; 829 292; 830 291; 835 291; 836 290; 841 290; 842 289; 844 289; 845 288; 846 288; 847 287; 848 287; 849 286; 850 286; 851 285; 852 285; 853 284; 854 284; 855 283; 857 283; 859 281; 860 281; 861 280; 863 280; 864 279; 866 279; 867 278; 879 278; 880 277; 881 277; 882 276; 882 274; 877 269; 876 269; 873 266; 872 266; 869 263; 868 263; 861 256; 861 255; 860 254; 860 251; 861 250; 861 247; 860 247; 859 246; 855 246; 853 248; 848 248; 847 247; 846 247; 845 246; 844 246; 842 244; 841 244; 837 240; 837 239; 836 238; 836 237; 835 236; 834 236; 832 234; 831 234; 829 232
25; 264 249; 264 250; 263 251; 263 252; 262 253; 262 254; 252 264; 251 264; 250 265; 248 265; 247 266; 245 266; 243 268; 243 270; 242 271; 242 272; 237 277; 236 277; 231 282; 231 283; 230 284; 230 285; 228 287; 227 287; 226 288; 225 288; 223 290; 222 290; 220 292; 220 295; 222 297; 223 297; 224 298; 229 298; 230 299; 233 299; 234 300; 235 300; 236 301; 238 301; 239 302; 246 302; 247 303; 249 303; 250 304; 252 304; 253 305; 256 305; 257 306; 260 306; 261 307; 263 307; 264 308; 265 308; 266 309; 268 309; 269 310; 270 310; 271 311; 275 311; 276 312; 278 312; 279 313; 281 313; 282 314; 286 314; 287 313; 288 313; 290 311; 290 307; 289 306; 289 305; 288 304; 288 303; 287 302; 287 301; 286 300; 286 293; 285 292; 285 291; 284 290; 284 289; 283 288; 283 286; 282 285; 282 283; 281 282; 281 279; 280 278; 280 276; 279 275; 279 274; 278 273; 278 271; 277 270; 277 268; 276 267; 276 266; 275 265; 275 255; 274 254; 274 253; 270 249
26; 782 258; 781 259; 780 259; 779 260; 767 260; 766 261; 764 261; 763 262; 756 262; 755 263; 750 263; 749 264; 741 264; 740 265; 735 265; 734 266; 729 266; 728 265; 723 265; 722 266; 721 266; 720 267; 720 268; 719 269; 719 271; 720 272; 720 273; 722 275; 723 275; 729 281; 729 283; 730 284; 730 285; 733 288; 734 288; 736 290; 736 291; 737 292; 737 295; 738 296; 738 298; 740 300; 741 300; 742 301; 744 301; 745 302; 746 302; 748 304; 748 305; 749 306; 749 308; 750 309; 750 310; 751 311; 751 312; 754 315; 754 316; 759 321; 760 321; 761 322; 765 322; 768 319; 768 315; 769 314; 769 313; 771 311; 771 310; 772 309; 772 305; 773 304; 773 301; 774 300; 774 299; 776 297; 776 296; 778 294; 778 292; 779 291; 779 290; 780 289; 780 287; 781 286; 781 284; 782 283; 782 282; 785 279; 785 278; 786 277; 786 271; 787 270; 787 269; 788 268; 788 267; 790 265; 790 261; 788 259; 787 259; 786 258
27; 3 227; 2 228; 0 228; 0 277; 1 278; 2 278; 3 279; 4 279; 5 280; 6 280; 10 284; 10 285; 13 288; 13 289; 16 292; 16 293; 27 304; 27 305; 28 306; 28 307; 29 308; 29 309; 30 310; 30 312; 31 313; 31 314; 32 315; 32 317; 33 318; 33 319; 34 320; 34 321; 35 322; 35 323; 37 325; 37 326; 38 327; 39 327; 40 328; 41 328; 42 329; 44 329; 45 328; 46 328; 47 327; 47 326; 48 325; 48 324; 49 323; 49 322; 50 321; 50 318; 51 317; 51 316; 52 315; 52 314; 54 312; 54 311; 57 308; 57 307; 58 306; 58 304; 59 303; 59 301; 60 300; 61 300; 62 299; 65 299; 65 287; 66 286; 66 283; 67 282; 67 281; 69 279; 69 277; 70 276; 70 274; 69 273; 69 268; 70 267; 70 265; 62 265; 61 266; 57 266; 56 267; 49 267; 48 268; 44 268; 43 269; 38 269; 37 268; 35 268; 34 267; 30 267; 29 268; 26 268; 25 269; 22 269; 21 270; 18 270; 17 271; 12 271; 11 272; 5 272; 4 271; 3 271; 2 270; 2 269; 3 268; 3 267; 4 266; 5 266; 7 264; 8 264; 9 263; 10 263; 11 262; 11 260; 8 257; 8 244; 9 243; 9 242; 10 241; 10 240; 11 239; 11 231; 10 230; 10 229; 9 228; 7 228; 6 227
28; 76 262; 74 264; 73 264; 72 265; 71 265; 71 267; 73 269; 73 270; 75 272; 75 282; 74 283; 74 287; 69 292; 68 292; 67 293; 66 293; 66 299; 67 300; 68 300; 72 304; 72 305; 71 306; 71 313; 70 314; 70 317; 69 318; 69 319; 68 320; 68 325; 69 326; 69 327; 70 327; 71 328; 74 328; 75 327; 76 327; 77 326; 78 326; 79 325; 81 325; 82 324; 85 324; 86 323; 88 323; 89 322; 91 322; 92 321; 95 321; 96 320; 101 320; 102 319; 103 319; 104 318; 105 318; 106 317; 107 317; 108 316; 109 316; 110 315; 111 315; 113 313; 114 313; 115 312; 117 312; 118 311; 120 311; 121 310; 123 310; 126 307; 133 307; 134 306; 135 306; 135 305; 136 304; 136 302; 135 301; 135 300; 133 298; 132 298; 131 297; 130 297; 125 292; 124 292; 122 290; 120 290; 117 287; 117 285; 115 283; 115 282; 114 281; 113 281; 112 280; 111 280; 110 279; 108 279; 107 278; 106 278; 105 277; 104 277; 102 275; 101 275; 100 274; 99 274; 97 272; 96 272; 94 270; 93 270; 91 268; 90 268; 88 266; 87 266; 84 263; 83 263; 82 262
29; 385 300; 384 301; 382 301; 381 302; 378 302; 377 303; 373 303; 372 304; 362 304; 361 305; 356 305; 355 304; 350 304; 350 307; 352 309; 352 310; 353 311; 353 313; 354 314; 354 315; 355 316; 355 317; 356 318; 356 320; 358 322; 358 323; 363 328; 363 329; 366 332; 367 332; 369 334; 369 335; 370 336; 370 338; 371 339; 371 340; 372 341; 373 341; 375 343; 376 343; 378 345; 378 346; 379 347; 379 348; 380 349; 380 351; 381 352; 381 354; 382 355; 382 356; 384 358; 384 359; 386 361; 387 361; 388 362; 392 362; 393 361; 394 361; 396 359; 396 355; 397 354; 397 352; 398 351; 398 350; 399 349; 399 348; 400 347; 400 345; 401 344; 401 342; 403 340; 403 339; 404 338; 404 335; 405 334; 405 332; 406 331; 406 330; 407 329; 407 328; 409 326; 409 325; 415 319; 415 318; 416 317; 416 316; 417 315; 417 309; 420 306; 420 303; 419 302; 418 302; 417 301; 408 301; 407 302; 395 302; 394 301; 392 301; 391 300
30; 145 326; 144 327; 142 327; 141 328; 132 328; 131 329; 129 329; 128 330; 125 330; 124 331; 109 331; 108 332; 106 332; 105 333; 104 333; 102 335; 101 335; 100 336; 93 336; 92 335; 84 335; 83 336; 83 340; 96 353; 96 354; 97 355; 97 357; 98 358; 98 360; 105 367; 106 367; 115 376; 115 377; 117 379; 117 380; 122 385; 122 386; 124 388; 124 389; 125 390; 125 391; 126 392; 127 392; 128 393; 130 393; 133 390; 133 389; 134 388; 134 386; 135 385; 135 381; 136 380; 136 379; 137 378; 137 377; 138 376; 138 375; 139 374; 139 372; 140 371; 140 367; 141 366; 141 365; 144 362; 146 362; 147 361; 147 359; 146 358; 146 352; 147 351; 147 348; 148 347; 148 345; 149 344; 149 343; 150 342; 150 340; 152 338; 152 337; 153 336; 153 335; 154 334; 154 328; 153 327; 152 327; 151 326
31; 804 319; 803 320; 802 320; 800 322; 800 323; 796 327; 796 328; 795 329; 795 331; 794 332; 794 334; 793 335; 793 337; 792 338; 792 339; 791 340; 791 342; 790 343; 790 345; 789 346; 789 347; 788 348; 788 349; 786 351; 786 352; 784 354; 784 355; 783 356; 783 358; 782 359; 782 362; 781 363; 781 364; 779 366; 779 367; 776 370; 776 371; 772 375; 772 380; 774 382; 779 382; 781 380; 782 380; 783 379; 796 379; 797 380; 805 380; 806 379; 824 379; 825 380; 826 380; 828 382; 827 383; 831 383; 832 384; 836 384; 839 381; 841 381; 844 378; 844 375; 843 374; 843 373; 841 371; 840 371; 836 367; 836 362; 835 361; 835 360; 834 359; 834 358; 833 357; 833 356; 832 355; 832 352; 833 351; 833 349; 832 348; 832 347; 831 346; 831 345; 829 343; 828 343; 827 342; 826 342; 825 341; 824 341; 819 336; 819 335; 818 334; 818 333; 817 332; 817 331; 816 330; 816 329; 814 327; 814 326; 813 325; 813 323; 810 320; 809 320; 808 319
32; 166 328; 165 329; 164 329; 164 330; 163 331; 163 340; 162 341; 162 342; 161 343; 161 344; 160 345; 160 347; 159 348; 159 350; 158 351; 158 353; 157 354; 157 355; 156 356; 156 357; 153 360; 148 360; 148 361; 147 362; 147 363; 150 366; 150 367; 151 368; 151 377; 150 378; 150 382; 148 384; 148 385; 146 387; 146 388; 145 389; 145 396; 147 398; 150 398; 151 397; 152 397; 156 393; 157 393; 158 392; 159 392; 160 391; 171 391; 172 390; 178 390; 179 389; 185 389; 186 388; 192 388; 193 387; 197 387; 198 386; 199 386; 200 385; 205 385; 206 386; 207 386; 207 383; 208 382; 208 378; 205 375; 205 374; 200 369; 200 368; 199 367; 199 365; 198 364; 198 360; 197 359; 197 357; 196 356; 195 356; 194 355; 193 355; 192 354; 190 354; 188 352; 187 352; 185 350; 185 349; 183 347; 183 346; 181 344; 181 343; 175 337; 175 334; 174 333; 174 332; 173 331; 173 330; 172 330; 170 328
33; 677 341; 675 343; 675 348; 676 349; 676 351; 677 352; 677 355; 676 356; 676 358; 677 359; 677 361; 678 362; 678 363; 679 364; 679 365; 680 366; 680 367; 681 368; 681 369; 682 370; 682 380; 683 381; 683 384; 684 385; 684 386; 685 387; 685 388; 686 389; 686 391; 687 392; 687 395; 688 396; 688 408; 689 409; 689 410; 690 411; 691 411; 692 412; 694 412; 695 411; 696 411; 699 408; 699 407; 705 401; 705 400; 706 399; 706 398; 708 396; 708 395; 712 391; 713 391; 716 388; 717 388; 723 382; 724 382; 725 381; 726 381; 731 376; 731 375; 732 374; 733 374; 738 369; 739 369; 740 368; 740 367; 742 365; 742 363; 739 360; 732 360; 731 359; 730 359; 729 358; 727 358; 726 357; 724 357; 723 356; 720 356; 719 355; 715 355; 714 354; 713 354; 710 351; 710 349; 711 348; 711 344; 709 344; 708 345; 708 349; 706 351; 702 351; 701 350; 700 350; 699 349; 698 349; 697 348; 696 348; 694 346; 693 346; 692 345; 691 345; 690 344; 689 344; 688 343; 687 343; 686 342; 685 342; 684 341
34; 991 359; 990 360; 990 367; 991 368; 991 370; 992 371; 992 375; 993 376; 993 388; 994 389; 994 391; 995 392; 995 394; 996 395; 996 406; 997 407; 997 410; 998 411; 998 414; 997 415; 997 424; 999 426; 1003 426; 1006 423; 1007 423; 1010 420; 1011 420; 1012 419; 1014 419; 1015 418; 1016 418; 1019 415; 1020 415; 1021 414; 1023 414; 1023 399; 1021 399; 1020 400; 1019 400; 1018 401; 1017 401; 1015 403; 1014 403; 1013 404; 1011 404; 1008 401; 1008 400; 1006 398; 1006 389; 1007 388; 1007 379; 1006 378; 1006 377; 1007 376; 1008 377; 1009 377; 1010 378; 1012 378; 1013 379; 1015 379; 1016 380; 1019 380; 1020 381; 1023 381; 1023 370; 1022 370; 1021 369; 1020 369; 1019 368; 1017 368; 1016 367; 1013 367; 1012 366; 1008 366; 1007 365; 1005 365; 1004 364; 1002 364; 1001 363; 1000 363; 999 362; 998 362; 996 360; 995 360; 994 359
35; 266 344; 262 348; 261 348; 259 350; 258 350; 252 356; 252 357; 251 358; 250 358; 248 360; 247 360; 246 361; 237 361; 236 362; 234 362; 231 365; 231 369; 230 370; 230 371; 229 372; 229 373; 225 377; 224 377; 222 379; 221 379; 220 380; 212 380; 211 379; 209 379; 209 382; 208 383; 208 387; 210 387; 211 388; 226 388; 227 389; 229 389; 231 391; 232 391; 233 392; 234 392; 235 393; 236 393; 237 394; 238 394; 242 398; 243 398; 245 400; 246 400; 247 401; 248 401; 249 402; 251 402; 252 403; 254 403; 255 404; 257 404; 258 405; 260 405; 261 406; 262 406; 264 408; 265 408; 267 410; 268 410; 270 412; 271 412; 272 413; 276 413; 278 411; 278 405; 277 404; 277 403; 276 402; 276 401; 275 400; 275 399; 274 398; 274 394; 275 393; 275 380; 274 379; 274 374; 273 373; 273 371; 274 370; 274 355; 275 354; 275 348; 271 344
36; 894 349; 892 351; 892 358; 893 359; 893 362; 892 363; 892 366; 891 367; 891 372; 892 373; 892 385; 891 386; 891 404; 892 405; 892 408; 891 409; 891 411; 890 412; 890 419; 891 420; 897 420; 901 416; 902 416; 906 412; 907 412; 908 411; 909 411; 910 410; 912 410; 913 409; 914 409; 916 407; 917 407; 919 405; 921 405; 922 404; 925 404; 926 403; 928 403; 931 400; 932 400; 934 398; 935 398; 936 397; 937 397; 938 396; 940 396; 941 395; 944 395; 945 394; 946 394; 947 393; 948 393; 950 391; 950 386; 948 384; 947 384; 946 383; 945 383; 944 382; 942 382; 941 381; 940 381; 938 379; 937 379; 936 378; 935 378; 933 376; 932 376; 926 370; 926 369; 924 367; 923 367; 922 366; 921 366; 920 365; 919 365; 917 363; 915 363; 914 362; 913 362; 912 361; 910 361; 909 360; 908 360; 903 355; 903 354; 902 353; 902 352; 900 350; 899 350; 898 349
37; 425 367; 423 369; 423 370; 422 371; 422 373; 421 374; 421 375; 417 379; 416 379; 416 380; 407 389; 407 390; 405 392; 405 393; 397 401; 397 402; 395 404; 395 405; 384 416; 384 417; 383 418; 383 421; 384 422; 385 422; 386 423; 397 423; 398 424; 401 424; 402 425; 404 425; 405 426; 406 426; 407 427; 409 427; 410 428; 412 428; 415 431; 418 431; 420 429; 422 429; 423 428; 426 428; 427 427; 430 427; 431 428; 433 428; 436 431; 437 431; 438 432; 445 432; 446 431; 447 431; 448 430; 449 430; 450 429; 451 429; 452 428; 452 427; 453 426; 453 423; 452 422; 452 420; 451 419; 451 417; 450 416; 450 412; 449 411; 449 409; 447 407; 447 406; 445 404; 445 403; 441 399; 441 398; 439 396; 439 395; 438 394; 438 392; 437 391; 437 388; 436 387; 436 386; 435 385; 435 384; 434 383; 434 382; 433 381; 433 377; 432 376; 432 373; 431 372; 431 371; 427 367
38; 827 384; 826 385; 825 385; 824 386; 823 386; 822 385; 817 385; 816 386; 811 386; 810 387; 805 387; 804 388; 800 388; 799 389; 793 389; 792 390; 786 390; 785 391; 783 391; 782 392; 777 392; 776 391; 774 391; 773 390; 769 390; 768 391; 767 391; 766 392; 766 394; 767 395; 767 396; 771 400; 772 400; 774 402; 774 403; 779 408; 779 409; 780 410; 780 411; 781 412; 781 413; 784 416; 784 417; 787 420; 787 421; 791 425; 791 426; 792 427; 792 429; 800 437; 800 438; 801 439; 801 440; 803 442; 803 443; 804 444; 804 447; 805 448; 805 449; 806 449; 807 450; 810 450; 811 449; 812 449; 817 444; 817 438; 816 437; 816 432; 817 431; 817 430; 818 429; 818 428; 822 424; 822 423; 823 422; 823 418; 824 417; 824 415; 825 414; 825 413; 826 412; 826 410; 827 409; 827 407; 828 406; 828 404; 829 403; 829 402; 835 396; 835 388; 836 387; 836 385; 832 385; 831 384
39; 5 383; 3 385; 0 385; 0 410; 3 410; 4 409; 7 409; 9 411; 9 412; 10 413; 10 419; 11 420; 11 423; 9 425; 6 425; 5 424; 0 424; 0 437; 1 438; 3 438; 4 439; 10 439; 11 438; 13 438; 14 439; 15 439; 21 445; 22 445; 24 447; 25 447; 26 448; 28 448; 31 445; 31 442; 30 441; 30 439; 29 438; 29 436; 30 435; 30 433; 31 432; 31 428; 30 427; 30 426; 26 422; 26 421; 24 419; 24 416; 23 415; 23 412; 22 411; 22 410; 21 409; 21 406; 20 405; 20 399; 19 398; 19 395; 17 393; 17 392; 14 389; 14 388; 13 387; 13 386; 10 383
40; 341 414; 340 415; 339 415; 337 417; 336 417; 335 418; 334 418; 333 419; 332 419; 331 420; 325 420; 324 421; 320 421; 319 422; 317 422; 316 423; 311 423; 310 422; 308 422; 307 421; 302 421; 298 425; 295 425; 294 426; 289 426; 288 427; 284 427; 283 428; 281 428; 278 431; 278 433; 279 434; 279 435; 293 449; 293 450; 299 456; 300 456; 310 466; 310 467; 311 468; 311 469; 312 470; 312 472; 316 476; 317 476; 320 479; 321 479; 325 483; 328 483; 330 481; 330 480; 331 479; 331 476; 332 475; 332 469; 333 468; 333 467; 334 466; 334 465; 335 464; 335 463; 336 462; 336 460; 337 459; 337 458; 338 457; 338 456; 341 453; 342 453; 343 452; 343 447; 342 446; 342 439; 343 438; 343 436; 344 435; 344 433; 345 432; 345 431; 348 428; 348 427; 349 426; 349 418; 348 417; 348 416; 346 414
41; 547 413; 546 414; 546 415; 545 416; 545 429; 546 430; 546 434; 547 435; 547 439; 548 440; 548 459; 547 460; 547 467; 546 468; 546 470; 545 471; 545 474; 546 475; 546 481; 548 483; 553 483; 554 482; 555 482; 560 477; 561 477; 562 476; 563 476; 564 475; 565 475; 566 474; 567 474; 568 473; 569 473; 570 472; 571 472; 572 471; 573 471; 575 469; 576 469; 578 467; 580 467; 581 466; 585 466; 586 465; 588 465; 590 463; 591 463; 593 461; 594 461; 598 457; 599 457; 601 455; 604 455; 605 454; 607 454; 610 451; 610 446; 609 445; 609 444; 608 443; 607 443; 606 442; 605 442; 604 441; 601 441; 600 440; 599 440; 598 439; 597 439; 594 436; 593 436; 592 435; 590 435; 589 434; 587 434; 586 433; 585 433; 584 432; 582 432; 581 431; 580 431; 574 425; 573 425; 572 424; 570 424; 569 423; 567 423; 565 421; 564 421; 563 420; 562 420; 561 419; 560 419; 559 418; 558 418; 557 417; 556 417; 554 415; 553 415; 552 414; 551 414; 550 413
42; 108 448; 107 449; 106 449; 100 455; 99 455; 96 458; 95 458; 94 459; 93 459; 88 464; 87 464; 86 465; 85 465; 84 466; 83 466; 80 469; 80 470; 78 472; 78 473; 75 476; 74 476; 66 484; 66 485; 61 490; 60 490; 58 492; 58 493; 57 494; 57 496; 62 501; 63 501; 64 500; 70 500; 71 501; 73 501; 74 502; 77 502; 78 503; 79 503; 80 504; 81 504; 82 505; 82 506; 84 508; 84 509; 86 509; 87 508; 90 508; 91 507; 93 507; 94 508; 97 508; 98 509; 99 509; 100 510; 101 510; 102 511; 103 511; 104 512; 105 512; 106 513; 108 513; 109 514; 114 514; 115 515; 116 515; 117 516; 118 516; 119 517; 124 517; 125 516; 125 511; 124 510; 124 508; 123 507; 123 506; 122 505; 122 504; 121 503; 121 500; 120 499; 120 487; 119 486; 119 484; 118 483; 118 482; 117 481; 117 477; 116 476; 116 475; 115 474; 115 472; 114 471; 114 455; 113 454; 113 449; 112 448
43; 387 454; 386 455; 386 456; 385 457; 385 461; 384 462; 384 467; 383 468; 383 471; 381 473; 381 474; 380 475; 380 477; 379 478; 379 483; 380 484; 380 487; 379 488; 379 492; 378 493; 378 494; 377 495; 377 503; 378 504; 378 507; 377 508; 377 509; 376 510; 376 511; 374 513; 374 514; 373 515; 373 521; 374 522; 374 523; 375 524; 379 524; 380 523; 382 523; 383 522; 384 522; 387 519; 388 519; 389 518; 391 518; 392 517; 394 517; 395 516; 396 516; 397 515; 399 515; 400 514; 406 514; 406 512; 409 509; 410 509; 411 508; 414 508; 415 507; 419 507; 420 506; 422 506; 423 505; 425 505; 426 504; 427 504; 428 503; 436 503; 437 502; 438 502; 439 501; 439 497; 433 491; 432 491; 425 484; 425 483; 421 479; 420 479; 413 472; 413 471; 402 460; 402 459; 401 458; 400 458; 399 457; 398 457; 397 456; 396 456; 395 455; 394 455; 393 454
44; 688 468; 684 472; 684 480; 683 481; 683 483; 681 485; 681 486; 679 488; 678 488; 677 489; 677 490; 676 491; 676 492; 675 493; 675 495; 674 496; 674 498; 673 499; 673 500; 672 501; 672 502; 667 507; 667 508; 665 510; 665 511; 664 512; 664 514; 663 515; 663 516; 662 517; 662 518; 661 519; 661 521; 660 522; 660 523; 658 525; 658 526; 657 527; 657 532; 662 537; 662 540; 663 541; 663 542; 665 544; 667 544; 667 540; 665 538; 665 537; 667 535; 679 535; 680 534; 682 534; 683 533; 689 533; 690 534; 693 534; 694 535; 698 535; 699 534; 700 534; 701 533; 705 533; 706 534; 713 534; 714 533; 725 533; 726 532; 726 531; 727 530; 727 528; 726 527; 726 525; 725 524; 725 523; 722 520; 722 519; 720 517; 720 516; 719 515; 719 514; 718 513; 718 512; 716 510; 716 509; 714 507; 714 506; 713 505; 713 503; 712 502; 712 499; 704 491; 704 490; 703 489; 703 488; 702 487; 702 486; 701 485; 701 484; 698 481; 698 480; 697 479; 697 478; 696 477; 696 476; 695 475; 695 472; 694 471; 694 470; 692 468
45; 33 485; 32 486; 32 487; 31 488; 31 492; 30 493; 30 497; 29 498; 29 501; 28 502; 28 506; 27 507; 27 512; 26 513; 26 528; 25 529; 25 532; 24 533; 24 537; 23 538; 23 540; 18 545; 18 550; 20 552; 21 552; 22 553; 29 553; 30 552; 32 552; 33 551; 36 551; 37 550; 40 550; 41 549; 44 549; 45 548; 47 548; 48 547; 56 547; 57 546; 57 545; 59 543; 61 543; 62 542; 65 542; 66 541; 69 541; 70 540; 71 540; 72 539; 73 539; 74 538; 75 538; 76 537; 78 537; 79 536; 87 536; 88 535; 89 535; 89 534; 90 533; 90 530; 88 528; 88 527; 87 526; 86 526; 85 525; 84 525; 83 524; 82 524; 81 523; 80 523; 76 519; 75 519; 72 516; 71 516; 69 514; 68 514; 64 510; 64 509; 63 508; 63 507; 61 505; 61 501; 56 496; 56 495; 54 497; 53 496; 51 496; 50 495; 48 495; 42 489; 42 488; 41 487; 40 487; 38 485
46; 450 499; 449 500; 449 501; 448 502; 448 503; 447 504; 447 505; 446 506; 446 507; 445 508; 445 509; 444 510; 444 512; 443 513; 443 514; 442 515; 442 516; 441 517; 441 518; 439 520; 439 521; 436 524; 435 524; 434 525; 433 525; 433 534; 432 535; 432 537; 431 538; 431 539; 430 540; 430 541; 428 543; 428 544; 426 546; 426 547; 425 548; 425 552; 422 555; 422 559; 424 561; 425 561; 426 562; 428 562; 430 560; 431 560; 432 559; 434 559; 435 558; 456 558; 457 559; 460 559; 461 560; 467 560; 468 559; 479 559; 480 558; 484 558; 485 559; 486 559; 487 560; 488 560; 489 561; 491 561; 492 560; 493 560; 493 559; 494 558; 494 556; 493 555; 493 554; 489 550; 489 549; 488 548; 488 546; 489 545; 489 542; 488 541; 488 540; 486 538; 485 538; 483 536; 482 536; 480 534; 480 533; 476 529; 476 528; 474 526; 474 525; 467 518; 467 517; 465 515; 465 514; 464 513; 464 512; 463 511; 463 509; 462 508; 462 507; 461 506; 461 505; 459 503; 459 502; 456 499
47; 924 508; 924 509; 923 510; 923 511; 922 512; 922 518; 923 519; 923 521; 922 522; 922 528; 921 529; 921 534; 920 535; 920 544; 919 545; 919 561; 918 562; 918 574; 919 575; 919 576; 920 577; 925 577; 926 576; 927 576; 928 575; 930 575; 931 574; 934 574; 935 573; 936 573; 937 572; 938 572; 939 571; 941 571; 942 570; 944 570; 945 571; 947 571; 948 572; 952 572; 953 571; 954 571; 959 566; 960 566; 961 565; 962 565; 963 564; 965 564; 966 563; 967 563; 970 560; 971 560; 972 559; 973 559; 974 558; 976 558; 977 557; 979 557; 981 555; 981 552; 975 546; 975 544; 971 540; 970 540; 969 539; 968 539; 967 538; 966 538; 963 535; 962 535; 959 532; 958 532; 957 531; 955 531; 954 530; 953 530; 951 528; 950 528; 947 525; 947 524; 944 521; 944 520; 940 516; 939 516; 937 514; 936 514; 935 513; 934 513; 930 509; 929 509; 928 508
48; 231 552; 230 553; 227 553; 226 554; 221 554; 220 555; 218 555; 217 556; 215 556; 214 557; 212 557; 211 558; 210 558; 209 559; 208 559; 207 560; 206 560; 205 561; 204 561; 203 562; 201 562; 200 563; 197 563; 196 564; 192 564; 191 565; 189 565; 188 566; 186 566; 184 568; 183 568; 182 569; 181 569; 179 571; 178 571; 177 572; 175 572; 174 573; 172 573; 171 574; 171 577; 172 578; 172 579; 173 579; 178 584; 179 584; 181 586; 182 586; 183 587; 184 587; 186 589; 187 589; 188 590; 189 590; 192 593; 193 593; 198 598; 199 598; 200 599; 201 599; 202 600; 203 600; 204 601; 205 601; 211 607; 212 607; 222 617; 227 617; 227 616; 228 615; 228 608; 227 607; 227 602; 228 601; 228 599; 229 598; 229 597; 230 596; 230 595; 232 593; 232 592; 234 590; 234 589; 236 587; 237 587; 237 583; 235 583; 234 582; 233 582; 232 581; 232 579; 231 578; 231 576; 232 575; 232 573; 233 572; 233 570; 234 569; 234 568; 235 567; 235 566; 237 564; 237 563; 238 562; 238 561; 239 560; 239 556; 238 555; 238 554; 237 554; 236 553; 235 553; 234 552
49; 665 560; 663 562; 663 568; 664 569; 664 570; 665 571; 665 572; 666 573; 666 579; 665 580; 665 584; 664 585; 664 590; 665 591; 665 598; 666 599; 666 606; 667 607; 667 610; 666 611; 666 614; 665 615; 665 617; 664 618; 664 629; 665 628; 666 629; 668 629; 669 628; 670 628; 671 627; 671 626; 672 625; 673 625; 676 622; 677 622; 679 620; 680 620; 683 617; 684 617; 688 613; 689 613; 690 612; 691 612; 692 611; 693 611; 694 610; 698 610; 699 609; 700 609; 702 607; 702 606; 706 602; 707 602; 708 601; 709 601; 710 600; 712 600; 713 599; 716 599; 717 598; 720 598; 721 597; 723 597; 724 596; 725 596; 725 594; 726 593; 726 591; 725 591; 724 590; 718 590; 717 589; 715 589; 713 587; 712 587; 709 584; 708 584; 706 582; 705 582; 701 578; 700 578; 698 576; 697 576; 695 574; 694 574; 692 572; 691 572; 690 571; 689 571; 688 570; 687 570; 686 569; 685 569; 684 568; 683 568; 682 567; 681 567; 680 566; 678 566; 677 565; 676 565; 675 564; 674 564; 671 561; 670 561; 669 560
50; 740 558; 739 559; 739 565; 738 566; 738 570; 739 571; 739 572; 738 573; 738 576; 737 577; 737 578; 736 579; 736 583; 735 584; 735 585; 734 586; 734 587; 731 590; 730 590; 729 591; 727 591; 727 593; 726 594; 726 596; 727 596; 729 598; 729 601; 728 602; 728 607; 727 608; 727 611; 726 612; 726 624; 727 625; 730 625; 731 624; 732 624; 734 622; 735 622; 736 621; 737 621; 739 619; 740 619; 741 618; 743 618; 744 617; 745 617; 746 616; 748 616; 749 615; 752 615; 753 614; 757 614; 759 616; 759 617; 760 618; 760 619; 761 620; 765 620; 766 619; 766 616; 765 615; 765 613; 768 610; 769 610; 770 609; 773 609; 774 608; 776 608; 777 607; 779 607; 780 606; 782 606; 783 605; 785 605; 786 604; 792 604; 794 602; 794 600; 792 598; 791 598; 790 597; 787 597; 786 596; 785 596; 784 595; 784 594; 782 592; 782 591; 778 587; 777 587; 776 586; 775 586; 774 585; 773 585; 771 583; 770 583; 758 571; 758 570; 756 568; 756 567; 750 561; 749 561; 747 559; 746 559; 745 558
51; 647 562; 644 565; 644 566; 643 567; 643 568; 639 572; 639 573; 637 575; 636 575; 634 577; 632 577; 631 578; 630 578; 624 584; 623 584; 622 585; 621 585; 616 590; 615 590; 614 591; 613 591; 612 592; 611 592; 610 593; 609 593; 608 594; 607 594; 606 595; 601 595; 600 596; 597 596; 595 598; 595 600; 596 601; 596 602; 597 602; 598 603; 599 603; 600 604; 602 604; 603 605; 605 605; 606 606; 608 606; 609 607; 611 607; 612 608; 614 608; 622 616; 622 619; 623 620; 623 621; 624 622; 628 622; 629 621; 635 621; 636 622; 638 622; 639 623; 640 623; 641 624; 642 624; 643 625; 645 625; 652 632; 652 633; 655 636; 658 636; 659 635; 660 635; 662 633; 662 631; 663 630; 663 620; 662 620; 661 619; 661 618; 660 617; 660 616; 659 615; 659 613; 658 612; 658 607; 657 606; 657 592; 656 591; 656 586; 657 585; 657 580; 656 579; 656 576; 655 575; 655 571; 656 570; 656 567; 655 566; 655 565; 653 563; 652 563; 651 562
52; 183 597; 181 599; 180 599; 178 601; 172 601; 171 602; 170 602; 169 603; 168 603; 167 604; 165 604; 164 605; 161 605; 160 606; 157 606; 156 607; 155 607; 154 608; 152 608; 151 609; 150 609; 149 610; 147 610; 146 611; 145 611; 144 612; 143 612; 142 613; 141 613; 139 615; 138 615; 137 616; 136 616; 135 617; 133 617; 132 618; 124 618; 123 619; 122 619; 122 624; 123 625; 123 626; 124 627; 125 627; 127 629; 129 629; 130 630; 131 630; 132 631; 133 631; 135 633; 135 636; 134 637; 134 638; 133 639; 133 641; 132 642; 136 642; 137 643; 143 643; 144 642; 145 643; 147 643; 149 645; 150 645; 153 648; 154 648; 157 651; 157 652; 158 653; 158 654; 159 655; 159 656; 168 665; 168 666; 169 667; 170 667; 172 669; 174 669; 176 667; 176 660; 177 659; 177 654; 178 653; 178 652; 179 651; 179 649; 180 648; 180 643; 181 642; 181 639; 182 638; 182 629; 183 628; 183 625; 184 624; 184 623; 185 622; 185 619; 186 618; 186 612; 187 611; 187 610; 188 609; 189 609; 192 606; 192 605; 193 604; 193 600; 191 598; 190 598; 189 597
53; 927 638; 925 640; 925 642; 924 643; 924 644; 922 646; 921 646; 920 647; 919 647; 918 648; 916 648; 915 649; 910 649; 909 650; 907 650; 906 651; 903 651; 902 652; 900 652; 899 651; 894 651; 893 652; 893 656; 898 661; 899 661; 904 666; 905 666; 914 675; 914 676; 915 677; 915 678; 923 686; 923 687; 927 691; 927 692; 931 696; 931 697; 933 699; 933 700; 935 702; 935 703; 938 706; 942 706; 942 705; 943 704; 943 702; 944 701; 944 699; 945 698; 945 696; 946 695; 946 694; 947 693; 947 689; 949 687; 949 686; 950 685; 950 675; 951 674; 951 672; 952 671; 952 670; 953 669; 953 668; 954 667; 954 666; 955 665; 955 663; 956 662; 956 661; 957 660; 957 658; 958 657; 958 656; 959 655; 959 653; 960 652; 960 651; 961 650; 961 649; 963 647; 963 646; 964 645; 964 644; 965 643; 965 641; 963 639; 948 639; 947 640; 946 640; 945 641; 944 641; 943 642; 941 642; 940 643; 938 643; 937 644; 936 643; 935 643; 930 638
54; 274 627; 269 632; 268 632; 265 635; 264 635; 262 637; 261 637; 258 640; 256 640; 255 641; 254 641; 253 642; 252 642; 250 644; 249 644; 248 645; 247 645; 241 651; 240 651; 239 652; 238 652; 236 654; 232 654; 231 655; 229 655; 228 656; 224 656; 223 657; 220 657; 219 658; 218 658; 217 659; 217 660; 216 661; 216 663; 217 664; 217 665; 218 666; 220 666; 221 667; 226 667; 227 668; 228 668; 232 672; 232 673; 234 675; 235 675; 239 679; 240 679; 244 683; 244 684; 247 687; 251 687; 252 688; 255 688; 256 689; 258 689; 259 690; 260 690; 265 695; 266 695; 268 697; 269 697; 270 698; 271 698; 274 701; 276 701; 277 700; 277 699; 278 698; 278 690; 277 689; 277 685; 279 683; 279 666; 278 665; 278 644; 279 643; 279 629; 278 628; 278 627
55; 746 627; 745 628; 744 628; 742 630; 742 631; 738 635; 737 635; 736 636; 735 636; 734 637; 733 637; 732 638; 731 638; 730 639; 729 639; 728 640; 726 640; 725 641; 724 641; 720 645; 720 646; 717 649; 716 649; 715 650; 714 650; 711 653; 710 653; 708 655; 707 655; 706 656; 704 656; 703 657; 700 657; 699 658; 697 658; 696 659; 694 659; 693 660; 692 660; 690 662; 690 667; 692 669; 693 669; 694 670; 696 670; 697 671; 699 671; 700 672; 703 672; 706 675; 707 675; 709 677; 710 677; 714 681; 715 681; 721 687; 722 687; 723 688; 724 688; 725 689; 726 689; 727 690; 731 690; 732 691; 735 691; 736 692; 737 692; 738 693; 739 693; 740 694; 742 694; 743 695; 744 695; 746 697; 747 697; 751 701; 751 702; 752 703; 752 704; 754 706; 759 706; 761 704; 761 700; 760 699; 760 698; 759 697; 758 697; 754 693; 754 691; 753 690; 753 685; 752 684; 752 681; 751 680; 751 678; 750 677; 750 674; 751 673; 751 672; 752 671; 752 664; 751 663; 751 656; 750 655; 750 646; 751 645; 751 643; 752 642; 752 640; 753 639; 753 632; 752 631; 752 630; 751 629; 751 628; 750 628; 749 627
56; 491 643; 488 646; 487 646; 486 647; 485 647; 484 648; 482 648; 481 647; 467 647; 466 646; 461 646; 460 647; 449 647; 448 646; 447 646; 446 645; 438 645; 437 646; 436 645; 434 645; 433 644; 429 644; 428 645; 428 651; 429 652; 429 653; 433 657; 433 658; 434 659; 434 661; 435 662; 435 663; 438 666; 438 667; 440 669; 440 670; 441 671; 441 672; 442 673; 442 674; 443 675; 443 676; 444 677; 444 679; 445 680; 445 681; 446 682; 446 683; 447 683; 451 687; 451 688; 452 689; 452 690; 453 691; 453 692; 454 693; 454 695; 455 696; 455 698; 456 699; 456 700; 457 701; 457 702; 458 703; 458 704; 459 705; 459 706; 460 707; 460 708; 461 709; 463 709; 464 708; 464 707; 465 706; 465 704; 466 703; 466 702; 467 701; 467 700; 468 699; 468 698; 471 695; 471 694; 473 692; 473 690; 474 689; 474 688; 477 685; 477 684; 478 683; 478 682; 479 681; 479 679; 480 678; 480 677; 484 673; 484 672; 486 670; 486 669; 491 664; 491 663; 492 662; 492 661; 493 660; 493 658; 495 656; 495 655; 496 654; 496 653; 497 652; 497 650; 498 649; 498 645; 497 644; 497 643
57; 132 643; 127 648; 127 649; 123 653; 121 653; 120 654; 119 654; 114 659; 113 659; 111 661; 110 661; 109 662; 108 662; 104 666; 103 666; 102 667; 100 667; 97 670; 97 672; 93 676; 92 676; 91 677; 90 677; 88 679; 87 679; 86 680; 77 680; 77 681; 76 682; 76 684; 77 685; 77 686; 78 686; 79 687; 81 687; 82 686; 84 686; 85 685; 93 685; 94 686; 95 686; 96 687; 97 687; 99 689; 100 689; 102 691; 103 691; 104 692; 105 692; 106 693; 107 693; 108 694; 110 694; 111 695; 113 695; 114 696; 115 696; 117 698; 118 698; 120 700; 121 700; 122 701; 123 701; 124 702; 125 702; 126 703; 127 703; 128 704; 129 704; 135 710; 136 710; 137 711; 140 711; 142 713; 143 713; 144 714; 148 714; 148 710; 147 709; 147 707; 146 706; 146 700; 147 699; 147 689; 146 688; 146 683; 147 682; 147 681; 148 680; 149 680; 152 677; 152 675; 150 673; 148 673; 147 672; 145 672; 142 669; 142 668; 141 667; 141 663; 140 662; 140 646; 141 645; 141 644; 137 644; 136 643
58; 823 654; 820 657; 820 658; 816 662; 815 662; 812 665; 811 665; 809 667; 808 667; 807 668; 806 668; 804 670; 803 670; 802 671; 793 671; 791 673; 791 674; 790 675; 790 676; 780 686; 778 686; 777 687; 776 687; 772 691; 772 692; 771 693; 771 697; 772 698; 774 698; 775 699; 777 699; 778 700; 780 700; 781 701; 783 701; 784 702; 786 702; 787 703; 789 703; 790 704; 792 704; 793 705; 794 705; 795 706; 798 706; 799 707; 800 707; 801 708; 802 708; 807 713; 809 713; 810 714; 811 714; 812 715; 814 715; 815 716; 817 716; 818 717; 819 717; 820 718; 821 718; 824 721; 825 721; 828 724; 829 724; 831 726; 833 726; 834 725; 834 724; 835 723; 835 722; 836 721; 836 719; 835 718; 835 717; 831 713; 831 709; 832 708; 832 699; 831 698; 831 696; 832 695; 832 691; 831 690; 831 686; 830 685; 830 675; 829 674; 829 672; 828 671; 828 670; 829 669; 829 658; 828 657; 828 656; 826 654
59; 836 669; 835 670; 835 674; 836 675; 836 677; 837 678; 837 679; 838 680; 838 682; 839 683; 839 685; 840 686; 840 688; 841 689; 841 692; 842 693; 842 695; 843 696; 843 704; 844 705; 844 706; 845 707; 845 709; 846 710; 846 711; 847 712; 847 713; 848 714; 848 716; 849 717; 849 725; 848 726; 848 730; 849 731; 849 733; 850 734; 850 736; 852 738; 854 738; 855 737; 856 737; 857 736; 857 735; 858 734; 858 733; 859 732; 859 731; 861 729; 863 729; 864 728; 869 728; 871 726; 871 719; 875 715; 876 715; 879 712; 880 712; 882 710; 883 710; 886 707; 887 707; 891 703; 891 702; 893 700; 893 699; 899 693; 900 693; 901 692; 901 689; 897 685; 896 685; 895 684; 894 684; 893 683; 879 683; 878 682; 877 682; 875 680; 874 680; 873 679; 872 679; 871 678; 868 678; 867 677; 865 677; 864 676; 860 676; 859 675; 858 675; 857 674; 856 674; 855 673; 854 673; 853 672; 852 672; 851 671; 850 671; 849 670; 840 670; 839 669
60; 69 687; 68 688; 68 697; 67 698; 67 707; 66 708; 66 713; 65 714; 61 714; 60 713; 59 713; 58 712; 57 713; 57 731; 56 732; 56 751; 58 753; 59 753; 63 757; 63 759; 64 760; 64 762; 65 763; 65 766; 66 765; 68 765; 69 766; 70 766; 71 767; 72 767; 74 765; 76 765; 78 763; 80 763; 82 761; 81 760; 81 756; 82 755; 82 754; 83 753; 89 753; 90 752; 91 752; 92 751; 92 749; 93 748; 93 746; 94 745; 94 744; 96 742; 97 742; 98 741; 99 741; 100 740; 101 740; 106 735; 107 735; 109 733; 110 733; 115 728; 116 728; 118 726; 119 726; 120 725; 122 725; 123 724; 127 724; 130 721; 130 720; 131 719; 131 716; 130 715; 127 715; 126 714; 119 714; 118 713; 117 713; 115 711; 114 711; 112 709; 111 709; 110 708; 109 708; 107 706; 105 706; 104 705; 103 705; 102 704; 101 704; 100 703; 99 703; 96 700; 95 700; 94 699; 92 699; 91 698; 88 698; 87 697; 84 697; 83 696; 82 696; 80 694; 79 694; 76 691; 76 690; 74 688; 73 688; 72 687
61; 43 686; 40 689; 40 693; 41 694; 41 696; 40 697; 40 698; 35 703; 34 703; 29 708; 29 709; 23 715; 22 715; 20 717; 19 717; 18 718; 18 719; 17 720; 17 721; 15 723; 15 724; 5 734; 4 734; 1 737; 0 737; 0 740; 1 741; 2 741; 4 743; 15 743; 16 744; 18 744; 19 745; 25 745; 26 746; 32 746; 33 745; 36 745; 37 746; 38 746; 39 747; 41 747; 42 748; 49 748; 50 749; 52 749; 53 750; 54 750; 55 751; 55 732; 56 731; 56 713; 57 712; 57 710; 56 709; 56 706; 55 705; 55 704; 54 703; 54 699; 53 698; 53 690; 50 687; 49 687; 48 686
62; 600 701; 599 702; 599 707; 600 708; 600 709; 601 710; 601 711; 602 712; 602 713; 604 715; 604 716; 605 717; 605 718; 606 719; 606 722; 607 723; 607 725; 608 726; 608 734; 611 737; 611 739; 612 740; 612 746; 613 747; 613 757; 614 758; 614 759; 615 760; 615 762; 616 763; 616 768; 617 769; 620 769; 622 767; 622 765; 623 764; 623 763; 625 761; 626 761; 628 759; 629 759; 632 756; 633 756; 634 755; 635 755; 636 754; 638 754; 639 753; 640 753; 642 751; 642 750; 643 749; 643 745; 644 744; 644 743; 649 738; 650 738; 661 727; 662 727; 666 723; 666 722; 667 721; 667 719; 664 716; 657 716; 656 715; 655 715; 654 714; 653 714; 652 713; 648 713; 647 712; 645 712; 644 711; 643 711; 642 710; 642 709; 641 708; 641 706; 640 705; 640 704; 635 704; 634 705; 633 705; 632 706; 631 706; 630 707; 626 707; 625 706; 623 706; 622 705; 620 705; 619 704; 617 704; 616 703; 610 703; 609 702; 607 702; 606 701
63; 472 724; 471 725; 464 725; 463 726; 457 726; 456 727; 454 727; 453 726; 449 726; 448 727; 447 727; 446 728; 446 730; 451 735; 452 735; 455 738; 455 739; 456 740; 456 741; 457 742; 457 743; 458 744; 458 745; 459 746; 459 748; 460 749; 460 750; 462 752; 463 752; 465 754; 465 755; 466 756; 466 758; 467 759; 467 760; 468 761; 468 762; 470 764; 471 764; 475 768; 477 768; 480 765; 481 765; 481 762; 475 756; 475 755; 474 754; 474 752; 473 751; 473 750; 472 749; 472 748; 471 747; 471 746; 470 745; 470 744; 469 743; 469 742; 465 738; 467 736; 468 736; 469 735; 470 735; 471 734; 472 734; 473 733; 473 729; 472 728
64; 892 708; 892 713; 893 714; 893 715; 894 716; 894 717; 895 718; 895 720; 897 722; 897 724; 898 725; 898 726; 899 727; 899 728; 900 729; 900 732; 901 733; 901 734; 900 735; 900 741; 901 742; 901 743; 903 745; 904 745; 909 750; 909 751; 911 753; 911 755; 912 756; 912 758; 913 759; 913 760; 914 761; 914 762; 915 763; 915 764; 916 765; 916 770; 917 771; 917 773; 918 774; 921 774; 922 773; 923 773; 923 772; 924 771; 924 770; 925 769; 925 767; 926 766; 926 765; 928 763; 928 762; 929 761; 929 758; 931 756; 932 756; 933 755; 934 755; 936 753; 936 752; 938 750; 938 749; 940 747; 940 746; 943 743; 943 742; 944 741; 945 741; 947 739; 947 738; 949 736; 949 735; 951 733; 951 732; 953 730; 953 729; 956 726; 957 726; 961 722; 961 721; 962 720; 962 717; 961 716; 960 716; 959 715; 949 715; 948 714; 946 714; 945 713; 944 713; 943 712; 928 712; 927 711; 924 711; 923 710; 915 710; 914 709; 901 709; 900 708
65; 437 716; 436 717; 435 717; 431 721; 430 721; 429 722; 427 722; 426 723; 425 723; 424 724; 423 724; 421 726; 419 726; 418 727; 415 727; 414 728; 411 728; 410 729; 409 729; 408 730; 407 730; 404 733; 403 733; 400 736; 400 737; 399 738; 399 745; 398 746; 398 747; 396 749; 395 749; 394 750; 392 750; 391 751; 386 751; 386 754; 393 754; 394 755; 395 755; 396 756; 397 756; 398 757; 399 757; 400 758; 401 758; 403 760; 404 760; 408 764; 408 765; 412 769; 413 769; 416 772; 417 772; 418 773; 419 773; 420 774; 422 774; 423 775; 425 775; 432 782; 433 782; 436 785; 440 785; 440 780; 439 779; 439 777; 438 776; 438 755; 439 754; 439 733; 440 732; 440 728; 441 727; 441 724; 442 723; 442 722; 443 721; 443 717; 442 716
66; 223 726; 222 727; 222 733; 221 734; 221 737; 222 738; 222 740; 223 741; 223 742; 224 743; 224 744; 225 745; 225 751; 226 752; 226 755; 227 756; 227 758; 228 759; 228 761; 229 762; 229 771; 230 772; 230 773; 231 774; 231 775; 232 776; 232 779; 233 780; 233 794; 234 795; 234 796; 238 796; 241 793; 241 791; 242 790; 242 789; 243 788; 243 787; 246 784; 247 784; 248 783; 250 783; 251 782; 252 782; 253 781; 254 781; 257 778; 258 778; 264 772; 265 772; 272 765; 273 765; 276 762; 277 762; 278 761; 278 760; 286 752; 286 749; 284 747; 283 747; 282 746; 273 746; 272 745; 271 745; 270 744; 268 744; 267 743; 265 743; 264 742; 261 742; 260 741; 259 741; 256 738; 256 736; 255 735; 255 734; 253 734; 252 735; 250 735; 249 736; 248 736; 247 735; 246 735; 245 734; 244 734; 243 733; 240 733; 239 732; 236 732; 235 731; 233 731; 232 730; 231 730; 229 728; 228 728; 227 727; 226 727; 225 726
67; 833 728; 831 730; 830 730; 828 732; 827 732; 826 733; 825 733; 824 734; 822 734; 821 735; 815 735; 814 736; 812 736; 811 737; 810 737; 809 738; 808 738; 807 739; 806 739; 805 740; 800 740; 799 741; 797 741; 796 742; 795 742; 794 743; 793 743; 792 744; 791 744; 790 745; 778 745; 777 746; 776 746; 775 747; 775 751; 779 755; 780 755; 792 767; 792 768; 793 769; 793 771; 792 772; 792 774; 793 775; 799 775; 800 776; 801 776; 802 777; 803 777; 806 780; 806 781; 825 800; 828 800; 829 799; 829 794; 828 793; 828 791; 827 790; 827 789; 828 788; 828 787; 829 786; 829 779; 830 778; 830 775; 831 774; 831 764; 832 763; 832 759; 833 758; 833 755; 834 754; 834 752; 835 751; 835 750; 836 749; 836 744; 837 743; 837 740; 838 739; 838 738; 839 737; 839 736; 840 735; 840 730; 839 729; 836 729; 835 728
68; 360 733; 358 735; 358 742; 356 744; 356 745; 354 747; 354 748; 353 749; 353 751; 352 752; 352 753; 351 754; 351 755; 350 756; 350 757; 349 758; 349 760; 348 761; 348 762; 347 763; 347 764; 346 765; 346 772; 345 773; 345 775; 344 776; 344 777; 343 778; 343 779; 342 780; 342 781; 340 783; 340 785; 339 786; 339 788; 338 789; 338 790; 336 792; 336 798; 342 798; 343 797; 354 797; 355 796; 356 796; 357 795; 360 795; 364 799; 364 800; 366 802; 370 802; 372 800; 372 799; 373 798; 373 793; 375 791; 376 791; 377 790; 378 790; 379 789; 381 789; 382 788; 385 788; 386 787; 389 787; 390 786; 393 786; 394 785; 400 785; 401 786; 403 786; 403 782; 402 781; 402 778; 401 777; 401 776; 400 776; 399 775; 396 775; 387 766; 387 765; 381 759; 381 758; 380 757; 380 753; 379 753; 378 752; 377 752; 373 748; 372 748; 368 744; 368 743; 366 741; 366 740; 365 739; 365 734; 364 733
69; 0 751; 0 758; 1 758; 7 764; 7 767; 8 768; 8 769; 7 770; 7 776; 8 777; 8 778; 10 780; 11 780; 13 782; 13 783; 14 784; 13 785; 13 787; 17 791; 17 792; 21 796; 22 796; 23 797; 25 797; 27 799; 27 803; 28 804; 28 817; 30 817; 30 816; 31 815; 31 814; 35 810; 35 809; 36 808; 36 806; 37 805; 37 804; 38 803; 38 802; 39 801; 39 800; 40 799; 40 798; 41 797; 41 796; 42 795; 42 794; 44 792; 45 792; 46 791; 48 791; 50 793; 50 794; 51 795; 54 795; 54 792; 53 791; 52 791; 50 789; 50 787; 51 786; 51 785; 54 782; 54 781; 58 777; 58 776; 59 775; 59 773; 60 772; 60 771; 64 767; 64 763; 63 762; 63 760; 62 759; 52 759; 51 758; 46 758; 45 757; 41 757; 40 756; 37 756; 36 755; 18 755; 17 754; 10 754; 9 753; 8 753; 7 752; 5 752; 4 751
70; 726 748; 725 749; 725 753; 726 754; 726 755; 727 756; 727 758; 728 759; 728 764; 729 765; 729 776; 730 777; 730 780; 731 781; 731 784; 732 785; 732 795; 733 796; 733 808; 735 810; 738 810; 739 811; 746 811; 746 810; 751 805; 752 805; 754 803; 755 803; 758 800; 759 800; 759 799; 762 796; 763 796; 766 793; 767 793; 771 789; 772 789; 773 788; 774 788; 780 782; 781 782; 782 781; 783 781; 785 779; 786 779; 787 778; 788 778; 789 777; 790 777; 791 776; 792 776; 792 775; 791 774; 791 773; 790 773; 789 772; 779 772; 778 771; 776 771; 775 770; 774 770; 773 769; 772 769; 771 768; 770 768; 769 767; 768 767; 766 765; 765 765; 762 762; 761 762; 759 760; 758 760; 756 758; 755 758; 754 757; 747 757; 746 756; 744 756; 743 755; 742 755; 741 754; 740 754; 739 753; 738 753; 737 752; 736 752; 735 751; 734 751; 732 749; 731 749; 730 748
71; 82 762; 80 764; 78 764; 76 766; 74 766; 72 768; 73 769; 73 771; 74 772; 74 775; 73 776; 73 779; 72 780; 72 783; 73 784; 73 787; 74 788; 74 789; 75 790; 75 803; 73 805; 66 805; 66 808; 67 809; 67 810; 68 810; 69 811; 73 811; 75 813; 75 823; 76 824; 76 826; 78 828; 80 828; 81 827; 82 827; 83 826; 83 825; 85 823; 85 822; 94 813; 96 813; 97 812; 99 812; 100 811; 101 811; 105 807; 106 807; 107 806; 108 806; 109 805; 110 805; 111 804; 112 804; 113 803; 113 802; 124 791; 125 791; 126 790; 127 790; 128 789; 129 789; 131 787; 132 787; 132 784; 130 782; 129 782; 128 781; 126 781; 125 780; 121 780; 120 779; 118 779; 116 777; 115 777; 112 774; 111 774; 110 773; 109 773; 106 770; 106 769; 105 768; 105 766; 103 764; 101 764; 98 767; 95 767; 94 766; 93 766; 92 765; 91 765; 90 764; 87 764; 86 763; 84 763; 83 762
72; 556 759; 555 760; 555 761; 554 762; 554 765; 553 766; 553 767; 552 768; 552 769; 550 771; 550 772; 548 774; 548 775; 547 776; 547 777; 546 778; 546 779; 545 780; 545 784; 537 792; 537 793; 536 794; 536 798; 537 799; 537 800; 538 801; 538 802; 541 805; 542 805; 547 810; 547 811; 548 812; 548 813; 549 814; 549 815; 551 817; 551 818; 553 820; 554 820; 555 821; 561 821; 562 820; 571 820; 572 819; 575 819; 576 818; 579 818; 580 817; 581 817; 582 818; 584 818; 585 819; 587 819; 588 818; 589 818; 590 817; 591 817; 592 816; 602 816; 602 815; 603 814; 603 811; 602 810; 602 809; 600 807; 599 807; 598 806; 597 806; 596 805; 595 805; 593 803; 592 803; 587 798; 587 797; 578 788; 578 787; 575 784; 575 783; 573 781; 573 780; 571 778; 571 777; 567 773; 567 772; 565 770; 565 769; 562 766; 562 765; 560 763; 560 761; 558 759
73; 706 768; 705 769; 705 772; 704 773; 704 775; 701 778; 700 778; 698 780; 698 781; 691 788; 691 789; 689 791; 689 792; 687 794; 687 795; 686 796; 685 796; 683 798; 682 798; 680 800; 679 800; 678 801; 677 801; 677 802; 676 803; 676 804; 675 805; 675 807; 669 813; 668 813; 666 815; 666 822; 667 823; 668 823; 669 824; 674 824; 675 825; 681 825; 682 826; 684 826; 686 828; 687 828; 688 829; 691 829; 692 830; 695 830; 697 832; 697 835; 698 836; 698 837; 700 837; 704 833; 705 833; 706 832; 707 832; 708 831; 709 831; 710 830; 721 830; 722 831; 724 831; 726 833; 727 833; 729 835; 730 835; 731 836; 734 836; 735 835; 735 830; 734 829; 734 825; 736 823; 737 823; 738 824; 739 824; 740 823; 742 823; 745 820; 745 819; 744 818; 744 815; 745 814; 745 812; 739 812; 738 811; 735 811; 733 809; 730 809; 728 807; 728 806; 726 804; 726 803; 723 800; 723 799; 721 797; 721 795; 720 794; 720 792; 719 791; 719 790; 717 788; 717 786; 716 785; 716 781; 715 780; 715 778; 714 777; 714 772; 713 771; 713 770; 712 769; 711 769; 710 768
74; 768 818; 767 819; 766 819; 766 820; 764 822; 763 822; 762 823; 756 823; 755 822; 748 822; 747 821; 745 821; 742 824; 740 824; 739 825; 740 826; 740 827; 742 829; 742 830; 743 831; 743 832; 745 834; 745 835; 746 836; 746 837; 749 840; 749 841; 751 843; 751 844; 752 845; 752 846; 753 847; 753 848; 754 849; 754 850; 755 851; 755 852; 756 853; 756 854; 757 855; 757 857; 758 858; 758 859; 759 860; 759 861; 760 862; 761 862; 764 865; 764 866; 765 867; 765 868; 766 869; 766 870; 767 871; 767 872; 769 874; 769 876; 770 877; 770 879; 771 880; 771 881; 773 883; 773 884; 774 885; 774 886; 776 888; 776 889; 780 889; 781 888; 781 887; 782 886; 782 884; 783 883; 783 882; 784 881; 784 878; 785 877; 785 875; 786 874; 786 873; 787 872; 787 871; 788 870; 788 869; 793 864; 793 863; 795 861; 796 861; 797 860; 798 860; 798 853; 799 852; 799 851; 800 850; 800 849; 801 848; 801 847; 802 846; 802 844; 803 843; 803 839; 804 838; 804 836; 805 835; 805 834; 806 833; 806 831; 807 830; 807 829; 810 826; 810 825; 811 824; 811 821; 810 820; 806 820; 805 821; 802 821; 801 822; 794 822; 793 821; 789 821; 788 820; 787 820; 786 819; 781 819; 780 820; 777 820; 776 819; 775 819; 774 818
75; 58 820; 55 823; 55 824; 51 828; 50 828; 49 829; 44 829; 43 830; 41 830; 39 832; 38 832; 37 833; 36 833; 35 834; 31 834; 30 833; 27 833; 25 835; 25 837; 24 838; 24 839; 22 841; 21 841; 20 842; 19 842; 14 847; 13 847; 12 848; 10 848; 9 849; 8 849; 7 850; 6 850; 4 852; 3 852; 1 854; 0 854; 0 856; 1 856; 5 860; 6 860; 8 862; 9 862; 13 866; 14 866; 16 868; 18 868; 19 869; 20 869; 21 870; 22 870; 23 871; 25 871; 27 873; 28 873; 30 875; 31 875; 33 877; 34 877; 39 882; 39 883; 41 885; 42 885; 44 887; 45 887; 47 889; 48 889; 53 894; 53 895; 54 896; 54 897; 57 900; 60 900; 62 898; 62 893; 63 892; 63 889; 62 888; 62 880; 63 879; 63 874; 62 873; 62 865; 63 864; 63 858; 64 857; 64 856; 65 855; 65 842; 64 841; 64 833; 65 832; 65 830; 66 829; 66 825; 65 824; 65 823; 63 821; 62 821; 61 820
76; 227 818; 227 819; 225 821; 225 822; 222 825; 221 825; 220 826; 218 826; 217 825; 216 825; 214 823; 212 823; 211 824; 211 826; 212 827; 212 829; 206 835; 205 835; 204 836; 199 836; 198 837; 198 839; 199 840; 199 841; 198 842; 198 843; 193 848; 192 848; 189 851; 188 851; 186 853; 185 853; 181 857; 180 857; 179 858; 178 858; 177 859; 176 859; 173 862; 173 865; 176 868; 177 868; 178 869; 182 869; 183 870; 184 870; 185 871; 189 871; 190 872; 192 872; 194 874; 195 874; 197 876; 198 876; 199 877; 200 877; 204 881; 204 882; 212 882; 213 883; 214 883; 215 884; 216 884; 217 885; 219 885; 220 886; 221 886; 222 887; 223 887; 225 889; 226 889; 227 890; 229 890; 230 891; 231 891; 233 893; 235 893; 236 894; 238 894; 239 893; 240 893; 242 891; 242 886; 241 885; 241 883; 240 882; 240 880; 239 879; 239 877; 238 876; 238 875; 237 874; 237 872; 236 871; 236 851; 237 850; 237 844; 236 843; 236 841; 235 840; 235 839; 233 837; 233 836; 232 835; 232 834; 231 833; 231 825; 232 824; 232 819; 231 818
77; 302 837; 301 838; 300 838; 296 842; 296 845; 295 846; 295 847; 294 848; 294 849; 293 850; 293 851; 283 861; 282 861; 281 862; 278 862; 276 864; 276 865; 275 866; 275 870; 274 871; 274 872; 273 873; 273 874; 272 875; 272 876; 269 879; 269 880; 267 882; 267 883; 265 885; 265 886; 263 888; 263 889; 262 890; 262 895; 264 897; 277 897; 283 903; 284 903; 285 904; 287 904; 288 903; 289 903; 292 900; 296 900; 297 901; 299 901; 300 902; 304 902; 305 903; 306 903; 308 905; 308 906; 309 907; 309 908; 311 910; 312 910; 313 911; 316 911; 317 910; 318 910; 320 908; 321 908; 322 907; 324 907; 325 908; 326 908; 327 909; 329 909; 330 908; 331 908; 332 907; 332 902; 331 901; 331 900; 327 896; 327 895; 326 894; 326 889; 325 888; 325 884; 324 883; 324 881; 323 880; 323 879; 322 878; 322 877; 321 876; 321 875; 320 874; 320 873; 319 872; 319 871; 318 870; 318 867; 317 866; 317 861; 316 860; 316 856; 315 855; 315 854; 314 853; 314 852; 313 851; 313 850; 312 849; 312 848; 311 847; 311 843; 310 842; 310 841; 309 840; 309 839; 308 839; 307 838; 306 838; 305 837
78; 482 860; 480 862; 479 862; 477 864; 476 864; 473 867; 472 867; 471 868; 469 868; 468 869; 461 869; 460 870; 453 870; 452 871; 451 871; 448 874; 448 877; 449 878; 449 879; 450 880; 450 881; 451 882; 452 882; 456 886; 457 886; 462 891; 462 892; 465 895; 466 895; 467 896; 473 896; 474 895; 478 895; 479 894; 479 893; 477 891; 477 890; 476 889; 476 888; 474 886; 474 885; 472 883; 474 881; 481 881; 481 878; 482 877; 482 875; 483 874; 483 872; 482 871; 482 870; 481 869; 481 866; 483 864; 483 863; 482 862
79; 501 876; 501 877; 500 878; 500 880; 499 881; 499 885; 498 886; 498 888; 496 890; 496 891; 494 893; 494 894; 493 895; 493 896; 492 897; 492 899; 490 901; 489 901; 487 899; 486 899; 484 897; 483 897; 481 895; 479 895; 478 896; 474 896; 473 897; 468 897; 469 898; 469 899; 471 901; 471 902; 472 903; 472 904; 476 908; 477 908; 479 910; 479 911; 480 912; 481 912; 489 920; 489 921; 490 922; 490 923; 495 928; 500 928; 502 926; 502 918; 503 917; 503 914; 504 913; 504 911; 505 910; 505 908; 506 907; 506 906; 508 904; 509 905; 510 904; 510 901; 511 900; 511 894; 510 893; 510 892; 509 891; 509 884; 510 883; 510 881; 511 880; 511 877; 507 877; 506 876
80; 690 887; 688 889; 688 892; 689 893; 689 895; 690 896; 690 905; 689 906; 689 909; 690 910; 690 913; 691 914; 690 915; 690 918; 689 919; 689 927; 690 928; 690 930; 691 931; 691 932; 692 933; 692 936; 693 937; 693 938; 694 939; 694 942; 695 943; 695 950; 694 951; 694 954; 693 955; 693 962; 694 963; 694 964; 698 964; 701 961; 702 961; 705 958; 706 958; 707 957; 709 957; 710 956; 712 956; 713 955; 714 955; 721 948; 722 948; 723 947; 727 947; 728 948; 731 948; 732 947; 732 945; 731 944; 731 942; 732 941; 732 940; 733 939; 733 938; 737 934; 738 934; 741 931; 742 931; 745 928; 746 928; 747 927; 748 927; 750 925; 751 925; 754 922; 754 920; 751 917; 749 917; 748 916; 746 916; 745 915; 743 915; 742 914; 740 914; 739 913; 738 913; 737 912; 736 912; 735 911; 734 911; 732 909; 731 909; 729 907; 728 907; 727 906; 726 906; 724 904; 723 904; 721 902; 720 902; 718 900; 717 900; 715 898; 714 898; 713 897; 711 897; 710 896; 708 896; 707 895; 705 895; 704 894; 703 894; 702 893; 701 893; 696 888; 694 888; 693 887
81; 512 895; 512 900; 511 901; 511 904; 510 905; 510 906; 511 907; 511 908; 512 909; 512 915; 513 916; 513 930; 514 931; 514 941; 515 942; 515 947; 516 948; 516 950; 517 951; 517 952; 518 953; 518 962; 519 963; 519 967; 518 968; 518 973; 519 974; 524 974; 525 973; 526 973; 533 966; 534 966; 541 959; 542 959; 545 956; 554 956; 555 955; 555 950; 558 947; 559 947; 560 946; 561 946; 562 945; 562 944; 564 942; 565 942; 566 941; 570 941; 571 940; 572 940; 577 935; 577 934; 578 933; 578 931; 575 928; 574 928; 573 927; 570 927; 569 926; 567 926; 566 925; 565 925; 564 924; 563 924; 561 922; 560 922; 558 920; 557 920; 556 919; 554 919; 553 918; 552 918; 551 917; 550 917; 549 916; 548 916; 547 915; 546 915; 542 911; 541 911; 539 909; 537 909; 535 907; 534 907; 533 906; 532 906; 531 905; 525 905; 524 904; 523 904; 520 901; 520 900; 517 897; 516 897; 515 896; 513 896
82; 613 913; 612 914; 611 914; 611 924; 610 925; 610 939; 609 940; 609 941; 608 942; 608 943; 607 944; 606 944; 605 945; 603 945; 600 948; 600 950; 601 951; 601 952; 607 958; 607 961; 608 962; 608 979; 607 980; 607 983; 606 984; 606 987; 605 988; 605 989; 604 990; 604 992; 606 994; 611 994; 612 993; 613 993; 616 990; 617 990; 619 988; 620 988; 622 986; 623 986; 624 985; 625 985; 626 984; 627 984; 628 983; 629 983; 630 982; 631 982; 632 981; 633 981; 638 976; 639 976; 640 975; 643 975; 644 974; 646 974; 649 971; 650 971; 652 969; 654 969; 655 968; 656 968; 657 967; 659 967; 660 966; 663 966; 664 967; 669 967; 670 966; 670 958; 668 956; 666 956; 665 955; 664 955; 663 954; 662 954; 661 953; 661 952; 660 951; 660 950; 659 949; 659 948; 658 947; 657 947; 653 943; 653 942; 652 941; 652 940; 651 939; 651 938; 650 937; 649 937; 648 936; 646 936; 645 935; 644 935; 643 934; 642 934; 641 933; 641 932; 637 928; 635 928; 634 927; 633 927; 632 926; 631 926; 630 925; 629 925; 628 924; 627 924; 623 920; 623 919; 622 918; 622 917; 619 914; 617 914; 616 913
83; 100 956; 100 957; 99 958; 99 959; 98 960; 98 963; 97 964; 97 975; 96 976; 96 978; 95 979; 95 981; 94 982; 94 996; 93 997; 93 1002; 94 1003; 94 1006; 93 1007; 93 1014; 92 1015; 92 1017; 91 1018; 91 1023; 103 1023; 103 1015; 104 1014; 104 1009; 105 1008; 105 1006; 106 1005; 106 985; 107 984; 107 983; 109 981; 110 982; 111 982; 117 988; 117 989; 125 997; 131 997; 132 996; 135 996; 136 995; 136 993; 134 991; 134 990; 133 989; 133 988; 129 984; 129 983; 127 981; 127 979; 126 978; 126 977; 123 974; 122 974; 113 965; 112 965; 108 961; 108 960; 104 956
84; 757 952; 754 955; 754 956; 753 957; 753 960; 752 961; 752 965; 751 966; 751 967; 750 968; 750 970; 749 971; 749 972; 746 975; 745 975; 743 977; 742 977; 740 979; 740 980; 736 984; 736 985; 732 989; 732 990; 731 991; 731 992; 730 993; 730 994; 728 996; 728 997; 724 1001; 724 1002; 721 1005; 721 1006; 718 1009; 718 1010; 714 1014; 714 1015; 713 1016; 713 1018; 714 1019; 714 1021; 715 1022; 715 1023; 762 1023; 762 1022; 761 1021; 760 1021; 759 1020; 758 1020; 756 1018; 755 1018; 754 1017; 752 1017; 751 1016; 748 1016; 747 1015; 746 1015; 745 1014; 743 1014; 742 1013; 741 1013; 740 1012; 738 1012; 734 1008; 736 1006; 736 1005; 738 1003; 738 1002; 739 1001; 739 1000; 740 999; 740 998; 747 991; 748 991; 749 990; 750 990; 751 989; 752 989; 753 988; 754 988; 755 987; 757 987; 758 988; 758 989; 759 990; 759 995; 760 996; 760 997; 761 998; 761 999; 762 1000; 762 1006; 763 1007; 763 1011; 764 1012; 764 1015; 765 1016; 765 1018; 766 1019; 766 1020; 767 1021; 767 1023; 777 1023; 777 1019; 776 1018; 776 1016; 775 1015; 775 1011; 774 1010; 774 1006; 773 1005; 773 995; 772 994; 772 992; 771 991; 771 988; 770 987; 770 986; 769 985; 769 983; 767 981; 767 972; 766 971; 766 969; 765 968; 765 962; 764 961; 764 960; 762 958; 762 957; 761 956; 761 955; 760 954; 760 953; 759 952
85; 573 956; 572 957; 571 957; 569 959; 569 970; 568 971; 568 974; 567 975; 567 986; 566 987; 566 988; 565 989; 565 990; 561 994; 560 994; 558 996; 558 1003; 559 1004; 559 1023; 569 1023; 569 1014; 570 1013; 570 1008; 571 1007; 571 1003; 572 1002; 572 1001; 573 1000; 573 999; 575 997; 575 996; 576 995; 576 994; 577 993; 577 992; 579 990; 581 990; 582 991; 583 991; 588 996; 589 996; 593 1000; 593 1001; 594 1002; 594 1003; 595 1004; 595 1005; 597 1007; 597 1008; 598 1009; 598 1011; 599 1012; 599 1014; 592 1021; 592 1023; 622 1023; 622 1022; 621 1021; 621 1020; 619 1018; 618 1018; 615 1015; 615 1014; 612 1011; 612 1010; 611 1009; 611 1008; 610 1007; 610 1006; 607 1003; 607 1002; 606 1001; 606 1000; 605 999; 605 996; 606 995; 602 991; 600 991; 595 986; 595 984; 594 983; 594 981; 595 980; 595 976; 594 975; 594 974; 593 974; 592 973; 591 973; 590 972; 587 972; 586 971; 585 971; 584 970; 583 970; 579 966; 579 965; 578 964; 578 961; 577 960; 577 957; 576 956
86; 422 978; 422 1001; 426 1023; 446 1023; 446 1021; 457 1011; 457 1005; 478 987; 483 980; 452 962
87; 452 962; 450 959; 450 952; 437 953; 424 943; 416 942; 414 945; 414 954; 422 978
88; 843 1010; 855 1008; 866 1003; 874 1004; 888 995; 887 991; 879 987; 872 971; 862 964; 857 955; 847 945; 845 938; 839 933; 833 936; 831 955; 827 964; 821 971; 825 988; 822 995
89; 137 995; 135 997; 132 997; 131 998; 126 998; 126 999; 129 1002; 129 1003; 131 1005; 131 1009; 128 1012; 127 1012; 126 1013; 124 1013; 123 1014; 120 1014; 119 1015; 118 1015; 117 1016; 117 1017; 114 1020; 114 1023; 151 1023; 151 1022; 154 1019; 154 1018; 155 1017; 155 1012; 154 1011; 154 1010; 143 999; 142 999; 139 996; 138 996
