0; 108 0; 108 1; 107 2; 106 2; 105 3; 104 3; 103 4; 102 4; 101 5; 100 5; 99 6; 94 6; 93 7; 92 7; 91 8; 91 10; 93 12; 95 12; 96 13; 97 13; 99 15; 100 15; 102 17; 103 17; 107 21; 107 22; 108 23; 108 24; 109 25; 111 25; 112 26; 115 26; 117 28; 118 28; 120 30; 121 30; 128 37; 131 37; 133 35; 133 33; 134 32; 134 28; 133 27; 133 26; 134 25; 134 21; 135 20; 135 13; 136 12; 136 10; 137 9; 137 5; 136 4; 136 0
1; 77 9; 76 10; 69 10; 68 11; 61 11; 60 10; 58 10; 57 11; 55 11; 54 12; 52 12; 51 13; 46 13; 45 14; 41 14; 40 15; 31 15; 30 16; 30 19; 32 21; 33 21; 42 30; 42 32; 43 33; 43 34; 45 36; 46 36; 47 37; 48 37; 55 44; 55 45; 57 47; 57 48; 60 51; 60 52; 61 52; 62 53; 64 53; 65 52; 65 50; 66 49; 66 47; 67 46; 67 44; 68 43; 68 40; 69 39; 69 38; 71 36; 71 35; 72 34; 72 32; 73 31; 73 29; 74 28; 74 26; 75 25; 75 21; 76 20; 76 18; 78 16; 78 15; 80 13; 80 10; 79 9
2; 320 5; 318 7; 318 13; 319 14; 318 15; 318 18; 317 19; 317 20; 316 21; 316 31; 315 32; 315 33; 314 34; 314 44; 313 45; 313 46; 312 47; 312 50; 314 52; 316 52; 317 51; 319 51; 320 50; 322 50; 323 49; 324 49; 325 48; 326 48; 327 47; 329 47; 330 46; 336 46; 337 45; 339 45; 341 43; 342 43; 344 41; 346 41; 347 40; 348 40; 349 39; 351 39; 352 38; 354 38; 355 37; 357 37; 357 31; 356 31; 355 30; 354 30; 351 27; 350 27; 342 19; 342 18; 341 17; 340 17; 339 16; 338 16; 337 15; 335 15; 333 13; 332 13; 328 9; 327 9; 326 8; 326 7; 325 6; 324 6; 323 5
3; 1006 5; 1006 6; 1004 8; 1004 9; 1003 10; 1003 11; 997 17; 996 17; 994 19; 994 20; 985 29; 985 30; 984 31; 984 32; 979 37; 978 37; 978 40; 980 42; 980 44; 981 43; 984 43; 985 42; 986 42; 987 43; 991 43; 992 44; 995 44; 999 48; 1001 48; 1002 47; 1004 47; 1005 46; 1018 46; 1019 47; 1023 47; 1023 32; 1022 32; 1020 30; 1020 28; 1019 27; 1019 23; 1020 22; 1023 22; 1023 18; 1021 18; 1020 19; 1018 19; 1014 15; 1014 13; 1013 12; 1013 9; 1012 8; 1012 7; 1011 6; 1011 5
4; 358 37; 384 78; 391 83; 396 77; 399 67; 406 62; 414 39
5; 414 39; 413 33; 395 0; 383 0; 379 9; 367 23; 364 27; 358 31; 358 37
6; 367 23; 365 22; 365 14; 370 5; 370 0; 360 0; 357 8; 353 8; 346 0; 333 0; 364 27
7; 964 24; 961 27; 961 28; 959 30; 959 31; 956 34; 956 35; 952 39; 952 40; 948 44; 947 44; 945 46; 944 46; 940 50; 940 51; 936 55; 936 58; 938 60; 938 61; 939 62; 947 62; 948 63; 952 63; 953 64; 954 64; 956 66; 956 67; 957 68; 960 68; 961 67; 962 67; 963 66; 964 66; 965 65; 970 65; 971 66; 974 66; 975 67; 977 67; 978 68; 984 68; 984 64; 981 61; 981 60; 980 59; 980 57; 979 56; 979 48; 978 47; 978 46; 979 45; 979 42; 977 40; 977 38; 976 39; 975 39; 971 35; 971 34; 970 33; 970 29; 969 28; 969 25; 968 24
8; 866 44; 866 45; 864 47; 864 50; 863 51; 863 53; 864 54; 864 61; 863 62; 863 68; 864 69; 864 70; 863 71; 863 90; 865 92; 867 92; 868 91; 869 91; 872 88; 873 88; 874 87; 875 87; 876 86; 877 86; 878 85; 880 85; 881 84; 882 84; 883 83; 884 83; 885 82; 887 82; 888 83; 890 83; 890 81; 894 77; 897 77; 898 76; 899 76; 900 75; 901 75; 902 74; 903 74; 904 73; 907 73; 908 72; 909 72; 909 69; 908 68; 907 68; 905 66; 904 66; 903 65; 902 65; 901 64; 900 64; 896 60; 895 60; 894 59; 893 59; 892 58; 891 58; 890 57; 889 57; 887 55; 886 55; 885 54; 884 54; 883 53; 882 53; 880 51; 879 51; 876 48; 875 48; 871 44
9; 33 69; 32 70; 25 70; 24 71; 16 71; 15 72; 12 72; 11 73; 4 73; 3 74; 2 73; 0 73; 0 94; 1 95; 2 95; 6 99; 6 100; 8 102; 8 103; 9 104; 10 104; 16 110; 16 111; 17 112; 20 112; 21 111; 21 110; 22 109; 22 108; 23 107; 23 106; 25 104; 26 104; 26 103; 27 102; 27 101; 26 100; 26 99; 25 98; 25 97; 26 96; 26 95; 29 92; 29 91; 30 90; 30 84; 31 83; 31 80; 32 79; 32 77; 34 75; 34 74; 36 72; 36 70; 35 69
10; 207 52; 203 56; 202 56; 199 59; 198 59; 197 60; 196 60; 195 61; 194 61; 193 62; 191 62; 190 63; 188 63; 186 65; 186 66; 181 71; 180 71; 178 73; 177 73; 174 76; 173 76; 172 77; 171 77; 170 78; 170 81; 171 82; 172 82; 173 83; 174 83; 175 84; 176 84; 177 85; 181 85; 182 86; 184 86; 186 88; 187 88; 188 89; 190 89; 191 90; 194 90; 195 91; 197 91; 198 92; 199 92; 200 93; 203 93; 204 94; 206 94; 207 95; 208 95; 209 96; 210 96; 211 97; 212 97; 213 98; 217 98; 217 93; 216 92; 216 91; 215 90; 215 75; 214 74; 214 66; 213 65; 213 62; 212 61; 212 53; 211 52
11; 921 56; 920 57; 920 74; 919 75; 919 88; 920 89; 920 97; 919 98; 919 104; 924 104; 927 101; 928 101; 929 100; 930 100; 931 99; 932 99; 933 98; 934 98; 936 96; 938 96; 939 95; 940 95; 942 93; 944 93; 945 92; 946 92; 947 91; 948 91; 949 90; 950 90; 952 88; 953 88; 954 87; 955 87; 956 86; 957 86; 958 85; 959 85; 961 83; 962 83; 963 82; 963 80; 961 78; 960 78; 959 77; 958 77; 957 76; 956 76; 955 75; 954 75; 953 74; 952 74; 951 73; 950 73; 949 72; 948 72; 946 70; 946 69; 945 68; 944 68; 943 67; 940 67; 938 65; 938 62; 937 61; 937 60; 935 58; 935 56; 934 57; 933 57; 932 58; 931 58; 930 59; 929 59; 928 58; 926 58; 925 57; 924 57; 923 56
12; 73 58; 73 59; 71 61; 71 62; 69 64; 69 65; 68 66; 68 67; 64 71; 61 71; 60 70; 58 70; 57 71; 57 74; 59 76; 59 77; 58 78; 58 79; 57 80; 57 81; 56 82; 56 86; 55 87; 55 88; 54 89; 54 90; 49 95; 49 96; 52 96; 53 97; 55 97; 56 98; 72 98; 73 99; 80 99; 81 98; 96 98; 97 99; 99 99; 100 98; 100 95; 99 94; 99 93; 98 92; 98 91; 97 91; 96 90; 96 89; 93 86; 93 85; 92 84; 92 83; 90 81; 90 80; 89 79; 89 78; 88 77; 88 76; 84 72; 84 71; 83 70; 83 69; 81 67; 81 65; 80 64; 80 63; 79 62; 79 61; 77 59; 77 58
13; 445 78; 444 79; 444 80; 443 81; 443 83; 444 84; 444 88; 445 89; 445 97; 444 98; 444 103; 445 104; 445 105; 446 106; 446 108; 447 109; 447 112; 448 113; 448 116; 447 117; 447 118; 446 119; 446 123; 447 124; 452 124; 453 123; 454 123; 455 122; 456 122; 458 120; 459 120; 462 117; 463 117; 464 116; 465 116; 466 115; 467 115; 468 114; 470 114; 471 113; 472 113; 475 110; 476 110; 478 108; 479 108; 481 106; 482 106; 483 105; 484 105; 486 103; 487 103; 488 102; 489 102; 490 101; 490 97; 489 97; 488 96; 481 96; 478 93; 477 93; 473 89; 472 89; 471 88; 470 88; 468 86; 465 86; 464 85; 463 85; 462 84; 461 84; 460 83; 457 83; 456 82; 455 82; 454 81; 453 81; 451 79; 450 79; 449 78
14; 138 84; 138 95; 137 96; 137 98; 136 99; 136 104; 135 105; 135 106; 134 107; 134 109; 133 110; 133 118; 134 119; 134 123; 133 124; 133 130; 140 130; 141 129; 143 129; 144 128; 145 128; 147 126; 148 126; 149 125; 150 125; 151 124; 152 124; 153 123; 156 123; 157 122; 158 122; 159 121; 160 121; 161 120; 163 120; 164 119; 166 119; 168 117; 169 117; 170 116; 171 116; 173 114; 175 114; 176 113; 178 113; 179 112; 179 109; 178 108; 177 108; 176 107; 175 107; 174 106; 172 106; 170 104; 169 104; 165 100; 163 100; 162 99; 161 99; 160 98; 159 98; 158 97; 157 97; 155 95; 154 95; 152 93; 151 93; 147 89; 147 88; 144 85; 143 85; 142 84
15; 124 92; 123 93; 121 93; 120 94; 119 94; 116 97; 115 97; 113 99; 112 99; 111 100; 110 100; 109 101; 108 101; 107 102; 104 102; 103 103; 102 103; 101 104; 101 105; 96 110; 95 110; 93 112; 92 112; 91 113; 89 113; 88 114; 85 114; 84 115; 84 118; 85 119; 88 119; 89 120; 90 120; 91 121; 93 121; 95 123; 96 123; 98 125; 99 125; 100 126; 102 126; 104 128; 105 128; 106 129; 107 129; 108 130; 111 130; 112 131; 113 131; 114 132; 116 132; 117 133; 118 133; 119 134; 120 134; 121 135; 122 135; 124 137; 125 137; 126 138; 128 138; 130 136; 130 132; 132 130; 132 126; 130 126; 129 125; 129 120; 130 119; 130 116; 129 115; 129 110; 128 109; 128 107; 127 106; 127 92
16; 48 97; 48 98; 45 101; 44 101; 43 102; 37 102; 36 101; 28 101; 28 102; 27 103; 27 104; 33 110; 33 111; 35 113; 35 114; 36 115; 36 116; 37 117; 37 118; 38 119; 38 120; 39 121; 39 122; 40 123; 40 124; 41 125; 41 126; 42 127; 42 128; 43 129; 43 130; 47 134; 47 135; 48 136; 48 137; 49 138; 49 139; 50 140; 50 142; 51 143; 54 143; 55 142; 55 141; 56 140; 56 136; 57 135; 57 134; 60 131; 60 130; 69 121; 69 120; 70 119; 70 118; 71 117; 71 116; 73 114; 73 113; 74 112; 74 111; 80 105; 80 103; 79 102; 74 102; 73 103; 66 103; 65 102; 58 102; 56 100; 56 99; 55 98; 53 98; 52 97
17; 973 103; 972 104; 970 104; 969 105; 963 105; 962 106; 961 106; 960 105; 958 105; 957 106; 953 106; 952 107; 951 107; 950 108; 949 108; 948 109; 944 109; 943 110; 941 110; 940 111; 938 111; 937 112; 928 112; 928 113; 927 114; 927 116; 928 117; 928 118; 927 119; 930 122; 931 121; 933 121; 936 124; 937 124; 938 125; 938 126; 942 130; 942 131; 944 133; 944 134; 945 134; 946 135; 947 135; 948 136; 949 136; 957 144; 957 145; 960 148; 963 148; 964 147; 964 146; 965 145; 965 136; 966 135; 966 134; 967 133; 967 132; 970 129; 970 128; 971 127; 971 121; 972 120; 972 118; 973 117; 973 114; 974 113; 974 112; 975 111; 975 110; 976 109; 976 108; 977 107; 977 106; 978 105; 978 103
18; 508 109; 507 110; 506 110; 505 111; 503 111; 502 112; 493 112; 492 113; 485 113; 484 114; 484 116; 485 117; 485 118; 486 119; 486 120; 487 121; 487 122; 488 123; 488 124; 489 125; 489 126; 492 129; 492 130; 493 131; 493 134; 495 134; 496 135; 497 135; 498 136; 499 136; 501 138; 501 139; 503 141; 503 142; 507 146; 507 147; 508 148; 508 149; 510 151; 511 151; 512 152; 515 152; 517 150; 517 148; 518 147; 518 144; 519 143; 519 142; 521 140; 521 139; 522 138; 522 137; 523 136; 523 134; 524 133; 524 132; 527 129; 527 128; 528 127; 528 126; 529 125; 529 124; 531 122; 531 121; 533 119; 533 117; 534 116; 534 111; 533 110; 533 109; 528 109; 527 110; 511 110; 510 109
19; 78 119; 77 120; 77 134; 76 135; 76 137; 75 138; 75 141; 76 142; 76 147; 75 148; 75 155; 74 156; 74 158; 73 159; 73 161; 72 162; 72 163; 71 164; 73 166; 75 166; 76 165; 77 165; 79 163; 80 163; 81 162; 82 162; 83 161; 85 161; 86 160; 88 160; 89 159; 91 159; 92 158; 100 158; 101 157; 102 157; 104 155; 107 155; 109 153; 110 153; 112 151; 113 151; 114 150; 116 150; 117 149; 118 149; 119 148; 119 146; 118 145; 118 144; 116 144; 115 143; 114 143; 113 142; 111 142; 108 139; 107 139; 105 137; 104 137; 102 135; 101 135; 98 132; 98 131; 96 129; 94 129; 93 128; 91 128; 88 125; 87 125; 83 121; 83 120; 82 119
20; 926 120; 925 121; 924 121; 919 126; 918 126; 917 127; 916 127; 915 128; 914 128; 912 130; 911 130; 909 132; 908 132; 906 134; 905 134; 902 137; 901 137; 896 142; 895 142; 892 145; 891 145; 890 146; 889 146; 888 147; 887 147; 887 150; 888 151; 892 151; 893 152; 895 152; 896 153; 898 153; 899 154; 901 154; 902 155; 903 155; 907 159; 908 159; 909 160; 914 160; 915 161; 918 161; 919 162; 922 162; 923 163; 924 163; 925 164; 926 164; 927 165; 928 165; 930 167; 934 167; 934 163; 933 162; 933 161; 932 160; 932 158; 931 157; 931 144; 930 143; 930 136; 929 135; 929 122; 927 120
21; 731 127; 730 128; 730 134; 731 135; 731 137; 732 138; 732 143; 733 144; 733 147; 732 148; 732 153; 733 154; 733 156; 734 157; 734 172; 735 173; 735 174; 740 174; 740 173; 743 170; 744 170; 746 168; 747 168; 749 166; 750 166; 753 163; 755 163; 757 161; 758 161; 759 160; 761 160; 762 159; 763 159; 764 158; 765 158; 766 157; 766 156; 767 155; 768 155; 772 151; 773 151; 775 149; 776 149; 777 148; 778 148; 778 145; 777 144; 775 144; 774 143; 770 143; 769 142; 768 142; 767 141; 766 141; 763 138; 762 138; 761 137; 760 137; 759 136; 758 136; 757 135; 755 135; 754 134; 751 134; 750 133; 749 133; 747 131; 746 131; 745 130; 743 130; 742 129; 739 129; 738 128; 737 128; 736 127
22; 288 131; 287 132; 286 132; 285 133; 284 133; 283 134; 282 134; 281 135; 280 135; 279 136; 271 136; 269 138; 268 138; 267 139; 264 139; 263 140; 255 140; 254 141; 251 141; 250 142; 243 142; 242 143; 242 147; 244 149; 245 149; 249 153; 250 153; 253 156; 253 157; 255 159; 255 160; 257 162; 258 162; 259 163; 260 163; 263 166; 264 166; 266 168; 267 168; 274 175; 274 176; 276 178; 279 178; 280 177; 280 176; 281 175; 281 173; 282 172; 282 164; 283 163; 283 162; 284 161; 284 159; 285 158; 285 155; 286 154; 286 151; 287 150; 287 147; 288 146; 288 142; 289 141; 289 138; 290 137; 290 136; 291 135; 291 132; 290 131
23; 35 134; 34 135; 33 135; 32 136; 31 136; 30 137; 27 137; 26 138; 24 138; 23 139; 22 139; 20 141; 18 141; 17 142; 12 142; 11 143; 10 143; 9 144; 8 144; 6 146; 5 146; 4 147; 3 147; 2 148; 0 148; 0 159; 1 160; 3 160; 5 162; 6 162; 8 164; 9 164; 10 165; 11 165; 12 166; 13 166; 14 167; 15 167; 16 168; 17 168; 19 170; 20 170; 29 179; 30 179; 31 180; 35 180; 35 173; 36 172; 36 167; 35 166; 35 163; 36 162; 36 161; 37 160; 37 142; 38 141; 38 140; 39 139; 39 138; 40 137; 40 134
24; 543 134; 543 135; 540 138; 540 139; 531 148; 530 148; 527 151; 527 155; 526 156; 526 157; 524 159; 523 159; 517 165; 517 166; 516 167; 516 171; 517 172; 527 172; 528 173; 530 173; 531 174; 540 174; 541 175; 552 175; 553 176; 556 176; 557 177; 566 177; 566 172; 563 169; 563 168; 561 166; 561 165; 560 164; 560 163; 559 162; 559 159; 558 158; 558 154; 557 153; 557 152; 556 151; 556 150; 555 149; 555 148; 552 145; 552 144; 550 142; 550 141; 549 140; 549 138; 548 137; 548 135; 547 134
25; 873 150; 872 151; 872 159; 873 160; 873 168; 871 170; 871 175; 872 176; 872 177; 873 178; 873 182; 872 183; 872 197; 873 198; 876 198; 877 197; 878 197; 882 193; 883 193; 884 192; 885 192; 886 191; 887 191; 889 189; 890 189; 891 188; 892 188; 894 186; 895 186; 896 185; 897 185; 898 184; 901 184; 902 183; 904 183; 906 181; 907 181; 909 179; 910 179; 911 178; 913 178; 916 175; 916 173; 915 172; 914 172; 913 171; 912 171; 911 170; 910 170; 909 169; 908 169; 905 166; 903 166; 902 165; 901 165; 900 164; 899 164; 897 162; 896 162; 894 160; 893 160; 892 159; 890 159; 889 158; 888 158; 887 157; 886 157; 882 153; 880 153; 878 151; 877 151; 876 150
26; 846 162; 845 163; 838 163; 837 164; 835 164; 834 165; 825 165; 824 166; 813 166; 812 167; 811 167; 811 170; 817 176; 817 177; 819 179; 819 180; 823 184; 823 185; 824 186; 824 187; 828 191; 829 191; 831 193; 831 194; 835 198; 835 199; 837 201; 837 202; 839 204; 839 205; 844 205; 844 203; 845 202; 845 199; 846 198; 846 196; 847 195; 847 193; 848 192; 848 191; 849 190; 849 189; 850 188; 850 187; 852 185; 852 184; 854 182; 854 181; 855 180; 855 179; 856 178; 856 171; 862 165; 862 163; 861 162
27; 43 196; 39 199; 25 200; 23 204; 40 220; 52 237; 56 239; 61 231; 63 221; 75 197
28; 75 197; 83 191; 83 188; 71 172; 73 167; 65 164; 58 153; 54 152; 52 159; 41 172; 39 179; 36 180; 36 186; 32 191; 32 194; 40 194; 43 196
29; 659 165; 658 166; 658 184; 657 185; 657 190; 658 191; 658 195; 657 196; 657 201; 656 202; 656 203; 655 204; 655 210; 656 211; 656 212; 658 214; 661 214; 666 209; 667 209; 668 208; 669 208; 670 207; 671 207; 673 205; 674 205; 675 204; 676 204; 677 203; 680 203; 681 202; 684 202; 685 201; 687 201; 688 200; 689 200; 690 199; 693 199; 694 198; 695 198; 699 194; 703 194; 704 193; 704 190; 701 187; 700 187; 699 186; 697 186; 696 185; 695 185; 694 184; 693 184; 689 180; 688 180; 686 178; 685 178; 684 177; 682 177; 677 172; 675 172; 674 171; 671 171; 670 170; 669 170; 668 169; 667 169; 664 166; 663 166; 662 165
30; 294 202; 293 203; 281 203; 280 204; 278 204; 277 205; 274 205; 273 206; 269 206; 268 207; 266 207; 265 208; 257 208; 256 209; 254 209; 253 210; 253 214; 254 214; 256 216; 257 216; 262 221; 262 222; 264 224; 264 225; 265 226; 266 226; 270 230; 270 231; 273 234; 273 235; 276 238; 276 239; 281 244; 281 245; 282 245; 283 246; 287 246; 288 245; 288 242; 289 241; 289 239; 290 238; 290 234; 291 233; 291 231; 292 230; 292 229; 296 225; 296 221; 297 220; 297 218; 298 217; 298 216; 299 215; 299 214; 300 213; 300 212; 301 211; 301 206; 300 205; 300 202
31; 306 196; 305 197; 305 198; 304 199; 304 200; 303 201; 302 201; 301 202; 301 205; 302 206; 302 209; 303 209; 304 210; 304 237; 303 238; 303 240; 302 241; 302 244; 303 245; 307 245; 309 243; 311 243; 314 240; 315 240; 316 239; 317 239; 318 238; 320 238; 321 237; 322 237; 323 236; 325 236; 326 235; 328 235; 329 234; 330 234; 331 233; 332 233; 333 232; 334 232; 335 231; 337 231; 338 230; 339 230; 340 229; 341 229; 342 228; 346 228; 347 227; 349 227; 350 226; 350 223; 347 220; 346 220; 344 218; 343 218; 342 217; 341 217; 340 216; 339 216; 334 211; 334 210; 333 209; 333 208; 332 207; 330 207; 329 208; 328 208; 327 207; 325 207; 324 206; 323 206; 321 204; 320 204; 318 202; 317 202; 315 200; 314 200; 313 199; 312 199; 311 198; 310 198; 308 196
32; 819 200; 818 201; 818 205; 817 206; 817 211; 816 212; 816 214; 815 215; 815 217; 814 218; 814 225; 813 226; 813 228; 812 229; 812 230; 811 231; 811 232; 810 233; 810 240; 809 241; 809 242; 808 243; 808 246; 809 247; 809 248; 810 249; 813 249; 817 245; 818 245; 819 244; 821 244; 822 243; 826 243; 827 242; 836 242; 839 239; 841 239; 842 238; 844 238; 846 236; 850 236; 851 235; 853 235; 854 234; 856 234; 857 233; 857 231; 851 225; 851 224; 848 221; 847 221; 845 219; 844 219; 841 216; 840 216; 837 213; 837 212; 835 210; 835 209; 834 209; 833 208; 831 208; 823 200
33; 494 211; 494 212; 493 213; 493 215; 492 216; 492 218; 491 219; 491 220; 488 223; 488 224; 485 227; 484 227; 483 228; 481 228; 478 231; 478 232; 477 233; 477 235; 472 240; 471 240; 468 243; 467 243; 467 244; 466 245; 466 246; 465 247; 465 250; 466 251; 471 251; 472 252; 482 252; 484 254; 486 254; 487 255; 493 255; 494 256; 495 256; 496 257; 502 257; 503 256; 506 256; 508 258; 510 258; 511 259; 516 259; 517 258; 517 255; 516 254; 516 253; 515 252; 515 249; 514 248; 514 243; 513 242; 513 241; 510 238; 510 237; 509 236; 509 234; 508 233; 508 232; 507 231; 507 229; 506 228; 506 226; 505 225; 505 223; 504 222; 504 218; 503 217; 503 215; 502 215; 499 212; 498 212; 497 211
34; 951 214; 950 215; 949 215; 948 216; 947 216; 945 218; 943 218; 942 219; 941 219; 939 221; 938 221; 935 224; 934 224; 931 227; 930 227; 929 228; 928 228; 925 231; 924 231; 921 234; 920 234; 919 235; 918 235; 917 236; 915 236; 914 237; 913 237; 912 238; 911 238; 910 239; 910 242; 911 243; 917 243; 918 244; 919 244; 920 245; 921 245; 923 247; 924 247; 925 248; 926 248; 927 249; 928 249; 932 253; 932 254; 933 255; 934 255; 935 256; 940 256; 941 257; 943 257; 944 258; 946 258; 947 259; 948 259; 949 260; 950 260; 952 262; 953 262; 954 263; 957 263; 959 261; 959 258; 958 257; 958 256; 957 255; 957 253; 956 252; 956 246; 957 245; 957 242; 958 241; 958 237; 955 234; 955 233; 954 232; 954 226; 955 225; 955 223; 954 222; 954 215; 953 214
35; 0 276; 0 285; 1 285; 2 286; 3 286; 4 287; 5 287; 6 288; 7 288; 8 289; 8 290; 9 291; 9 292; 5 296; 3 296; 2 297; 0 297; 0 304; 2 304; 3 303; 5 303; 6 302; 9 302; 10 301; 11 301; 14 298; 15 298; 16 297; 18 297; 19 296; 20 296; 21 295; 24 295; 25 294; 26 294; 27 293; 27 290; 25 288; 22 288; 21 287; 19 287; 18 286; 17 286; 16 285; 15 285; 14 284; 13 284; 11 282; 10 282; 8 280; 7 280; 5 278; 4 278; 3 277; 2 277; 1 276
36; 122 278; 122 282; 120 284; 119 284; 118 283; 111 283; 110 282; 109 282; 108 281; 107 281; 106 280; 104 280; 103 279; 95 279; 94 280; 93 280; 92 281; 90 281; 89 282; 82 282; 81 283; 80 283; 79 284; 79 286; 87 294; 87 296; 88 297; 88 298; 96 306; 96 307; 99 310; 99 311; 101 313; 101 314; 106 319; 106 320; 107 321; 107 322; 110 322; 111 321; 111 319; 112 318; 112 317; 114 315; 114 313; 115 312; 115 310; 116 309; 116 308; 117 307; 117 306; 120 303; 120 298; 121 297; 121 296; 122 295; 122 294; 127 289; 127 287; 129 285; 129 284; 130 283; 130 280; 129 279; 128 279; 127 278
37; 662 284; 661 285; 655 285; 654 286; 653 286; 652 287; 651 287; 650 288; 646 288; 645 289; 642 289; 641 290; 636 290; 635 291; 634 291; 631 294; 623 294; 622 295; 621 295; 620 296; 620 299; 621 300; 622 300; 624 302; 625 302; 632 309; 632 310; 634 312; 634 313; 635 314; 635 315; 636 316; 637 316; 638 317; 641 317; 646 322; 647 322; 649 324; 650 324; 652 326; 652 327; 653 328; 653 329; 655 331; 657 331; 659 329; 659 328; 660 327; 660 325; 661 324; 661 319; 662 318; 662 315; 663 314; 663 311; 664 310; 664 309; 665 308; 665 305; 664 304; 664 302; 665 301; 665 300; 666 299; 666 297; 667 296; 667 293; 668 292; 668 291; 669 290; 669 284
38; 170 292; 168 294; 168 297; 169 298; 169 299; 171 301; 171 302; 174 305; 174 306; 175 307; 175 309; 176 310; 176 312; 175 313; 175 317; 180 322; 180 323; 181 324; 181 325; 182 326; 182 327; 183 328; 183 333; 184 334; 184 337; 185 338; 188 338; 190 336; 190 335; 191 334; 191 333; 197 327; 198 327; 203 322; 203 321; 204 320; 204 319; 207 316; 208 316; 219 305; 219 302; 217 300; 209 300; 208 299; 205 299; 204 298; 199 298; 198 297; 196 297; 195 296; 193 296; 192 295; 188 295; 187 296; 182 296; 181 295; 178 295; 177 294; 176 294; 175 293; 174 293; 173 292
39; 280 294; 279 295; 279 297; 281 299; 281 300; 282 301; 282 303; 283 304; 283 310; 284 311; 284 322; 285 323; 285 326; 286 327; 286 329; 287 330; 287 333; 288 334; 288 341; 289 342; 292 342; 304 330; 305 330; 308 327; 309 327; 313 323; 314 323; 316 321; 317 321; 318 320; 319 320; 321 318; 322 318; 323 317; 325 317; 326 316; 328 316; 330 314; 330 311; 329 310; 324 310; 323 309; 321 309; 320 308; 319 308; 318 307; 317 307; 316 306; 315 306; 309 300; 307 300; 306 299; 301 299; 300 298; 297 298; 296 297; 292 297; 291 296; 289 296; 288 295; 287 295; 286 294
40; 158 290; 157 291; 157 292; 152 297; 151 297; 150 298; 149 298; 148 299; 147 299; 140 306; 139 306; 135 310; 134 310; 131 313; 130 313; 129 314; 128 314; 127 315; 126 315; 125 316; 124 316; 122 318; 122 321; 123 322; 126 322; 127 323; 131 323; 132 324; 133 324; 134 325; 136 325; 137 326; 138 326; 140 328; 141 328; 143 330; 148 330; 149 331; 152 331; 153 332; 154 332; 155 333; 157 333; 158 334; 161 334; 162 335; 163 335; 165 337; 170 337; 170 332; 169 331; 169 330; 168 329; 168 327; 167 326; 167 319; 166 318; 166 316; 165 315; 165 307; 164 306; 164 304; 163 303; 163 297; 164 296; 164 294; 163 293; 163 292; 161 290
41; 696 290; 695 291; 695 293; 694 294; 694 304; 693 305; 693 308; 692 309; 692 311; 691 312; 691 313; 690 314; 690 315; 689 316; 689 317; 688 318; 688 319; 687 320; 687 330; 686 331; 686 333; 685 334; 685 335; 684 336; 684 338; 686 340; 690 340; 691 339; 692 339; 693 338; 694 338; 695 337; 697 337; 698 336; 699 336; 700 335; 701 335; 702 334; 704 334; 705 333; 709 333; 710 332; 713 332; 714 331; 716 331; 717 330; 723 330; 724 329; 725 329; 726 328; 730 328; 731 327; 733 327; 735 325; 735 322; 734 321; 733 321; 732 320; 731 320; 730 319; 729 319; 726 316; 725 316; 721 312; 721 311; 720 310; 720 309; 719 308; 719 307; 716 304; 715 304; 713 302; 711 302; 710 301; 709 301; 701 293; 701 292; 699 290
42; 559 304; 558 305; 550 305; 549 306; 540 306; 538 308; 537 308; 536 309; 534 309; 533 310; 532 309; 525 309; 524 310; 524 314; 529 319; 529 320; 531 322; 531 323; 539 331; 539 332; 541 334; 541 335; 543 337; 543 338; 552 347; 552 348; 553 349; 556 349; 556 348; 557 347; 557 344; 558 343; 558 341; 559 340; 559 339; 560 338; 560 337; 562 335; 562 334; 565 331; 566 331; 567 330; 568 330; 568 326; 567 325; 567 324; 566 323; 567 322; 567 321; 568 320; 568 319; 569 318; 569 317; 570 316; 570 312; 572 310; 572 309; 573 308; 573 304; 567 304; 566 305; 562 305; 561 304
43; 928 321; 928 322; 927 323; 927 324; 926 325; 926 328; 925 329; 925 332; 924 333; 924 335; 923 336; 923 337; 922 338; 922 339; 921 340; 921 341; 920 342; 920 347; 921 348; 921 352; 920 353; 920 355; 919 356; 919 357; 918 358; 918 359; 917 360; 917 361; 916 362; 916 368; 917 369; 924 369; 926 367; 927 367; 930 364; 935 364; 936 363; 944 363; 945 362; 946 362; 947 361; 948 361; 949 360; 955 360; 956 359; 959 359; 960 358; 962 358; 963 357; 965 357; 965 353; 964 352; 963 352; 961 350; 961 349; 957 345; 956 345; 948 337; 947 337; 944 334; 943 334; 939 330; 938 330; 936 328; 936 327; 935 327; 934 326; 934 325; 932 323; 932 322; 931 321
44; 748 328; 747 329; 745 329; 744 330; 741 330; 740 331; 738 331; 737 332; 734 332; 733 333; 731 333; 730 334; 728 334; 727 335; 724 335; 723 336; 718 336; 717 337; 716 337; 715 338; 714 338; 712 340; 711 340; 710 341; 707 341; 706 342; 701 342; 701 346; 707 352; 708 352; 709 353; 710 353; 715 358; 716 358; 719 361; 720 361; 725 366; 726 366; 727 367; 728 367; 733 372; 734 372; 737 375; 738 375; 739 376; 742 376; 743 375; 743 369; 744 368; 744 363; 745 362; 745 361; 748 358; 748 353; 747 352; 747 351; 746 350; 746 347; 747 346; 747 343; 748 342; 748 338; 749 337; 749 334; 750 333; 750 328
45; 200 342; 199 343; 196 343; 195 344; 192 344; 191 343; 188 343; 187 344; 186 344; 185 345; 180 345; 179 346; 177 346; 176 347; 173 347; 172 348; 159 348; 158 349; 157 349; 155 351; 155 353; 157 355; 157 356; 158 356; 161 359; 162 359; 163 360; 163 361; 168 366; 169 366; 171 368; 171 369; 172 370; 172 371; 173 372; 173 373; 178 378; 178 379; 182 383; 183 383; 185 385; 185 386; 188 389; 190 389; 191 388; 192 388; 192 387; 193 386; 193 383; 194 382; 194 379; 195 378; 195 377; 196 376; 196 375; 197 374; 197 372; 199 370; 199 369; 200 368; 201 368; 202 367; 203 367; 203 365; 202 364; 202 357; 203 356; 203 353; 204 352; 204 351; 205 350; 205 349; 206 348; 206 347; 207 346; 207 342
46; 843 338; 842 339; 842 347; 841 348; 841 349; 840 350; 840 356; 839 357; 839 358; 838 359; 838 360; 837 361; 837 363; 838 364; 838 367; 837 368; 837 369; 836 370; 836 372; 835 373; 835 376; 834 377; 834 379; 833 380; 833 386; 834 386; 835 387; 837 387; 838 386; 839 386; 840 385; 841 385; 842 384; 844 384; 845 383; 846 383; 847 382; 853 382; 854 381; 856 381; 857 380; 858 380; 859 379; 864 379; 865 378; 866 378; 867 377; 868 377; 869 376; 870 376; 871 375; 872 375; 873 374; 875 374; 876 373; 877 373; 878 372; 882 372; 883 371; 884 371; 884 367; 883 366; 882 366; 881 365; 879 365; 878 364; 877 364; 871 358; 871 357; 870 356; 869 356; 867 354; 866 354; 865 353; 864 353; 859 348; 858 348; 856 346; 855 346; 852 343; 852 342; 851 342; 847 338
47; 485 379; 484 380; 483 380; 482 381; 480 381; 479 382; 472 382; 470 380; 466 380; 465 381; 462 381; 461 382; 458 382; 457 383; 455 383; 454 384; 451 384; 450 385; 442 385; 441 386; 441 389; 445 393; 445 394; 448 397; 448 398; 449 399; 449 400; 456 407; 456 408; 467 419; 467 420; 471 424; 471 425; 472 426; 477 426; 477 417; 478 416; 478 415; 486 407; 486 404; 487 403; 487 397; 488 396; 488 394; 489 393; 489 392; 490 391; 490 390; 491 389; 491 386; 493 384; 493 380; 492 379
48; 979 381; 978 382; 976 382; 975 383; 973 383; 972 384; 969 384; 968 385; 966 385; 965 386; 962 386; 961 387; 959 387; 958 388; 957 388; 956 389; 951 389; 950 390; 949 390; 948 391; 946 391; 945 392; 941 392; 940 393; 937 393; 936 394; 935 394; 934 395; 934 399; 935 400; 936 400; 937 401; 938 401; 940 403; 941 403; 944 406; 945 406; 950 411; 951 411; 958 418; 959 418; 963 422; 963 426; 965 426; 966 427; 969 427; 970 428; 975 428; 975 427; 976 426; 976 419; 977 418; 977 414; 978 413; 978 412; 979 411; 979 410; 981 408; 981 403; 980 402; 980 399; 981 398; 981 394; 982 393; 982 391; 983 390; 983 389; 984 388; 984 381
49; 329 399; 328 400; 328 401; 327 402; 327 405; 326 406; 326 408; 325 409; 325 410; 324 411; 324 412; 322 414; 322 415; 321 416; 321 417; 320 418; 320 421; 319 422; 319 426; 318 427; 318 430; 316 432; 316 433; 315 434; 315 435; 314 436; 314 437; 313 438; 313 442; 312 443; 312 445; 313 446; 313 447; 319 447; 320 446; 325 446; 326 445; 327 445; 328 444; 329 444; 330 443; 336 443; 337 444; 337 445; 338 446; 341 446; 342 445; 342 444; 345 441; 346 441; 347 440; 348 441; 354 441; 355 440; 360 440; 361 439; 363 439; 363 434; 358 429; 358 428; 357 428; 354 425; 353 425; 352 424; 352 423; 351 422; 351 420; 349 418; 348 418; 347 417; 346 417; 342 413; 342 412; 339 409; 339 408; 335 404; 335 403; 334 402; 334 401; 332 399
50; 941 420; 940 421; 940 426; 941 427; 941 436; 942 437; 942 442; 943 443; 943 447; 944 448; 944 451; 945 452; 945 455; 944 456; 944 467; 945 468; 948 468; 955 461; 957 461; 958 460; 961 460; 963 458; 964 458; 970 452; 971 452; 974 449; 975 449; 977 447; 978 447; 979 446; 980 446; 981 445; 982 445; 983 444; 985 444; 987 442; 987 440; 985 438; 984 438; 983 437; 981 437; 980 436; 978 436; 977 435; 975 435; 973 433; 972 433; 968 429; 968 428; 966 428; 965 427; 959 427; 958 426; 957 426; 956 425; 955 425; 954 424; 953 424; 952 423; 951 423; 950 422; 948 422; 947 421; 946 421; 945 420
51; 109 433; 109 443; 108 444; 108 447; 109 448; 109 473; 108 474; 108 482; 113 482; 114 481; 115 481; 118 478; 119 478; 121 476; 128 476; 129 475; 129 474; 131 472; 132 472; 134 470; 135 470; 136 469; 138 469; 139 468; 140 468; 141 467; 142 467; 143 466; 144 466; 145 465; 147 465; 151 461; 152 461; 153 460; 153 457; 152 456; 150 456; 149 455; 147 455; 146 454; 145 454; 142 451; 141 451; 138 448; 138 447; 136 445; 138 443; 138 438; 137 437; 135 437; 133 439; 133 441; 130 444; 129 443; 128 443; 127 442; 126 442; 124 440; 123 440; 121 438; 120 438; 119 437; 117 437; 116 436; 115 436; 112 433
52; 505 436; 503 438; 503 443; 502 444; 502 446; 501 447; 501 448; 500 449; 500 450; 499 451; 499 453; 498 454; 498 463; 497 464; 497 466; 496 467; 496 470; 495 471; 495 473; 494 474; 494 475; 493 476; 493 477; 492 478; 492 484; 494 486; 496 486; 497 485; 498 485; 499 484; 500 484; 501 483; 504 483; 505 482; 516 482; 520 478; 522 478; 523 477; 525 477; 526 476; 529 476; 530 475; 531 475; 532 474; 536 474; 537 473; 540 473; 541 472; 542 472; 543 471; 543 467; 542 467; 540 465; 539 465; 537 463; 536 463; 534 461; 533 461; 524 452; 524 451; 521 448; 520 448; 516 444; 516 443; 510 437; 509 437; 508 436
53; 1022 441; 1021 442; 1019 442; 1018 443; 1017 443; 1016 444; 1015 444; 1014 445; 1013 445; 1012 446; 1011 446; 1010 447; 1009 447; 1008 448; 1006 448; 1005 449; 1003 449; 1002 450; 1001 450; 1000 451; 999 451; 998 452; 996 452; 995 453; 993 453; 992 454; 990 454; 989 455; 988 455; 987 456; 986 456; 985 457; 979 457; 977 459; 977 462; 978 462; 981 465; 982 465; 988 471; 989 471; 994 476; 994 477; 995 477; 996 478; 999 478; 1000 479; 1001 479; 1010 488; 1010 489; 1012 491; 1016 491; 1016 490; 1017 489; 1017 487; 1016 486; 1016 482; 1017 481; 1017 477; 1018 476; 1018 475; 1019 474; 1019 472; 1020 471; 1020 465; 1021 464; 1021 462; 1022 461; 1023 461; 1023 441
54; 682 448; 681 449; 679 449; 678 450; 676 450; 675 451; 674 451; 673 452; 664 452; 663 453; 660 453; 659 454; 657 454; 656 455; 648 455; 647 456; 645 456; 644 457; 637 457; 636 456; 634 456; 632 458; 632 462; 634 464; 634 465; 636 467; 637 467; 639 469; 640 469; 644 473; 644 474; 645 475; 645 477; 644 478; 644 482; 648 482; 649 483; 651 483; 652 484; 653 484; 655 486; 656 486; 657 487; 657 488; 658 489; 658 490; 659 491; 659 492; 660 493; 660 494; 661 495; 661 496; 662 497; 666 497; 667 496; 667 495; 668 494; 668 490; 669 489; 669 488; 670 487; 670 486; 671 485; 671 481; 672 480; 672 479; 673 478; 673 477; 674 476; 674 475; 675 474; 675 473; 676 472; 676 470; 677 469; 677 468; 678 467; 678 465; 679 464; 679 461; 680 460; 680 459; 681 458; 681 457; 686 452; 686 450; 684 448
55; 917 470; 914 473; 914 474; 913 475; 913 477; 912 478; 912 479; 910 481; 910 482; 909 483; 903 483; 902 484; 902 492; 901 493; 901 494; 900 495; 900 496; 899 497; 899 498; 896 501; 896 502; 891 507; 891 511; 905 511; 906 512; 921 512; 922 513; 931 513; 932 514; 939 514; 940 515; 942 515; 943 514; 943 511; 942 510; 942 509; 939 506; 939 505; 938 504; 938 501; 937 500; 937 498; 935 496; 935 495; 930 490; 930 489; 928 487; 928 486; 927 485; 927 484; 925 482; 925 481; 924 480; 924 478; 923 477; 923 475; 922 474; 922 472; 920 470
56; 394 485; 393 486; 391 486; 390 487; 388 487; 387 488; 384 488; 383 489; 381 489; 380 490; 377 490; 376 489; 375 489; 374 488; 371 488; 370 489; 370 491; 367 494; 366 494; 365 495; 363 495; 362 496; 351 496; 349 498; 349 502; 351 504; 352 504; 356 508; 356 509; 357 510; 357 511; 358 512; 358 513; 359 514; 360 514; 362 516; 363 516; 365 518; 366 518; 373 525; 374 525; 376 527; 377 527; 381 531; 381 532; 383 534; 387 534; 388 533; 388 523; 389 522; 389 520; 390 519; 390 518; 392 516; 392 515; 393 514; 393 510; 395 508; 396 508; 396 506; 397 505; 397 503; 395 501; 395 499; 396 498; 396 496; 397 495; 397 493; 398 492; 398 486; 397 486; 396 485
57; 429 501; 428 502; 424 502; 423 503; 420 503; 419 504; 418 503; 416 503; 415 504; 414 503; 412 503; 411 504; 404 504; 403 503; 398 503; 398 505; 397 506; 397 508; 401 512; 401 513; 403 515; 403 516; 406 519; 406 520; 407 521; 407 522; 408 523; 408 525; 409 526; 409 527; 411 529; 411 530; 420 539; 420 540; 421 541; 421 544; 424 544; 425 545; 428 545; 430 543; 430 542; 431 541; 431 539; 432 538; 432 537; 433 536; 433 535; 439 529; 440 529; 441 528; 441 526; 440 525; 440 520; 441 519; 441 518; 442 517; 442 516; 443 515; 443 514; 448 509; 448 507; 449 506; 449 503; 448 502; 448 501; 440 501; 439 502; 437 502; 436 501
58; 708 514; 707 515; 707 516; 706 517; 706 519; 704 521; 698 521; 698 524; 700 526; 701 526; 702 527; 703 527; 706 530; 706 531; 708 533; 709 533; 711 535; 713 535; 715 537; 716 537; 718 539; 718 534; 719 533; 719 530; 720 529; 719 528; 719 527; 722 524; 722 523; 723 522; 723 519; 722 518; 715 518; 711 514
59; 745 502; 745 503; 744 504; 744 510; 743 511; 743 516; 742 517; 742 521; 741 522; 741 524; 740 525; 740 526; 736 530; 735 530; 734 531; 734 532; 733 533; 732 533; 730 535; 729 534; 727 534; 725 532; 724 532; 722 530; 720 530; 720 533; 719 534; 719 540; 720 540; 721 541; 722 541; 724 543; 725 543; 727 545; 727 546; 731 550; 732 550; 734 552; 737 552; 738 551; 739 551; 741 549; 745 549; 746 548; 750 548; 751 547; 753 547; 754 546; 755 546; 756 545; 758 545; 759 544; 762 544; 763 543; 765 543; 766 542; 768 542; 769 541; 770 541; 771 540; 773 540; 774 539; 775 539; 776 538; 778 538; 779 537; 784 537; 786 535; 786 532; 784 530; 783 530; 781 528; 780 528; 779 527; 778 527; 773 522; 773 521; 772 520; 772 518; 770 516; 765 516; 764 515; 763 515; 762 514; 761 514; 759 512; 758 512; 750 504; 750 503; 749 502
60; 400 537; 399 538; 399 541; 400 542; 400 543; 399 544; 399 550; 400 551; 400 554; 399 555; 399 557; 396 560; 396 563; 397 564; 397 565; 399 567; 399 568; 400 569; 400 571; 401 572; 401 573; 400 574; 400 577; 399 578; 399 585; 400 586; 400 587; 401 588; 404 588; 408 584; 409 584; 410 583; 411 583; 412 582; 413 582; 414 581; 415 581; 416 580; 417 580; 420 577; 421 577; 422 576; 424 576; 425 575; 426 575; 429 572; 430 572; 431 571; 433 571; 435 569; 436 569; 438 567; 439 567; 440 566; 441 566; 442 565; 444 565; 444 564; 445 563; 445 561; 443 559; 442 559; 441 558; 440 558; 439 557; 438 557; 436 555; 435 555; 432 552; 431 552; 430 551; 429 551; 428 550; 428 549; 427 548; 428 547; 428 546; 425 546; 424 545; 416 545; 415 544; 414 544; 412 542; 411 542; 409 540; 408 540; 406 538; 405 538; 404 537
61; 1005 531; 1005 533; 1004 534; 1004 544; 1003 545; 1003 546; 1002 547; 1002 548; 1001 549; 1001 552; 1000 553; 1000 554; 999 555; 999 563; 998 564; 998 569; 997 570; 997 572; 996 573; 996 574; 995 575; 995 577; 996 578; 1000 578; 1001 577; 1003 577; 1004 576; 1005 576; 1006 575; 1009 575; 1010 574; 1020 574; 1021 573; 1023 573; 1023 564; 1019 564; 1018 565; 1015 565; 1014 566; 1009 566; 1007 564; 1007 561; 1008 560; 1008 558; 1009 557; 1009 555; 1010 554; 1010 553; 1011 552; 1011 550; 1013 548; 1015 548; 1020 553; 1021 553; 1022 554; 1023 554; 1023 542; 1021 542; 1019 540; 1018 540; 1016 538; 1015 538; 1011 534; 1011 533; 1009 531
62; 960 549; 957 552; 957 553; 956 554; 956 555; 955 556; 955 558; 954 559; 954 561; 951 564; 950 564; 948 566; 948 576; 947 577; 947 579; 946 580; 946 581; 945 582; 945 583; 944 584; 944 585; 942 587; 942 588; 941 589; 941 593; 942 594; 942 597; 944 595; 945 595; 946 594; 947 594; 948 593; 954 593; 955 592; 956 592; 957 591; 959 591; 960 590; 965 590; 966 591; 974 591; 975 590; 988 590; 989 589; 990 589; 990 585; 989 584; 989 583; 988 583; 986 581; 986 580; 984 578; 984 574; 983 573; 983 572; 981 570; 980 570; 975 565; 975 564; 972 561; 972 560; 969 557; 969 556; 965 552; 965 551; 963 549
63; 722 549; 721 550; 721 552; 720 553; 720 559; 719 560; 719 563; 718 564; 718 566; 717 567; 717 574; 716 575; 716 579; 715 580; 715 585; 714 586; 714 588; 713 589; 713 591; 712 592; 712 593; 711 594; 711 597; 712 597; 713 598; 715 598; 717 596; 718 596; 719 595; 721 595; 722 594; 726 594; 727 593; 730 593; 731 592; 734 592; 735 593; 738 593; 742 589; 743 589; 744 588; 749 588; 750 587; 753 587; 754 586; 755 586; 756 585; 758 585; 759 584; 760 584; 760 579; 759 578; 758 578; 757 577; 756 577; 755 576; 754 576; 752 574; 751 574; 748 571; 748 570; 747 569; 747 566; 745 564; 744 564; 743 563; 742 563; 741 562; 740 562; 739 561; 738 561; 736 559; 735 559; 725 549
64; 151 560; 147 564; 147 565; 140 572; 140 573; 139 574; 139 575; 138 576; 137 576; 135 578; 134 578; 133 579; 130 579; 129 578; 124 578; 122 580; 122 581; 121 582; 121 584; 122 585; 122 593; 121 594; 121 601; 122 602; 127 602; 129 604; 131 604; 132 603; 134 603; 133 602; 133 600; 136 597; 137 597; 138 596; 139 596; 141 594; 142 594; 143 593; 144 593; 146 591; 149 591; 150 590; 152 590; 153 589; 154 589; 156 587; 157 587; 158 586; 159 586; 160 585; 163 585; 164 584; 165 584; 165 581; 156 581; 155 582; 147 582; 146 581; 146 579; 147 578; 147 577; 148 576; 148 575; 149 574; 149 572; 150 571; 150 570; 151 569; 151 568; 152 567; 152 566; 153 565; 153 564; 154 563; 154 561; 153 560
65; 36 564; 30 570; 30 571; 28 573; 28 574; 26 576; 26 577; 22 581; 20 581; 19 582; 19 586; 18 587; 18 588; 12 594; 11 594; 9 596; 8 596; 7 597; 6 597; 5 598; 5 601; 7 603; 9 603; 10 604; 22 604; 23 605; 28 605; 29 606; 31 606; 32 607; 33 607; 34 608; 39 608; 40 607; 42 607; 43 608; 45 608; 46 609; 47 609; 48 610; 49 610; 50 611; 51 611; 52 612; 54 612; 56 610; 56 608; 54 606; 54 605; 52 603; 52 601; 51 600; 51 597; 50 596; 50 594; 49 593; 49 592; 48 591; 48 589; 47 588; 47 586; 46 585; 46 584; 44 582; 44 577; 43 576; 43 574; 41 572; 41 571; 40 570; 40 566; 38 564
66; 891 584; 890 585; 890 587; 891 588; 891 591; 892 592; 892 594; 893 595; 893 596; 894 597; 894 598; 895 599; 895 601; 896 602; 896 603; 897 604; 897 606; 898 607; 898 609; 899 610; 899 616; 901 618; 901 619; 902 620; 902 622; 901 623; 901 625; 900 626; 900 628; 901 628; 902 629; 903 629; 904 630; 907 630; 909 628; 910 628; 924 614; 924 613; 926 611; 926 610; 935 601; 936 601; 938 599; 939 599; 941 597; 941 594; 940 593; 940 590; 939 591; 938 591; 937 592; 928 592; 927 591; 925 591; 924 590; 923 590; 922 589; 921 589; 920 588; 919 588; 918 587; 914 587; 913 588; 908 588; 907 587; 904 587; 903 586; 899 586; 898 585; 895 585; 894 584
67; 654 584; 654 588; 655 589; 655 592; 656 593; 656 596; 657 597; 657 603; 658 604; 658 606; 659 607; 659 609; 660 610; 660 614; 661 615; 661 617; 662 618; 662 620; 663 621; 663 624; 664 625; 664 631; 666 633; 668 633; 669 632; 670 632; 670 631; 673 628; 673 627; 676 624; 677 624; 679 622; 680 622; 682 620; 683 620; 686 617; 687 617; 688 616; 688 615; 694 609; 694 608; 699 603; 700 603; 701 602; 702 602; 703 601; 703 598; 702 598; 701 597; 699 597; 698 596; 696 596; 695 595; 693 595; 692 594; 691 594; 690 593; 688 593; 687 592; 685 592; 682 589; 679 589; 678 590; 675 590; 674 589; 669 589; 668 588; 664 588; 663 587; 662 587; 661 586; 660 586; 658 584
68; 874 583; 873 584; 873 586; 872 587; 872 588; 871 589; 871 590; 869 592; 869 593; 867 595; 867 596; 865 598; 865 599; 864 600; 864 601; 862 603; 862 604; 860 606; 860 607; 857 610; 857 611; 854 614; 854 615; 849 620; 849 625; 854 625; 855 624; 863 624; 864 625; 866 625; 867 626; 868 626; 869 627; 873 627; 874 626; 875 626; 876 625; 879 625; 880 626; 882 626; 883 627; 887 627; 888 628; 899 628; 899 626; 900 625; 900 623; 896 619; 896 618; 895 617; 895 616; 893 614; 893 613; 892 612; 892 611; 891 610; 891 606; 890 605; 890 603; 883 596; 883 595; 882 594; 882 593; 881 592; 881 591; 880 590; 880 589; 879 588; 879 586; 878 585; 878 584; 877 583
69; 153 603; 152 604; 151 604; 150 605; 136 605; 135 604; 132 604; 131 605; 129 605; 129 606; 130 607; 130 608; 131 609; 131 610; 132 611; 132 612; 133 613; 133 615; 135 617; 135 618; 138 621; 138 622; 140 624; 140 625; 141 626; 141 627; 142 628; 142 629; 143 630; 143 631; 145 633; 145 634; 146 635; 146 636; 147 637; 147 638; 148 639; 148 642; 149 643; 149 645; 150 646; 150 647; 151 648; 154 648; 155 647; 155 646; 156 645; 156 644; 158 642; 158 641; 160 639; 160 638; 162 636; 162 635; 166 631; 166 630; 169 627; 169 626; 171 624; 171 622; 172 621; 172 620; 173 619; 173 617; 174 616; 174 615; 180 609; 180 605; 173 605; 172 606; 169 606; 168 605; 160 605; 159 604; 158 604; 157 603
70; 612 602; 612 616; 611 617; 611 624; 612 625; 612 635; 613 636; 613 645; 612 646; 612 648; 613 649; 613 650; 614 651; 616 651; 617 650; 618 650; 619 649; 620 649; 621 648; 624 648; 626 646; 627 646; 628 645; 629 645; 630 644; 631 644; 632 643; 633 643; 636 640; 637 640; 639 638; 650 638; 650 633; 653 630; 654 630; 655 629; 657 629; 657 624; 656 623; 654 623; 653 622; 651 622; 650 621; 648 621; 647 620; 646 620; 645 619; 644 619; 641 616; 640 616; 639 615; 639 614; 636 611; 630 611; 628 609; 627 609; 626 608; 625 608; 624 607; 623 607; 621 605; 620 605; 617 602
71; 201 610; 200 611; 199 611; 198 612; 197 612; 196 613; 196 614; 193 617; 193 618; 192 619; 191 619; 186 624; 185 624; 182 627; 181 627; 179 629; 178 629; 175 632; 174 632; 169 637; 168 637; 166 639; 166 643; 167 644; 167 646; 178 646; 180 648; 181 648; 182 649; 183 649; 184 650; 187 650; 188 649; 189 649; 190 650; 192 650; 193 651; 194 651; 195 652; 197 652; 198 653; 200 653; 201 654; 203 654; 204 655; 205 655; 207 657; 208 657; 209 658; 212 658; 213 657; 213 652; 212 651; 212 634; 211 633; 211 631; 210 630; 210 628; 209 627; 209 625; 208 624; 208 620; 207 619; 207 612; 206 611; 206 610
72; 577 633; 576 634; 575 634; 574 635; 573 635; 571 637; 570 637; 569 638; 568 638; 566 640; 565 640; 564 641; 563 641; 561 643; 560 643; 557 646; 556 646; 555 647; 554 647; 553 648; 552 648; 551 649; 550 649; 549 650; 548 650; 547 651; 545 651; 544 652; 542 652; 541 653; 540 653; 538 655; 537 655; 536 656; 536 660; 537 661; 539 661; 540 662; 541 662; 542 663; 544 663; 545 664; 547 664; 548 665; 549 665; 550 666; 551 666; 553 668; 554 668; 555 669; 556 669; 559 672; 560 672; 561 673; 562 673; 563 674; 565 674; 566 675; 567 675; 568 676; 569 676; 571 678; 572 678; 576 682; 577 682; 578 683; 580 683; 581 682; 581 678; 580 677; 580 675; 579 674; 579 670; 580 669; 580 668; 581 667; 581 665; 582 664; 582 663; 583 662; 583 659; 582 658; 582 652; 581 651; 581 650; 580 649; 580 646; 579 645; 579 642; 580 641; 580 640; 581 639; 581 637; 582 636; 582 634; 581 633
73; 744 641; 743 642; 742 642; 741 643; 739 643; 738 644; 736 644; 735 645; 734 645; 733 646; 732 646; 731 647; 729 647; 728 648; 727 648; 726 649; 724 649; 723 650; 720 650; 719 651; 718 651; 717 652; 716 652; 715 653; 714 653; 713 654; 712 654; 711 655; 709 655; 708 656; 703 656; 702 657; 701 657; 701 660; 702 661; 702 662; 703 662; 704 663; 705 663; 706 664; 707 664; 709 666; 710 666; 718 674; 718 675; 721 675; 722 676; 723 676; 724 677; 725 677; 727 679; 728 679; 735 686; 736 686; 737 687; 737 688; 738 688; 739 689; 742 689; 742 688; 743 687; 743 683; 742 682; 742 679; 743 678; 743 672; 744 671; 744 669; 745 668; 745 666; 746 665; 746 657; 748 655; 748 653; 749 652; 749 641
74; 642 639; 642 642; 641 643; 641 644; 640 645; 640 646; 638 648; 638 649; 637 650; 637 651; 633 655; 631 655; 630 656; 630 660; 629 661; 629 662; 628 663; 628 664; 627 665; 627 666; 625 668; 625 669; 621 673; 621 674; 620 675; 620 677; 621 678; 624 678; 625 677; 629 677; 630 678; 635 678; 636 679; 643 679; 644 680; 645 680; 646 681; 656 681; 657 682; 658 682; 659 683; 665 683; 666 682; 667 682; 668 681; 669 681; 669 677; 668 676; 668 675; 667 674; 667 669; 668 668; 668 666; 669 665; 669 663; 666 660; 665 661; 663 661; 659 657; 659 656; 658 655; 658 654; 656 652; 656 651; 654 649; 654 647; 653 646; 653 643; 652 642; 652 641; 651 640; 651 639
75; 0 644; 0 688; 1 688; 2 689; 4 689; 5 688; 6 688; 10 684; 11 684; 13 682; 14 682; 15 681; 16 681; 18 679; 19 679; 20 678; 21 678; 23 676; 24 676; 26 674; 27 674; 29 672; 30 672; 31 671; 32 671; 33 670; 34 670; 35 669; 36 669; 37 668; 38 668; 39 667; 40 667; 41 666; 41 664; 40 663; 38 663; 37 662; 36 662; 35 661; 34 661; 33 660; 32 660; 31 659; 30 659; 28 657; 27 657; 26 656; 25 656; 24 655; 22 655; 21 654; 19 654; 18 653; 17 653; 15 651; 14 651; 13 650; 12 650; 11 649; 9 649; 8 648; 7 648; 4 645; 3 645; 2 644
76; 85 640; 84 641; 84 643; 83 644; 83 645; 82 646; 82 647; 79 650; 79 651; 78 652; 78 653; 77 654; 77 655; 76 656; 76 657; 75 658; 75 659; 74 660; 74 661; 73 662; 73 663; 70 666; 70 667; 68 669; 68 670; 66 672; 66 673; 65 674; 65 675; 62 678; 62 682; 67 682; 68 681; 70 681; 71 682; 75 682; 76 681; 91 681; 92 682; 98 682; 99 681; 104 681; 105 682; 106 682; 107 683; 111 683; 111 680; 110 679; 110 678; 108 676; 108 675; 107 674; 107 673; 105 671; 105 669; 104 668; 104 666; 103 665; 103 663; 102 662; 102 661; 98 657; 98 656; 95 653; 95 652; 93 650; 93 649; 92 648; 92 647; 91 646; 91 645; 90 644; 90 642; 89 641; 89 640
77; 167 647; 167 648; 166 649; 166 653; 165 654; 165 655; 164 656; 164 657; 163 658; 163 659; 157 665; 155 665; 154 666; 153 666; 153 670; 154 671; 154 673; 153 674; 153 676; 152 677; 152 678; 150 680; 150 681; 147 684; 147 685; 146 686; 146 688; 147 689; 153 689; 154 688; 156 688; 157 689; 164 689; 165 688; 172 688; 173 689; 179 689; 180 690; 186 690; 187 689; 190 689; 191 688; 195 688; 196 687; 196 685; 189 678; 189 672; 188 671; 188 670; 187 670; 182 665; 182 664; 181 663; 181 662; 179 660; 179 659; 177 657; 177 656; 176 655; 176 654; 174 652; 174 650; 173 649; 173 647
78; 816 656; 813 659; 812 659; 810 661; 809 661; 807 663; 806 663; 805 664; 803 664; 802 665; 801 665; 800 666; 799 666; 795 670; 794 670; 793 671; 792 671; 791 672; 790 672; 788 674; 787 674; 783 678; 782 678; 781 679; 780 679; 779 680; 778 680; 777 681; 777 684; 778 685; 780 685; 781 686; 782 686; 783 687; 785 687; 788 690; 789 690; 790 691; 791 691; 792 692; 793 692; 794 693; 795 693; 796 694; 799 694; 800 695; 801 695; 802 696; 803 696; 804 697; 805 697; 806 698; 807 698; 808 699; 809 699; 810 700; 811 700; 814 703; 815 703; 816 704; 817 704; 818 705; 821 705; 822 704; 822 698; 821 697; 821 694; 820 693; 820 687; 821 686; 821 685; 822 684; 822 680; 820 678; 820 668; 819 667; 819 662; 820 661; 820 657; 819 656
79; 679 644; 678 645; 677 645; 676 646; 675 646; 674 647; 673 647; 669 651; 669 652; 668 653; 668 655; 667 656; 667 660; 670 663; 671 662; 673 662; 674 663; 674 669; 675 670; 675 676; 674 677; 674 688; 673 689; 673 692; 672 693; 672 694; 671 695; 670 695; 669 696; 668 696; 668 700; 669 701; 669 705; 670 704; 671 704; 673 706; 677 706; 678 705; 679 705; 680 704; 682 704; 683 703; 686 703; 688 701; 689 701; 691 699; 693 699; 695 697; 696 697; 698 695; 699 695; 700 694; 701 694; 702 693; 703 693; 704 692; 707 692; 708 691; 710 691; 711 690; 712 690; 713 689; 714 689; 715 688; 716 689; 718 689; 719 688; 719 685; 718 684; 717 684; 714 681; 713 681; 712 680; 710 680; 709 679; 708 679; 707 678; 706 678; 700 672; 700 671; 699 670; 697 670; 696 669; 694 669; 689 664; 688 664; 687 663; 686 663; 684 661; 682 661; 681 660; 680 660; 676 656; 676 653; 683 646; 683 644
80; 344 662; 334 672; 333 672; 332 673; 331 673; 329 675; 325 675; 320 680; 319 680; 317 682; 316 682; 314 684; 312 684; 311 685; 310 685; 307 688; 307 691; 308 692; 310 692; 311 693; 312 693; 313 694; 314 694; 315 695; 317 695; 318 696; 319 696; 320 697; 321 697; 322 698; 323 698; 324 699; 325 699; 327 701; 329 701; 330 702; 331 702; 333 704; 334 704; 335 705; 335 707; 334 708; 336 708; 337 709; 339 709; 340 708; 343 708; 344 709; 345 709; 346 710; 347 710; 348 711; 352 711; 353 710; 353 706; 352 705; 352 704; 351 703; 351 699; 352 698; 352 691; 351 690; 351 689; 350 688; 350 686; 349 685; 349 680; 348 679; 348 671; 347 670; 347 662
81; 388 666; 387 667; 387 672; 389 674; 389 675; 390 676; 390 685; 389 686; 389 687; 388 688; 388 691; 391 694; 391 696; 392 697; 392 714; 393 715; 396 715; 405 706; 406 706; 408 704; 409 704; 410 703; 411 703; 412 702; 413 702; 415 700; 416 700; 417 699; 418 699; 419 698; 420 698; 421 697; 422 697; 424 695; 425 695; 427 693; 429 693; 430 692; 432 692; 433 691; 434 691; 434 688; 432 686; 431 686; 429 684; 428 684; 427 683; 426 683; 425 682; 424 682; 423 681; 422 681; 420 679; 418 679; 417 678; 416 678; 415 677; 413 677; 412 676; 410 676; 409 675; 408 675; 405 672; 404 672; 403 671; 401 671; 400 670; 398 670; 397 669; 396 669; 395 668; 394 668; 392 666
82; 202 674; 202 683; 201 684; 201 686; 199 688; 199 695; 200 696; 200 703; 199 704; 199 716; 198 717; 198 719; 199 720; 199 721; 203 721; 205 719; 206 719; 207 718; 208 718; 209 717; 211 717; 212 716; 214 716; 215 715; 219 715; 220 716; 222 716; 223 715; 223 714; 224 713; 224 712; 226 710; 229 710; 230 709; 231 709; 232 708; 233 708; 235 706; 237 706; 238 705; 240 705; 241 704; 242 704; 243 703; 245 703; 245 702; 246 701; 246 700; 245 700; 244 699; 243 699; 242 698; 241 698; 239 696; 238 696; 233 691; 232 691; 231 690; 229 690; 228 689; 227 689; 226 688; 225 688; 223 686; 222 686; 221 685; 220 685; 217 682; 216 682; 215 681; 214 681; 212 679; 211 679; 206 674
83; 292 693; 291 694; 278 694; 277 695; 275 695; 274 696; 271 696; 270 697; 265 697; 264 698; 258 698; 257 699; 256 699; 255 700; 248 700; 246 702; 246 704; 247 704; 249 706; 250 706; 258 714; 258 715; 260 717; 260 719; 263 722; 264 722; 270 728; 270 729; 271 729; 275 733; 275 734; 276 735; 276 736; 277 737; 277 738; 278 739; 282 739; 283 738; 283 735; 284 734; 284 733; 286 731; 288 731; 288 726; 287 725; 287 723; 289 721; 289 720; 291 718; 291 709; 292 708; 292 706; 293 705; 293 703; 295 701; 295 700; 297 698; 297 694; 296 693
84; 665 696; 664 697; 663 697; 661 699; 660 699; 659 700; 657 700; 656 701; 653 701; 652 702; 649 702; 648 703; 644 703; 643 704; 639 704; 638 705; 635 705; 634 706; 633 706; 632 707; 623 707; 622 708; 620 708; 619 709; 619 711; 626 718; 627 718; 635 726; 635 729; 636 730; 636 731; 640 731; 641 732; 642 732; 643 733; 644 733; 649 738; 649 739; 650 740; 650 741; 653 744; 656 744; 657 743; 657 742; 658 741; 658 738; 659 737; 659 734; 660 733; 660 732; 662 730; 662 728; 663 727; 663 719; 664 718; 664 716; 665 715; 665 712; 666 711; 666 709; 667 708; 667 707; 668 706; 668 701; 667 700; 667 696
85; 841 698; 833 706; 832 706; 831 707; 830 707; 829 708; 828 708; 827 709; 826 709; 817 718; 816 718; 815 719; 814 719; 811 722; 811 723; 808 726; 807 726; 805 728; 805 731; 806 732; 808 732; 809 733; 811 733; 812 734; 813 734; 814 735; 819 735; 820 736; 821 736; 822 737; 823 737; 824 738; 825 738; 829 742; 831 742; 833 740; 839 740; 840 741; 841 741; 842 742; 843 742; 844 743; 845 743; 846 744; 847 744; 848 745; 849 745; 850 746; 852 746; 853 745; 853 741; 852 740; 852 739; 851 738; 851 727; 850 726; 850 723; 849 722; 849 717; 848 716; 848 713; 847 712; 847 710; 846 709; 846 707; 845 706; 845 700; 843 698
86; 333 709; 332 710; 331 710; 330 711; 327 711; 326 712; 325 712; 324 713; 322 713; 321 714; 319 714; 318 715; 317 715; 316 716; 315 716; 314 717; 313 717; 312 718; 311 718; 310 719; 308 719; 307 720; 306 720; 305 721; 304 721; 303 722; 301 722; 300 723; 299 723; 298 724; 297 724; 295 726; 294 726; 293 727; 289 727; 289 732; 290 733; 297 733; 298 734; 299 734; 302 737; 302 738; 306 742; 307 742; 310 745; 311 745; 312 746; 314 746; 316 748; 317 748; 319 750; 320 750; 323 753; 324 753; 328 757; 331 757; 332 756; 332 749; 333 748; 333 737; 336 734; 336 730; 335 729; 335 727; 336 726; 336 716; 337 715; 337 714; 338 713; 338 711; 339 710; 337 710; 336 709
87; 2 691; 2 692; 1 693; 0 693; 0 711; 1 711; 4 714; 4 715; 5 716; 5 717; 7 719; 7 720; 8 721; 8 722; 9 723; 9 724; 10 725; 10 726; 11 727; 11 728; 9 730; 3 730; 2 729; 0 729; 0 736; 6 736; 7 737; 11 737; 12 738; 15 738; 16 739; 19 739; 20 740; 23 740; 23 737; 22 736; 22 733; 21 732; 21 731; 19 729; 19 727; 18 726; 18 725; 17 724; 17 723; 16 722; 16 721; 15 720; 15 719; 14 718; 14 717; 13 716; 13 715; 12 714; 12 713; 11 712; 11 710; 10 709; 10 705; 9 704; 9 702; 7 700; 7 699; 6 698; 6 695; 5 694; 5 693; 4 692; 4 691
88; 955 716; 948 723; 947 723; 945 725; 944 725; 942 727; 941 727; 940 728; 935 728; 935 729; 934 730; 934 732; 933 733; 932 733; 931 734; 930 734; 929 735; 928 735; 927 736; 925 736; 917 744; 917 747; 918 748; 919 748; 920 749; 926 749; 930 753; 935 753; 936 754; 939 754; 940 755; 941 755; 943 757; 944 757; 945 758; 947 758; 948 759; 951 759; 952 760; 953 760; 954 761; 955 761; 957 763; 958 763; 959 764; 960 764; 961 765; 965 765; 965 764; 966 763; 966 762; 965 761; 965 760; 964 759; 964 758; 963 757; 963 756; 962 755; 962 741; 961 740; 961 738; 960 737; 960 732; 959 731; 959 726; 958 725; 958 724; 959 723; 959 716
89; 1019 720; 1018 721; 1017 721; 1016 722; 1015 722; 1014 723; 1013 723; 1012 724; 1011 724; 1010 725; 1009 725; 1008 726; 1004 726; 1003 727; 1001 727; 1000 728; 998 728; 997 729; 995 729; 994 730; 993 730; 992 731; 988 731; 987 732; 986 732; 985 733; 984 733; 982 735; 981 735; 980 736; 978 736; 977 737; 977 740; 978 741; 979 741; 987 749; 988 749; 990 751; 990 752; 991 753; 992 753; 993 754; 995 754; 996 755; 997 755; 1001 759; 1002 759; 1004 761; 1005 761; 1011 767; 1011 768; 1013 770; 1016 770; 1016 769; 1017 768; 1017 765; 1016 764; 1016 759; 1017 758; 1017 757; 1018 756; 1018 753; 1019 752; 1019 750; 1020 749; 1021 749; 1022 748; 1023 748; 1023 745; 1020 742; 1020 740; 1019 739; 1019 736; 1020 735; 1020 734; 1023 731; 1023 720
90; 736 727; 735 728; 734 728; 733 729; 732 729; 731 730; 729 730; 728 731; 725 731; 724 732; 717 732; 716 733; 714 733; 713 734; 709 734; 708 735; 706 735; 705 736; 700 736; 699 737; 698 737; 697 738; 693 738; 692 739; 692 742; 693 743; 693 744; 694 744; 698 748; 698 749; 701 752; 701 753; 703 755; 704 755; 708 759; 709 759; 715 765; 716 765; 720 769; 720 770; 722 772; 722 773; 725 776; 728 776; 729 775; 729 767; 730 766; 730 763; 731 762; 731 760; 732 759; 732 757; 733 756; 733 755; 735 753; 736 753; 737 752; 737 749; 736 748; 736 743; 737 742; 737 739; 738 738; 738 734; 739 733; 739 731; 740 730; 740 728; 739 727
91; 168 731; 167 732; 167 734; 168 735; 168 736; 171 739; 171 740; 172 741; 172 742; 173 743; 173 744; 174 745; 174 747; 175 748; 175 750; 176 751; 176 753; 177 754; 177 756; 178 757; 178 758; 179 759; 179 760; 180 761; 180 764; 181 765; 181 767; 182 768; 182 769; 183 770; 183 771; 184 772; 184 774; 186 776; 188 776; 190 774; 190 773; 191 772; 191 771; 194 768; 194 767; 196 765; 196 764; 199 761; 200 761; 201 760; 204 760; 204 755; 205 754; 205 753; 206 752; 206 751; 211 746; 211 745; 216 740; 216 737; 215 737; 214 736; 205 736; 204 735; 202 735; 201 734; 200 734; 199 733; 197 733; 196 734; 187 734; 186 733; 175 733; 174 732; 173 732; 172 731
92; 153 726; 151 728; 150 728; 148 730; 147 730; 139 738; 138 738; 137 739; 136 739; 134 741; 133 741; 129 745; 128 745; 127 746; 126 746; 124 748; 123 748; 120 751; 119 751; 118 752; 117 752; 116 753; 116 755; 118 757; 122 757; 123 758; 124 758; 125 759; 126 759; 127 760; 130 760; 131 761; 132 761; 133 762; 134 762; 139 767; 144 767; 145 768; 147 768; 148 769; 150 769; 152 771; 153 771; 154 772; 155 772; 158 775; 162 775; 163 774; 163 772; 162 771; 162 768; 161 767; 162 766; 162 764; 161 763; 161 762; 162 761; 162 756; 161 755; 161 744; 160 743; 160 742; 159 741; 159 740; 158 739; 158 737; 157 736; 157 733; 156 732; 156 730; 157 729; 157 727; 156 726
93; 288 737; 284 741; 284 742; 269 757; 269 758; 268 759; 268 760; 264 764; 263 764; 262 765; 261 765; 258 768; 257 768; 257 769; 256 770; 256 774; 262 774; 263 773; 264 773; 265 774; 268 774; 269 775; 272 775; 273 776; 276 776; 277 777; 279 777; 280 778; 283 778; 284 779; 288 779; 289 780; 292 780; 293 781; 295 781; 296 782; 298 780; 300 780; 301 779; 306 779; 305 778; 305 777; 304 776; 304 775; 303 774; 303 772; 302 771; 302 766; 301 765; 301 761; 300 760; 300 757; 297 754; 297 753; 296 752; 296 751; 295 750; 295 749; 293 747; 293 745; 292 744; 292 741; 291 740; 291 737
94; 214 749; 213 750; 213 753; 214 754; 214 758; 213 759; 213 762; 212 763; 212 765; 211 766; 211 767; 210 768; 210 770; 209 771; 209 772; 208 773; 208 775; 209 776; 209 787; 208 788; 208 791; 207 792; 207 794; 206 795; 206 797; 207 798; 211 798; 214 795; 215 795; 216 794; 218 794; 219 793; 221 793; 222 792; 227 792; 228 793; 230 793; 231 792; 232 792; 232 791; 236 787; 241 787; 244 784; 245 784; 246 783; 248 783; 249 782; 250 782; 251 781; 252 781; 253 780; 257 780; 258 781; 259 781; 260 780; 260 778; 258 776; 258 775; 252 775; 251 774; 250 774; 249 773; 248 773; 247 772; 246 772; 245 771; 244 771; 240 767; 239 767; 236 764; 235 764; 232 761; 231 761; 229 759; 228 759; 225 756; 224 756; 221 753; 220 753; 218 751; 218 750; 217 750; 216 749
95; 971 749; 970 750; 970 756; 971 757; 971 759; 970 760; 970 761; 968 763; 967 763; 966 764; 966 766; 968 768; 968 769; 969 770; 969 780; 968 781; 968 790; 967 791; 967 794; 966 795; 966 797; 967 798; 971 798; 972 797; 973 797; 975 795; 976 795; 977 794; 980 794; 981 793; 991 793; 993 791; 994 791; 996 789; 996 788; 998 786; 999 786; 1004 781; 1005 781; 1006 780; 1009 780; 1010 779; 1012 779; 1013 778; 1013 776; 1011 774; 1010 774; 1007 771; 1006 771; 1005 770; 1004 770; 1003 769; 1002 769; 997 764; 996 764; 995 763; 994 763; 993 762; 992 762; 991 761; 990 761; 988 759; 987 759; 986 758; 985 758; 983 756; 982 756; 981 755; 980 755; 979 754; 978 754; 973 749
96; 810 760; 806 764; 805 764; 803 766; 802 766; 801 767; 797 767; 796 768; 795 768; 791 772; 790 772; 788 774; 785 774; 784 775; 783 775; 779 779; 778 779; 776 781; 775 781; 774 782; 772 782; 770 784; 770 786; 771 787; 771 788; 772 789; 773 789; 774 790; 775 790; 776 791; 778 791; 779 792; 780 792; 782 794; 782 795; 784 797; 785 797; 789 801; 798 801; 799 802; 800 802; 802 804; 803 804; 805 806; 807 806; 808 807; 810 807; 811 808; 812 808; 814 810; 816 810; 817 809; 817 799; 816 798; 816 795; 815 794; 815 775; 814 774; 814 761; 813 760
97; 261 779; 261 780; 260 781; 260 782; 269 791; 269 792; 270 793; 270 794; 271 795; 271 797; 272 798; 272 800; 273 801; 273 806; 269 810; 269 814; 271 816; 271 817; 275 821; 275 822; 276 823; 276 824; 277 825; 277 827; 278 828; 282 828; 283 827; 283 826; 284 825; 284 823; 285 822; 285 821; 290 816; 291 816; 291 814; 292 813; 292 811; 293 810; 293 809; 295 807; 295 806; 296 805; 296 803; 297 802; 297 801; 299 799; 299 798; 302 795; 302 794; 304 792; 304 791; 305 790; 305 789; 306 788; 306 787; 308 785; 308 783; 307 782; 307 781; 306 780; 301 780; 300 781; 298 781; 297 782; 297 784; 296 785; 289 785; 288 784; 287 784; 286 783; 280 783; 279 784; 278 784; 277 783; 275 783; 274 782; 269 782; 268 781; 267 781; 266 780; 263 780; 262 779
98; 0 749; 0 764; 2 764; 5 767; 5 772; 4 773; 4 774; 3 775; 3 776; 1 778; 0 778; 0 806; 8 806; 9 807; 12 807; 13 806; 15 806; 16 805; 22 805; 23 804; 39 804; 39 801; 36 798; 36 797; 31 792; 31 791; 30 790; 30 789; 29 788; 29 786; 27 784; 27 783; 23 779; 23 778; 19 774; 18 774; 15 771; 15 770; 10 765; 10 764; 9 763; 9 760; 10 759; 10 758; 14 754; 14 752; 13 751; 11 751; 10 750; 4 750; 3 749
99; 241 789; 240 790; 240 793; 239 794; 239 795; 238 796; 238 798; 237 799; 237 800; 236 801; 236 802; 235 803; 235 804; 233 806; 233 808; 232 809; 232 812; 231 813; 231 815; 229 817; 229 818; 228 819; 228 821; 227 822; 227 824; 226 825; 226 826; 224 828; 224 829; 222 831; 222 834; 223 835; 226 835; 227 834; 232 834; 233 833; 251 833; 252 832; 253 832; 254 831; 258 831; 259 830; 273 830; 274 829; 274 826; 267 819; 267 818; 266 817; 266 816; 263 813; 263 812; 258 807; 258 806; 257 805; 257 804; 246 793; 246 792; 243 789
100; 352 800; 351 801; 350 801; 349 802; 348 802; 347 803; 338 803; 337 804; 330 804; 327 807; 326 807; 325 808; 323 808; 322 809; 321 809; 320 810; 317 810; 316 811; 310 811; 309 812; 308 812; 308 816; 314 822; 315 822; 317 824; 317 825; 320 828; 320 829; 321 829; 327 835; 327 836; 329 838; 330 838; 341 849; 343 849; 344 848; 344 847; 345 846; 345 843; 346 842; 346 838; 347 837; 347 834; 348 833; 348 831; 349 830; 349 829; 350 828; 350 827; 351 826; 351 825; 352 824; 352 821; 353 820; 353 819; 354 818; 354 817; 355 816; 355 810; 356 809; 356 806; 357 805; 357 801; 356 800
101; 63 818; 62 819; 61 819; 59 821; 57 821; 56 822; 54 822; 53 823; 44 823; 43 824; 40 824; 39 825; 31 825; 30 826; 28 826; 27 827; 26 827; 26 831; 33 838; 33 839; 37 843; 38 843; 40 845; 40 846; 41 847; 41 850; 44 850; 51 857; 51 858; 55 862; 55 863; 57 865; 60 865; 61 864; 61 861; 62 860; 62 857; 63 856; 63 854; 64 853; 64 852; 66 850; 66 849; 67 848; 67 847; 68 846; 68 843; 69 842; 69 840; 70 839; 70 837; 71 836; 71 831; 72 830; 72 828; 74 826; 74 825; 75 824; 75 823; 76 822; 76 820; 74 818
102; 141 815; 140 816; 139 816; 125 830; 124 830; 116 838; 115 838; 114 839; 113 839; 112 840; 111 840; 109 842; 108 842; 107 843; 106 843; 106 849; 110 849; 111 850; 112 850; 113 851; 115 851; 116 852; 117 852; 118 853; 119 853; 120 854; 121 854; 122 855; 123 855; 124 856; 126 856; 127 857; 130 857; 131 858; 136 858; 137 859; 140 859; 141 860; 143 860; 144 861; 146 861; 147 862; 148 862; 149 863; 150 863; 151 864; 153 864; 154 863; 154 859; 153 858; 153 857; 152 856; 152 855; 151 854; 151 852; 150 851; 150 848; 151 847; 151 842; 152 841; 152 838; 147 833; 147 832; 146 831; 146 829; 145 828; 145 823; 146 822; 146 820; 145 819; 145 817; 143 815
103; 79 827; 78 828; 78 830; 77 831; 77 835; 76 836; 76 837; 75 838; 75 839; 74 840; 74 842; 73 843; 73 845; 72 846; 72 847; 71 848; 71 850; 70 851; 70 855; 69 856; 69 860; 68 861; 68 863; 67 864; 67 865; 64 868; 64 872; 66 874; 68 874; 69 873; 70 873; 71 872; 73 872; 74 871; 77 871; 78 870; 84 870; 85 869; 87 869; 88 868; 94 868; 95 867; 99 867; 100 866; 102 866; 103 865; 112 865; 114 863; 114 861; 111 858; 110 858; 105 853; 105 852; 104 851; 105 850; 105 844; 104 845; 103 844; 99 844; 98 843; 97 843; 91 837; 90 837; 86 833; 86 832; 81 827
104; 704 838; 703 839; 703 844; 702 845; 702 852; 701 853; 701 865; 700 866; 700 873; 701 874; 701 878; 702 879; 702 881; 701 882; 701 888; 702 889; 703 889; 704 890; 707 890; 707 889; 708 888; 708 887; 712 883; 720 883; 725 878; 726 878; 728 876; 731 876; 732 875; 733 875; 735 873; 737 873; 738 872; 740 872; 741 871; 742 871; 744 869; 746 869; 747 868; 747 866; 746 865; 746 864; 744 864; 742 862; 741 862; 738 859; 737 859; 736 858; 734 858; 732 856; 731 856; 729 854; 729 853; 727 851; 727 850; 726 849; 722 849; 721 848; 720 848; 719 847; 718 847; 717 846; 716 846; 710 840; 709 840; 707 838
105; 406 859; 405 860; 405 863; 406 864; 406 865; 407 866; 408 866; 409 867; 409 868; 411 870; 411 871; 412 872; 412 873; 413 874; 413 880; 414 880; 418 884; 418 885; 419 886; 419 887; 420 888; 420 889; 421 890; 421 891; 424 894; 424 895; 425 896; 425 897; 426 898; 426 899; 427 900; 427 902; 429 904; 431 904; 433 902; 433 900; 434 899; 434 898; 435 897; 435 896; 441 890; 445 890; 446 889; 447 889; 448 888; 448 885; 447 884; 447 883; 446 882; 447 881; 447 880; 448 879; 448 878; 450 876; 450 875; 451 874; 451 873; 453 871; 453 870; 456 867; 456 866; 457 865; 457 863; 455 861; 450 861; 449 862; 442 862; 441 861; 432 861; 431 860; 424 860; 423 861; 415 861; 414 860; 412 860; 411 859
106; 394 857; 393 858; 393 860; 392 861; 392 862; 390 864; 390 865; 386 869; 385 869; 380 874; 380 875; 374 881; 374 883; 373 884; 373 885; 366 892; 366 893; 365 894; 365 896; 366 897; 369 897; 370 898; 378 898; 379 899; 385 899; 386 900; 390 900; 391 901; 399 901; 400 902; 402 902; 405 905; 405 906; 410 906; 411 905; 414 905; 415 904; 415 900; 414 899; 414 898; 413 897; 413 894; 412 893; 412 891; 410 889; 410 887; 409 886; 409 885; 410 884; 410 883; 411 882; 411 880; 410 879; 409 879; 408 878; 407 878; 404 875; 404 874; 403 873; 403 870; 402 869; 402 866; 401 865; 401 864; 400 863; 400 862; 399 861; 399 859; 398 858; 398 857
107; 811 870; 810 871; 810 874; 811 875; 811 877; 814 880; 814 881; 815 882; 815 883; 816 884; 816 887; 817 888; 817 896; 818 897; 818 898; 820 900; 820 901; 821 902; 821 903; 822 904; 822 905; 823 906; 823 907; 824 908; 824 911; 825 912; 825 915; 826 916; 826 917; 828 919; 830 919; 835 914; 835 913; 836 912; 836 911; 837 910; 837 909; 841 905; 842 905; 844 903; 844 902; 845 901; 845 900; 851 894; 851 893; 859 885; 860 885; 860 881; 859 880; 856 880; 855 879; 849 879; 848 878; 846 878; 845 877; 838 877; 837 876; 834 876; 833 875; 831 875; 830 874; 827 874; 826 873; 824 873; 823 872; 818 872; 817 871; 816 871; 815 870
108; 122 879; 121 880; 117 880; 116 881; 105 881; 104 882; 97 882; 96 883; 92 883; 91 884; 86 884; 85 885; 77 885; 77 888; 78 889; 79 889; 82 892; 83 892; 85 894; 85 895; 86 896; 86 897; 87 898; 87 899; 88 900; 88 901; 92 905; 93 905; 97 909; 97 910; 101 914; 101 915; 105 919; 105 920; 107 922; 109 922; 110 921; 110 920; 111 919; 111 918; 113 916; 113 914; 114 913; 114 911; 115 910; 115 908; 121 902; 121 897; 122 896; 122 895; 123 894; 123 891; 124 890; 124 888; 125 887; 125 886; 126 885; 126 884; 128 882; 128 880; 127 879
109; 350 880; 349 881; 349 882; 341 890; 340 890; 337 893; 334 893; 332 895; 332 896; 318 910; 317 910; 315 912; 315 913; 316 914; 316 915; 317 914; 319 914; 320 915; 324 915; 325 916; 330 916; 331 917; 334 917; 335 918; 336 918; 337 919; 338 919; 339 920; 340 920; 342 922; 343 922; 344 923; 346 923; 347 924; 351 924; 352 925; 353 925; 354 926; 358 926; 359 927; 360 927; 361 928; 364 928; 365 927; 365 925; 364 924; 364 923; 362 921; 362 920; 361 919; 361 917; 360 916; 360 910; 359 909; 359 904; 358 903; 358 901; 357 900; 357 893; 356 892; 356 888; 355 887; 355 882; 354 881; 354 880
110; 729 889; 728 890; 727 890; 726 891; 720 891; 719 892; 718 892; 717 893; 711 893; 710 892; 706 892; 703 895; 702 895; 701 896; 699 896; 698 897; 695 897; 694 898; 690 898; 689 899; 685 899; 685 903; 695 913; 696 913; 702 919; 702 920; 705 923; 705 924; 706 925; 706 928; 708 930; 709 929; 710 929; 711 930; 712 930; 715 933; 715 934; 717 936; 717 937; 723 937; 728 932; 728 930; 730 928; 730 919; 729 919; 726 916; 726 912; 727 911; 727 910; 728 909; 728 907; 729 906; 729 905; 730 904; 730 900; 731 899; 731 897; 732 896; 732 895; 733 894; 733 890; 732 889
111; 762 887; 760 889; 760 894; 759 895; 759 902; 758 903; 758 908; 757 909; 757 911; 756 912; 756 915; 757 916; 757 926; 756 927; 756 929; 755 930; 755 932; 758 935; 760 935; 762 933; 763 933; 764 932; 767 932; 768 931; 769 931; 770 930; 772 930; 773 929; 774 929; 775 928; 777 928; 778 927; 780 927; 781 926; 787 926; 789 924; 790 924; 792 922; 793 922; 794 921; 797 921; 798 920; 800 920; 801 919; 801 916; 799 914; 798 914; 797 913; 796 913; 795 912; 794 912; 790 908; 790 907; 788 905; 787 905; 786 904; 784 904; 783 903; 782 903; 780 901; 779 901; 776 898; 775 898; 764 887
112; 171 893; 169 895; 168 895; 167 896; 166 896; 165 897; 164 897; 163 898; 159 898; 158 899; 156 899; 155 900; 154 900; 151 903; 150 903; 148 905; 147 905; 146 906; 145 906; 144 907; 142 907; 141 908; 139 908; 138 909; 137 909; 136 910; 134 910; 133 911; 132 911; 130 913; 130 915; 131 915; 132 916; 135 916; 136 917; 137 917; 138 918; 139 918; 146 925; 148 925; 149 926; 150 926; 151 927; 152 927; 153 928; 154 928; 156 930; 157 930; 159 932; 160 932; 161 933; 163 933; 169 939; 169 940; 170 941; 170 942; 175 942; 176 941; 176 938; 175 937; 175 933; 174 932; 174 927; 175 926; 175 924; 178 921; 178 919; 177 918; 177 917; 175 915; 175 901; 176 900; 176 893
113; 242 900; 242 901; 241 902; 241 907; 240 908; 240 911; 235 916; 233 916; 232 917; 230 917; 229 918; 227 918; 226 919; 226 921; 229 924; 229 925; 230 926; 231 926; 232 927; 234 927; 235 928; 236 928; 238 930; 243 930; 244 929; 245 929; 249 925; 253 925; 257 929; 258 929; 264 935; 267 935; 268 934; 268 925; 269 924; 269 917; 268 916; 266 916; 265 915; 263 915; 261 913; 260 913; 255 908; 254 908; 253 907; 252 907; 251 906; 250 906; 244 900
114; 394 907; 393 908; 392 908; 392 911; 396 915; 396 918; 397 919; 397 920; 398 921; 398 922; 399 923; 399 925; 400 926; 400 928; 399 929; 399 932; 401 934; 402 934; 403 935; 403 936; 406 939; 406 940; 407 941; 407 942; 408 943; 408 945; 409 946; 409 951; 410 952; 410 953; 411 954; 413 954; 415 952; 415 951; 418 948; 418 947; 420 945; 420 944; 421 943; 421 942; 422 941; 422 940; 426 936; 427 936; 428 935; 429 935; 431 933; 431 932; 432 931; 432 930; 433 929; 433 928; 435 926; 435 925; 441 919; 442 919; 442 916; 441 916; 440 915; 433 915; 432 914; 429 914; 428 913; 427 913; 426 912; 423 912; 422 911; 415 911; 414 910; 412 910; 411 909; 410 909; 409 908; 408 908; 407 907; 403 907; 402 908; 398 908; 397 907
115; 303 900; 303 901; 298 906; 298 907; 296 909; 296 910; 294 912; 294 913; 289 918; 288 918; 287 919; 287 920; 286 921; 286 923; 285 924; 285 925; 284 926; 284 927; 282 929; 282 930; 281 931; 280 931; 279 932; 278 932; 276 934; 275 934; 275 938; 277 940; 289 940; 290 941; 294 941; 295 942; 298 942; 299 943; 312 943; 313 944; 315 944; 316 945; 322 945; 323 946; 325 946; 326 945; 326 942; 325 941; 325 940; 322 937; 322 936; 321 935; 321 934; 320 933; 320 926; 318 924; 317 924; 315 922; 315 921; 314 920; 314 916; 315 915; 315 914; 313 912; 312 912; 310 910; 310 909; 309 908; 309 905; 308 904; 308 902; 306 900
116; 595 909; 594 910; 594 911; 591 914; 591 918; 592 919; 592 925; 591 926; 591 928; 590 929; 590 932; 589 933; 589 935; 588 936; 588 938; 587 939; 587 944; 586 945; 586 948; 585 949; 585 951; 584 952; 584 954; 585 955; 585 956; 592 956; 593 955; 595 955; 596 954; 597 954; 598 953; 599 953; 600 952; 603 952; 604 951; 607 951; 608 950; 613 950; 614 949; 615 949; 616 948; 617 948; 618 947; 622 947; 623 946; 625 946; 627 944; 629 944; 630 943; 632 943; 632 940; 630 938; 629 938; 618 927; 618 926; 615 923; 613 923; 612 922; 610 922; 604 916; 604 915; 603 915; 600 912; 600 911; 598 909
117; 481 917; 481 918; 480 919; 480 920; 478 922; 478 923; 477 924; 477 925; 475 927; 475 928; 472 931; 472 932; 470 934; 470 935; 468 937; 468 942; 467 943; 467 944; 461 950; 461 951; 459 953; 459 954; 458 955; 458 957; 459 958; 459 959; 481 959; 482 960; 484 960; 485 961; 488 961; 489 960; 491 960; 492 959; 501 959; 502 960; 510 960; 510 958; 507 955; 507 954; 505 952; 505 951; 503 949; 503 948; 502 947; 502 946; 501 945; 501 944; 500 943; 500 942; 498 940; 498 939; 497 938; 497 937; 495 935; 495 934; 492 931; 492 930; 490 928; 490 927; 489 926; 489 925; 487 923; 487 922; 486 921; 486 920; 485 919; 485 918; 484 917
118; 731 919; 731 928; 729 930; 729 932; 724 937; 724 941; 723 942; 723 944; 722 945; 722 947; 721 948; 721 950; 722 951; 721 952; 721 954; 720 955; 720 956; 716 960; 716 964; 717 965; 722 965; 723 964; 728 964; 729 963; 732 963; 733 962; 739 962; 740 961; 741 961; 742 960; 743 960; 744 959; 750 959; 751 958; 753 958; 754 957; 755 957; 756 956; 763 956; 764 955; 766 955; 766 951; 764 949; 763 949; 757 943; 757 942; 756 941; 756 939; 757 938; 757 937; 758 936; 754 932; 754 931; 753 932; 746 932; 745 931; 744 931; 733 920; 733 919
119; 25 924; 24 925; 21 925; 22 926; 22 930; 21 931; 21 943; 20 944; 20 945; 19 946; 17 946; 16 945; 15 945; 13 943; 12 943; 11 942; 10 942; 9 941; 8 941; 7 940; 6 940; 4 938; 3 938; 1 936; 0 936; 0 944; 1 944; 2 945; 3 945; 5 947; 6 947; 8 949; 8 950; 9 951; 10 951; 11 952; 15 952; 16 953; 17 953; 18 954; 19 954; 24 959; 27 959; 28 958; 28 938; 29 937; 29 933; 28 932; 28 929; 29 928; 29 925; 28 924
120; 704 929; 703 930; 702 930; 700 932; 699 932; 698 933; 697 933; 696 934; 695 934; 694 935; 693 935; 692 936; 690 936; 689 937; 688 937; 687 938; 686 938; 685 939; 684 939; 683 940; 678 940; 677 941; 676 941; 675 942; 674 942; 673 943; 672 943; 671 944; 667 944; 666 945; 665 945; 664 946; 663 946; 662 947; 661 947; 661 950; 664 953; 665 953; 667 955; 668 955; 676 963; 676 968; 677 969; 680 969; 681 968; 685 968; 686 969; 687 969; 689 971; 690 971; 692 973; 692 974; 693 974; 695 976; 696 976; 699 979; 701 979; 702 978; 702 966; 703 965; 703 960; 704 959; 704 955; 705 954; 705 952; 706 951; 706 949; 707 948; 707 945; 706 944; 706 941; 705 940; 705 939; 706 938; 706 934; 707 933; 707 930; 706 929
121; 153 937; 151 939; 151 944; 152 945; 152 963; 151 964; 151 966; 150 967; 150 970; 151 971; 151 983; 152 984; 152 985; 157 985; 159 983; 160 983; 166 977; 167 977; 168 976; 170 976; 171 975; 174 975; 176 977; 176 978; 177 978; 179 976; 179 975; 182 972; 183 972; 184 971; 185 971; 187 969; 188 969; 189 968; 190 968; 191 967; 193 967; 194 966; 197 966; 198 965; 198 963; 197 962; 197 961; 196 960; 194 960; 193 959; 190 959; 189 958; 188 958; 187 957; 185 957; 181 953; 180 953; 179 952; 178 952; 177 951; 176 951; 175 950; 174 950; 169 945; 169 944; 165 944; 164 943; 162 943; 160 941; 159 941; 155 937
122; 836 950; 831 955; 830 955; 826 959; 825 959; 824 960; 820 960; 819 959; 816 959; 816 960; 815 961; 815 963; 814 964; 814 965; 812 967; 811 967; 810 968; 809 968; 808 969; 807 969; 801 975; 800 975; 798 977; 798 979; 799 979; 801 981; 802 981; 803 982; 805 982; 806 983; 809 983; 810 984; 811 984; 813 986; 815 986; 816 987; 819 987; 820 988; 821 988; 822 989; 823 989; 824 990; 825 990; 827 992; 828 992; 829 993; 835 993; 836 994; 838 994; 839 995; 840 995; 841 996; 842 996; 844 998; 848 998; 849 997; 849 994; 848 993; 848 992; 846 990; 846 984; 847 983; 847 980; 846 979; 846 978; 845 977; 845 976; 844 975; 844 973; 845 972; 845 967; 844 966; 844 965; 843 964; 843 963; 842 962; 842 959; 841 958; 841 954; 840 953; 840 951; 839 950
123; 565 969; 564 970; 557 970; 556 971; 554 971; 553 972; 546 972; 545 973; 540 973; 539 974; 536 974; 535 975; 533 975; 532 976; 520 976; 519 977; 519 981; 525 987; 525 988; 531 994; 532 994; 535 997; 535 998; 538 1001; 539 1001; 548 1010; 548 1011; 550 1013; 550 1014; 552 1016; 553 1016; 554 1017; 554 1018; 556 1020; 556 1023; 568 1023; 568 1022; 566 1020; 565 1020; 564 1019; 563 1019; 562 1018; 561 1018; 559 1016; 558 1016; 557 1015; 557 1014; 556 1013; 556 1008; 557 1007; 557 1006; 558 1005; 558 1004; 559 1003; 559 1002; 560 1001; 560 999; 561 998; 561 997; 565 993; 565 984; 566 983; 566 981; 567 980; 567 978; 568 977; 568 976; 569 975; 569 970; 568 969
124; 68 992; 68 996; 69 997; 69 1002; 70 1003; 70 1005; 69 1006; 69 1011; 70 1012; 70 1016; 71 1017; 71 1023; 79 1023; 79 1019; 78 1018; 78 1014; 77 1013; 77 1011; 78 1010; 78 1009; 80 1007; 82 1007; 84 1009; 85 1009; 86 1010; 87 1010; 88 1011; 90 1011; 91 1012; 93 1012; 94 1013; 95 1013; 96 1014; 97 1014; 98 1015; 98 1018; 95 1021; 94 1021; 94 1023; 109 1023; 109 1022; 111 1020; 114 1020; 116 1018; 116 1016; 115 1015; 114 1015; 113 1014; 111 1014; 110 1013; 109 1013; 107 1011; 106 1011; 105 1010; 104 1010; 103 1009; 102 1009; 101 1008; 99 1008; 98 1007; 97 1007; 96 1006; 95 1006; 94 1005; 93 1005; 90 1002; 89 1002; 88 1001; 87 1001; 86 1000; 84 1000; 82 998; 81 998; 80 997; 79 997; 74 992
125; 5 999; 5 1000; 4 1001; 4 1003; 5 1004; 5 1005; 11 1011; 11 1012; 15 1016; 15 1017; 16 1018; 16 1019; 17 1020; 17 1023; 56 1023; 56 1022; 55 1021; 55 1020; 53 1018; 53 1017; 52 1016; 52 1013; 53 1012; 54 1012; 56 1010; 56 1008; 55 1007; 54 1007; 53 1006; 44 1006; 43 1005; 42 1005; 39 1002; 38 1002; 37 1001; 34 1001; 33 1002; 31 1002; 30 1003; 27 1003; 26 1002; 17 1002; 16 1001; 11 1001; 10 1000; 8 1000; 7 999
126; 178 978; 177 979; 176 979; 175 980; 175 982; 174 983; 174 985; 173 986; 173 987; 172 988; 172 990; 171 991; 171 992; 170 993; 170 995; 169 996; 169 999; 168 1000; 168 1001; 167 1002; 167 1003; 166 1004; 166 1005; 164 1007; 164 1018; 163 1019; 163 1023; 177 1023; 179 1021; 180 1021; 182 1023; 188 1023; 191 1020; 193 1020; 194 1019; 197 1019; 198 1018; 203 1018; 204 1017; 211 1017; 211 1013; 200 1002; 200 1001; 192 993; 192 992; 187 987; 186 987; 180 981; 180 980; 179 979; 179 978
