0; 84 0; 84 3; 85 4; 86 4; 89 7; 90 7; 94 11; 95 11; 100 16; 101 16; 102 17; 104 17; 108 21; 108 22; 111 25; 113 25; 115 23; 115 21; 116 20; 116 15; 115 14; 115 12; 116 11; 116 8; 117 7; 117 6; 120 3; 120 2; 121 1; 121 0; 109 0; 109 4; 108 5; 108 6; 106 8; 104 8; 103 7; 102 7; 96 1; 96 0
1; 838 0; 838 2; 836 4; 835 4; 833 6; 832 6; 830 8; 829 8; 827 10; 826 10; 825 11; 824 11; 823 12; 821 12; 819 14; 819 18; 821 18; 822 19; 824 19; 825 20; 826 20; 828 22; 829 22; 830 23; 831 23; 832 24; 834 24; 835 25; 836 25; 839 28; 839 29; 840 30; 840 31; 846 31; 847 32; 850 32; 851 33; 853 33; 854 34; 855 34; 856 35; 857 35; 858 36; 859 36; 860 37; 861 37; 862 38; 865 38; 866 37; 866 35; 865 34; 865 31; 864 30; 864 19; 863 18; 863 7; 862 6; 862 3; 861 2; 861 0
2; 724 10; 722 12; 722 14; 728 20; 728 21; 729 22; 729 26; 730 27; 730 28; 733 31; 733 32; 735 34; 735 35; 736 36; 736 37; 737 38; 737 40; 738 41; 738 43; 739 44; 739 52; 741 54; 744 54; 745 53; 745 52; 748 49; 748 48; 751 45; 751 44; 756 39; 757 39; 759 37; 762 37; 763 36; 764 36; 764 35; 765 34; 765 32; 766 31; 766 29; 767 28; 767 27; 775 19; 775 17; 774 16; 766 16; 765 15; 764 15; 763 14; 759 14; 758 13; 754 13; 753 12; 746 12; 745 11; 738 11; 737 10
3; 80 6; 79 7; 78 7; 75 10; 75 11; 72 14; 71 14; 69 16; 68 16; 66 18; 65 18; 64 19; 59 19; 57 21; 57 22; 54 25; 53 25; 51 27; 50 27; 47 30; 46 30; 45 31; 44 31; 42 33; 42 35; 43 36; 45 36; 46 37; 48 37; 49 38; 50 38; 51 39; 52 39; 53 40; 54 40; 55 41; 57 41; 58 42; 59 42; 61 44; 62 44; 63 45; 65 45; 66 46; 69 46; 70 47; 71 47; 72 48; 74 48; 75 49; 77 49; 78 50; 80 50; 82 52; 83 52; 84 53; 87 53; 88 52; 88 47; 87 46; 87 35; 86 34; 86 32; 85 31; 85 22; 84 21; 84 18; 83 17; 83 6
4; 346 17; 343 20; 342 20; 341 21; 339 21; 338 22; 336 22; 335 23; 334 23; 333 24; 332 24; 331 25; 330 25; 324 31; 323 31; 320 34; 319 34; 317 36; 316 36; 315 37; 313 37; 312 38; 309 38; 307 40; 307 44; 308 44; 309 45; 310 45; 311 46; 313 46; 314 47; 315 47; 316 48; 317 48; 319 50; 320 50; 324 54; 324 55; 325 55; 326 56; 330 56; 331 57; 334 57; 335 58; 337 58; 339 60; 340 60; 343 63; 344 63; 346 65; 350 65; 351 64; 351 61; 350 60; 350 58; 349 57; 349 54; 350 53; 350 52; 351 51; 351 41; 350 40; 351 39; 351 34; 350 33; 350 30; 349 29; 349 28; 350 27; 350 18; 349 17
5; 487 19; 485 21; 485 22; 483 24; 483 25; 474 34; 473 34; 472 35; 471 35; 470 36; 469 36; 467 38; 467 39; 466 40; 466 41; 465 42; 465 44; 464 45; 464 47; 459 52; 458 52; 456 54; 456 56; 457 57; 459 57; 460 58; 464 58; 465 57; 470 57; 471 58; 475 58; 476 59; 481 59; 482 60; 484 60; 485 61; 499 61; 500 62; 502 62; 503 63; 507 63; 507 59; 506 58; 506 57; 503 54; 503 53; 502 52; 502 50; 503 49; 503 45; 498 40; 498 38; 497 37; 497 34; 495 32; 495 31; 494 30; 494 29; 493 28; 493 27; 492 26; 492 24; 491 23; 491 21; 489 19
6; 634 22; 633 23; 633 24; 632 25; 632 27; 631 28; 631 29; 630 30; 630 31; 628 33; 628 36; 627 37; 627 39; 626 40; 626 41; 624 43; 624 44; 622 46; 622 47; 618 51; 618 52; 615 55; 615 56; 614 57; 614 58; 613 59; 613 60; 612 61; 612 64; 613 65; 617 65; 618 64; 620 64; 621 63; 626 63; 627 64; 628 64; 629 65; 634 65; 635 64; 646 64; 647 63; 649 63; 650 62; 651 62; 652 61; 653 61; 654 62; 657 62; 658 63; 662 63; 663 62; 663 59; 661 57; 661 56; 655 50; 655 49; 653 47; 653 46; 652 45; 652 44; 651 43; 651 37; 650 37; 649 36; 648 36; 643 31; 643 30; 641 28; 641 27; 639 25; 639 24; 638 23; 638 22
7; 185 24; 184 25; 184 26; 183 27; 183 28; 182 29; 182 31; 180 33; 180 34; 177 37; 177 38; 170 45; 170 46; 169 47; 169 49; 167 51; 167 52; 166 53; 166 54; 165 55; 165 57; 164 58; 164 59; 170 65; 171 64; 185 64; 186 65; 189 65; 190 66; 195 66; 196 67; 199 67; 200 66; 212 66; 212 62; 211 61; 210 61; 207 58; 207 57; 206 56; 206 49; 204 47; 203 47; 199 43; 199 42; 198 41; 198 40; 194 36; 194 35; 192 33; 192 32; 191 31; 191 30; 190 29; 190 28; 189 27; 189 25; 188 24
8; 163 59; 161 61; 160 61; 158 63; 157 63; 156 64; 151 64; 150 65; 146 65; 145 66; 144 65; 141 65; 140 64; 135 64; 134 65; 132 65; 131 66; 126 66; 125 67; 112 67; 111 68; 111 72; 116 77; 116 78; 117 79; 117 80; 118 81; 118 82; 120 84; 120 85; 121 86; 121 87; 122 88; 122 90; 123 91; 123 92; 125 94; 125 95; 127 97; 127 98; 128 99; 128 100; 129 101; 129 104; 130 105; 130 107; 131 107; 132 108; 134 108; 134 107; 143 98; 143 97; 151 89; 151 88; 152 87; 152 86; 154 84; 156 84; 160 80; 161 80; 164 77; 176 77; 172 73; 172 72; 170 70; 170 69; 169 68; 169 65
9; 164 78; 161 81; 160 81; 157 84; 157 87; 154 90; 154 102; 153 103; 153 105; 152 106; 152 107; 151 108; 151 109; 150 110; 150 112; 149 113; 149 115; 151 117; 152 117; 154 115; 155 115; 156 114; 157 114; 159 112; 160 112; 162 110; 164 110; 165 109; 168 109; 169 108; 172 108; 173 107; 180 107; 181 106; 183 106; 184 105; 185 105; 186 104; 187 104; 188 103; 190 103; 191 102; 195 102; 196 101; 198 101; 198 98; 197 97; 196 97; 193 94; 192 94; 187 89; 187 88; 186 87; 186 86; 185 85; 184 85; 177 78
10; 881 70; 881 76; 882 77; 882 79; 883 80; 883 86; 882 87; 882 88; 881 89; 881 95; 882 96; 882 98; 883 99; 883 101; 884 102; 884 106; 885 107; 885 109; 886 110; 886 111; 885 112; 885 117; 886 118; 889 118; 898 109; 899 109; 900 108; 901 108; 902 107; 911 107; 912 106; 912 105; 918 99; 919 99; 921 97; 922 97; 923 96; 925 96; 926 95; 927 95; 928 94; 928 90; 925 90; 924 89; 921 89; 920 88; 919 88; 918 87; 917 87; 915 85; 914 85; 913 84; 912 84; 911 83; 910 83; 909 82; 908 82; 907 81; 905 81; 904 80; 903 80; 902 79; 901 79; 900 78; 899 78; 898 77; 897 77; 896 76; 895 76; 894 75; 893 75; 891 73; 890 73; 888 71; 887 71; 886 70
11; 590 70; 587 73; 587 74; 586 75; 586 76; 585 77; 585 78; 584 79; 584 80; 580 84; 580 85; 577 88; 577 89; 576 90; 576 91; 574 93; 574 94; 565 103; 565 104; 563 106; 563 110; 574 110; 575 111; 576 111; 577 112; 590 112; 591 113; 603 113; 604 114; 605 114; 606 115; 607 115; 608 116; 612 112; 612 110; 609 107; 609 106; 607 104; 607 103; 606 102; 606 99; 605 98; 605 96; 604 95; 604 87; 602 85; 601 85; 599 83; 599 82; 597 80; 597 79; 596 78; 596 76; 595 75; 595 71; 594 70
12; 62 87; 61 88; 58 88; 57 89; 54 89; 53 90; 50 90; 49 91; 48 91; 47 92; 45 92; 44 93; 42 93; 41 94; 36 94; 35 95; 34 95; 32 97; 31 97; 30 98; 21 98; 19 100; 19 102; 22 105; 23 105; 27 109; 28 109; 35 116; 35 117; 36 118; 37 118; 39 120; 40 120; 41 121; 42 121; 44 123; 45 123; 49 127; 49 128; 51 130; 51 131; 52 132; 56 132; 56 130; 57 129; 57 127; 58 126; 58 123; 59 122; 59 118; 60 117; 60 116; 61 115; 61 114; 65 110; 65 106; 64 105; 64 98; 65 97; 65 96; 66 95; 66 94; 68 92; 68 91; 69 90; 69 88; 68 87
13; 377 92; 376 93; 376 94; 374 96; 374 97; 373 98; 373 100; 371 102; 371 103; 369 105; 368 105; 365 108; 364 108; 363 109; 361 109; 360 110; 360 112; 359 113; 359 114; 357 116; 357 117; 356 118; 356 119; 354 121; 354 122; 351 125; 351 126; 350 127; 350 131; 352 131; 353 132; 356 132; 358 134; 361 134; 362 133; 366 133; 367 132; 370 132; 371 133; 387 133; 388 134; 389 134; 390 135; 393 135; 394 136; 399 136; 400 135; 400 132; 397 129; 397 128; 396 127; 396 125; 395 124; 395 123; 394 122; 394 121; 393 120; 393 119; 392 118; 392 117; 391 116; 391 115; 390 114; 390 112; 389 111; 389 110; 388 109; 388 108; 386 106; 386 105; 385 104; 385 103; 384 102; 384 100; 383 99; 383 98; 382 97; 382 95; 381 94; 381 93; 380 92
14; 100 108; 99 109; 99 113; 100 114; 100 115; 102 117; 102 118; 103 119; 103 125; 106 128; 106 129; 107 130; 107 131; 108 132; 108 133; 109 134; 109 135; 110 136; 110 137; 113 140; 113 141; 115 143; 115 144; 116 145; 116 147; 117 148; 117 151; 118 152; 120 152; 122 150; 122 149; 123 148; 123 147; 124 146; 124 145; 133 136; 138 136; 138 129; 139 128; 139 127; 141 125; 141 124; 142 123; 143 123; 145 121; 146 121; 148 119; 149 119; 150 118; 150 117; 148 115; 148 114; 147 115; 140 115; 139 114; 136 114; 133 111; 133 109; 132 109; 131 108; 130 108; 129 109; 129 110; 128 111; 127 111; 126 112; 121 112; 120 111; 108 111; 107 110; 106 110; 105 109; 103 109; 102 108
15; 622 100; 622 101; 621 102; 621 106; 620 107; 620 109; 616 113; 614 113; 613 112; 609 116; 609 117; 610 118; 610 120; 609 121; 609 129; 608 130; 608 132; 606 134; 606 135; 602 139; 602 142; 603 142; 604 143; 607 143; 608 142; 630 142; 631 141; 644 141; 645 140; 653 140; 654 139; 654 137; 653 136; 653 135; 652 134; 651 134; 644 127; 644 126; 643 125; 643 124; 642 123; 642 122; 641 121; 641 120; 638 117; 638 116; 637 115; 637 114; 634 111; 634 110; 633 109; 632 109; 628 105; 628 104; 627 103; 627 102; 625 100
16; 533 112; 531 114; 531 116; 530 117; 530 119; 529 120; 529 122; 528 123; 528 125; 527 126; 527 127; 525 129; 525 130; 522 133; 522 137; 521 138; 521 141; 520 142; 520 145; 519 146; 519 147; 515 151; 515 152; 514 153; 514 156; 515 157; 515 159; 516 159; 517 158; 518 158; 519 157; 520 157; 522 155; 528 155; 529 154; 532 154; 533 153; 545 153; 546 152; 562 152; 563 151; 565 151; 565 147; 564 146; 563 146; 560 143; 559 143; 557 141; 557 140; 556 139; 556 134; 555 133; 554 133; 553 132; 551 132; 548 129; 548 128; 539 119; 539 118; 537 116; 537 115; 536 114; 536 113; 535 112
17; 875 124; 874 125; 874 128; 878 132; 878 133; 879 134; 879 135; 880 136; 880 137; 881 138; 881 139; 882 140; 882 141; 884 143; 884 144; 889 149; 889 150; 891 152; 891 153; 892 154; 892 155; 894 157; 894 158; 896 160; 896 162; 897 163; 897 164; 899 166; 902 166; 904 164; 904 161; 905 160; 905 159; 907 157; 907 156; 913 150; 913 149; 914 148; 914 145; 915 144; 915 143; 916 142; 916 140; 917 139; 917 138; 918 137; 918 135; 919 134; 919 133; 924 128; 924 125; 923 125; 922 124; 920 124; 919 125; 911 125; 910 124; 907 124; 906 125; 889 125; 888 126; 887 126; 886 125; 883 125; 882 124
18; 339 134; 338 135; 338 139; 339 140; 339 141; 340 142; 340 143; 341 144; 341 146; 342 147; 342 154; 343 155; 343 162; 344 163; 344 164; 347 167; 347 168; 348 169; 348 176; 349 177; 349 179; 353 179; 354 178; 355 178; 355 177; 357 175; 357 174; 360 171; 361 171; 365 167; 366 167; 367 166; 368 166; 372 162; 372 161; 381 152; 382 152; 386 148; 386 146; 385 145; 384 145; 383 144; 379 144; 378 143; 374 143; 373 142; 371 142; 370 141; 368 141; 367 140; 366 140; 365 139; 364 139; 360 135; 358 135; 356 137; 355 137; 354 138; 351 138; 350 137; 349 137; 348 136; 347 136; 346 135; 344 135; 343 134
19; 467 135; 467 146; 468 147; 468 150; 467 151; 467 161; 466 162; 466 165; 467 166; 467 168; 468 169; 468 173; 469 174; 469 182; 470 183; 473 183; 476 180; 477 180; 478 179; 480 179; 481 178; 482 178; 483 177; 484 177; 486 175; 487 175; 488 174; 489 174; 490 173; 491 173; 493 171; 494 171; 495 170; 496 170; 501 165; 502 165; 503 164; 504 164; 506 162; 507 162; 508 161; 510 161; 511 160; 513 160; 514 159; 514 157; 513 156; 513 154; 512 155; 509 155; 508 154; 507 154; 506 153; 505 153; 504 152; 503 152; 502 151; 501 151; 499 149; 498 149; 491 142; 483 142; 482 141; 481 141; 480 140; 479 140; 478 139; 476 139; 475 138; 474 138; 472 136; 471 136; 470 135
20; 686 145; 684 147; 684 149; 686 151; 686 152; 687 153; 687 160; 688 161; 688 165; 687 166; 687 170; 688 171; 689 171; 691 173; 691 174; 692 175; 692 178; 693 179; 693 181; 694 182; 694 193; 695 194; 699 194; 701 192; 701 191; 707 185; 708 185; 710 183; 711 183; 718 176; 721 176; 724 173; 724 170; 725 169; 725 168; 727 166; 728 166; 729 165; 730 165; 731 164; 732 164; 733 163; 733 160; 732 160; 731 159; 728 159; 727 158; 724 158; 723 157; 722 157; 720 155; 719 155; 718 154; 717 154; 716 153; 715 153; 714 152; 705 152; 704 151; 701 151; 700 150; 698 150; 697 149; 695 149; 694 148; 693 148; 692 147; 691 147; 690 146; 689 146; 688 145
21; 857 142; 849 150; 848 150; 847 151; 846 151; 840 157; 840 158; 838 160; 837 160; 835 162; 835 163; 833 165; 833 166; 829 170; 828 170; 824 174; 824 176; 825 177; 827 177; 828 178; 836 178; 837 179; 839 179; 840 180; 842 180; 843 181; 844 181; 847 184; 848 184; 849 185; 858 185; 859 184; 860 185; 862 185; 863 186; 864 186; 865 187; 866 187; 867 188; 869 188; 870 189; 873 189; 874 188; 874 183; 873 182; 873 181; 872 180; 872 179; 871 178; 871 173; 870 172; 870 170; 869 169; 869 168; 868 167; 868 166; 867 165; 867 161; 866 160; 866 158; 862 154; 862 153; 861 152; 861 145; 860 144; 860 143; 859 142
22; 977 177; 977 182; 978 183; 978 184; 979 185; 979 187; 980 188; 980 191; 981 192; 981 194; 982 195; 982 197; 983 198; 983 202; 984 203; 984 204; 985 205; 985 207; 986 208; 986 210; 987 211; 987 212; 988 213; 988 214; 989 215; 989 219; 990 220; 990 222; 992 224; 995 224; 997 222; 997 220; 998 219; 998 218; 1002 214; 1003 214; 1004 213; 1005 213; 1010 208; 1010 207; 1014 203; 1015 203; 1020 198; 1023 198; 1023 187; 1019 187; 1018 186; 1015 186; 1014 185; 1013 185; 1012 184; 1011 184; 1010 183; 1008 183; 1006 181; 1005 181; 1003 179; 998 179; 997 180; 990 180; 989 181; 988 180; 986 180; 985 179; 984 179; 982 177
23; 790 204; 785 209; 784 209; 783 210; 782 210; 781 211; 776 211; 775 212; 774 212; 771 215; 770 215; 769 216; 768 216; 767 217; 766 217; 765 218; 763 218; 762 219; 761 219; 760 220; 759 220; 756 223; 755 223; 754 224; 753 224; 752 225; 749 225; 747 227; 747 229; 748 230; 749 230; 750 231; 751 231; 752 232; 754 232; 756 234; 757 234; 758 235; 759 235; 760 236; 762 236; 763 237; 764 237; 770 243; 770 244; 771 244; 772 245; 774 245; 775 246; 779 246; 780 247; 781 247; 782 248; 783 248; 787 252; 788 252; 790 254; 794 254; 795 253; 795 249; 794 248; 794 246; 793 245; 793 236; 794 235; 794 231; 795 230; 795 223; 794 222; 794 212; 795 211; 795 206; 793 204
24; 338 214; 335 217; 335 218; 333 220; 333 221; 331 223; 331 224; 328 227; 327 227; 325 229; 324 229; 323 230; 322 230; 320 232; 320 236; 319 237; 319 238; 318 239; 318 240; 317 241; 317 244; 316 245; 316 246; 310 252; 310 255; 311 256; 312 256; 313 257; 317 257; 318 256; 331 256; 332 257; 341 257; 342 258; 347 258; 348 257; 352 257; 353 258; 354 258; 355 259; 356 259; 357 260; 360 260; 362 258; 362 255; 361 254; 361 253; 358 250; 358 249; 357 248; 357 240; 355 238; 354 238; 352 236; 352 235; 351 234; 351 233; 350 232; 350 231; 349 230; 349 229; 348 228; 348 227; 347 226; 347 225; 344 222; 344 221; 343 220; 343 219; 342 218; 342 216; 341 215; 341 214
25; 162 284; 161 285; 159 285; 158 286; 156 286; 155 287; 151 287; 150 286; 144 286; 143 287; 142 287; 141 288; 140 288; 139 289; 137 289; 136 290; 129 290; 128 291; 123 291; 122 290; 119 290; 118 291; 117 291; 116 292; 115 292; 115 297; 118 300; 120 300; 121 301; 122 301; 126 305; 126 306; 127 307; 127 311; 130 314; 131 314; 133 316; 133 317; 135 319; 136 319; 138 321; 139 321; 143 325; 143 327; 144 328; 144 329; 145 330; 145 331; 149 331; 149 330; 150 329; 150 327; 151 326; 151 325; 152 324; 152 322; 153 321; 153 319; 154 318; 154 316; 155 315; 155 313; 156 312; 156 311; 157 310; 157 309; 158 308; 158 307; 159 306; 159 305; 160 304; 160 302; 161 301; 161 300; 162 299; 162 298; 163 297; 163 296; 164 295; 164 294; 165 293; 165 292; 166 291; 166 290; 167 289; 167 286; 165 284
26; 219 292; 218 293; 217 293; 215 295; 214 295; 211 298; 210 298; 209 299; 208 299; 207 300; 206 300; 205 301; 197 301; 196 302; 196 304; 193 307; 192 307; 191 308; 190 308; 189 309; 188 309; 187 310; 186 310; 184 312; 182 312; 181 313; 179 313; 178 314; 178 317; 179 317; 180 318; 181 318; 182 319; 183 319; 184 320; 185 320; 186 321; 187 321; 189 323; 190 323; 192 325; 193 325; 195 327; 196 327; 197 328; 198 328; 200 330; 201 330; 204 333; 205 333; 206 334; 210 334; 211 335; 212 335; 213 336; 214 336; 219 341; 223 341; 224 340; 224 335; 223 334; 223 326; 224 325; 224 319; 225 318; 225 309; 224 308; 224 304; 223 303; 223 300; 224 299; 224 297; 225 296; 225 293; 224 292
27; 1021 300; 1019 302; 1018 302; 1017 303; 1016 303; 1015 304; 1013 304; 1012 305; 1009 305; 1007 307; 1006 307; 1003 310; 1001 310; 1000 311; 999 311; 996 314; 995 314; 993 316; 992 316; 991 317; 990 317; 989 318; 988 318; 987 319; 986 319; 986 323; 987 323; 988 324; 990 324; 991 325; 992 325; 994 327; 995 327; 999 331; 1000 331; 1001 332; 1005 332; 1006 333; 1007 333; 1009 335; 1010 335; 1011 336; 1012 336; 1013 337; 1016 337; 1017 338; 1019 338; 1020 339; 1021 339; 1022 340; 1023 340; 1023 329; 1022 329; 1021 330; 1017 330; 1016 329; 1015 329; 1012 326; 1011 326; 1009 324; 1007 324; 1004 321; 1004 320; 1007 317; 1008 317; 1010 315; 1011 315; 1013 313; 1015 313; 1016 312; 1021 312; 1022 313; 1023 313; 1023 300
28; 450 322; 449 323; 446 323; 445 324; 441 324; 440 325; 437 325; 436 324; 428 324; 427 325; 423 325; 422 326; 417 326; 416 325; 402 325; 401 326; 401 330; 402 331; 403 331; 408 336; 408 337; 409 338; 409 339; 410 340; 410 348; 411 348; 412 349; 415 349; 418 352; 418 353; 419 354; 419 355; 421 357; 421 358; 423 360; 423 361; 424 362; 424 363; 426 365; 426 366; 428 368; 431 368; 431 367; 432 366; 432 364; 433 363; 433 362; 434 361; 434 360; 435 359; 435 358; 440 353; 440 352; 441 351; 441 350; 442 349; 442 347; 443 346; 443 345; 446 342; 447 342; 447 341; 448 340; 448 338; 447 337; 447 333; 453 327; 453 323; 452 322
29; 263 324; 263 325; 262 326; 262 327; 261 328; 261 333; 260 334; 260 336; 259 337; 259 338; 255 342; 255 343; 254 344; 253 344; 252 345; 249 345; 249 348; 251 350; 251 357; 250 358; 250 360; 249 361; 249 363; 248 364; 248 368; 249 369; 249 370; 255 370; 257 368; 258 368; 259 367; 260 367; 261 366; 265 366; 266 365; 271 365; 272 364; 275 364; 276 363; 283 363; 284 362; 286 362; 287 361; 297 361; 299 359; 299 357; 295 353; 294 353; 292 351; 291 351; 290 350; 290 349; 289 348; 289 347; 283 341; 282 341; 278 337; 278 336; 277 335; 276 335; 269 328; 269 327; 268 326; 268 325; 267 324
30; 686 417; 686 420; 687 421; 687 423; 688 424; 688 425; 689 426; 689 427; 690 428; 690 429; 691 430; 691 432; 692 433; 692 438; 691 439; 691 441; 690 442; 690 444; 695 449; 695 450; 696 451; 696 452; 697 453; 697 454; 698 455; 698 459; 699 460; 699 462; 700 463; 700 464; 701 465; 701 466; 704 466; 706 464; 706 463; 707 462; 707 461; 714 454; 715 454; 725 444; 725 443; 729 439; 730 439; 737 432; 737 429; 736 429; 735 428; 730 428; 729 427; 726 427; 724 425; 723 425; 721 423; 720 423; 719 422; 717 422; 716 423; 709 423; 708 422; 707 422; 706 421; 704 421; 703 420; 695 420; 693 418; 692 418; 691 417
31; 88 419; 87 420; 86 420; 85 421; 84 421; 83 422; 81 422; 80 423; 78 423; 77 424; 75 424; 74 425; 71 425; 70 426; 68 426; 67 427; 64 427; 63 428; 61 428; 60 429; 59 429; 56 432; 55 432; 54 433; 48 433; 47 434; 46 434; 45 435; 45 437; 47 439; 48 439; 50 441; 51 441; 53 443; 54 443; 62 451; 63 451; 65 453; 66 453; 68 455; 69 455; 71 457; 72 457; 74 459; 75 459; 82 466; 83 466; 84 467; 86 467; 88 465; 88 458; 87 457; 88 456; 88 452; 89 451; 89 450; 91 448; 92 448; 93 447; 94 447; 94 444; 90 440; 90 432; 91 431; 91 430; 92 429; 92 428; 93 427; 93 420; 92 419
32; 981 435; 980 436; 979 436; 972 443; 971 443; 964 450; 963 450; 961 452; 960 452; 952 460; 951 460; 950 461; 949 461; 948 462; 947 462; 945 464; 945 467; 946 468; 948 468; 949 469; 953 469; 954 470; 955 470; 957 472; 957 475; 958 475; 959 476; 960 476; 961 475; 962 475; 963 474; 964 474; 965 475; 969 475; 970 476; 972 476; 973 477; 974 477; 975 478; 978 478; 979 479; 982 479; 983 480; 984 480; 985 481; 986 481; 987 482; 988 482; 989 483; 992 483; 993 482; 993 477; 992 476; 992 475; 991 474; 991 473; 989 471; 989 464; 990 463; 990 459; 987 456; 987 455; 986 454; 986 450; 985 449; 985 436; 984 435
33; 829 454; 827 456; 826 456; 825 457; 824 457; 823 458; 821 458; 820 459; 818 459; 817 460; 811 460; 810 459; 808 459; 807 460; 807 462; 805 464; 804 464; 803 465; 802 465; 801 466; 798 466; 797 467; 795 467; 794 468; 793 468; 792 469; 791 469; 790 470; 789 470; 787 472; 787 475; 789 477; 791 477; 792 478; 793 478; 795 480; 796 480; 799 483; 799 484; 800 485; 801 485; 802 486; 803 486; 804 487; 805 487; 806 488; 807 488; 809 490; 810 490; 811 491; 812 491; 813 492; 814 492; 815 493; 816 493; 818 495; 819 495; 823 499; 823 500; 825 502; 827 502; 827 501; 828 500; 828 494; 829 493; 829 492; 831 490; 831 489; 834 486; 836 486; 836 482; 832 478; 832 464; 833 463; 833 454
34; 294 457; 293 458; 293 459; 292 460; 292 461; 286 467; 284 467; 283 468; 282 468; 280 470; 280 471; 279 472; 279 473; 276 476; 276 477; 275 478; 275 479; 274 480; 274 481; 268 487; 268 488; 266 490; 266 493; 267 494; 270 494; 271 495; 272 495; 273 496; 274 496; 275 497; 280 497; 281 498; 283 498; 284 499; 285 499; 286 500; 296 500; 297 501; 306 501; 307 502; 308 502; 309 503; 314 503; 315 502; 315 498; 311 494; 311 493; 309 491; 309 489; 308 488; 308 486; 307 485; 307 483; 306 482; 306 481; 305 480; 305 479; 304 478; 304 477; 303 476; 303 475; 302 474; 302 472; 301 471; 301 468; 300 467; 300 464; 299 463; 299 460; 298 459; 298 458; 297 457
35; 7 464; 7 468; 8 469; 8 470; 9 471; 9 480; 10 481; 10 484; 11 485; 11 488; 12 489; 12 490; 13 491; 13 492; 14 493; 14 494; 15 495; 15 496; 16 497; 16 501; 17 502; 17 507; 16 508; 16 514; 23 514; 23 512; 24 511; 24 510; 26 508; 26 507; 31 502; 32 502; 33 501; 38 501; 40 499; 40 497; 42 495; 42 494; 44 492; 44 491; 50 485; 51 485; 54 482; 54 480; 53 479; 47 479; 46 478; 44 478; 43 477; 42 477; 41 476; 40 476; 39 475; 37 475; 36 474; 33 474; 32 473; 30 473; 29 472; 28 472; 27 471; 26 471; 25 470; 22 470; 21 469; 17 469; 13 465; 12 465; 11 464
36; 879 470; 878 471; 877 471; 876 472; 875 472; 874 473; 866 473; 865 474; 863 474; 862 475; 859 475; 858 474; 854 474; 852 476; 852 477; 848 481; 847 481; 846 482; 837 482; 837 486; 840 489; 841 489; 843 491; 844 491; 850 497; 851 497; 853 499; 853 500; 858 505; 859 505; 861 507; 862 507; 869 514; 869 515; 870 516; 874 516; 874 515; 875 514; 875 506; 876 505; 876 497; 877 496; 877 494; 878 493; 878 491; 879 490; 879 487; 880 486; 880 480; 881 479; 881 477; 882 476; 882 475; 883 474; 883 470
37; 170 467; 163 474; 162 474; 159 477; 158 477; 157 478; 156 478; 152 482; 151 482; 149 484; 147 484; 145 486; 144 486; 141 489; 139 489; 138 490; 137 490; 135 492; 134 492; 134 496; 135 496; 136 497; 137 497; 138 498; 140 498; 141 499; 143 499; 144 500; 146 500; 147 501; 148 501; 149 502; 150 502; 151 503; 153 503; 154 504; 156 504; 157 505; 159 505; 160 506; 161 506; 162 507; 164 507; 165 508; 166 508; 167 509; 168 509; 171 512; 172 512; 173 513; 174 513; 175 514; 180 514; 180 510; 179 509; 179 508; 178 507; 178 505; 177 504; 177 498; 178 497; 178 496; 179 495; 179 491; 178 490; 178 489; 177 488; 177 487; 176 486; 176 484; 175 483; 175 468; 174 467
38; 474 472; 473 473; 472 473; 467 478; 464 478; 463 479; 462 479; 460 481; 459 481; 458 482; 457 482; 456 483; 455 483; 454 484; 453 484; 450 487; 449 487; 445 491; 443 491; 439 495; 438 495; 436 497; 435 497; 435 500; 436 500; 437 501; 438 501; 439 502; 443 502; 444 503; 446 503; 448 505; 449 505; 451 507; 452 507; 454 509; 455 509; 456 510; 457 510; 458 511; 459 511; 460 512; 461 512; 462 513; 464 513; 465 514; 467 514; 468 515; 469 515; 474 520; 474 521; 478 521; 479 520; 479 519; 480 518; 480 515; 479 514; 479 510; 478 509; 478 508; 479 507; 479 498; 480 497; 480 490; 479 489; 479 488; 478 487; 478 485; 477 484; 477 472
39; 955 476; 952 479; 950 479; 949 480; 947 480; 946 481; 945 481; 944 482; 943 482; 942 483; 941 483; 940 484; 939 484; 938 485; 937 485; 936 486; 935 486; 934 487; 932 487; 931 488; 930 488; 929 489; 927 489; 926 490; 925 490; 924 491; 923 491; 922 492; 921 492; 920 493; 915 493; 914 494; 913 494; 913 496; 915 498; 916 498; 917 499; 918 499; 919 500; 920 500; 924 504; 924 506; 925 507; 926 507; 930 511; 933 511; 934 512; 935 512; 937 514; 938 514; 940 516; 943 516; 945 518; 946 518; 951 523; 954 523; 956 521; 956 518; 955 517; 955 506; 956 505; 956 504; 957 503; 957 502; 958 501; 958 487; 957 486; 957 485; 958 484; 958 482; 959 481; 959 480; 960 479; 960 477; 959 477; 958 476
40; 68 488; 67 489; 66 489; 64 491; 63 491; 60 494; 58 494; 57 495; 55 495; 53 497; 52 497; 50 499; 49 499; 46 502; 45 502; 44 503; 42 503; 41 504; 40 504; 40 505; 38 507; 37 507; 36 508; 35 508; 34 509; 30 509; 28 511; 28 513; 30 515; 31 515; 32 516; 34 516; 35 517; 37 517; 38 518; 40 518; 41 519; 42 519; 43 520; 44 520; 50 526; 54 526; 55 527; 58 527; 59 528; 62 528; 63 529; 64 529; 65 530; 66 530; 71 535; 74 535; 75 534; 77 534; 77 533; 76 532; 76 529; 75 528; 75 523; 74 522; 74 514; 73 513; 73 505; 72 504; 72 501; 71 500; 71 493; 72 492; 72 488
41; 897 495; 897 496; 896 497; 896 499; 897 500; 897 511; 894 514; 894 515; 893 516; 893 520; 894 521; 894 525; 895 526; 895 534; 894 535; 894 537; 893 538; 893 541; 894 542; 898 542; 899 541; 900 541; 900 540; 903 537; 904 537; 905 536; 906 536; 907 535; 910 535; 911 534; 914 534; 915 533; 917 533; 918 532; 920 532; 921 531; 924 531; 925 530; 927 530; 931 526; 932 526; 933 525; 934 525; 935 524; 937 524; 938 523; 939 523; 940 522; 940 519; 939 518; 939 517; 935 517; 934 516; 933 516; 932 515; 931 515; 930 514; 930 512; 926 508; 925 508; 923 506; 922 507; 920 507; 918 505; 917 505; 915 503; 914 503; 913 502; 911 502; 910 501; 909 501; 908 500; 906 500; 905 499; 904 499; 900 495
42; 449 516; 449 520; 450 521; 450 522; 451 523; 451 524; 452 525; 452 527; 453 528; 453 533; 452 534; 452 536; 451 537; 451 538; 450 539; 450 542; 453 545; 453 546; 454 547; 454 548; 455 549; 455 550; 456 551; 456 557; 457 558; 457 562; 458 563; 458 564; 462 564; 463 563; 463 562; 465 560; 466 560; 468 558; 469 558; 470 557; 471 557; 472 556; 472 555; 477 550; 478 550; 479 549; 482 549; 483 548; 484 548; 484 547; 486 545; 486 544; 488 542; 489 542; 491 540; 492 540; 493 539; 494 539; 495 538; 496 538; 498 536; 498 534; 497 533; 497 532; 495 532; 494 531; 490 531; 489 530; 488 530; 487 529; 486 529; 485 528; 484 528; 483 527; 482 527; 480 525; 479 525; 478 524; 478 522; 474 522; 473 523; 469 523; 468 522; 466 522; 465 521; 462 521; 461 520; 460 520; 459 519; 458 519; 457 518; 456 518; 455 517; 454 517; 453 516
43; 16 515; 17 516; 17 518; 16 519; 16 526; 15 527; 15 528; 14 529; 14 530; 12 532; 12 533; 7 538; 7 539; 6 540; 6 541; 5 542; 5 548; 4 549; 4 551; 3 552; 3 553; 1 555; 0 555; 0 561; 1 561; 2 560; 6 560; 7 559; 9 559; 10 558; 15 558; 16 559; 22 559; 23 558; 24 558; 25 557; 35 557; 36 556; 37 556; 38 555; 50 555; 50 551; 42 543; 42 542; 40 540; 40 539; 39 538; 39 534; 38 533; 38 531; 37 531; 35 529; 34 529; 32 527; 31 527; 26 522; 26 521; 25 520; 25 519; 24 518; 24 517; 23 516; 23 515
44; 263 524; 262 525; 262 526; 261 527; 261 528; 253 536; 253 537; 249 541; 247 541; 246 542; 245 542; 243 544; 243 547; 242 548; 242 551; 241 552; 241 553; 238 556; 237 556; 235 558; 234 558; 233 559; 233 563; 234 563; 235 564; 237 564; 238 565; 245 565; 246 564; 247 565; 252 565; 253 566; 257 566; 258 567; 262 567; 263 568; 267 568; 268 569; 277 569; 278 570; 284 570; 284 567; 283 566; 283 565; 279 561; 279 560; 278 559; 278 558; 277 557; 277 555; 276 554; 276 552; 275 551; 275 549; 274 548; 274 545; 273 544; 273 542; 272 541; 272 540; 271 539; 271 538; 270 537; 270 535; 269 534; 269 533; 268 532; 268 530; 267 529; 267 526; 265 524
45; 646 536; 645 537; 645 545; 646 546; 646 553; 645 554; 645 557; 644 558; 644 559; 643 560; 643 561; 642 562; 642 565; 643 566; 643 574; 644 575; 644 577; 643 578; 643 580; 642 581; 642 584; 643 585; 647 585; 648 584; 649 584; 650 583; 651 583; 655 579; 657 579; 658 578; 661 578; 662 577; 667 577; 668 576; 669 576; 671 574; 671 573; 673 571; 674 571; 675 570; 676 570; 677 569; 679 569; 680 568; 686 568; 687 567; 688 567; 688 564; 687 563; 686 563; 683 560; 682 560; 681 559; 680 559; 679 558; 678 558; 677 557; 676 557; 670 551; 670 550; 669 549; 669 547; 667 545; 661 545; 660 544; 658 544; 651 537; 650 537; 649 536
46; 75 535; 74 536; 72 536; 72 538; 71 539; 71 540; 70 541; 70 542; 68 544; 68 545; 66 547; 66 548; 64 550; 64 551; 62 553; 61 553; 58 556; 58 559; 57 560; 57 561; 56 562; 56 563; 54 565; 54 566; 51 569; 51 570; 48 573; 48 577; 49 578; 52 578; 53 577; 56 577; 57 578; 63 578; 64 579; 67 579; 68 580; 80 580; 81 579; 83 579; 84 578; 87 578; 88 579; 90 579; 91 580; 92 580; 93 581; 96 581; 97 580; 97 576; 96 575; 96 574; 95 573; 95 571; 94 570; 94 569; 93 568; 93 567; 92 566; 92 565; 91 564; 91 562; 90 561; 90 560; 85 555; 85 554; 83 552; 83 551; 81 549; 81 548; 80 547; 80 546; 79 545; 79 537; 78 536; 78 535
47; 857 541; 856 542; 856 543; 855 544; 855 547; 854 548; 854 550; 853 551; 853 552; 850 555; 850 557; 849 558; 849 561; 848 562; 848 564; 846 566; 846 567; 845 568; 845 570; 844 571; 844 573; 843 574; 843 575; 842 576; 842 577; 839 580; 839 585; 844 585; 845 584; 850 584; 851 583; 859 583; 861 585; 864 585; 865 584; 866 584; 867 583; 869 583; 870 582; 872 582; 873 581; 875 581; 876 580; 882 580; 883 581; 888 581; 889 580; 889 577; 880 568; 880 567; 878 565; 878 564; 876 562; 876 561; 874 559; 874 558; 872 556; 871 556; 866 551; 866 550; 864 548; 864 547; 863 546; 863 545; 862 544; 862 543; 861 542; 861 541
48; 894 561; 893 562; 893 566; 895 568; 895 569; 896 570; 896 571; 897 572; 897 573; 898 574; 898 576; 899 577; 899 581; 900 582; 900 586; 901 587; 901 588; 902 589; 902 590; 903 591; 903 592; 904 593; 904 595; 905 596; 905 598; 906 599; 906 603; 907 604; 907 606; 908 607; 912 607; 912 606; 914 604; 914 603; 916 601; 916 600; 920 596; 921 596; 922 595; 923 595; 924 594; 925 594; 926 593; 927 593; 928 592; 930 592; 931 591; 931 590; 932 589; 932 587; 933 586; 933 585; 934 584; 934 583; 935 582; 935 581; 940 576; 941 576; 943 574; 943 572; 942 571; 936 571; 935 570; 933 570; 932 569; 930 569; 929 568; 927 568; 926 567; 924 567; 923 566; 921 566; 920 565; 913 565; 912 564; 903 564; 902 563; 900 563; 899 562; 898 562; 897 561
49; 141 565; 140 566; 138 566; 136 568; 136 569; 135 570; 135 571; 133 573; 133 574; 124 583; 124 584; 118 590; 118 591; 117 592; 117 594; 116 595; 116 596; 114 598; 114 599; 112 601; 112 604; 113 605; 124 605; 125 606; 130 606; 131 607; 132 607; 135 610; 137 610; 140 607; 141 607; 142 606; 145 606; 146 607; 150 607; 151 608; 154 608; 155 609; 162 609; 163 608; 163 605; 161 603; 161 602; 158 599; 158 598; 157 597; 157 596; 156 595; 156 593; 155 592; 155 591; 154 590; 154 589; 153 588; 153 586; 152 585; 152 583; 151 582; 151 581; 148 578; 148 576; 147 575; 147 572; 146 571; 146 568; 145 567; 145 566; 144 565
50; 602 572; 601 573; 601 579; 600 580; 600 582; 599 583; 599 595; 598 596; 598 606; 599 607; 599 614; 596 617; 596 619; 597 620; 597 622; 604 622; 609 617; 610 617; 612 615; 613 615; 614 614; 622 614; 623 613; 623 612; 629 606; 630 606; 631 605; 632 605; 633 604; 634 604; 635 603; 637 603; 638 602; 640 602; 642 600; 642 597; 641 596; 640 596; 639 595; 637 595; 636 594; 635 594; 634 593; 633 593; 630 590; 629 590; 627 588; 626 588; 620 582; 618 582; 617 581; 616 581; 615 580; 613 580; 612 579; 611 579; 604 572
51; 558 588; 556 590; 556 593; 555 594; 555 598; 554 599; 554 601; 553 602; 553 604; 552 605; 552 611; 551 612; 551 614; 549 616; 549 622; 550 623; 550 626; 549 627; 549 628; 548 629; 548 630; 547 631; 547 634; 549 636; 551 636; 552 635; 553 635; 554 634; 555 634; 556 633; 558 633; 559 632; 562 632; 563 631; 567 631; 568 630; 570 630; 571 629; 572 629; 573 628; 575 628; 576 627; 577 627; 578 626; 579 626; 580 625; 582 625; 583 624; 591 624; 592 623; 595 623; 596 622; 596 620; 595 619; 595 617; 594 616; 593 616; 592 615; 591 615; 585 609; 585 608; 583 606; 583 605; 580 602; 576 602; 575 601; 574 601; 571 598; 570 598; 569 597; 568 597; 561 590; 561 589; 560 588
52; 439 619; 438 620; 435 620; 434 621; 428 621; 427 622; 425 622; 424 623; 423 623; 422 624; 419 624; 418 625; 416 625; 415 626; 412 626; 411 627; 409 627; 408 628; 407 628; 406 629; 404 629; 403 630; 402 630; 401 631; 398 631; 397 632; 392 632; 391 633; 391 635; 393 637; 394 637; 402 645; 403 645; 405 647; 405 648; 406 649; 406 650; 407 651; 409 651; 410 652; 412 652; 414 654; 415 654; 419 658; 419 659; 421 661; 421 662; 426 667; 428 667; 430 665; 430 662; 431 661; 431 656; 432 655; 432 653; 433 652; 433 651; 434 650; 434 646; 435 645; 435 643; 436 642; 436 641; 437 640; 437 638; 438 637; 438 632; 439 631; 439 629; 440 628; 440 627; 441 626; 441 625; 442 624; 442 620; 441 619
53; 981 613; 981 614; 980 615; 980 616; 979 617; 979 618; 978 619; 978 620; 977 621; 977 622; 976 623; 976 624; 975 625; 975 626; 973 628; 973 629; 971 631; 970 631; 969 632; 964 632; 964 634; 965 635; 965 639; 963 641; 963 642; 960 645; 960 646; 959 647; 959 648; 958 649; 958 650; 956 652; 956 655; 957 656; 959 656; 960 655; 972 655; 973 656; 990 656; 991 657; 993 657; 994 658; 1006 658; 1006 655; 1003 652; 1003 651; 1002 650; 1002 649; 1001 648; 1001 643; 1000 642; 1000 640; 997 637; 997 636; 993 632; 993 631; 991 629; 991 628; 989 626; 989 624; 988 623; 988 621; 987 620; 987 616; 986 615; 986 614; 985 613
54; 654 625; 653 626; 653 630; 654 631; 654 638; 653 639; 653 649; 652 650; 652 655; 651 656; 651 669; 650 670; 650 675; 654 675; 655 674; 656 674; 659 671; 660 671; 661 670; 669 670; 670 669; 671 669; 671 668; 673 666; 674 666; 675 665; 676 665; 677 664; 678 664; 679 663; 680 663; 682 661; 683 661; 684 660; 685 660; 686 659; 687 659; 688 658; 689 658; 690 657; 691 657; 692 656; 694 656; 695 655; 695 653; 693 651; 692 651; 691 650; 690 650; 689 649; 688 649; 687 648; 686 648; 685 647; 684 647; 679 642; 679 641; 677 639; 677 638; 675 636; 672 636; 671 635; 669 635; 668 634; 667 634; 664 631; 663 631; 661 629; 661 628; 658 625
55; 48 636; 47 637; 43 637; 42 638; 41 638; 40 639; 40 641; 44 645; 44 646; 46 648; 46 649; 47 650; 47 651; 51 655; 51 656; 52 657; 52 658; 53 659; 53 661; 54 662; 54 663; 55 664; 55 665; 56 666; 56 667; 59 670; 60 670; 63 673; 63 674; 65 676; 65 678; 66 679; 66 680; 68 682; 70 682; 71 681; 71 674; 72 673; 72 672; 73 671; 73 670; 79 664; 80 664; 81 663; 84 663; 84 660; 82 658; 82 654; 83 653; 83 652; 88 647; 88 646; 90 644; 90 643; 92 641; 92 639; 91 639; 90 638; 88 638; 87 639; 79 639; 78 638; 76 638; 75 637; 71 637; 70 638; 62 638; 61 637; 56 637; 55 636
56; 371 642; 370 643; 369 643; 368 644; 366 644; 365 645; 358 645; 357 646; 355 646; 354 647; 353 647; 352 648; 351 648; 350 649; 349 649; 348 650; 345 650; 344 651; 339 651; 338 652; 337 652; 335 654; 332 654; 331 655; 326 655; 326 658; 328 660; 329 660; 338 669; 338 670; 339 671; 339 673; 340 674; 341 674; 342 675; 346 675; 348 677; 349 677; 354 682; 354 683; 360 689; 364 689; 365 688; 365 684; 366 683; 366 679; 367 678; 367 677; 369 675; 369 669; 370 668; 370 665; 371 664; 371 657; 370 656; 370 654; 371 653; 371 651; 373 649; 373 648; 374 647; 374 646; 375 645; 375 643; 374 642
57; 479 645; 478 646; 477 646; 476 647; 475 647; 474 648; 471 648; 470 649; 465 649; 464 650; 455 650; 454 651; 446 651; 445 650; 441 650; 441 654; 445 658; 445 659; 447 661; 447 666; 459 678; 459 679; 463 683; 463 684; 464 685; 464 686; 465 687; 465 688; 468 691; 471 691; 472 690; 472 685; 473 684; 473 682; 474 681; 474 680; 476 678; 476 677; 478 675; 478 674; 486 666; 486 663; 485 662; 485 654; 487 652; 487 651; 490 648; 490 645
58; 887 649; 886 650; 885 650; 884 651; 883 651; 882 652; 878 652; 877 653; 876 653; 875 652; 873 652; 872 651; 870 651; 869 650; 866 650; 865 651; 865 654; 866 655; 866 656; 868 658; 868 659; 870 661; 870 663; 871 664; 871 666; 872 667; 872 668; 873 669; 873 670; 875 672; 875 673; 876 674; 876 675; 877 676; 877 682; 878 683; 878 685; 879 684; 881 684; 882 685; 883 685; 884 686; 884 687; 886 689; 886 690; 887 691; 887 692; 889 694; 892 694; 892 693; 893 692; 893 691; 894 690; 894 687; 895 686; 895 685; 898 682; 899 682; 901 680; 901 678; 902 677; 902 676; 904 674; 904 673; 906 671; 906 670; 908 668; 908 666; 909 665; 909 663; 910 662; 910 661; 911 660; 911 659; 912 658; 912 657; 914 655; 914 653; 913 652; 895 652; 894 651; 892 651; 890 649
59; 833 659; 832 660; 831 660; 831 668; 830 669; 830 674; 831 675; 831 680; 832 681; 832 684; 831 685; 831 686; 830 687; 830 692; 831 693; 831 694; 832 695; 832 700; 831 701; 831 703; 830 704; 830 706; 831 707; 831 708; 835 708; 836 707; 837 707; 839 705; 840 705; 842 703; 843 703; 846 700; 847 700; 848 699; 850 699; 851 698; 852 698; 853 697; 854 697; 856 695; 857 695; 858 694; 859 694; 860 693; 861 693; 862 692; 863 692; 865 690; 866 690; 867 689; 868 689; 869 688; 872 688; 873 687; 874 687; 875 686; 876 686; 877 685; 877 683; 876 682; 876 680; 870 680; 869 679; 868 679; 866 677; 865 677; 862 674; 861 674; 859 672; 859 671; 858 670; 858 669; 851 669; 850 668; 849 668; 847 666; 846 666; 845 665; 844 665; 843 664; 842 664; 841 663; 840 663; 837 660; 836 660; 835 659
60; 0 666; 0 677; 6 677; 7 678; 8 678; 11 681; 12 681; 17 686; 17 688; 14 691; 13 691; 12 692; 11 692; 10 693; 9 693; 8 694; 7 694; 6 695; 4 695; 3 696; 0 696; 0 704; 6 704; 7 703; 10 703; 11 702; 12 702; 15 699; 16 699; 17 698; 18 698; 19 697; 21 697; 22 696; 23 696; 24 695; 26 695; 27 694; 29 694; 30 693; 34 693; 35 692; 36 692; 36 688; 35 688; 34 687; 33 687; 32 686; 31 686; 30 685; 29 685; 26 682; 26 681; 22 677; 21 677; 20 676; 18 676; 15 673; 14 673; 12 671; 11 671; 10 670; 8 670; 7 669; 6 669; 3 666
61; 320 689; 319 690; 319 692; 318 693; 318 695; 311 702; 311 703; 310 704; 310 705; 309 706; 309 707; 307 709; 307 710; 305 712; 305 713; 302 716; 302 717; 300 719; 300 720; 295 725; 295 726; 294 727; 294 729; 295 730; 299 730; 300 729; 303 729; 304 728; 308 728; 309 729; 311 729; 312 730; 314 730; 315 731; 316 731; 319 734; 322 734; 323 733; 324 733; 325 732; 337 732; 338 733; 345 733; 346 732; 346 728; 344 726; 344 725; 343 724; 343 723; 341 721; 341 720; 338 717; 338 716; 337 715; 337 714; 336 713; 336 712; 335 711; 335 710; 334 709; 334 705; 333 704; 333 703; 328 698; 328 697; 327 696; 327 695; 326 694; 326 692; 325 691; 325 690; 324 689
62; 617 706; 616 707; 615 707; 614 708; 611 708; 610 709; 605 709; 604 708; 591 708; 590 709; 589 709; 588 710; 587 710; 586 711; 584 711; 583 712; 571 712; 570 713; 569 713; 569 714; 568 715; 568 719; 570 721; 574 721; 575 722; 576 722; 578 724; 578 728; 579 729; 579 731; 580 732; 581 732; 584 735; 585 735; 587 737; 588 737; 592 741; 592 742; 595 745; 595 746; 598 749; 598 750; 600 752; 604 752; 604 750; 605 749; 605 743; 606 742; 606 739; 607 738; 607 737; 610 734; 612 734; 613 733; 613 728; 614 727; 614 726; 615 725; 615 724; 616 723; 616 722; 617 721; 617 720; 618 719; 618 717; 619 716; 619 714; 620 713; 620 712; 621 711; 621 707; 620 706
63; 380 721; 379 722; 378 722; 378 724; 377 725; 377 727; 378 728; 378 732; 377 733; 377 736; 376 737; 376 749; 375 750; 375 753; 376 754; 376 759; 377 760; 377 762; 376 763; 376 771; 380 771; 381 770; 383 770; 384 769; 385 769; 387 767; 388 767; 390 765; 391 765; 392 764; 393 764; 394 763; 396 763; 397 762; 398 762; 399 761; 400 761; 401 760; 403 760; 405 758; 406 758; 408 756; 409 756; 411 754; 412 754; 413 753; 417 753; 418 752; 420 752; 421 751; 421 747; 419 745; 418 745; 417 744; 416 744; 415 743; 414 743; 412 741; 411 741; 409 739; 408 739; 405 736; 405 735; 403 733; 398 733; 397 732; 395 732; 394 731; 393 731; 392 730; 391 730; 389 728; 388 728; 384 724; 384 723; 382 721
64; 500 766; 499 767; 499 778; 498 779; 498 780; 495 783; 495 784; 492 787; 492 789; 491 790; 491 792; 492 793; 492 797; 491 798; 491 802; 490 803; 490 804; 489 805; 489 806; 487 808; 487 809; 486 810; 486 814; 491 814; 492 813; 493 813; 494 812; 504 812; 505 811; 507 811; 508 810; 510 810; 511 809; 524 809; 525 808; 528 808; 529 807; 536 807; 537 806; 537 803; 536 802; 536 801; 532 797; 532 796; 531 795; 531 794; 521 784; 521 783; 519 781; 518 781; 516 779; 515 779; 506 770; 506 769; 505 768; 505 767; 504 766
65; 1011 795; 1004 802; 1003 802; 1001 804; 1000 804; 999 805; 997 805; 996 806; 992 806; 991 805; 988 805; 988 806; 987 807; 987 809; 984 812; 984 813; 981 816; 980 816; 979 817; 977 817; 976 818; 972 818; 971 819; 971 822; 972 823; 972 824; 973 825; 974 825; 975 826; 976 826; 977 827; 978 827; 979 828; 980 828; 981 829; 982 829; 985 832; 986 832; 988 834; 989 834; 991 836; 992 836; 993 837; 998 837; 999 838; 1002 838; 1003 839; 1004 839; 1005 840; 1006 840; 1007 841; 1008 841; 1009 842; 1010 842; 1014 846; 1016 846; 1018 844; 1018 842; 1017 841; 1017 840; 1016 839; 1016 835; 1017 834; 1017 832; 1018 831; 1018 826; 1014 822; 1014 812; 1013 811; 1013 802; 1014 801; 1014 796; 1013 795
66; 114 802; 113 803; 113 805; 112 806; 112 808; 113 809; 113 811; 114 812; 114 814; 115 815; 115 818; 116 819; 116 829; 117 830; 117 831; 116 832; 116 835; 117 836; 117 837; 118 838; 118 839; 119 840; 119 841; 120 842; 120 852; 121 853; 123 853; 126 850; 126 849; 130 845; 131 845; 132 844; 133 844; 134 843; 135 843; 136 842; 137 842; 138 841; 139 841; 140 840; 141 840; 145 836; 146 836; 148 834; 149 834; 154 829; 155 829; 156 828; 158 828; 159 827; 160 827; 161 826; 161 822; 160 822; 159 821; 158 821; 157 820; 156 820; 155 819; 150 819; 149 818; 148 818; 146 816; 145 816; 144 815; 143 815; 139 811; 137 811; 136 810; 132 810; 131 809; 128 809; 127 808; 126 808; 125 807; 122 807; 121 806; 120 806; 116 802
67; 787 812; 786 813; 786 815; 791 820; 791 821; 792 822; 792 830; 793 831; 793 834; 794 835; 794 836; 795 837; 795 838; 796 839; 796 840; 797 841; 797 842; 799 844; 799 845; 800 846; 800 847; 801 848; 801 849; 802 850; 802 851; 804 853; 804 855; 805 856; 805 858; 806 859; 809 859; 811 857; 811 855; 812 854; 812 853; 816 849; 816 848; 821 843; 822 843; 823 842; 825 842; 826 841; 826 836; 834 828; 834 827; 837 824; 837 821; 836 820; 829 820; 828 819; 824 819; 823 818; 816 818; 815 817; 809 817; 808 816; 803 816; 802 815; 799 815; 798 814; 796 814; 795 813; 794 813; 793 812
68; 351 828; 350 829; 349 829; 346 832; 345 832; 344 833; 343 833; 342 834; 341 834; 340 833; 335 833; 334 834; 333 834; 332 835; 331 835; 329 837; 328 837; 326 839; 325 839; 324 840; 322 840; 321 841; 319 841; 318 842; 314 842; 313 843; 310 843; 309 844; 307 844; 306 845; 306 847; 309 850; 310 850; 312 852; 312 853; 314 855; 315 855; 316 856; 317 856; 318 857; 319 857; 320 858; 321 858; 323 860; 323 861; 324 862; 324 864; 325 865; 327 865; 328 866; 329 866; 330 867; 332 867; 333 868; 335 868; 336 869; 337 869; 342 874; 342 875; 345 878; 348 878; 349 877; 349 866; 348 865; 348 863; 349 862; 349 859; 350 858; 350 856; 351 855; 351 852; 352 851; 352 848; 353 847; 353 843; 352 842; 352 838; 353 837; 353 836; 354 835; 354 833; 355 832; 355 830; 353 828
69; 780 838; 780 839; 778 841; 778 842; 774 846; 773 846; 772 847; 771 847; 770 848; 769 848; 765 852; 764 852; 762 854; 761 854; 753 862; 752 862; 751 863; 750 863; 746 867; 746 870; 747 871; 754 871; 755 872; 757 872; 758 873; 759 873; 761 875; 762 875; 765 878; 765 880; 769 880; 770 879; 775 879; 776 880; 778 880; 779 881; 782 881; 783 882; 784 882; 785 883; 787 883; 789 885; 794 885; 795 884; 795 881; 794 880; 794 879; 793 878; 793 877; 792 876; 792 875; 791 874; 791 868; 792 867; 792 866; 793 865; 793 863; 792 862; 792 861; 789 858; 789 857; 788 856; 788 855; 787 854; 787 851; 786 850; 786 844; 785 843; 785 840; 784 839; 784 838
70; 100 852; 97 855; 97 856; 96 857; 96 858; 83 871; 83 872; 81 874; 81 876; 76 881; 75 881; 74 882; 73 882; 72 883; 71 883; 70 884; 70 887; 71 888; 73 888; 74 889; 82 889; 83 890; 86 890; 87 891; 88 891; 89 892; 93 892; 94 893; 99 893; 100 894; 103 894; 104 895; 105 895; 106 896; 107 896; 108 897; 110 897; 111 898; 118 898; 118 894; 116 892; 116 891; 115 890; 115 889; 114 888; 114 886; 113 885; 113 883; 114 882; 114 881; 115 880; 115 877; 112 874; 111 874; 110 873; 110 872; 109 871; 109 870; 108 869; 108 868; 107 867; 107 865; 106 864; 106 861; 105 860; 105 858; 104 857; 104 854; 103 853; 103 852
71; 473 861; 472 862; 472 867; 473 868; 473 869; 474 870; 474 872; 475 873; 475 876; 476 877; 475 878; 475 880; 474 881; 474 883; 473 884; 473 886; 472 887; 472 888; 471 889; 471 890; 470 891; 470 892; 469 893; 469 900; 468 901; 471 901; 472 902; 475 902; 478 899; 479 899; 480 898; 492 898; 493 897; 494 897; 496 895; 497 895; 499 893; 501 893; 502 892; 508 892; 509 891; 511 891; 512 890; 515 890; 515 887; 513 885; 512 885; 511 884; 509 884; 500 875; 499 875; 493 869; 492 869; 491 868; 490 868; 489 867; 487 867; 486 866; 485 866; 484 865; 483 865; 482 864; 481 864; 480 863; 479 863; 478 862; 477 862; 476 861
72; 58 871; 57 872; 56 872; 53 875; 52 875; 50 877; 49 877; 48 878; 47 878; 46 879; 45 879; 44 880; 43 880; 41 882; 39 882; 38 883; 35 883; 34 884; 34 885; 33 886; 33 887; 31 889; 31 890; 28 893; 27 893; 26 894; 25 894; 24 895; 23 895; 22 896; 20 896; 20 899; 21 900; 22 900; 23 901; 26 901; 27 902; 29 902; 30 903; 32 903; 33 904; 34 904; 35 905; 36 905; 37 906; 39 906; 41 908; 42 908; 44 910; 45 910; 46 911; 47 911; 48 912; 49 912; 50 913; 52 913; 53 914; 54 914; 55 915; 56 915; 57 916; 59 916; 60 917; 61 917; 63 919; 66 919; 67 918; 67 916; 66 915; 66 914; 65 913; 65 911; 64 910; 64 899; 63 898; 63 890; 62 889; 62 886; 61 885; 61 872; 60 871
73; 749 889; 748 890; 746 890; 745 891; 736 891; 735 892; 721 892; 720 893; 719 893; 718 894; 713 894; 712 895; 707 895; 707 898; 711 902; 712 902; 717 907; 717 908; 718 909; 718 910; 719 911; 719 913; 720 914; 720 915; 721 916; 722 916; 731 925; 731 926; 732 927; 732 935; 733 936; 733 938; 734 938; 736 940; 737 940; 740 937; 739 936; 739 935; 738 934; 738 930; 739 929; 739 928; 740 927; 740 926; 741 925; 741 924; 742 923; 742 922; 744 920; 744 919; 746 917; 746 916; 747 915; 747 912; 748 911; 748 909; 749 908; 749 907; 750 906; 750 905; 751 904; 751 903; 752 902; 752 898; 753 897; 753 896; 754 895; 754 894; 755 893; 755 892; 756 891; 756 889
74; 765 881; 765 882; 764 883; 764 885; 763 886; 763 897; 762 898; 762 900; 758 904; 758 910; 759 911; 759 919; 758 920; 758 921; 757 922; 757 924; 756 925; 756 928; 757 929; 759 929; 760 928; 761 928; 763 926; 764 926; 765 925; 767 925; 768 924; 772 924; 773 923; 777 923; 778 922; 782 922; 783 921; 788 921; 789 920; 790 920; 792 918; 800 918; 801 917; 802 917; 802 914; 800 912; 799 912; 795 908; 795 907; 789 901; 788 901; 778 891; 777 891; 776 890; 775 890; 770 885; 770 884; 769 883; 769 882; 768 881
75; 323 893; 322 894; 319 894; 318 895; 316 895; 315 896; 303 896; 302 897; 299 897; 298 898; 291 898; 290 899; 284 899; 283 900; 281 900; 280 901; 278 901; 277 902; 277 904; 279 906; 280 906; 281 907; 282 907; 285 910; 285 911; 287 913; 287 915; 288 916; 288 918; 289 919; 291 919; 292 920; 293 920; 302 929; 303 929; 305 931; 305 932; 307 934; 307 935; 308 936; 308 938; 309 939; 309 940; 310 941; 312 941; 314 939; 314 932; 315 931; 315 929; 316 928; 316 927; 317 926; 317 924; 319 922; 319 921; 321 919; 321 913; 322 912; 322 908; 323 907; 323 906; 324 905; 324 904; 325 903; 325 902; 326 901; 326 894; 325 893
76; 468 902; 468 903; 467 904; 467 905; 466 906; 465 906; 464 907; 458 907; 458 909; 459 910; 459 911; 461 913; 461 914; 463 916; 463 917; 466 920; 466 921; 468 923; 468 924; 470 926; 470 928; 471 929; 471 930; 472 931; 472 932; 473 933; 473 934; 479 940; 479 941; 481 943; 481 944; 482 945; 482 947; 484 949; 487 949; 488 948; 488 947; 489 946; 489 944; 490 943; 490 940; 491 939; 491 938; 492 937; 492 936; 496 932; 496 931; 500 927; 500 926; 501 925; 501 924; 502 923; 502 921; 503 920; 503 919; 504 918; 504 917; 505 916; 505 915; 506 914; 506 912; 507 911; 507 910; 508 909; 508 906; 507 905; 505 905; 504 906; 503 906; 502 907; 501 907; 500 908; 496 908; 495 907; 492 907; 491 906; 489 906; 488 905; 481 905; 480 906; 478 906; 477 905; 476 905; 475 904; 475 903; 472 903; 471 902
77; 857 893; 856 894; 856 905; 855 906; 855 907; 854 908; 854 909; 853 910; 853 911; 851 913; 850 913; 849 914; 849 916; 850 917; 850 918; 851 919; 851 927; 850 928; 850 930; 849 931; 849 933; 848 934; 848 935; 846 937; 846 938; 845 939; 845 941; 846 942; 851 942; 853 940; 854 940; 855 939; 856 939; 857 938; 859 938; 860 937; 864 937; 865 936; 871 936; 872 935; 876 935; 877 934; 878 934; 879 933; 880 933; 881 932; 883 932; 884 931; 893 931; 894 930; 895 930; 896 929; 896 927; 894 925; 893 925; 892 924; 891 924; 890 923; 889 923; 883 917; 883 916; 882 915; 881 915; 876 910; 876 909; 873 906; 872 906; 871 905; 870 905; 861 896; 861 895; 859 893
78; 440 894; 438 896; 438 898; 437 899; 437 900; 436 901; 436 902; 435 903; 435 904; 427 912; 427 913; 426 914; 426 917; 425 918; 425 921; 424 922; 424 925; 423 926; 423 927; 421 929; 421 930; 418 933; 418 934; 417 935; 417 937; 418 938; 451 938; 452 937; 462 937; 463 938; 467 938; 469 936; 469 934; 466 931; 465 931; 461 927; 461 926; 460 925; 460 924; 459 923; 459 922; 458 921; 458 920; 456 918; 456 917; 455 916; 455 915; 453 913; 453 912; 452 911; 452 910; 450 908; 450 907; 448 905; 448 904; 445 901; 445 900; 444 899; 444 897; 443 896; 443 895; 442 894
79; 695 904; 695 905; 694 906; 694 915; 693 916; 693 919; 691 921; 691 924; 690 925; 690 930; 689 931; 689 933; 688 934; 688 937; 687 938; 687 943; 686 944; 686 945; 685 946; 685 951; 686 952; 689 952; 690 951; 691 951; 692 950; 693 950; 694 949; 695 949; 696 948; 698 948; 699 947; 701 947; 702 946; 708 946; 709 947; 711 947; 712 946; 713 946; 714 945; 715 945; 717 943; 718 943; 719 942; 720 942; 721 941; 730 941; 732 939; 732 936; 731 935; 731 933; 728 933; 719 924; 719 923; 714 918; 713 918; 711 916; 710 916; 707 913; 706 913; 701 908; 701 907; 698 904
80; 814 919; 813 920; 812 920; 811 921; 810 921; 809 922; 807 922; 806 921; 802 921; 801 922; 800 922; 799 923; 798 923; 797 924; 789 924; 788 925; 787 925; 787 926; 786 927; 785 927; 782 930; 780 930; 779 931; 776 931; 775 932; 773 932; 772 933; 771 933; 771 936; 772 937; 773 937; 776 940; 777 940; 785 948; 785 952; 787 954; 792 954; 793 955; 794 955; 796 957; 797 957; 801 961; 801 962; 806 967; 809 967; 809 966; 810 965; 810 963; 809 962; 809 956; 810 955; 810 953; 811 952; 811 951; 812 950; 812 949; 813 948; 813 943; 814 942; 814 936; 815 935; 815 928; 816 927; 816 925; 817 924; 817 919
81; 740 938; 737 941; 738 942; 738 943; 740 945; 740 947; 741 948; 741 951; 742 952; 742 961; 743 962; 743 963; 744 964; 744 965; 745 966; 745 967; 746 968; 746 969; 747 970; 747 972; 748 973; 748 983; 749 984; 749 985; 750 986; 752 986; 754 984; 754 983; 758 979; 759 979; 761 977; 762 977; 763 976; 764 976; 766 974; 767 974; 771 970; 772 970; 773 969; 774 969; 776 967; 776 966; 777 965; 777 964; 782 959; 782 958; 783 957; 784 957; 786 955; 786 954; 784 952; 784 951; 777 951; 776 950; 774 950; 773 949; 771 949; 769 947; 768 947; 767 946; 763 946; 762 945; 757 945; 756 944; 754 944; 753 943; 752 943; 751 942; 749 942; 748 941; 746 941; 745 940; 744 940; 743 939; 742 939; 741 938
82; 730 943; 729 944; 729 945; 725 949; 724 949; 723 950; 722 950; 721 951; 716 951; 715 952; 712 952; 712 953; 710 955; 710 956; 708 958; 708 959; 703 964; 702 964; 701 965; 700 965; 697 968; 696 968; 693 971; 693 973; 695 975; 697 975; 698 976; 699 976; 700 977; 701 977; 702 978; 704 978; 705 979; 706 979; 707 980; 710 980; 711 981; 713 981; 714 982; 716 982; 717 983; 718 983; 720 985; 721 985; 722 986; 723 986; 724 987; 725 987; 726 988; 727 988; 728 989; 730 989; 731 990; 732 990; 733 991; 734 991; 735 992; 739 992; 740 991; 740 989; 739 988; 739 985; 738 984; 738 979; 737 978; 737 971; 736 970; 736 967; 735 966; 735 959; 734 958; 734 944; 733 943
83; 654 993; 646 1001; 625 1003; 625 1007; 634 1023; 643 1023; 639 1013; 646 1009; 659 1011; 661 1015; 658 1023; 666 1023; 675 1008; 675 1004; 659 1003; 655 999; 656 996
84; 656 996; 687 967; 687 963; 675 961; 663 953; 650 953; 640 949; 639 954; 643 965; 642 981; 647 987; 653 988; 654 993
85; 201 950; 200 951; 200 956; 201 957; 201 963; 200 964; 200 965; 199 966; 199 967; 198 968; 198 969; 197 970; 197 971; 196 972; 196 973; 195 974; 195 976; 194 977; 194 982; 193 983; 193 986; 192 987; 192 988; 191 989; 191 991; 190 992; 190 993; 189 994; 189 997; 190 998; 194 998; 195 997; 196 997; 197 996; 198 996; 199 995; 209 995; 211 997; 214 997; 219 992; 221 992; 222 991; 224 991; 225 990; 226 990; 227 989; 238 989; 239 988; 239 986; 238 985; 238 984; 236 982; 235 982; 230 977; 230 976; 223 969; 223 968; 219 964; 218 964; 204 950
86; 887 980; 886 981; 886 983; 887 984; 887 985; 889 987; 889 988; 890 989; 890 991; 891 992; 891 995; 892 996; 892 999; 893 1000; 893 1003; 894 1004; 894 1011; 895 1012; 895 1013; 897 1015; 898 1015; 901 1018; 901 1019; 902 1020; 902 1021; 903 1022; 903 1023; 914 1023; 915 1022; 915 1020; 916 1019; 916 1018; 918 1016; 918 1015; 919 1014; 919 1013; 921 1011; 921 1010; 926 1005; 926 1004; 937 993; 937 991; 936 990; 927 990; 926 989; 925 989; 924 988; 923 988; 922 987; 918 987; 917 986; 916 986; 914 984; 913 984; 911 982; 903 982; 902 981; 897 981; 896 982; 892 982; 891 981; 890 981; 889 980
87; 556 986; 555 987; 554 987; 553 988; 550 988; 549 989; 544 989; 543 990; 541 990; 540 991; 537 991; 536 990; 535 990; 534 989; 532 989; 530 991; 528 991; 527 992; 525 992; 524 993; 520 993; 519 994; 517 994; 516 995; 513 995; 512 996; 510 996; 509 997; 509 1000; 511 1002; 512 1002; 529 1019; 529 1020; 530 1021; 530 1023; 549 1023; 549 1022; 550 1021; 550 1020; 551 1019; 551 1013; 552 1012; 552 1009; 553 1008; 553 1005; 554 1004; 554 1001; 555 1000; 555 999; 556 998; 556 997; 557 996; 557 995; 558 994; 558 986
