0; 231 0; 231 4; 232 5; 232 10; 231 11; 231 13; 232 14; 232 15; 233 16; 235 16; 237 14; 238 14; 242 10; 244 10; 245 9; 250 9; 251 10; 251 12; 255 16; 256 16; 260 20; 261 20; 263 22; 263 23; 265 25; 265 26; 266 26; 268 28; 270 28; 271 29; 272 29; 273 30; 274 30; 276 32; 277 32; 279 34; 280 34; 285 39; 288 39; 289 38; 289 35; 290 34; 290 29; 291 28; 291 5; 292 4; 292 2; 293 1; 293 0; 280 0; 280 1; 279 2; 278 2; 277 3; 275 3; 274 4; 272 4; 271 5; 267 5; 266 6; 264 6; 263 7; 262 7; 261 8; 260 8; 259 9; 257 9; 255 7; 257 5; 258 5; 259 4; 260 4; 263 1; 263 0; 246 0; 246 1; 244 3; 241 3; 239 1; 239 0
1; 481 0; 481 1; 478 4; 477 4; 471 10; 470 10; 461 19; 460 19; 459 20; 459 23; 460 24; 461 24; 462 25; 467 25; 468 26; 471 26; 472 27; 474 27; 475 28; 477 28; 478 29; 480 29; 481 30; 485 30; 486 31; 489 31; 490 32; 493 32; 494 33; 497 33; 498 34; 504 34; 504 33; 505 32; 505 30; 504 29; 504 28; 502 26; 502 25; 501 24; 501 22; 500 21; 500 13; 498 11; 498 10; 497 9; 497 8; 496 7; 496 6; 495 5; 495 4; 494 3; 494 2; 493 1; 493 0
2; 658 0; 658 5; 657 6; 657 8; 656 9; 656 12; 655 13; 655 15; 654 16; 654 17; 653 18; 653 19; 652 20; 652 22; 654 24; 657 24; 658 23; 660 23; 661 22; 666 22; 667 21; 677 21; 678 20; 684 20; 685 19; 689 19; 690 18; 696 18; 698 16; 698 14; 694 10; 693 10; 690 7; 690 6; 686 2; 686 0; 675 0; 675 2; 681 8; 681 10; 680 11; 679 11; 678 12; 667 12; 666 11; 666 6; 667 5; 667 3; 668 2; 668 0
3; 754 50; 752 52; 752 58; 751 59; 751 63; 750 64; 750 70; 749 71; 749 91; 750 92; 750 93; 755 93; 757 91; 758 91; 760 89; 762 89; 763 88; 765 88; 766 87; 769 87; 770 86; 772 86; 773 85; 774 85; 775 84; 777 84; 778 83; 779 83; 780 82; 781 82; 782 81; 783 81; 784 80; 787 80; 788 79; 789 79; 790 78; 791 78; 791 74; 790 73; 789 73; 788 72; 787 72; 786 71; 785 71; 783 69; 782 69; 779 66; 779 65; 775 61; 774 61; 773 60; 772 60; 771 59; 769 59; 768 58; 767 58; 766 57; 765 57; 763 55; 762 55; 758 51; 757 51; 756 50
4; 105 56; 104 57; 104 62; 105 63; 105 69; 104 70; 104 82; 105 83; 105 88; 106 89; 106 91; 105 92; 105 96; 106 97; 106 98; 110 98; 113 95; 114 95; 115 94; 116 94; 117 93; 118 93; 119 92; 120 92; 121 91; 123 91; 124 90; 127 90; 128 89; 129 89; 131 87; 132 87; 135 84; 136 84; 138 82; 139 82; 140 81; 142 81; 143 80; 144 80; 145 79; 145 75; 143 73; 140 73; 139 72; 138 72; 137 71; 136 71; 134 69; 133 69; 132 68; 131 68; 130 67; 129 67; 127 65; 126 65; 124 63; 123 63; 122 62; 121 62; 120 61; 119 61; 118 60; 117 60; 116 59; 114 59; 113 58; 112 58; 110 56
5; 464 68; 463 69; 462 69; 462 70; 461 71; 461 73; 460 74; 460 76; 459 77; 459 78; 458 79; 458 80; 456 82; 456 83; 455 84; 455 86; 454 87; 454 88; 453 89; 453 91; 452 92; 452 94; 451 95; 451 97; 450 98; 450 100; 449 101; 449 107; 450 107; 451 108; 454 108; 455 107; 457 107; 458 106; 464 106; 465 105; 476 105; 477 104; 480 104; 481 103; 485 103; 486 102; 493 102; 494 101; 494 97; 492 95; 491 95; 484 88; 484 87; 483 86; 483 85; 481 83; 481 82; 480 81; 479 81; 477 79; 476 79; 469 72; 469 71; 466 68
6; 678 85; 677 86; 677 90; 678 91; 678 95; 679 96; 679 97; 678 98; 678 101; 679 102; 679 103; 678 104; 678 111; 679 112; 679 117; 680 118; 680 119; 679 120; 679 122; 680 123; 680 125; 682 127; 686 127; 687 126; 689 126; 694 121; 695 121; 696 120; 698 120; 699 119; 703 119; 705 117; 705 116; 707 114; 708 114; 710 112; 711 112; 714 109; 715 109; 716 108; 718 108; 720 106; 720 104; 718 102; 717 102; 716 101; 715 101; 714 100; 712 100; 711 99; 710 99; 709 98; 708 98; 706 96; 705 96; 704 95; 703 95; 702 94; 701 94; 700 93; 699 93; 698 92; 696 92; 695 91; 694 91; 693 90; 692 90; 691 89; 690 89; 689 88; 687 88; 686 87; 685 87; 684 86; 682 86; 681 85
7; 726 93; 724 95; 724 97; 725 98; 725 99; 726 100; 726 101; 727 102; 727 103; 728 104; 728 110; 729 111; 729 112; 730 113; 730 114; 731 115; 731 116; 732 117; 732 118; 733 119; 733 120; 734 121; 734 122; 735 123; 735 124; 736 125; 736 128; 737 129; 737 131; 740 134; 742 134; 743 133; 744 133; 746 131; 746 130; 747 129; 747 128; 751 124; 752 124; 758 118; 758 117; 769 106; 770 106; 771 105; 771 102; 770 101; 769 101; 768 100; 760 100; 759 99; 757 99; 756 98; 754 98; 753 97; 752 97; 751 96; 745 96; 744 95; 735 95; 734 94; 730 94; 729 93
8; 231 111; 225 117; 224 117; 222 119; 221 119; 217 123; 216 123; 212 127; 211 127; 207 131; 206 131; 202 135; 201 135; 200 136; 200 140; 201 141; 202 141; 203 142; 206 142; 207 143; 208 143; 209 144; 211 144; 212 145; 213 145; 214 146; 215 146; 216 147; 217 147; 219 149; 220 149; 221 150; 226 150; 227 151; 230 151; 231 152; 234 152; 235 153; 237 153; 238 154; 243 154; 244 153; 244 151; 243 150; 243 146; 242 145; 242 140; 241 139; 241 136; 240 135; 240 128; 239 127; 239 124; 238 123; 238 121; 237 120; 237 113; 236 112; 236 111
9; 427 126; 426 127; 425 127; 425 132; 426 133; 426 135; 427 136; 427 138; 428 139; 428 142; 429 143; 429 145; 430 146; 430 147; 431 148; 431 150; 432 151; 432 153; 433 154; 433 156; 434 157; 434 159; 435 160; 435 165; 437 167; 442 167; 452 157; 453 157; 454 156; 455 156; 456 155; 457 155; 460 152; 460 151; 465 146; 466 146; 471 141; 471 139; 469 137; 468 137; 467 136; 463 136; 462 135; 460 135; 459 134; 458 134; 457 133; 454 133; 453 132; 451 132; 450 131; 447 131; 446 130; 444 130; 443 129; 442 129; 441 128; 434 128; 433 127; 430 127; 429 126
10; 545 191; 543 193; 543 194; 542 195; 542 197; 541 198; 541 201; 540 202; 540 204; 539 205; 539 206; 537 208; 537 209; 536 210; 536 211; 535 212; 535 217; 534 218; 534 222; 533 223; 533 225; 532 226; 532 228; 531 229; 531 233; 532 234; 540 234; 541 233; 548 233; 549 232; 552 232; 553 231; 558 231; 559 230; 562 230; 563 229; 574 229; 576 227; 576 225; 571 220; 571 219; 569 217; 569 216; 561 208; 561 207; 558 204; 558 203; 553 198; 553 197; 551 195; 551 194; 548 191
11; 427 214; 426 215; 426 218; 427 219; 427 221; 428 222; 428 225; 429 226; 429 231; 430 232; 430 236; 431 237; 431 240; 432 241; 432 243; 433 244; 433 245; 434 246; 434 254; 435 255; 435 256; 440 256; 445 251; 446 251; 450 247; 451 247; 454 244; 455 244; 457 242; 458 242; 460 240; 461 240; 465 236; 466 236; 467 235; 468 235; 470 233; 470 230; 469 229; 468 229; 467 228; 465 228; 464 227; 463 227; 462 226; 460 226; 459 225; 457 225; 456 224; 455 224; 454 223; 453 223; 451 221; 450 221; 448 219; 446 219; 445 218; 440 218; 439 217; 437 217; 436 216; 435 216; 434 215; 433 215; 432 214
12; 844 231; 842 233; 842 237; 844 239; 844 240; 848 244; 848 245; 849 246; 849 247; 850 248; 850 249; 851 250; 851 251; 852 252; 852 253; 853 254; 853 255; 854 256; 854 257; 855 258; 855 261; 853 263; 852 263; 852 266; 853 267; 858 267; 860 269; 860 270; 861 271; 872 271; 874 269; 878 269; 879 268; 880 268; 880 266; 878 264; 876 264; 875 265; 874 265; 873 264; 873 262; 874 261; 877 261; 878 262; 882 262; 883 261; 883 259; 882 258; 882 257; 881 256; 881 255; 880 254; 880 249; 882 247; 882 246; 885 243; 885 242; 888 239; 888 235; 887 234; 874 234; 873 233; 871 233; 870 232; 869 232; 868 231; 863 231; 862 232; 855 232; 854 233; 851 233; 850 232; 848 232; 847 231
13; 152 243; 151 244; 150 244; 150 247; 151 248; 151 249; 153 251; 153 252; 154 253; 154 256; 155 257; 155 259; 157 261; 157 262; 159 264; 159 265; 161 267; 161 268; 163 270; 163 271; 165 273; 165 274; 166 275; 166 276; 167 277; 167 278; 168 279; 172 279; 174 277; 174 275; 180 269; 181 269; 188 262; 188 261; 192 257; 192 256; 195 253; 195 250; 194 249; 187 249; 186 248; 183 248; 182 247; 176 247; 175 246; 169 246; 168 245; 160 245; 159 244; 155 244; 154 243
14; 105 266; 104 267; 103 267; 103 271; 106 274; 106 275; 107 276; 107 277; 109 279; 109 280; 110 281; 110 282; 111 283; 111 285; 112 286; 112 289; 113 290; 113 291; 114 292; 114 293; 115 294; 115 296; 116 297; 116 298; 117 299; 117 300; 119 302; 119 303; 121 305; 121 306; 124 309; 126 309; 127 308; 128 308; 129 307; 129 306; 131 304; 131 303; 136 298; 136 297; 139 294; 139 292; 140 291; 140 286; 141 285; 141 284; 142 283; 142 282; 144 280; 144 279; 145 278; 146 278; 148 276; 148 272; 147 271; 138 271; 137 270; 135 270; 134 269; 131 269; 130 268; 128 268; 127 267; 121 267; 120 268; 116 268; 115 267; 109 267; 108 266
15; 356 303; 355 304; 354 304; 353 305; 353 308; 355 310; 355 311; 357 313; 357 315; 358 316; 358 318; 359 319; 359 321; 360 322; 360 324; 361 325; 361 326; 362 327; 362 329; 363 330; 363 331; 364 332; 364 333; 365 334; 365 335; 366 336; 366 337; 367 338; 367 339; 368 340; 368 342; 369 343; 369 345; 370 346; 374 346; 374 345; 376 343; 376 342; 377 341; 377 340; 379 338; 380 338; 385 333; 386 333; 391 328; 391 327; 392 326; 392 325; 393 324; 393 322; 395 320; 395 319; 396 318; 397 318; 399 316; 399 312; 398 311; 394 311; 393 310; 388 310; 387 309; 385 309; 384 308; 381 308; 379 306; 378 306; 377 305; 364 305; 363 304; 360 304; 359 303
16; 738 307; 736 309; 736 312; 737 313; 737 314; 738 315; 738 316; 739 317; 739 320; 740 321; 740 324; 741 325; 741 329; 742 330; 742 333; 743 334; 743 335; 744 336; 744 338; 745 339; 745 340; 746 341; 746 349; 747 350; 747 352; 748 353; 748 354; 752 354; 757 349; 757 348; 762 343; 763 343; 771 335; 772 335; 776 331; 777 331; 779 329; 780 329; 782 327; 782 326; 783 325; 783 322; 782 321; 782 320; 781 320; 780 319; 777 319; 776 318; 773 318; 772 317; 770 317; 769 316; 767 316; 766 315; 765 315; 764 314; 763 314; 762 313; 761 313; 760 312; 755 312; 754 311; 751 311; 750 310; 747 310; 746 309; 744 309; 743 308; 742 308; 741 307
17; 45 322; 44 323; 44 330; 45 331; 45 336; 46 337; 46 367; 48 369; 51 369; 53 367; 54 367; 56 365; 57 365; 58 364; 59 364; 60 363; 61 363; 62 362; 64 362; 65 361; 67 361; 68 360; 69 360; 72 357; 73 357; 76 354; 77 354; 79 352; 81 352; 82 351; 84 351; 85 350; 86 350; 87 349; 87 346; 85 344; 84 344; 83 343; 82 343; 81 342; 80 342; 76 338; 75 338; 73 336; 72 336; 70 334; 69 334; 68 333; 67 333; 66 332; 65 332; 64 331; 63 331; 61 329; 60 329; 59 328; 57 328; 56 327; 55 327; 52 324; 51 324; 49 322
18; 914 352; 913 353; 913 354; 912 355; 912 358; 913 359; 913 376; 914 377; 914 398; 916 400; 918 400; 925 393; 926 393; 927 392; 928 392; 929 391; 931 391; 932 390; 935 390; 936 389; 937 389; 939 387; 940 387; 942 385; 943 385; 944 384; 945 384; 946 383; 948 383; 949 382; 950 382; 952 380; 953 380; 953 379; 955 377; 955 375; 953 373; 952 373; 951 372; 948 372; 946 370; 945 370; 943 368; 942 368; 941 367; 940 367; 939 366; 938 366; 937 365; 936 365; 934 363; 933 363; 931 361; 930 361; 929 360; 928 360; 927 359; 926 359; 925 358; 923 358; 917 352
19; 156 372; 154 374; 154 376; 155 377; 155 381; 156 382; 156 387; 157 388; 157 402; 158 403; 158 412; 159 413; 159 417; 160 418; 162 418; 163 417; 164 417; 166 415; 167 415; 169 413; 170 413; 171 412; 172 412; 174 410; 175 410; 180 405; 181 405; 183 403; 184 403; 185 402; 186 402; 188 400; 189 400; 191 398; 192 398; 193 397; 194 397; 197 394; 197 391; 196 390; 195 390; 194 389; 193 389; 192 388; 191 388; 190 387; 188 387; 187 386; 186 386; 185 385; 184 385; 183 384; 182 384; 180 382; 179 382; 176 379; 174 379; 173 378; 169 378; 168 377; 166 377; 165 376; 164 376; 162 374; 161 374; 160 373; 159 373; 158 372
20; 128 382; 124 386; 123 386; 121 388; 120 388; 118 390; 117 390; 102 405; 101 405; 97 409; 97 412; 98 413; 101 413; 102 414; 105 414; 106 415; 107 415; 108 416; 109 416; 110 417; 112 417; 113 418; 115 418; 116 419; 118 419; 119 420; 121 420; 122 421; 124 421; 125 422; 128 422; 129 423; 130 423; 131 424; 132 424; 133 425; 135 425; 137 427; 139 427; 141 425; 141 424; 140 423; 140 422; 139 421; 139 419; 138 418; 138 411; 137 410; 137 408; 138 407; 138 405; 137 404; 137 402; 136 401; 136 400; 135 399; 135 394; 134 393; 134 385; 133 384; 133 383; 132 382
21; 369 386; 368 387; 368 390; 367 391; 367 393; 366 394; 366 397; 365 398; 365 403; 364 404; 364 407; 363 408; 363 412; 362 413; 362 417; 361 418; 361 421; 360 422; 360 423; 359 424; 359 428; 360 429; 363 429; 364 428; 366 428; 367 427; 372 427; 373 426; 377 426; 378 427; 380 427; 381 426; 383 426; 384 425; 385 425; 386 424; 388 424; 389 423; 391 423; 392 422; 394 422; 395 421; 401 421; 402 420; 403 420; 403 418; 391 406; 391 405; 382 396; 382 395; 379 392; 378 392; 376 390; 376 389; 373 386
22; 276 405; 276 409; 277 410; 277 411; 278 412; 278 414; 279 415; 279 418; 280 419; 280 421; 281 422; 281 425; 282 426; 282 429; 283 430; 283 433; 284 434; 284 436; 285 437; 285 438; 286 439; 286 441; 287 442; 287 447; 288 448; 291 448; 292 447; 292 446; 300 438; 301 438; 304 435; 305 435; 314 426; 315 426; 318 423; 319 423; 321 421; 321 419; 319 417; 315 417; 314 416; 313 416; 312 415; 310 415; 309 414; 308 414; 307 413; 305 413; 304 412; 303 412; 300 409; 299 409; 298 408; 290 408; 289 407; 286 407; 285 406; 283 406; 282 405
23; 415 407; 414 408; 414 410; 413 411; 413 415; 412 416; 412 418; 411 419; 411 422; 410 423; 410 424; 409 425; 409 426; 408 427; 408 434; 407 435; 407 440; 406 441; 406 443; 405 444; 405 449; 410 449; 411 448; 412 448; 413 447; 420 447; 421 446; 426 446; 427 445; 430 445; 431 444; 434 444; 435 443; 437 443; 438 442; 439 442; 440 441; 446 441; 447 440; 448 440; 448 437; 441 430; 441 429; 434 422; 433 422; 428 417; 428 416; 424 412; 423 412; 421 410; 421 409; 419 407
24; 176 416; 175 417; 175 420; 176 421; 176 423; 177 424; 177 425; 179 427; 179 428; 181 430; 181 436; 182 437; 182 438; 184 440; 184 441; 185 442; 185 444; 186 445; 186 447; 187 448; 187 449; 188 450; 188 451; 189 452; 189 454; 190 455; 190 456; 191 457; 191 458; 192 459; 194 459; 196 457; 196 456; 197 455; 197 453; 200 450; 200 449; 201 448; 202 448; 202 447; 206 443; 206 442; 211 437; 211 436; 214 433; 214 432; 215 431; 215 430; 217 428; 218 428; 220 426; 220 422; 219 422; 218 421; 209 421; 208 420; 201 420; 200 419; 194 419; 193 418; 183 418; 182 417; 179 417; 178 416
25; 936 420; 935 421; 935 423; 936 424; 936 425; 938 427; 938 428; 940 430; 940 432; 941 433; 941 434; 942 435; 942 436; 944 438; 944 439; 945 440; 945 441; 946 442; 946 444; 947 445; 947 446; 948 447; 948 449; 949 450; 949 451; 951 453; 951 454; 952 455; 952 457; 953 458; 953 460; 955 462; 959 462; 960 461; 960 460; 961 459; 961 458; 962 457; 962 456; 964 454; 964 453; 966 451; 966 450; 971 445; 971 444; 972 443; 972 442; 973 441; 973 439; 974 438; 974 437; 975 436; 975 434; 976 433; 976 432; 979 429; 979 428; 981 426; 981 424; 980 423; 968 423; 967 422; 961 422; 960 421; 943 421; 942 420
26; 615 423; 614 424; 613 424; 612 425; 611 425; 610 426; 607 426; 606 427; 602 427; 601 428; 596 428; 595 429; 594 429; 590 433; 589 433; 588 434; 587 434; 586 435; 585 435; 584 436; 582 436; 581 437; 580 437; 578 439; 578 441; 581 444; 582 444; 588 450; 589 450; 593 454; 594 454; 597 457; 598 457; 600 459; 601 459; 602 460; 603 460; 604 461; 605 461; 606 462; 607 462; 612 467; 613 467; 614 468; 616 468; 617 467; 617 450; 618 449; 618 439; 619 438; 619 430; 620 429; 620 424; 619 423
27; 142 425; 139 428; 140 429; 140 431; 141 432; 141 437; 142 438; 142 461; 143 462; 143 470; 144 471; 144 472; 148 472; 149 471; 150 471; 153 468; 154 468; 156 466; 157 466; 158 465; 159 465; 161 463; 162 463; 164 461; 165 461; 167 459; 168 459; 169 458; 170 458; 172 456; 173 456; 177 452; 178 452; 180 450; 180 447; 179 446; 178 446; 177 445; 176 445; 175 444; 174 444; 173 443; 172 443; 170 441; 169 441; 164 436; 162 436; 161 435; 160 435; 159 434; 157 434; 156 433; 155 433; 154 432; 153 432; 152 431; 150 431; 149 430; 148 430; 147 429; 146 429
28; 933 453; 932 454; 931 454; 930 455; 929 455; 927 457; 925 457; 924 458; 923 458; 922 459; 921 459; 920 460; 919 460; 918 461; 917 461; 916 462; 915 462; 913 464; 912 464; 911 465; 910 465; 908 467; 907 467; 906 468; 905 468; 904 469; 901 469; 900 470; 899 470; 898 471; 897 471; 897 475; 899 477; 900 477; 901 478; 902 478; 903 479; 904 479; 905 480; 906 480; 908 482; 909 482; 911 484; 912 484; 916 488; 917 488; 918 489; 919 489; 920 490; 923 490; 924 491; 925 491; 926 492; 928 492; 929 493; 930 493; 931 494; 932 494; 934 496; 938 496; 939 495; 939 492; 938 491; 938 471; 937 470; 937 460; 938 459; 938 455; 937 454; 937 453
29; 575 465; 574 466; 573 466; 571 468; 570 468; 569 469; 567 469; 566 470; 562 470; 561 471; 559 471; 558 472; 557 472; 556 473; 554 473; 553 474; 552 474; 551 475; 549 475; 548 476; 546 476; 545 477; 541 477; 540 478; 538 478; 537 479; 537 483; 538 484; 539 484; 542 487; 543 487; 547 491; 548 491; 552 495; 552 496; 553 496; 554 497; 555 497; 556 498; 558 498; 559 499; 560 499; 562 501; 563 501; 564 502; 565 502; 567 504; 568 504; 570 506; 571 506; 572 507; 574 507; 575 506; 575 497; 576 496; 576 492; 577 491; 577 485; 578 484; 578 477; 579 476; 579 473; 580 472; 580 468; 579 467; 579 466; 578 465
30; 645 475; 644 476; 644 479; 645 480; 645 481; 646 482; 646 483; 647 484; 647 485; 648 486; 648 487; 649 488; 649 491; 650 492; 650 496; 651 497; 651 499; 652 500; 652 501; 653 502; 653 503; 655 505; 655 506; 656 507; 656 509; 657 510; 657 512; 659 514; 662 514; 665 511; 665 510; 667 508; 668 508; 671 505; 672 505; 673 504; 674 504; 675 503; 676 503; 677 502; 678 502; 678 501; 685 494; 686 494; 688 492; 689 492; 690 491; 690 488; 688 486; 683 486; 682 485; 679 485; 678 484; 676 484; 675 483; 673 483; 672 482; 670 482; 669 481; 666 481; 665 480; 663 480; 662 479; 659 479; 658 478; 654 478; 653 477; 652 477; 651 476; 650 476; 649 475
31; 774 480; 772 482; 772 484; 771 485; 771 486; 769 488; 769 489; 764 494; 764 495; 763 496; 763 498; 762 499; 762 503; 761 504; 761 505; 760 506; 760 507; 757 510; 757 511; 756 512; 756 514; 757 515; 764 515; 765 514; 767 514; 768 515; 786 515; 787 516; 788 516; 789 517; 789 496; 786 493; 786 492; 782 488; 782 487; 781 486; 781 485; 780 484; 780 483; 777 480
32; 169 484; 167 486; 167 487; 166 488; 166 489; 165 490; 165 491; 164 492; 164 493; 163 494; 163 495; 162 496; 162 497; 159 500; 159 504; 158 505; 158 507; 157 508; 157 509; 156 510; 156 512; 155 513; 155 515; 154 516; 154 519; 155 519; 156 520; 159 520; 160 519; 168 519; 169 520; 173 520; 174 519; 185 519; 186 518; 198 518; 198 516; 197 515; 197 514; 188 505; 188 504; 184 500; 184 499; 181 496; 181 495; 174 488; 174 487; 171 484
33; 795 493; 794 494; 794 495; 792 497; 790 497; 790 517; 792 519; 792 521; 791 522; 791 523; 790 524; 789 524; 784 529; 784 533; 785 533; 786 534; 789 534; 790 533; 792 533; 793 532; 794 532; 799 527; 800 527; 801 526; 807 526; 808 525; 816 525; 817 524; 819 524; 820 523; 821 523; 822 522; 825 522; 826 521; 826 517; 825 517; 824 516; 823 516; 821 514; 821 513; 820 512; 820 510; 821 509; 821 506; 820 505; 819 505; 818 504; 817 504; 816 503; 816 499; 817 498; 817 496; 816 495; 808 495; 808 500; 806 502; 805 502; 804 501; 804 500; 803 499; 804 498; 804 495; 803 494; 802 494; 801 493
34; 87 493; 87 505; 88 506; 88 511; 89 512; 89 515; 90 516; 90 518; 91 519; 91 536; 90 537; 90 538; 92 540; 94 540; 97 537; 98 537; 100 535; 101 535; 103 533; 104 533; 106 531; 107 531; 113 525; 114 525; 116 523; 117 523; 118 522; 119 522; 124 517; 125 517; 127 515; 128 515; 128 512; 127 511; 126 511; 125 510; 123 510; 121 508; 120 508; 119 507; 118 507; 117 506; 115 506; 114 505; 113 505; 110 502; 109 502; 108 501; 106 501; 105 500; 103 500; 102 499; 100 499; 99 498; 98 498; 97 497; 96 497; 94 495; 93 495; 91 493
35; 309 492; 308 493; 308 494; 307 495; 307 498; 306 499; 306 501; 305 502; 305 503; 304 504; 304 506; 303 507; 303 508; 302 509; 302 511; 301 512; 301 520; 300 521; 300 522; 299 523; 299 524; 298 525; 298 526; 297 527; 297 530; 296 531; 296 533; 298 535; 301 535; 302 534; 304 534; 305 533; 319 533; 320 532; 322 532; 323 531; 327 531; 328 530; 341 530; 341 528; 342 527; 342 525; 333 516; 333 515; 330 512; 330 511; 329 510; 329 509; 327 507; 326 507; 324 505; 323 505; 314 496; 314 495; 311 492
36; 1021 508; 1020 509; 1018 509; 1017 510; 1016 510; 1014 512; 1013 512; 1011 514; 1010 514; 1007 517; 1006 517; 1003 520; 1002 520; 1001 521; 1000 521; 997 524; 997 528; 1000 531; 1001 531; 1006 536; 1007 536; 1013 542; 1014 542; 1015 543; 1018 543; 1019 544; 1023 544; 1023 535; 1022 534; 1020 534; 1019 533; 1018 533; 1013 528; 1013 527; 1012 526; 1012 525; 1013 524; 1013 523; 1015 521; 1016 521; 1019 518; 1020 518; 1021 517; 1022 517; 1023 516; 1023 508
37; 381 514; 380 515; 379 515; 378 516; 376 516; 375 517; 372 517; 371 518; 365 518; 364 519; 362 519; 360 521; 359 521; 358 522; 357 522; 356 523; 355 523; 354 524; 352 524; 351 525; 348 525; 347 526; 345 526; 344 525; 343 525; 343 527; 342 528; 342 530; 343 531; 344 531; 352 539; 352 540; 359 547; 359 548; 362 551; 363 551; 364 552; 365 552; 368 555; 369 555; 372 558; 372 559; 373 560; 373 562; 375 564; 378 564; 379 563; 379 562; 380 561; 380 552; 381 551; 381 550; 382 549; 382 547; 383 546; 383 543; 384 542; 384 537; 385 536; 385 526; 386 525; 386 520; 387 519; 387 517; 386 516; 386 515; 385 514
38; 945 515; 944 516; 944 517; 943 518; 943 519; 939 523; 938 523; 937 524; 936 524; 932 528; 931 528; 929 530; 929 531; 928 532; 928 533; 927 534; 927 535; 925 537; 925 538; 919 544; 918 544; 917 545; 917 549; 918 549; 919 550; 923 550; 924 551; 926 551; 927 552; 928 552; 929 553; 931 553; 932 554; 933 554; 934 555; 936 555; 937 556; 938 556; 939 557; 940 557; 941 558; 943 558; 944 559; 945 559; 946 560; 948 560; 949 561; 951 561; 952 562; 953 562; 954 563; 955 563; 956 564; 960 564; 960 559; 959 558; 959 557; 958 556; 958 555; 957 554; 957 549; 956 548; 956 540; 955 539; 955 535; 954 534; 954 530; 953 529; 953 524; 952 523; 952 522; 951 521; 951 519; 950 518; 950 517; 949 516; 949 515
39; 487 515; 487 519; 488 520; 488 535; 487 536; 487 545; 488 546; 488 564; 489 565; 492 565; 493 564; 494 564; 497 561; 498 561; 499 560; 500 560; 501 559; 503 559; 504 558; 505 558; 507 556; 508 556; 509 555; 510 555; 511 554; 512 554; 513 553; 515 553; 516 552; 517 552; 519 550; 520 550; 522 548; 524 548; 525 547; 526 547; 527 546; 527 542; 526 542; 525 541; 524 541; 523 540; 522 540; 521 539; 520 539; 512 531; 512 530; 511 529; 511 528; 510 527; 510 526; 508 524; 506 524; 505 523; 504 523; 503 522; 502 522; 501 521; 500 521; 499 520; 498 520; 497 519; 496 519; 493 516; 492 516; 491 515
40; 563 537; 562 538; 562 540; 563 541; 563 544; 564 545; 564 560; 565 561; 565 570; 566 571; 566 581; 567 582; 572 582; 575 579; 576 579; 578 577; 579 577; 580 576; 581 576; 583 574; 584 574; 585 573; 586 573; 587 572; 588 572; 589 571; 590 571; 592 569; 593 569; 596 566; 597 566; 599 564; 600 564; 602 562; 603 562; 604 561; 604 557; 603 557; 602 556; 600 556; 599 555; 597 555; 596 554; 595 554; 594 553; 592 553; 590 551; 589 551; 584 546; 583 546; 582 545; 580 545; 579 544; 578 544; 577 543; 576 543; 575 542; 574 542; 573 541; 572 541; 570 539; 569 539; 567 537
41; 89 539; 88 540; 87 540; 86 541; 85 541; 84 542; 83 542; 82 543; 81 543; 80 544; 79 544; 78 545; 77 545; 76 546; 75 546; 74 547; 73 547; 72 548; 71 548; 70 549; 69 549; 67 551; 66 551; 65 552; 63 552; 62 553; 61 553; 60 554; 59 554; 58 555; 56 555; 55 556; 54 556; 53 557; 52 557; 50 559; 50 561; 51 562; 52 562; 54 564; 55 564; 58 567; 59 567; 66 574; 67 574; 68 575; 69 575; 70 576; 72 576; 73 577; 74 577; 76 579; 77 579; 78 580; 79 580; 83 584; 84 584; 86 586; 89 586; 90 585; 90 581; 89 580; 89 565; 90 564; 90 544; 92 542; 92 541; 90 539
42; 836 536; 835 537; 835 550; 834 551; 834 553; 833 554; 833 557; 832 558; 832 561; 831 562; 831 570; 830 571; 830 573; 829 574; 829 579; 831 581; 833 581; 834 580; 835 580; 836 579; 837 579; 838 578; 840 578; 841 577; 845 577; 846 576; 854 576; 855 575; 856 575; 857 574; 858 574; 859 573; 860 573; 861 572; 862 572; 863 571; 867 571; 868 570; 871 570; 872 569; 872 566; 869 563; 868 563; 866 561; 865 561; 855 551; 855 550; 849 544; 848 544; 840 536
43; 339 541; 338 542; 338 546; 339 547; 339 552; 338 553; 338 556; 337 557; 337 564; 336 565; 336 579; 335 580; 335 584; 336 585; 340 585; 341 584; 342 584; 343 583; 344 583; 345 582; 348 582; 349 581; 351 581; 352 580; 354 580; 355 579; 356 579; 357 578; 358 578; 359 577; 360 577; 361 576; 363 576; 364 575; 365 575; 366 574; 367 574; 368 573; 369 573; 370 572; 371 572; 372 571; 374 571; 376 569; 376 568; 377 567; 377 565; 375 565; 373 563; 371 563; 370 562; 369 562; 366 559; 365 559; 364 558; 363 558; 359 554; 359 553; 358 552; 357 552; 356 551; 354 551; 353 550; 352 550; 351 549; 350 549; 342 541
44; 678 560; 675 563; 675 564; 669 570; 668 570; 665 573; 664 573; 662 575; 661 575; 654 582; 653 582; 652 583; 651 583; 650 584; 649 584; 647 586; 647 589; 649 591; 651 591; 652 592; 657 592; 658 593; 659 593; 660 594; 661 594; 662 595; 663 595; 664 596; 665 596; 666 597; 667 597; 668 598; 670 598; 671 599; 672 599; 673 600; 675 600; 676 601; 678 601; 679 602; 681 602; 682 603; 684 603; 685 604; 687 604; 688 605; 689 605; 690 606; 693 606; 694 605; 694 602; 693 601; 693 600; 692 599; 692 597; 691 596; 691 592; 690 591; 690 582; 688 580; 688 579; 687 578; 687 577; 686 576; 686 575; 685 574; 685 572; 684 571; 684 564; 683 563; 683 562; 682 561; 682 560
45; 906 578; 904 580; 903 580; 902 581; 901 581; 900 582; 898 582; 897 583; 896 583; 895 584; 894 584; 893 585; 892 585; 891 586; 890 586; 888 588; 887 588; 886 589; 885 589; 882 592; 881 592; 879 594; 878 594; 877 595; 874 595; 872 597; 872 601; 874 603; 876 603; 877 604; 878 604; 879 605; 880 605; 884 609; 885 609; 887 611; 888 611; 890 613; 891 613; 892 614; 893 614; 895 616; 896 616; 897 617; 898 617; 899 618; 900 618; 902 620; 903 620; 905 622; 906 622; 907 623; 908 623; 911 626; 912 626; 915 623; 915 622; 914 621; 914 618; 913 617; 913 608; 914 607; 914 604; 915 603; 915 598; 914 597; 914 596; 913 595; 913 591; 912 590; 912 581; 911 580; 911 579; 910 578
46; 328 591; 326 593; 326 598; 327 599; 327 601; 328 602; 328 605; 329 606; 329 616; 330 617; 330 618; 331 619; 331 620; 332 621; 332 622; 333 623; 333 624; 334 625; 334 626; 335 627; 335 629; 336 630; 336 634; 337 635; 337 637; 338 638; 341 638; 349 630; 350 630; 352 628; 353 628; 356 625; 357 625; 361 621; 362 621; 369 614; 370 614; 371 613; 371 612; 372 611; 372 608; 370 606; 367 606; 366 605; 362 605; 361 604; 359 604; 358 603; 357 603; 356 602; 354 602; 353 601; 351 601; 350 600; 347 600; 346 599; 344 599; 343 598; 342 598; 341 597; 338 597; 337 596; 336 596; 332 592; 331 592; 330 591
47; 739 607; 738 608; 738 609; 732 615; 731 615; 729 617; 728 617; 724 621; 724 622; 720 626; 719 626; 711 634; 711 639; 712 639; 713 640; 715 640; 716 641; 720 641; 721 642; 723 642; 724 643; 725 643; 726 644; 728 644; 729 645; 730 645; 731 646; 733 646; 734 647; 736 647; 737 648; 739 648; 740 649; 743 649; 744 650; 746 650; 747 651; 748 651; 749 652; 750 652; 751 653; 752 653; 753 654; 755 654; 756 653; 756 648; 754 646; 754 645; 753 644; 753 642; 752 641; 752 638; 751 637; 751 627; 750 626; 750 625; 748 623; 748 622; 747 621; 747 620; 746 619; 746 618; 745 617; 745 611; 744 610; 744 608; 743 607
48; 915 624; 912 627; 913 628; 913 629; 915 631; 915 632; 916 633; 916 634; 917 635; 917 637; 918 638; 918 642; 919 643; 919 646; 920 647; 920 649; 921 650; 921 651; 922 652; 922 653; 923 654; 923 656; 924 657; 924 659; 925 660; 925 664; 926 665; 926 670; 927 671; 927 673; 928 674; 928 675; 932 675; 934 673; 934 672; 935 671; 935 670; 936 669; 936 668; 938 666; 938 665; 940 663; 940 662; 945 657; 946 657; 952 651; 952 650; 953 649; 953 648; 954 647; 954 646; 955 645; 956 645; 958 643; 958 640; 957 639; 954 639; 953 638; 951 638; 950 637; 949 637; 947 635; 945 635; 944 634; 943 634; 942 633; 941 633; 939 631; 938 631; 937 630; 929 630; 928 629; 925 629; 924 628; 923 628; 922 627; 921 627; 920 626; 919 626; 917 624
49; 31 626; 30 627; 29 627; 27 629; 26 629; 25 630; 22 630; 21 631; 19 631; 18 632; 17 632; 16 633; 15 633; 14 634; 13 634; 12 635; 11 635; 10 636; 9 636; 8 637; 7 637; 5 639; 4 639; 3 640; 0 640; 0 650; 1 650; 2 651; 3 651; 9 657; 9 658; 11 660; 12 660; 13 661; 14 661; 15 662; 16 662; 19 665; 20 665; 32 677; 36 677; 37 676; 37 667; 36 666; 36 643; 35 642; 35 635; 36 634; 36 629; 35 628; 35 627; 34 626
50; 591 623; 585 629; 584 629; 583 630; 581 630; 580 631; 579 631; 577 633; 576 633; 574 635; 573 635; 571 637; 570 637; 568 639; 567 639; 565 641; 564 641; 563 642; 562 642; 561 643; 559 643; 557 645; 557 647; 559 649; 560 649; 561 650; 562 650; 564 652; 565 652; 567 654; 568 654; 570 656; 571 656; 573 658; 573 659; 575 661; 575 662; 576 662; 577 663; 583 663; 584 664; 585 664; 586 665; 587 665; 589 667; 590 667; 597 674; 601 674; 602 673; 602 668; 601 667; 601 665; 600 664; 600 654; 599 653; 599 649; 598 648; 598 641; 597 640; 597 636; 596 635; 596 626; 595 625; 595 624; 594 623
51; 246 629; 245 630; 245 635; 246 636; 246 659; 247 660; 247 664; 248 665; 248 674; 247 675; 247 679; 249 681; 253 681; 254 680; 255 680; 257 678; 258 678; 260 676; 261 676; 262 675; 266 675; 267 674; 269 674; 271 672; 271 671; 275 667; 276 667; 281 662; 282 662; 283 661; 285 661; 286 660; 287 660; 287 659; 288 658; 288 656; 287 655; 287 654; 286 654; 285 653; 284 653; 283 652; 282 652; 281 651; 280 651; 279 650; 278 650; 271 643; 270 643; 268 641; 267 641; 266 640; 265 640; 263 638; 262 638; 259 635; 258 635; 257 634; 256 634; 255 633; 254 633; 253 632; 252 632; 250 630; 249 630; 248 629
52; 443 650; 442 651; 442 652; 432 662; 432 663; 430 665; 430 666; 428 668; 428 669; 425 672; 425 673; 417 681; 417 682; 416 683; 416 686; 418 688; 418 690; 419 689; 426 689; 427 690; 428 690; 429 691; 430 691; 431 692; 432 692; 435 695; 436 695; 437 696; 445 696; 446 697; 448 697; 449 698; 452 698; 453 699; 455 699; 456 700; 458 700; 459 701; 461 701; 462 700; 462 696; 461 695; 461 692; 460 691; 460 689; 459 688; 459 685; 458 684; 458 682; 457 681; 457 678; 456 677; 456 675; 455 674; 455 671; 454 670; 454 668; 453 667; 453 665; 452 664; 452 663; 451 662; 451 660; 450 659; 450 655; 449 654; 449 652; 447 650
53; 980 673; 979 674; 979 680; 980 681; 980 685; 981 686; 981 692; 982 693; 982 699; 983 700; 983 703; 984 704; 984 709; 985 710; 985 716; 986 717; 986 724; 988 726; 991 726; 996 721; 996 720; 997 719; 998 719; 1000 717; 1001 717; 1003 715; 1004 715; 1006 713; 1007 713; 1015 705; 1015 704; 1017 702; 1018 702; 1019 701; 1020 701; 1021 700; 1023 700; 1023 695; 1022 695; 1021 694; 1019 694; 1018 693; 1016 693; 1014 691; 1013 691; 1012 690; 1011 690; 1009 688; 1008 688; 1001 681; 997 681; 996 680; 993 680; 992 679; 991 679; 990 678; 989 678; 988 677; 987 677; 983 673
54; 415 684; 414 685; 413 685; 412 686; 411 686; 410 687; 407 687; 406 688; 403 688; 402 687; 391 687; 390 688; 386 688; 385 689; 382 689; 381 690; 377 690; 376 689; 372 689; 371 690; 370 690; 370 693; 372 695; 372 696; 378 702; 378 703; 380 705; 380 706; 381 707; 381 708; 383 710; 383 711; 385 713; 385 714; 386 715; 386 716; 388 718; 388 719; 389 720; 389 721; 391 723; 391 724; 392 725; 392 726; 394 728; 394 729; 398 733; 401 733; 401 732; 402 731; 402 730; 403 729; 403 726; 404 725; 404 724; 405 723; 405 722; 406 721; 406 720; 407 719; 407 718; 409 716; 409 715; 410 714; 410 711; 411 710; 411 705; 412 704; 412 702; 413 701; 413 699; 414 698; 414 696; 415 695; 415 694; 416 693; 416 692; 417 691; 417 688; 415 686
55; 521 681; 521 682; 520 683; 520 685; 521 686; 521 690; 522 691; 522 709; 523 710; 523 721; 524 722; 524 732; 526 734; 530 734; 534 730; 535 730; 536 729; 537 729; 539 727; 540 727; 541 726; 545 726; 557 714; 558 714; 559 713; 560 713; 561 712; 563 712; 565 710; 565 708; 564 707; 564 706; 563 705; 562 705; 560 703; 558 703; 557 702; 556 702; 554 700; 553 700; 551 698; 550 698; 548 696; 547 696; 546 695; 545 695; 544 694; 543 694; 542 693; 541 693; 539 691; 538 691; 537 690; 536 690; 535 689; 534 689; 533 688; 532 688; 530 686; 529 686; 524 681
56; 5 715; 4 716; 4 717; 3 718; 3 721; 4 722; 4 728; 5 729; 5 739; 4 740; 4 746; 5 747; 5 749; 6 750; 6 753; 7 754; 7 758; 8 759; 8 766; 9 767; 9 768; 10 769; 14 769; 15 768; 16 768; 16 767; 19 764; 20 764; 21 763; 22 763; 24 761; 25 761; 29 757; 30 757; 32 755; 33 755; 35 753; 36 753; 39 750; 39 749; 43 745; 44 745; 46 743; 46 739; 44 737; 43 737; 42 736; 41 736; 39 734; 38 734; 37 733; 36 733; 35 732; 34 732; 33 731; 32 731; 31 730; 30 730; 28 728; 27 728; 25 726; 24 726; 23 725; 22 725; 21 724; 20 724; 19 723; 18 723; 17 722; 16 722; 15 721; 14 721; 9 716; 8 716; 7 715
57; 292 736; 288 740; 287 740; 286 741; 285 741; 284 742; 283 742; 282 743; 280 743; 279 744; 278 744; 277 745; 276 745; 275 746; 274 746; 273 747; 272 747; 271 748; 270 748; 269 749; 268 749; 263 754; 262 754; 261 755; 259 755; 258 756; 257 756; 255 758; 255 761; 258 764; 259 764; 262 767; 263 767; 268 772; 269 772; 272 775; 273 775; 275 777; 276 777; 277 778; 278 778; 280 780; 281 780; 282 781; 283 781; 285 783; 286 783; 294 791; 298 791; 299 790; 299 768; 300 767; 300 763; 299 762; 299 761; 298 760; 298 756; 297 755; 297 751; 296 750; 296 742; 297 741; 297 739; 296 738; 296 737; 295 736
58; 918 806; 917 807; 917 808; 910 815; 909 815; 906 818; 905 818; 904 819; 899 819; 898 820; 898 822; 897 823; 897 824; 896 825; 896 826; 895 827; 894 827; 891 830; 890 830; 889 831; 888 831; 887 832; 886 832; 885 833; 885 836; 888 839; 889 839; 890 840; 891 840; 892 841; 893 841; 896 844; 897 844; 900 847; 901 847; 904 850; 905 850; 907 852; 908 852; 910 854; 912 854; 913 855; 914 855; 915 856; 916 856; 918 858; 919 858; 924 863; 925 863; 926 864; 929 864; 930 863; 930 858; 929 857; 929 856; 928 855; 928 854; 927 853; 927 847; 926 846; 926 832; 925 831; 925 824; 924 823; 924 815; 923 814; 923 810; 922 809; 922 807; 921 806
59; 935 814; 933 816; 933 818; 934 819; 934 820; 935 821; 935 822; 936 823; 936 824; 937 825; 937 827; 938 828; 938 831; 939 832; 939 834; 940 835; 940 837; 941 838; 941 839; 942 840; 942 842; 943 843; 943 844; 944 845; 944 847; 945 848; 945 849; 946 850; 946 851; 947 852; 947 853; 948 854; 948 855; 950 857; 950 858; 951 859; 951 860; 952 861; 952 866; 953 867; 953 868; 957 868; 959 866; 959 864; 960 863; 960 862; 962 860; 962 859; 964 857; 964 856; 965 855; 965 854; 966 853; 966 852; 968 850; 968 849; 970 847; 970 846; 971 845; 971 844; 973 842; 973 841; 974 840; 974 839; 975 838; 975 837; 978 834; 978 833; 979 832; 979 827; 978 827; 977 826; 976 826; 975 825; 968 825; 967 824; 966 824; 965 823; 964 823; 962 821; 961 821; 960 820; 955 820; 954 819; 947 819; 946 818; 944 818; 943 817; 942 817; 940 815; 939 815; 938 814
60; 999 841; 998 842; 998 844; 999 845; 999 846; 1001 848; 1001 849; 1002 850; 1002 851; 1003 852; 1003 855; 1004 856; 1004 858; 1005 859; 1005 861; 1006 862; 1006 867; 1007 868; 1007 869; 1011 873; 1011 874; 1012 875; 1012 876; 1014 878; 1014 879; 1015 880; 1015 881; 1016 882; 1016 883; 1017 884; 1017 886; 1018 887; 1018 889; 1021 892; 1023 892; 1023 873; 1022 873; 1018 869; 1018 868; 1017 867; 1017 866; 1015 864; 1015 862; 1014 861; 1014 859; 1013 858; 1013 856; 1015 854; 1018 854; 1019 855; 1023 855; 1023 846; 1021 846; 1020 845; 1017 845; 1016 844; 1013 844; 1012 843; 1006 843; 1005 842; 1004 842; 1003 841
61; 602 820; 602 821; 601 822; 601 824; 602 825; 602 832; 603 833; 603 852; 604 853; 604 862; 605 863; 605 874; 608 877; 611 877; 612 876; 613 876; 615 874; 616 874; 617 873; 618 873; 621 870; 622 870; 623 869; 624 869; 628 865; 629 865; 631 863; 632 863; 633 862; 634 862; 638 858; 639 858; 640 857; 641 857; 642 856; 644 856; 646 854; 646 851; 642 847; 641 847; 639 845; 638 845; 628 835; 627 835; 626 834; 625 834; 624 833; 623 833; 622 832; 621 832; 620 831; 619 831; 617 829; 616 829; 609 822; 608 822; 606 820
62; 215 838; 215 842; 216 843; 216 844; 217 845; 217 846; 218 847; 218 849; 219 850; 219 852; 220 853; 220 857; 221 858; 221 861; 222 862; 222 864; 223 865; 223 867; 224 868; 224 870; 225 871; 225 873; 226 874; 226 876; 227 877; 227 878; 228 879; 228 880; 229 881; 229 883; 230 884; 230 885; 231 886; 231 888; 232 889; 232 890; 233 891; 237 891; 238 890; 238 889; 239 888; 239 887; 241 885; 241 884; 242 883; 243 883; 251 875; 251 874; 254 871; 254 870; 256 868; 256 867; 261 862; 261 861; 262 860; 262 855; 261 854; 260 854; 259 853; 257 853; 256 852; 253 852; 252 851; 251 851; 250 850; 249 850; 248 849; 247 849; 246 848; 245 848; 244 847; 243 847; 242 846; 241 846; 239 844; 232 844; 231 843; 229 843; 228 842; 227 842; 226 841; 224 841; 223 840; 222 840; 221 839; 220 839; 219 838
63; 125 870; 125 871; 124 872; 124 875; 125 876; 125 880; 126 881; 126 894; 127 895; 127 901; 128 902; 128 905; 129 906; 129 919; 128 920; 128 923; 129 924; 133 924; 134 923; 135 923; 137 921; 138 921; 139 920; 140 920; 141 919; 142 919; 144 917; 145 917; 146 916; 147 916; 148 915; 151 915; 152 916; 154 916; 155 915; 155 914; 156 913; 156 912; 161 907; 162 907; 163 906; 164 906; 165 905; 168 905; 170 903; 170 900; 167 897; 166 897; 164 895; 163 895; 162 894; 161 894; 159 892; 158 892; 153 887; 152 887; 148 883; 147 883; 145 881; 144 881; 142 879; 141 879; 138 876; 137 876; 133 872; 132 872; 130 870
64; 839 896; 837 898; 837 899; 836 900; 836 901; 835 902; 835 903; 834 904; 833 904; 831 906; 830 906; 827 909; 826 909; 817 918; 817 919; 816 920; 816 921; 813 924; 812 924; 811 925; 811 926; 810 927; 810 929; 813 932; 814 932; 815 933; 817 933; 818 934; 819 934; 820 935; 821 935; 822 936; 823 936; 824 937; 825 937; 827 939; 828 939; 830 941; 832 941; 833 942; 835 942; 836 943; 838 943; 839 944; 841 944; 842 945; 845 945; 846 946; 847 946; 854 953; 857 953; 858 952; 858 948; 857 947; 857 946; 856 945; 856 944; 855 943; 855 941; 854 940; 854 936; 853 935; 853 931; 852 930; 852 927; 851 926; 851 922; 850 921; 850 918; 849 917; 849 916; 848 915; 848 913; 847 912; 847 911; 846 910; 846 906; 845 905; 845 900; 844 899; 844 898; 842 896
65; 30 912; 28 914; 28 915; 27 916; 27 918; 26 919; 26 920; 25 921; 25 922; 23 924; 23 925; 22 926; 22 927; 21 928; 21 929; 20 930; 20 931; 19 932; 19 933; 17 935; 17 936; 15 938; 15 939; 14 940; 14 941; 13 942; 13 943; 12 944; 12 945; 11 946; 11 947; 9 949; 9 955; 12 958; 13 958; 14 959; 19 959; 20 960; 22 960; 23 961; 25 961; 26 962; 29 962; 30 963; 33 963; 34 964; 38 964; 39 965; 42 965; 43 966; 47 966; 48 967; 50 967; 51 968; 52 968; 54 970; 55 970; 56 971; 59 971; 59 966; 58 965; 58 964; 57 963; 57 962; 56 961; 56 960; 54 958; 54 956; 53 955; 53 954; 52 953; 52 952; 51 951; 51 950; 50 949; 50 947; 49 946; 49 945; 48 944; 48 943; 47 942; 47 935; 45 933; 44 933; 42 931; 42 930; 41 929; 41 928; 40 927; 40 926; 39 925; 39 924; 38 923; 38 922; 37 921; 37 919; 36 918; 36 917; 35 916; 35 915; 34 914; 34 913; 33 913; 32 912
66; 421 932; 420 933; 419 933; 419 934; 415 938; 414 938; 412 940; 411 940; 403 948; 403 949; 401 951; 401 952; 398 955; 398 956; 392 962; 392 964; 393 965; 393 966; 394 967; 395 967; 396 968; 397 968; 398 969; 399 969; 402 972; 403 972; 405 974; 406 974; 407 975; 408 975; 411 978; 412 978; 414 980; 414 981; 416 983; 417 983; 418 984; 419 984; 420 985; 424 985; 425 986; 426 986; 427 987; 428 987; 429 988; 430 988; 435 993; 436 993; 437 994; 439 994; 440 993; 440 988; 439 987; 439 986; 438 985; 438 983; 437 982; 437 979; 436 978; 436 971; 435 970; 435 968; 434 967; 434 964; 433 963; 433 960; 432 959; 432 956; 431 955; 431 953; 430 952; 430 950; 429 949; 429 948; 428 947; 428 946; 427 945; 427 942; 426 941; 426 935; 425 934; 425 933; 424 932
67; 142 933; 141 934; 141 935; 140 936; 140 939; 139 940; 139 946; 138 947; 138 951; 136 953; 136 965; 135 966; 135 975; 134 976; 134 979; 133 980; 133 982; 132 983; 132 985; 135 988; 135 989; 136 988; 138 988; 139 987; 149 987; 150 988; 158 988; 159 987; 168 987; 169 986; 178 986; 178 982; 177 981; 177 980; 176 979; 176 978; 175 977; 175 976; 173 974; 173 973; 171 971; 171 970; 170 969; 170 968; 168 966; 168 965; 165 962; 165 961; 162 958; 162 957; 160 955; 160 954; 159 953; 159 952; 158 951; 158 950; 155 947; 155 946; 150 941; 150 940; 148 938; 148 937; 144 933
68; 905 943; 903 945; 903 946; 902 947; 902 948; 901 949; 901 951; 896 956; 895 956; 894 957; 893 957; 892 958; 892 959; 890 961; 890 962; 887 965; 887 966; 879 974; 879 979; 880 980; 880 981; 881 982; 882 982; 883 983; 884 983; 885 984; 887 984; 888 985; 889 985; 892 988; 893 988; 894 989; 895 989; 896 990; 897 990; 898 991; 899 991; 901 993; 902 993; 904 995; 906 995; 907 996; 908 996; 909 997; 911 997; 912 998; 913 998; 914 999; 915 999; 916 1000; 917 1000; 921 1004; 922 1004; 923 1005; 926 1005; 926 1004; 927 1003; 927 1001; 926 1000; 926 999; 925 998; 925 997; 924 996; 924 995; 923 994; 923 992; 922 991; 922 989; 921 988; 921 985; 920 984; 920 981; 919 980; 919 977; 918 976; 918 973; 917 972; 917 969; 916 968; 916 966; 915 965; 915 964; 914 963; 914 961; 913 960; 913 959; 912 958; 912 956; 911 955; 911 949; 910 948; 910 946; 907 943
69; 215 954; 214 955; 214 959; 215 960; 215 964; 216 965; 216 971; 217 972; 217 980; 216 981; 216 983; 217 984; 217 988; 218 989; 218 992; 219 993; 219 997; 220 998; 220 1005; 219 1006; 219 1010; 220 1011; 220 1012; 221 1013; 226 1013; 228 1011; 229 1011; 231 1009; 233 1009; 234 1008; 237 1008; 238 1007; 239 1007; 240 1006; 241 1006; 243 1004; 244 1004; 245 1003; 246 1003; 248 1001; 249 1001; 251 999; 252 999; 253 998; 254 998; 255 997; 256 997; 257 996; 258 996; 260 994; 260 992; 256 988; 255 988; 246 979; 246 978; 233 965; 232 965; 229 962; 228 962; 226 960; 225 960; 223 958; 222 958; 218 954
70; 672 963; 670 965; 670 967; 666 971; 666 972; 662 976; 662 977; 660 979; 660 980; 658 982; 658 983; 656 985; 656 986; 652 990; 652 991; 650 993; 649 993; 646 996; 646 1001; 648 1003; 649 1003; 650 1004; 651 1004; 652 1005; 653 1005; 654 1006; 655 1006; 656 1007; 657 1007; 659 1009; 660 1009; 667 1016; 673 1016; 674 1017; 675 1017; 676 1018; 677 1018; 678 1019; 680 1019; 681 1020; 682 1020; 684 1022; 684 1023; 694 1023; 694 1021; 693 1020; 693 1019; 692 1018; 692 1017; 691 1016; 691 1014; 690 1013; 690 1011; 689 1010; 689 1007; 688 1006; 688 1002; 687 1001; 687 998; 686 997; 686 994; 685 993; 685 991; 684 990; 684 989; 683 988; 683 986; 682 985; 682 984; 681 983; 681 980; 680 979; 680 977; 679 976; 679 973; 678 972; 678 968; 677 967; 677 965; 676 964; 675 964; 674 963
71; 85 974; 85 979; 87 981; 87 982; 88 983; 88 984; 90 986; 90 988; 91 989; 91 991; 92 992; 92 994; 94 996; 94 997; 95 998; 95 999; 96 1000; 96 1002; 97 1003; 97 1004; 98 1005; 98 1006; 99 1007; 99 1008; 100 1009; 100 1010; 101 1011; 101 1012; 103 1014; 103 1015; 105 1017; 105 1019; 106 1020; 106 1023; 118 1023; 118 1021; 120 1019; 120 1018; 122 1016; 122 1015; 123 1014; 123 1013; 124 1012; 124 1010; 125 1009; 125 1007; 126 1006; 126 1004; 127 1003; 127 1000; 128 999; 128 998; 129 997; 129 996; 131 994; 131 993; 134 990; 134 988; 131 985; 131 984; 130 985; 127 985; 126 986; 123 986; 122 985; 120 985; 119 984; 117 984; 116 983; 115 983; 114 982; 113 982; 110 979; 109 979; 106 976; 104 976; 103 977; 99 977; 98 976; 94 976; 93 975; 91 975; 90 974
72; 553 988; 553 993; 554 994; 554 997; 555 998; 555 1011; 554 1012; 554 1014; 556 1016; 556 1017; 557 1018; 557 1019; 558 1020; 558 1023; 568 1023; 568 1022; 567 1021; 567 1019; 566 1018; 566 1015; 565 1014; 565 1008; 567 1006; 568 1007; 569 1007; 571 1009; 572 1009; 575 1012; 576 1012; 577 1013; 578 1013; 580 1015; 580 1016; 581 1017; 580 1018; 580 1019; 579 1020; 578 1020; 576 1022; 576 1023; 600 1023; 600 1018; 599 1017; 599 1016; 598 1015; 596 1015; 595 1014; 593 1014; 591 1012; 590 1012; 583 1005; 582 1005; 580 1003; 579 1003; 577 1001; 576 1001; 574 999; 573 999; 571 997; 570 997; 569 996; 568 996; 566 994; 565 994; 563 992; 562 992; 560 990; 559 990; 557 988
