0; 567 11; 567 13; 571 17; 571 20; 570 21; 572 21; 573 22; 575 22; 575 21; 576 20; 588 20; 589 21; 590 21; 592 23; 592 26; 591 27; 591 29; 592 30; 592 35; 591 36; 591 37; 590 38; 590 40; 589 41; 589 43; 588 44; 588 47; 591 47; 591 46; 592 45; 592 44; 593 43; 593 42; 594 41; 594 40; 595 39; 595 37; 596 36; 596 35; 597 34; 597 32; 598 31; 598 30; 599 29; 599 27; 600 26; 600 25; 601 24; 601 23; 603 21; 603 20; 604 19; 604 15; 595 15; 594 14; 592 14; 591 13; 587 13; 586 12; 584 12; 583 13; 582 13; 581 12; 577 12; 576 11
1; 713 0; 713 2; 714 3; 714 4; 715 5; 715 6; 716 7; 716 8; 717 9; 717 10; 720 13; 720 14; 721 15; 721 16; 723 18; 723 19; 724 20; 724 21; 726 23; 726 24; 728 26; 728 27; 729 28; 729 29; 730 30; 730 31; 731 32; 731 33; 733 35; 735 35; 738 32; 738 31; 739 30; 739 29; 740 28; 740 26; 741 25; 741 24; 743 22; 743 21; 745 19; 745 17; 746 16; 746 14; 747 13; 747 12; 748 11; 748 10; 749 9; 749 8; 750 7; 750 6; 751 5; 751 4; 752 3; 752 0
2; 967 4; 966 5; 966 9; 970 13; 970 14; 971 15; 971 16; 972 17; 972 18; 973 19; 973 20; 974 21; 974 22; 975 23; 975 24; 976 25; 976 26; 977 27; 977 28; 978 29; 978 30; 979 31; 979 32; 981 34; 981 36; 983 38; 983 39; 984 40; 984 41; 986 43; 989 43; 991 41; 991 40; 992 39; 992 38; 993 37; 993 36; 994 35; 994 33; 995 32; 995 31; 996 30; 996 29; 997 28; 998 28; 998 27; 1000 25; 1000 24; 1001 23; 1001 20; 1002 19; 1002 17; 1003 16; 1003 14; 1004 13; 1004 11; 1005 10; 1005 6; 1003 4; 1000 4; 999 5; 990 5; 989 4; 981 4; 980 5; 970 5; 969 4
3; 322 0; 322 2; 321 3; 321 4; 320 5; 320 6; 319 7; 319 8; 317 10; 317 11; 312 16; 312 17; 311 18; 311 19; 309 21; 309 22; 305 26; 305 30; 306 31; 307 31; 308 32; 309 32; 310 33; 313 33; 314 34; 319 34; 320 35; 324 35; 325 36; 328 36; 329 37; 333 37; 334 38; 343 38; 344 37; 344 34; 342 32; 342 31; 341 30; 341 29; 340 28; 340 26; 339 25; 339 24; 338 23; 338 21; 337 20; 337 17; 336 16; 336 14; 335 13; 335 12; 334 11; 334 9; 333 8; 333 6; 332 5; 332 4; 331 3; 331 1; 330 0
4; 760 8; 757 11; 757 12; 756 13; 756 14; 755 15; 755 16; 754 17; 754 19; 753 20; 753 21; 752 22; 752 23; 751 24; 751 25; 750 26; 750 27; 749 28; 749 29; 748 30; 748 31; 746 33; 746 34; 743 37; 743 38; 741 40; 741 41; 743 43; 750 43; 751 44; 756 44; 757 45; 780 45; 781 44; 781 39; 779 37; 779 36; 778 35; 778 34; 777 33; 777 32; 776 31; 776 30; 775 29; 775 28; 774 27; 774 26; 773 25; 773 24; 772 23; 772 22; 771 21; 771 20; 770 19; 770 18; 769 17; 769 16; 768 15; 768 14; 767 13; 767 12; 763 8
5; 360 14; 358 16; 358 18; 357 19; 357 22; 356 23; 356 25; 355 26; 355 27; 354 28; 354 29; 353 30; 353 31; 352 32; 352 34; 351 35; 351 40; 350 41; 350 44; 349 45; 349 47; 348 48; 348 51; 349 52; 353 52; 354 51; 356 51; 357 50; 360 50; 361 51; 363 51; 364 52; 364 53; 377 53; 378 52; 382 52; 387 47; 387 43; 383 39; 383 38; 380 35; 380 34; 373 27; 373 26; 370 23; 370 22; 366 18; 366 17; 363 14
6; 538 27; 522 46; 522 50; 552 58; 562 57; 561 46
7; 561 46; 572 39; 574 23; 570 22; 567 24; 561 21; 554 13; 551 13; 551 18; 544 20; 542 20; 538 27
8; 735 41; 734 42; 730 42; 729 43; 726 43; 725 44; 722 44; 721 45; 710 45; 709 46; 704 46; 703 47; 700 47; 700 51; 705 56; 705 57; 706 58; 706 59; 707 60; 707 61; 712 66; 712 67; 714 69; 714 70; 715 71; 715 72; 720 77; 720 78; 722 80; 725 80; 726 79; 726 78; 727 77; 727 76; 729 74; 729 72; 730 71; 730 67; 731 66; 731 65; 734 62; 734 61; 735 60; 735 55; 736 54; 736 51; 737 50; 737 48; 739 46; 739 45; 741 43; 741 42; 740 41; 739 41; 738 42; 737 41
9; 399 47; 398 48; 387 48; 382 53; 378 53; 377 54; 364 54; 364 55; 365 56; 365 57; 368 60; 368 61; 374 67; 375 67; 378 70; 378 71; 382 75; 386 75; 390 71; 393 71; 394 70; 397 70; 401 66; 401 59; 402 58; 402 56; 403 55; 403 48; 402 48; 401 47
10; 849 51; 849 58; 850 59; 850 62; 851 63; 851 65; 852 66; 852 67; 853 68; 853 70; 854 71; 854 73; 855 74; 855 76; 856 77; 856 78; 857 79; 857 81; 858 82; 858 84; 859 85; 859 87; 860 88; 862 88; 863 89; 865 89; 866 88; 868 88; 869 87; 873 87; 872 86; 872 83; 873 82; 873 81; 875 79; 875 78; 878 75; 878 74; 881 71; 881 70; 887 64; 887 63; 888 62; 888 60; 887 59; 880 59; 879 58; 877 58; 876 57; 875 57; 874 56; 872 56; 871 55; 870 55; 869 54; 866 54; 865 53; 859 53; 858 52; 856 52; 855 51
11; 416 45; 413 48; 413 49; 410 52; 410 53; 409 54; 409 55; 407 57; 407 58; 406 59; 406 62; 404 64; 404 65; 403 66; 402 66; 397 71; 394 71; 393 72; 390 72; 386 76; 390 80; 390 81; 391 82; 391 83; 392 84; 392 89; 393 90; 393 91; 394 92; 395 92; 396 91; 403 91; 402 90; 402 88; 406 84; 409 84; 410 83; 414 83; 415 84; 421 84; 422 83; 432 83; 433 82; 436 82; 436 77; 435 76; 435 75; 434 74; 434 73; 433 72; 433 71; 432 70; 432 69; 430 67; 430 66; 429 65; 429 64; 428 63; 428 62; 427 61; 427 60; 426 59; 426 58; 424 56; 424 55; 422 53; 422 52; 421 51; 421 50; 420 49; 420 48; 419 47; 419 46; 418 45
12; 588 54; 587 55; 587 56; 585 58; 585 59; 584 60; 584 61; 583 62; 583 63; 581 65; 581 66; 580 67; 580 68; 578 70; 578 71; 577 72; 577 74; 576 75; 576 78; 575 79; 575 80; 574 81; 574 82; 570 86; 570 90; 571 91; 580 91; 581 92; 589 92; 590 91; 609 91; 610 90; 610 88; 609 87; 609 86; 607 84; 607 83; 604 80; 604 79; 603 78; 603 77; 602 76; 602 71; 601 70; 601 69; 593 61; 593 58; 592 57; 592 55; 591 54
13; 246 58; 245 59; 245 61; 244 62; 244 63; 243 64; 243 65; 242 66; 242 67; 241 68; 241 70; 240 71; 240 72; 236 76; 236 79; 235 80; 235 81; 234 82; 234 83; 233 84; 233 86; 232 87; 232 89; 230 91; 230 95; 231 96; 236 96; 237 95; 245 95; 246 94; 253 94; 254 95; 261 95; 262 94; 263 95; 268 95; 269 94; 269 90; 268 89; 268 87; 267 86; 267 85; 265 83; 265 82; 263 80; 263 79; 261 77; 261 76; 258 73; 258 72; 257 71; 257 70; 255 68; 255 67; 254 66; 254 65; 252 63; 252 62; 251 61; 251 60; 249 58
14; 919 65; 917 67; 917 68; 915 70; 915 71; 914 72; 914 73; 913 74; 913 75; 912 76; 912 77; 911 78; 911 79; 910 80; 910 81; 908 83; 908 84; 907 85; 907 86; 906 87; 906 89; 904 91; 904 92; 903 93; 903 94; 901 96; 901 100; 902 101; 903 101; 904 102; 932 102; 933 103; 938 103; 940 101; 940 99; 939 98; 939 97; 938 96; 938 95; 937 94; 937 93; 936 92; 936 90; 934 88; 934 87; 933 86; 933 85; 932 84; 932 81; 931 80; 931 79; 928 76; 928 75; 927 74; 927 73; 926 72; 926 71; 925 70; 925 69; 921 65
15; 363 75; 362 76; 362 79; 363 80; 363 81; 364 82; 364 84; 365 85; 365 86; 366 87; 366 88; 367 89; 367 90; 368 91; 368 94; 369 95; 369 97; 370 98; 370 99; 371 100; 371 101; 372 102; 372 103; 374 105; 374 106; 375 107; 375 110; 376 111; 376 112; 377 113; 380 113; 382 111; 382 110; 384 108; 384 107; 387 104; 387 103; 390 100; 390 99; 392 97; 392 96; 393 95; 393 94; 394 93; 392 91; 392 90; 391 89; 391 84; 390 83; 390 82; 389 81; 389 80; 386 77; 370 77; 369 76; 367 76; 366 75
16; 760 68; 759 69; 759 71; 758 72; 758 73; 757 74; 757 76; 756 77; 756 79; 755 80; 755 81; 754 82; 754 83; 753 84; 753 85; 752 86; 752 87; 751 88; 751 89; 750 90; 750 92; 749 93; 749 96; 748 97; 748 98; 747 99; 747 100; 746 101; 746 105; 767 105; 768 104; 769 104; 770 103; 772 103; 773 102; 775 102; 776 101; 778 101; 779 100; 785 100; 785 96; 778 89; 778 88; 777 87; 777 86; 776 85; 776 84; 774 82; 774 81; 771 78; 771 77; 767 73; 767 72; 763 68
17; 326 86; 324 88; 324 91; 325 92; 325 94; 326 95; 326 97; 327 98; 327 99; 328 100; 328 102; 329 103; 329 105; 330 106; 330 108; 331 109; 331 110; 332 111; 332 113; 333 114; 333 117; 334 118; 334 121; 335 122; 335 124; 336 125; 340 125; 340 124; 343 121; 343 120; 348 115; 350 115; 352 113; 352 112; 353 111; 353 110; 354 109; 354 108; 360 102; 360 101; 362 99; 362 98; 363 97; 363 95; 362 94; 361 94; 360 93; 358 93; 357 94; 356 94; 355 93; 351 93; 350 92; 347 92; 346 91; 344 91; 343 90; 342 90; 341 89; 339 89; 338 88; 335 88; 334 87; 332 87; 331 86
18; 679 83; 678 84; 678 88; 679 89; 679 115; 680 116; 680 117; 687 117; 688 116; 695 116; 696 115; 697 115; 699 113; 700 113; 701 112; 702 112; 703 111; 704 111; 708 107; 709 107; 712 104; 713 104; 713 100; 712 100; 711 99; 710 99; 708 97; 707 97; 705 95; 704 95; 703 94; 702 94; 701 93; 700 93; 699 92; 698 92; 696 90; 695 90; 694 89; 691 89; 690 88; 688 88; 686 86; 685 86; 683 84; 682 84; 681 83
19; 869 88; 868 89; 866 89; 865 90; 865 94; 863 96; 863 97; 862 98; 861 98; 857 102; 857 103; 856 104; 856 105; 854 107; 854 108; 853 109; 853 110; 849 114; 849 119; 855 119; 856 120; 863 120; 864 121; 868 121; 869 122; 871 122; 872 123; 874 123; 875 124; 882 124; 883 125; 887 125; 888 124; 888 121; 887 120; 887 119; 886 118; 886 116; 885 115; 885 113; 884 112; 884 109; 883 108; 883 107; 882 106; 882 105; 881 104; 881 103; 880 102; 880 101; 879 100; 879 98; 878 97; 878 96; 877 95; 877 94; 876 93; 876 92; 875 91; 875 90; 874 89; 874 88
20; 398 92; 398 96; 397 97; 397 98; 395 100; 395 101; 392 104; 392 105; 391 106; 391 107; 389 109; 389 111; 387 113; 387 114; 386 115; 386 116; 385 117; 385 118; 384 119; 384 120; 382 122; 382 126; 383 127; 390 127; 391 126; 405 126; 406 127; 411 127; 412 126; 421 126; 422 125; 422 122; 420 120; 420 119; 419 118; 419 117; 418 116; 418 115; 417 114; 417 113; 415 111; 415 110; 414 109; 414 106; 413 105; 413 104; 408 99; 408 98; 406 96; 406 95; 404 93; 404 92
21; 738 96; 737 97; 736 97; 735 98; 734 98; 733 99; 732 99; 730 101; 728 101; 727 102; 725 102; 724 103; 722 103; 721 104; 720 104; 718 106; 717 106; 717 107; 716 108; 715 108; 712 111; 711 111; 710 112; 708 112; 707 113; 705 113; 705 116; 706 117; 706 119; 710 119; 712 121; 713 121; 714 122; 715 122; 717 124; 718 124; 720 126; 721 126; 722 127; 723 127; 725 129; 726 129; 728 131; 729 131; 731 133; 732 133; 733 134; 734 134; 736 136; 740 136; 741 135; 741 116; 742 115; 742 112; 741 111; 741 97; 740 96
22; 764 111; 763 112; 747 112; 745 114; 745 116; 748 119; 748 120; 749 121; 749 122; 750 123; 750 124; 751 125; 751 127; 752 128; 752 130; 753 131; 753 132; 756 135; 756 136; 759 139; 759 140; 761 142; 761 143; 762 144; 762 146; 764 148; 766 148; 767 147; 768 147; 768 146; 769 145; 769 144; 770 143; 770 142; 771 141; 771 140; 772 139; 772 138; 773 137; 773 136; 775 134; 775 133; 776 132; 776 131; 777 130; 777 129; 778 128; 778 127; 780 125; 780 124; 781 123; 781 122; 782 121; 782 120; 784 118; 784 114; 783 113; 775 113; 774 112; 768 112; 767 111
23; 449 110; 448 111; 448 113; 447 114; 447 115; 445 117; 445 119; 444 120; 444 122; 443 123; 443 124; 441 126; 441 127; 440 128; 440 130; 439 131; 439 133; 438 134; 438 135; 437 136; 437 137; 436 138; 436 140; 435 141; 435 142; 434 143; 434 147; 436 149; 441 149; 442 148; 445 148; 446 147; 457 147; 458 146; 461 146; 462 145; 467 145; 468 144; 472 144; 474 142; 474 140; 472 138; 472 137; 470 135; 470 134; 469 133; 469 132; 467 130; 467 129; 462 124; 462 123; 461 122; 461 121; 459 119; 459 118; 457 116; 457 115; 452 110
24; 703 114; 700 117; 699 117; 698 118; 696 118; 695 117; 688 117; 687 118; 680 118; 680 121; 681 122; 681 128; 676 133; 675 133; 674 134; 672 134; 671 135; 671 139; 673 141; 674 141; 675 142; 676 142; 677 143; 678 143; 680 145; 681 145; 682 146; 683 146; 684 147; 685 147; 686 148; 687 148; 688 149; 689 149; 690 150; 691 150; 692 151; 693 151; 694 152; 695 152; 696 153; 697 153; 698 154; 699 154; 700 155; 701 155; 702 156; 707 156; 708 155; 708 153; 707 152; 707 151; 706 150; 706 145; 705 144; 705 131; 706 130; 706 125; 705 124; 705 121; 706 120; 705 119; 705 117; 704 116; 704 114
25; 172 124; 171 125; 170 125; 169 126; 168 126; 167 127; 166 127; 165 128; 164 128; 162 130; 161 130; 160 131; 159 131; 158 132; 156 132; 154 134; 153 134; 153 135; 151 137; 150 137; 144 143; 143 143; 141 145; 141 147; 143 149; 145 149; 147 151; 148 151; 149 152; 150 152; 151 153; 152 153; 153 154; 154 154; 156 156; 157 156; 158 157; 159 157; 160 158; 161 158; 162 159; 163 159; 164 160; 167 160; 168 161; 170 161; 173 164; 177 164; 178 163; 178 155; 177 154; 177 146; 176 145; 176 125; 175 124
26; 877 130; 875 132; 875 135; 876 136; 876 141; 877 142; 877 145; 878 146; 878 151; 879 152; 879 154; 880 155; 880 156; 881 157; 881 159; 882 160; 882 163; 883 164; 883 169; 884 170; 887 170; 891 166; 892 166; 897 161; 898 161; 905 154; 906 154; 908 152; 908 151; 913 146; 913 143; 910 140; 908 140; 907 139; 906 139; 905 138; 902 138; 901 137; 899 137; 898 136; 895 136; 894 135; 890 135; 889 134; 887 134; 886 133; 885 133; 884 132; 883 132; 882 131; 881 131; 880 130
27; 716 131; 715 132; 715 139; 714 140; 714 142; 713 143; 713 145; 712 146; 712 148; 711 149; 711 150; 710 151; 710 156; 711 157; 711 163; 710 164; 710 170; 711 171; 715 171; 716 170; 718 170; 719 169; 721 169; 723 167; 724 167; 725 166; 727 166; 728 165; 731 165; 732 164; 734 164; 735 163; 738 163; 740 161; 742 161; 743 160; 748 160; 748 158; 747 157; 747 156; 746 155; 746 154; 744 152; 743 152; 735 144; 734 144; 730 140; 729 140; 726 137; 725 137; 719 131
28; 650 137; 648 139; 648 140; 637 151; 637 152; 634 155; 634 156; 626 164; 626 167; 627 168; 629 168; 630 169; 633 169; 634 170; 636 170; 637 171; 638 171; 639 172; 640 172; 641 173; 646 173; 647 174; 664 174; 664 169; 663 168; 663 167; 662 166; 662 164; 661 163; 661 159; 660 158; 660 155; 659 154; 659 151; 658 150; 658 149; 657 148; 657 146; 656 145; 656 144; 655 143; 655 139; 654 138; 654 137
29; 932 142; 931 143; 931 145; 932 146; 932 159; 933 160; 933 173; 934 174; 934 178; 935 179; 935 182; 934 183; 935 183; 936 184; 937 184; 941 180; 942 180; 943 179; 944 179; 946 177; 947 177; 949 175; 950 175; 951 174; 952 174; 956 170; 956 169; 957 168; 958 168; 959 167; 960 167; 962 165; 963 165; 968 160; 968 157; 966 155; 965 155; 963 153; 962 153; 961 152; 959 152; 958 151; 956 151; 955 150; 953 150; 952 149; 951 149; 950 148; 949 148; 948 147; 947 147; 946 146; 944 146; 943 145; 941 145; 940 144; 939 144; 938 143; 936 143; 935 142
30; 678 154; 677 155; 677 162; 676 163; 676 168; 675 169; 675 170; 674 171; 674 188; 673 189; 673 191; 674 192; 674 193; 678 193; 679 192; 680 192; 681 191; 683 191; 684 190; 686 190; 687 189; 688 189; 689 188; 690 188; 691 187; 692 187; 693 186; 695 186; 696 185; 697 185; 698 184; 699 184; 700 183; 702 183; 703 182; 704 182; 705 183; 705 184; 708 184; 709 185; 712 185; 714 183; 714 178; 713 179; 712 178; 711 178; 709 176; 708 176; 705 173; 704 173; 703 172; 703 171; 696 164; 695 164; 694 163; 693 163; 690 160; 689 160; 687 158; 686 158; 685 157; 684 157; 681 154
31; 743 161; 742 162; 740 162; 737 165; 737 166; 736 167; 735 167; 734 168; 732 168; 731 169; 730 169; 729 170; 728 170; 726 172; 725 172; 723 174; 722 174; 721 175; 719 175; 717 177; 716 177; 715 178; 715 183; 717 183; 718 184; 719 184; 723 188; 724 188; 725 189; 726 189; 727 190; 728 190; 729 191; 730 191; 731 192; 732 192; 733 193; 734 193; 735 194; 736 194; 737 195; 739 195; 745 201; 748 201; 749 200; 749 187; 750 186; 750 185; 751 184; 751 180; 750 179; 750 178; 749 177; 749 176; 750 175; 752 175; 752 168; 751 168; 750 167; 750 166; 749 165; 749 162; 748 161
32; 753 169; 753 180; 756 183; 756 185; 757 186; 757 187; 758 188; 758 189; 759 190; 759 191; 760 192; 760 193; 761 194; 761 195; 762 196; 762 197; 763 198; 763 206; 764 207; 764 209; 767 209; 767 208; 772 203; 772 202; 777 197; 778 197; 784 191; 786 191; 791 186; 797 186; 797 185; 793 181; 793 180; 792 179; 792 177; 791 176; 789 176; 788 175; 784 175; 783 174; 775 174; 774 173; 771 173; 770 172; 767 172; 766 171; 763 171; 762 170; 759 170; 758 169
33; 806 177; 805 178; 805 181; 806 182; 806 183; 807 184; 807 186; 808 187; 808 190; 809 191; 809 192; 810 193; 810 195; 811 196; 811 201; 815 205; 815 206; 816 207; 816 211; 817 212; 817 213; 818 214; 818 215; 819 215; 820 216; 822 216; 822 215; 827 210; 827 209; 829 207; 829 206; 831 204; 831 203; 833 201; 833 200; 835 198; 835 197; 837 195; 837 194; 838 193; 838 192; 840 190; 840 189; 841 188; 842 188; 842 187; 844 185; 844 183; 843 182; 840 182; 839 181; 831 181; 830 180; 824 180; 823 179; 813 179; 812 178; 810 178; 809 177
34; 630 213; 639 232; 643 234; 656 218; 657 214; 661 210; 664 210; 666 208; 664 202; 654 200; 652 198
35; 652 198; 652 194; 658 186; 659 182; 647 180; 639 175; 622 173; 620 177; 623 181; 625 194; 623 199; 623 207; 630 213
36; 705 185; 704 186; 703 186; 702 187; 700 187; 698 189; 696 189; 693 192; 692 192; 690 194; 689 194; 686 197; 685 197; 682 200; 681 200; 680 201; 679 201; 677 203; 677 205; 679 207; 680 207; 681 208; 682 208; 683 209; 684 209; 686 211; 687 211; 689 213; 690 213; 694 217; 695 217; 696 218; 698 218; 699 219; 701 219; 702 220; 703 220; 707 224; 711 224; 711 215; 712 214; 712 210; 713 209; 713 205; 714 204; 715 204; 715 196; 713 194; 713 193; 712 192; 712 186; 709 186; 708 185
37; 791 187; 785 193; 785 194; 784 195; 784 196; 783 197; 783 198; 782 199; 782 200; 781 201; 781 203; 780 204; 780 207; 779 208; 779 210; 778 211; 778 212; 775 215; 775 218; 776 218; 777 219; 809 219; 811 217; 812 217; 813 216; 814 216; 815 215; 815 213; 814 213; 812 211; 812 210; 809 207; 809 206; 808 205; 808 204; 807 203; 807 202; 806 201; 806 200; 805 199; 805 198; 804 197; 804 196; 801 193; 801 192; 799 190; 799 189; 798 188; 798 187
38; 934 184; 933 185; 933 186; 929 190; 928 190; 923 195; 922 195; 917 200; 916 200; 914 202; 913 202; 910 205; 909 205; 908 206; 907 206; 906 207; 906 211; 907 211; 910 214; 911 214; 912 215; 913 215; 914 216; 916 216; 918 218; 920 218; 921 219; 922 219; 923 220; 925 220; 926 221; 928 221; 929 222; 930 222; 931 223; 932 223; 933 224; 934 224; 935 225; 936 225; 937 226; 942 226; 942 217; 941 216; 941 201; 940 200; 940 196; 939 195; 939 192; 938 191; 938 189; 937 188; 937 185; 936 185; 935 184
39; 716 196; 716 204; 715 205; 716 206; 716 209; 717 210; 717 214; 718 215; 718 218; 719 219; 719 222; 720 223; 720 232; 721 233; 721 234; 722 235; 724 235; 726 233; 727 233; 731 229; 732 229; 735 226; 736 226; 737 225; 739 225; 753 211; 753 209; 752 208; 751 208; 750 207; 749 207; 748 206; 747 206; 745 204; 740 204; 739 203; 737 203; 736 202; 735 202; 734 201; 733 201; 732 200; 729 200; 728 199; 727 199; 726 198; 724 198; 723 197; 721 197; 720 196
40; 368 202; 367 203; 367 207; 368 208; 368 209; 369 210; 369 211; 370 212; 370 213; 371 214; 371 215; 372 216; 372 217; 373 218; 373 221; 374 222; 374 223; 375 224; 375 227; 376 228; 376 231; 381 236; 381 237; 383 239; 386 239; 389 236; 389 235; 392 232; 392 231; 394 229; 394 228; 395 227; 396 227; 396 226; 399 223; 399 221; 400 220; 400 217; 401 216; 401 215; 403 213; 403 212; 405 210; 405 209; 406 208; 406 206; 405 205; 392 205; 391 204; 377 204; 376 203; 373 203; 372 202
41; 667 208; 664 211; 664 249; 665 250; 668 250; 669 249; 670 249; 674 245; 675 245; 676 244; 677 244; 678 243; 679 243; 680 242; 681 242; 683 240; 684 240; 686 238; 687 238; 688 237; 689 237; 691 235; 692 235; 693 234; 695 234; 696 233; 697 233; 698 232; 699 232; 699 229; 696 226; 695 226; 693 224; 692 224; 690 222; 689 222; 688 221; 687 221; 685 219; 685 218; 684 217; 683 217; 682 216; 680 216; 679 215; 678 215; 677 214; 676 214; 675 213; 674 213; 672 211; 671 211; 669 209; 668 209
42; 763 210; 763 211; 759 215; 758 215; 751 222; 750 222; 746 226; 746 227; 744 229; 744 230; 741 233; 740 233; 737 236; 737 239; 738 239; 739 240; 742 240; 743 241; 744 241; 745 242; 747 242; 748 243; 749 243; 750 244; 752 244; 753 245; 755 245; 756 246; 757 246; 758 247; 759 247; 760 248; 763 248; 764 249; 768 249; 769 250; 770 250; 771 251; 773 251; 774 250; 775 250; 775 244; 774 243; 774 240; 773 239; 773 237; 772 236; 772 232; 771 231; 771 227; 770 226; 770 222; 769 221; 769 218; 768 217; 768 216; 767 215; 767 213; 766 212; 766 210
43; 188 211; 184 215; 183 215; 178 220; 177 220; 172 225; 171 225; 169 227; 168 227; 166 229; 165 229; 160 234; 160 237; 161 238; 162 238; 163 239; 164 239; 166 241; 167 241; 168 242; 169 242; 170 243; 172 243; 174 245; 175 245; 176 246; 177 246; 178 247; 184 247; 185 248; 188 248; 189 249; 191 249; 193 251; 198 251; 198 245; 197 244; 197 243; 196 242; 196 240; 195 239; 195 229; 194 228; 194 222; 193 221; 193 219; 192 218; 192 212; 191 211
44; 816 215; 814 217; 813 217; 812 218; 811 218; 809 220; 810 221; 810 222; 807 225; 806 225; 805 226; 803 226; 802 227; 801 227; 800 228; 799 228; 798 229; 797 229; 796 230; 795 230; 794 231; 793 231; 792 232; 791 232; 790 233; 789 233; 786 236; 786 239; 791 244; 792 244; 793 245; 794 245; 795 246; 796 246; 797 247; 798 247; 802 251; 803 251; 804 252; 805 252; 807 254; 808 254; 810 256; 811 256; 812 257; 813 257; 814 258; 815 258; 816 259; 819 259; 819 258; 820 257; 820 255; 821 254; 821 241; 822 240; 822 234; 821 233; 821 228; 822 227; 822 220; 821 219; 821 218; 822 217; 820 217; 819 216; 817 216
45; 23 230; 22 231; 21 231; 20 232; 19 232; 18 233; 17 233; 16 234; 15 234; 14 235; 13 235; 12 236; 11 236; 10 237; 9 237; 8 238; 7 238; 6 239; 4 239; 3 240; 0 240; 0 258; 2 258; 6 262; 7 262; 8 263; 10 263; 11 264; 12 264; 13 265; 14 265; 15 266; 16 266; 17 267; 18 267; 20 269; 21 269; 22 270; 24 270; 26 268; 26 264; 25 263; 25 255; 26 254; 26 251; 27 250; 27 231; 26 230
46; 47 232; 46 233; 46 238; 47 239; 47 240; 48 241; 48 243; 49 244; 49 245; 50 246; 50 247; 51 248; 51 249; 52 250; 52 251; 54 253; 54 254; 56 256; 56 257; 57 258; 57 260; 58 261; 58 263; 59 264; 59 265; 60 266; 60 267; 62 269; 66 269; 66 268; 68 266; 68 265; 71 262; 72 262; 74 260; 73 259; 73 257; 74 256; 74 255; 76 253; 76 252; 77 251; 77 250; 80 247; 80 246; 82 244; 82 243; 83 242; 83 241; 84 240; 84 239; 85 238; 85 234; 84 234; 83 233; 72 233; 71 232; 62 232; 61 233; 53 233; 52 232
47; 370 231; 369 232; 367 232; 366 233; 353 233; 352 234; 349 234; 348 235; 339 235; 338 236; 336 236; 335 237; 335 239; 336 240; 336 241; 338 243; 338 244; 339 245; 339 246; 340 247; 340 248; 342 250; 342 251; 343 252; 343 255; 342 256; 343 256; 346 259; 348 259; 350 261; 350 262; 354 266; 354 267; 356 269; 360 269; 361 268; 361 267; 362 266; 362 265; 363 264; 363 262; 364 261; 364 260; 365 259; 365 257; 366 256; 366 255; 367 254; 367 252; 368 251; 368 250; 369 249; 369 247; 370 246; 370 244; 371 243; 371 241; 372 240; 372 239; 373 238; 373 237; 374 236; 374 232; 373 231
48; 107 245; 106 246; 104 246; 103 247; 102 247; 101 248; 100 248; 99 249; 98 249; 97 250; 96 250; 95 251; 93 251; 92 252; 90 252; 89 253; 88 253; 86 255; 85 255; 84 256; 83 256; 82 257; 81 257; 80 258; 79 258; 78 259; 77 259; 76 260; 75 260; 74 261; 74 263; 76 265; 77 265; 78 266; 79 266; 82 269; 83 269; 87 273; 88 273; 95 280; 96 280; 98 282; 99 282; 101 284; 102 284; 104 286; 108 286; 108 285; 109 284; 109 279; 110 278; 110 269; 111 268; 111 267; 112 266; 112 252; 113 251; 113 248; 112 247; 112 246; 111 245
49; 980 253; 979 254; 979 259; 980 260; 980 261; 981 262; 981 263; 983 265; 983 266; 984 267; 984 268; 985 269; 985 271; 986 272; 986 274; 988 276; 988 277; 991 280; 991 281; 992 282; 992 283; 993 284; 993 286; 994 287; 994 289; 995 290; 998 290; 1002 286; 1002 285; 1003 284; 1003 283; 1006 280; 1006 279; 1009 276; 1009 275; 1012 272; 1012 270; 1014 268; 1014 267; 1016 265; 1016 263; 1017 262; 1017 257; 1015 255; 1001 255; 1000 254; 984 254; 983 253
50; 341 257; 340 258; 340 259; 335 264; 335 265; 334 266; 334 268; 332 270; 332 271; 327 276; 327 277; 326 278; 326 279; 325 280; 325 282; 324 283; 324 284; 323 285; 323 286; 320 289; 320 292; 322 294; 324 294; 325 293; 331 293; 332 294; 336 294; 337 295; 342 295; 343 296; 353 296; 354 297; 358 297; 359 296; 359 292; 358 291; 358 290; 357 289; 357 287; 356 286; 356 284; 355 283; 355 281; 354 280; 354 276; 353 275; 353 273; 352 272; 352 271; 350 269; 350 267; 349 266; 349 265; 347 263; 347 261; 343 257
51; 182 259; 181 260; 181 261; 174 268; 174 269; 172 271; 172 272; 171 273; 171 274; 170 275; 170 276; 168 278; 168 279; 167 280; 167 281; 165 283; 165 284; 162 287; 162 288; 161 289; 161 292; 162 293; 168 293; 169 294; 173 294; 174 295; 178 295; 179 296; 199 296; 200 295; 201 295; 201 291; 200 290; 200 288; 199 287; 199 286; 197 284; 197 283; 196 282; 196 281; 195 280; 195 279; 194 278; 194 274; 193 273; 193 272; 190 269; 190 268; 189 267; 189 265; 188 264; 188 262; 187 261; 187 260; 186 259
52; 1012 276; 1012 277; 1011 278; 1011 279; 1009 281; 1009 282; 1008 283; 1008 284; 1007 285; 1007 286; 1005 288; 1005 289; 1003 291; 1003 292; 1001 294; 1001 295; 1000 296; 1000 297; 999 298; 999 299; 998 300; 998 301; 997 302; 997 303; 996 304; 996 305; 995 306; 995 308; 996 309; 996 310; 1018 310; 1019 311; 1023 311; 1023 303; 1010 303; 1008 301; 1008 299; 1009 298; 1009 297; 1011 295; 1011 294; 1014 291; 1017 291; 1018 292; 1022 292; 1023 291; 1023 277; 1022 277; 1021 278; 1018 278; 1017 277; 1017 276
53; 33 287; 29 291; 28 291; 26 293; 25 293; 23 295; 22 295; 20 297; 19 297; 11 305; 10 305; 8 307; 6 307; 2 311; 2 313; 7 313; 8 314; 10 314; 11 315; 12 315; 13 316; 15 316; 17 318; 18 318; 21 321; 22 321; 23 322; 27 322; 28 323; 30 323; 31 324; 32 324; 34 326; 35 326; 36 327; 40 327; 40 320; 39 319; 39 296; 38 295; 38 288; 37 287
54; 643 303; 639 298; 639 287; 634 286; 626 292; 605 303; 606 323; 616 321; 620 323
55; 620 323; 627 331; 633 330; 654 330; 658 334; 662 333; 661 297; 652 302; 643 303
56; 703 293; 702 294; 702 298; 703 299; 703 300; 704 301; 704 303; 705 304; 705 316; 706 317; 705 318; 707 320; 707 321; 708 322; 708 324; 709 325; 709 327; 710 328; 710 329; 711 330; 711 332; 712 332; 713 333; 715 333; 715 332; 716 331; 716 330; 722 324; 723 324; 724 323; 724 322; 737 309; 739 309; 740 308; 740 307; 741 306; 741 303; 735 303; 734 302; 732 302; 731 301; 730 301; 729 300; 728 300; 727 299; 725 299; 724 298; 723 298; 722 297; 720 297; 719 296; 716 296; 715 295; 710 295; 709 294; 706 294; 705 293
57; 371 292; 369 294; 369 296; 367 298; 367 299; 366 300; 366 301; 365 302; 365 303; 362 306; 362 307; 361 308; 361 311; 360 312; 360 314; 359 315; 359 316; 357 318; 357 319; 354 322; 354 326; 355 327; 361 327; 362 328; 391 328; 392 327; 392 323; 391 322; 391 320; 390 319; 390 318; 389 317; 389 316; 387 314; 387 313; 385 311; 385 310; 384 309; 384 307; 383 306; 383 305; 381 303; 381 302; 380 301; 380 300; 378 298; 378 297; 376 295; 376 294; 374 292
58; 582 294; 581 295; 581 303; 580 304; 580 307; 579 308; 579 310; 578 311; 578 313; 577 314; 577 316; 576 317; 576 327; 575 328; 575 329; 574 330; 574 332; 575 333; 579 333; 580 332; 582 332; 583 331; 585 331; 586 330; 587 330; 588 329; 592 329; 593 328; 596 328; 597 327; 598 327; 599 326; 600 326; 601 325; 602 325; 603 324; 605 324; 605 315; 604 314; 604 304; 601 307; 599 307; 598 306; 597 306; 586 295; 586 294
59; 693 301; 692 302; 692 303; 690 305; 690 306; 689 307; 688 307; 680 315; 680 316; 679 317; 679 318; 678 319; 678 320; 677 321; 677 322; 676 323; 676 324; 674 326; 674 327; 671 330; 671 333; 672 333; 673 334; 680 334; 681 335; 684 335; 685 336; 693 336; 694 337; 704 337; 705 338; 707 338; 707 336; 708 335; 708 333; 709 332; 708 331; 708 329; 707 328; 707 326; 705 324; 705 319; 702 316; 702 315; 701 314; 701 313; 700 312; 700 311; 699 310; 699 308; 698 307; 698 305; 697 304; 697 302; 696 301
60; 742 303; 742 306; 741 307; 741 308; 740 309; 740 311; 739 312; 739 313; 737 315; 737 316; 736 317; 736 318; 734 320; 734 321; 731 324; 731 325; 729 327; 729 328; 728 329; 728 330; 723 335; 723 337; 724 338; 731 338; 732 339; 735 339; 736 340; 737 340; 738 341; 750 341; 751 342; 762 342; 762 337; 761 336; 761 335; 760 334; 760 333; 759 332; 759 331; 758 330; 758 329; 757 328; 757 327; 756 326; 756 323; 755 322; 755 320; 754 319; 754 318; 753 317; 753 316; 752 315; 752 314; 750 312; 750 311; 747 308; 747 307; 744 304; 743 304
61; 778 305; 777 306; 777 309; 776 310; 776 312; 775 313; 775 315; 774 316; 774 317; 773 318; 773 319; 772 320; 772 321; 771 322; 771 326; 770 327; 770 330; 769 331; 769 333; 768 334; 768 335; 765 338; 763 338; 763 342; 764 343; 765 343; 766 344; 766 345; 767 346; 772 346; 772 344; 774 342; 777 342; 778 341; 788 341; 789 340; 790 340; 791 339; 798 339; 799 338; 803 338; 804 337; 804 334; 800 330; 800 329; 797 326; 797 325; 795 323; 795 322; 792 319; 792 318; 787 313; 787 312; 780 305
62; 809 324; 808 325; 808 327; 809 328; 809 329; 812 332; 812 334; 813 335; 813 337; 814 338; 814 344; 815 345; 815 346; 816 347; 816 348; 817 349; 817 350; 818 351; 818 355; 819 356; 819 359; 820 360; 820 361; 821 362; 821 363; 823 363; 823 361; 825 359; 825 358; 840 343; 840 342; 842 340; 842 339; 843 338; 843 337; 847 333; 847 331; 846 330; 844 330; 843 329; 840 329; 839 328; 838 328; 837 327; 834 327; 833 326; 828 326; 827 325; 816 325; 815 324
63; 631 331; 631 334; 632 335; 632 351; 631 352; 631 357; 630 358; 628 358; 628 364; 629 365; 630 365; 631 366; 637 366; 638 365; 641 365; 648 358; 649 358; 652 355; 653 355; 655 353; 656 353; 657 352; 658 352; 659 351; 660 351; 661 350; 662 350; 663 349; 664 349; 666 347; 666 344; 665 343; 664 343; 660 339; 660 338; 659 337; 655 337; 654 336; 653 336; 650 333; 650 332; 642 332; 641 331
64; 1011 331; 1010 332; 1007 332; 1006 333; 1004 333; 1002 335; 1000 335; 999 336; 998 336; 997 337; 995 337; 994 338; 992 338; 991 339; 988 339; 987 340; 986 340; 985 341; 983 341; 982 342; 981 342; 980 343; 980 346; 981 347; 982 347; 983 348; 984 348; 990 354; 990 355; 995 360; 997 360; 999 362; 1000 362; 1002 364; 1003 364; 1005 366; 1005 367; 1007 369; 1011 369; 1011 368; 1012 367; 1012 365; 1013 364; 1013 356; 1014 355; 1014 352; 1015 351; 1015 350; 1017 348; 1018 348; 1019 347; 1023 347; 1023 343; 1020 343; 1019 344; 1017 342; 1017 341; 1016 340; 1016 331
65; 598 339; 593 342; 581 338; 577 339; 580 349; 581 374; 583 376; 586 376; 599 365; 604 366; 607 365; 608 363
66; 608 363; 619 365; 627 364; 627 357; 625 353; 625 349; 623 346; 620 334; 616 327; 614 327; 603 338; 598 339
67; 709 333; 709 335; 708 336; 708 338; 707 339; 708 340; 708 342; 707 343; 707 344; 705 346; 705 347; 704 348; 704 349; 703 350; 703 351; 702 352; 702 353; 701 354; 701 356; 700 357; 700 358; 699 359; 699 360; 698 361; 698 362; 694 366; 694 367; 693 368; 693 370; 694 371; 699 371; 700 372; 702 372; 703 371; 706 371; 707 370; 710 370; 711 371; 715 371; 716 372; 723 372; 723 368; 724 367; 724 365; 725 364; 725 362; 724 361; 724 359; 723 358; 723 357; 721 355; 721 353; 720 352; 720 346; 719 345; 719 344; 718 343; 718 341; 716 339; 716 338; 715 337; 715 336; 714 335; 714 334; 713 334; 712 333
68; 784 345; 783 346; 782 346; 781 347; 777 347; 776 348; 775 348; 774 347; 767 347; 768 348; 768 352; 770 354; 770 356; 771 357; 771 358; 772 359; 772 361; 773 362; 773 365; 774 366; 774 367; 776 369; 776 370; 777 371; 777 372; 778 373; 778 375; 779 376; 779 377; 780 378; 780 379; 781 380; 781 382; 782 383; 785 383; 786 382; 786 381; 789 378; 789 377; 791 375; 791 374; 792 373; 792 372; 796 368; 796 367; 798 365; 798 364; 799 363; 799 362; 801 360; 801 359; 805 355; 805 351; 804 351; 803 350; 800 350; 799 349; 793 349; 792 348; 790 348; 789 347; 788 347; 786 345
69; 725 346; 724 347; 724 351; 725 352; 725 356; 726 357; 726 360; 727 361; 727 363; 725 365; 725 367; 724 368; 724 372; 725 373; 727 373; 731 377; 731 378; 732 379; 732 382; 733 383; 733 384; 734 385; 736 385; 748 373; 749 373; 750 372; 751 372; 752 371; 753 371; 754 370; 754 368; 757 365; 759 365; 761 363; 763 363; 763 362; 762 361; 762 357; 761 356; 760 356; 759 355; 758 355; 757 354; 755 354; 754 353; 750 353; 749 352; 746 352; 745 351; 743 351; 742 350; 739 350; 738 349; 736 349; 735 348; 732 348; 731 347; 729 347; 728 346
70; 664 356; 663 357; 662 357; 661 358; 659 358; 658 359; 657 359; 656 360; 655 360; 653 362; 652 362; 651 363; 646 363; 645 364; 643 364; 641 366; 638 366; 637 367; 631 367; 632 368; 632 370; 634 372; 634 373; 636 375; 636 376; 637 376; 646 385; 648 385; 649 386; 650 386; 652 388; 653 388; 658 393; 659 393; 661 395; 662 395; 663 396; 665 394; 665 390; 666 389; 666 386; 667 385; 667 381; 668 380; 668 369; 669 368; 669 358; 668 357; 668 356
71; 967 360; 966 361; 966 362; 964 364; 964 365; 961 368; 961 369; 959 371; 959 372; 958 373; 958 374; 957 375; 957 376; 956 377; 956 378; 954 380; 954 382; 952 384; 952 385; 951 386; 951 387; 947 391; 947 393; 949 395; 951 395; 952 394; 958 394; 959 395; 964 395; 965 396; 967 396; 968 397; 980 397; 981 398; 984 398; 985 397; 985 393; 983 391; 983 390; 982 389; 982 388; 981 387; 981 384; 980 383; 980 381; 979 380; 979 377; 978 376; 978 373; 975 370; 975 369; 974 368; 974 367; 973 366; 973 365; 972 364; 972 363; 971 362; 971 361; 970 360
72; 605 366; 604 367; 602 367; 603 368; 603 370; 602 371; 602 373; 601 374; 601 376; 600 377; 600 380; 599 381; 599 383; 598 384; 598 385; 597 386; 597 388; 596 389; 596 392; 595 393; 595 403; 596 404; 598 404; 599 403; 604 403; 605 404; 608 404; 611 401; 611 400; 613 398; 615 398; 616 397; 620 397; 621 396; 623 396; 624 395; 627 395; 628 394; 631 394; 633 392; 633 390; 622 379; 622 378; 618 374; 616 374; 608 366
73; 761 364; 759 366; 759 368; 758 369; 757 369; 755 371; 755 372; 754 373; 754 374; 753 375; 753 376; 751 378; 751 379; 749 381; 749 382; 748 383; 748 384; 747 385; 747 386; 746 387; 746 388; 742 392; 742 396; 750 396; 751 397; 760 397; 761 398; 770 398; 771 397; 772 398; 776 398; 777 399; 780 399; 781 398; 781 396; 780 395; 780 394; 779 393; 779 392; 777 390; 777 389; 776 388; 776 387; 775 386; 775 385; 774 384; 774 383; 773 382; 773 380; 772 379; 772 377; 771 376; 771 375; 770 374; 770 373; 769 372; 769 371; 767 369; 767 368; 765 366; 765 365; 764 364
74; 821 364; 821 367; 820 368; 820 369; 819 370; 819 372; 818 373; 818 375; 817 376; 817 377; 816 378; 816 380; 815 381; 815 383; 814 384; 814 385; 813 386; 813 387; 812 388; 812 390; 811 391; 811 393; 810 394; 810 397; 809 398; 809 403; 817 403; 818 402; 820 402; 821 401; 824 401; 825 400; 832 400; 833 399; 840 399; 841 398; 846 398; 847 397; 847 394; 846 393; 846 392; 844 390; 844 389; 843 388; 843 387; 841 385; 841 384; 838 381; 838 380; 837 379; 837 378; 827 368; 827 367; 824 364
75; 122 369; 121 370; 120 370; 118 372; 117 372; 115 374; 114 374; 109 379; 108 379; 107 380; 106 380; 104 382; 103 382; 101 384; 100 384; 98 386; 97 386; 94 389; 94 390; 93 391; 93 393; 94 393; 98 397; 99 397; 101 399; 103 399; 104 400; 105 400; 106 401; 107 401; 108 402; 110 402; 111 403; 115 403; 116 404; 118 404; 119 405; 120 405; 121 406; 122 406; 123 407; 124 407; 125 408; 130 408; 130 407; 131 406; 131 404; 130 403; 130 399; 129 398; 129 387; 128 386; 128 377; 127 376; 127 372; 126 371; 126 370; 125 369
76; 152 370; 151 371; 151 372; 150 373; 150 374; 149 375; 149 376; 148 377; 148 378; 147 379; 147 380; 146 381; 146 382; 144 384; 144 385; 143 386; 143 390; 142 391; 142 393; 141 394; 141 395; 140 396; 140 397; 139 398; 139 399; 138 400; 138 401; 137 402; 137 404; 136 405; 136 406; 138 406; 139 407; 140 407; 141 408; 142 407; 147 407; 148 406; 151 406; 152 405; 158 405; 159 404; 169 404; 170 403; 173 403; 174 402; 177 402; 177 401; 178 400; 178 398; 171 391; 171 390; 168 387; 168 386; 166 384; 166 383; 162 379; 162 378; 159 375; 159 374; 157 372; 157 371; 156 370
77; 185 389; 184 390; 184 397; 183 398; 183 401; 182 402; 182 412; 181 413; 181 423; 180 424; 180 430; 181 430; 182 431; 184 431; 188 427; 189 427; 190 426; 191 426; 192 425; 193 425; 194 424; 195 424; 196 423; 197 423; 199 421; 200 421; 201 420; 203 420; 204 419; 205 419; 206 418; 208 418; 209 417; 210 417; 211 416; 212 416; 214 414; 215 414; 216 413; 217 413; 217 409; 216 408; 215 408; 214 407; 213 407; 212 406; 211 406; 209 404; 208 404; 207 403; 206 403; 201 398; 200 398; 199 397; 198 397; 197 396; 196 396; 190 390; 189 390; 188 389
78; 674 388; 672 390; 672 391; 668 395; 665 395; 664 396; 664 399; 660 403; 660 404; 659 405; 659 406; 658 407; 658 409; 657 410; 657 411; 656 412; 656 413; 655 414; 655 416; 653 418; 653 419; 652 420; 652 421; 654 423; 673 423; 674 424; 677 424; 678 425; 685 425; 686 426; 690 426; 691 425; 691 421; 690 420; 690 419; 689 418; 689 416; 688 415; 688 414; 687 413; 687 412; 686 411; 686 409; 685 408; 685 407; 684 406; 684 405; 683 404; 683 402; 681 400; 681 398; 680 397; 680 396; 679 395; 679 393; 678 392; 678 391; 677 390; 677 389; 676 388
79; 611 402; 608 405; 606 405; 607 406; 607 407; 608 408; 608 409; 609 410; 609 412; 610 413; 610 415; 611 416; 611 417; 612 418; 612 419; 614 421; 614 422; 615 423; 615 424; 616 425; 616 427; 617 428; 617 429; 619 431; 619 432; 620 433; 620 435; 621 436; 621 438; 622 439; 626 439; 630 435; 630 434; 631 433; 631 432; 632 431; 632 430; 634 428; 634 427; 636 425; 637 425; 638 424; 638 423; 640 421; 640 417; 642 415; 642 414; 644 412; 644 411; 646 409; 646 406; 645 406; 644 405; 642 405; 641 406; 633 406; 632 405; 628 405; 627 404; 624 404; 623 403; 615 403; 614 402
80; 84 405; 82 407; 82 410; 83 411; 83 412; 84 413; 84 414; 85 415; 85 417; 86 418; 86 419; 87 420; 87 422; 88 423; 88 424; 89 425; 89 427; 90 428; 90 429; 91 430; 91 431; 92 432; 92 434; 93 435; 93 437; 94 438; 94 439; 95 440; 95 441; 96 442; 96 443; 100 443; 102 441; 102 440; 105 437; 105 436; 106 435; 106 434; 113 427; 113 426; 115 424; 115 423; 118 420; 118 419; 122 415; 122 412; 121 411; 119 411; 118 410; 115 410; 114 409; 111 409; 110 408; 103 408; 102 407; 97 407; 96 406; 91 406; 90 405
81; 479 399; 478 400; 478 401; 477 402; 477 403; 476 404; 476 405; 475 406; 475 407; 474 408; 474 410; 473 411; 473 412; 472 413; 472 414; 469 417; 469 418; 468 419; 468 424; 467 425; 467 428; 466 429; 466 430; 465 431; 465 432; 463 434; 463 436; 465 438; 466 438; 468 436; 475 436; 476 435; 486 435; 487 434; 496 434; 497 433; 501 433; 502 432; 503 432; 504 431; 504 428; 503 427; 503 426; 501 424; 501 423; 498 420; 498 419; 495 416; 495 415; 493 413; 493 412; 490 409; 490 408; 486 404; 486 403; 482 399
82; 775 408; 774 409; 774 411; 775 412; 775 413; 776 414; 776 416; 777 417; 777 419; 778 420; 778 423; 779 424; 779 429; 780 430; 780 431; 782 433; 782 434; 783 435; 783 436; 784 437; 784 438; 785 439; 785 440; 787 442; 787 446; 791 446; 792 445; 792 444; 799 437; 799 436; 800 435; 800 434; 803 431; 803 430; 805 428; 805 427; 807 425; 807 424; 808 423; 808 422; 812 418; 813 418; 813 414; 812 414; 811 413; 801 413; 800 412; 797 412; 796 411; 791 411; 790 410; 784 410; 783 409; 780 409; 779 408
83; 135 407; 135 409; 134 410; 134 413; 133 414; 133 415; 132 416; 132 417; 131 418; 131 419; 127 423; 127 424; 126 425; 126 426; 123 429; 123 430; 122 431; 122 432; 121 433; 121 434; 119 436; 119 437; 117 439; 117 442; 118 443; 124 443; 125 444; 128 444; 129 445; 155 445; 158 442; 158 440; 157 439; 157 438; 155 436; 155 435; 151 431; 151 429; 150 428; 150 425; 149 424; 149 423; 147 421; 146 421; 144 419; 144 418; 142 416; 142 415; 141 414; 141 413; 140 412; 140 408; 139 408; 138 407
84; 431 410; 431 411; 430 412; 430 413; 427 416; 427 417; 426 418; 426 419; 424 421; 424 422; 423 423; 423 424; 422 425; 422 426; 421 427; 421 428; 417 432; 417 433; 415 435; 415 438; 414 439; 414 444; 415 445; 435 445; 436 444; 440 444; 441 445; 443 445; 444 444; 445 444; 446 445; 451 445; 451 444; 452 443; 452 440; 449 437; 449 435; 448 434; 448 433; 447 432; 447 431; 446 430; 446 427; 445 426; 445 425; 441 421; 441 420; 440 419; 440 418; 438 416; 438 415; 437 414; 437 413; 434 410
85; 651 421; 641 431; 641 432; 624 449; 624 451; 625 452; 625 453; 626 453; 627 454; 629 454; 630 455; 633 455; 634 456; 636 456; 637 457; 641 457; 642 458; 644 458; 645 459; 647 459; 648 460; 653 460; 654 461; 656 461; 657 462; 662 462; 663 461; 663 458; 662 457; 662 455; 661 454; 661 451; 660 450; 660 447; 659 446; 659 439; 658 438; 658 437; 656 435; 656 434; 655 433; 655 431; 654 430; 654 428; 653 427; 653 426; 654 425; 654 424
86; 180 431; 178 433; 178 434; 174 438; 173 438; 166 445; 165 445; 163 447; 162 447; 156 453; 156 454; 154 456; 153 456; 152 457; 152 460; 153 461; 154 461; 155 462; 156 462; 157 463; 159 463; 160 464; 162 464; 163 465; 165 465; 166 466; 168 466; 169 467; 172 467; 173 468; 176 468; 177 469; 179 469; 180 470; 182 470; 183 471; 184 471; 185 472; 190 472; 190 468; 189 467; 189 460; 188 459; 188 449; 187 448; 187 447; 186 446; 186 444; 185 443; 185 440; 184 439; 184 434; 183 433; 183 432; 182 432; 181 431
87; 509 444; 508 445; 508 448; 510 450; 510 451; 511 452; 511 456; 512 457; 512 460; 513 461; 513 464; 514 465; 514 467; 515 468; 515 471; 516 472; 516 474; 517 475; 517 478; 518 479; 518 480; 519 481; 519 483; 523 483; 523 482; 524 481; 524 480; 540 464; 540 463; 542 461; 542 460; 547 455; 547 451; 546 451; 545 450; 540 450; 539 449; 537 449; 536 448; 533 448; 532 447; 529 447; 528 446; 526 446; 525 445; 517 445; 516 444
88; 401 440; 397 444; 396 444; 394 446; 393 446; 385 454; 384 454; 383 455; 382 455; 380 457; 379 457; 376 460; 375 460; 373 462; 373 464; 375 466; 376 466; 377 467; 378 467; 380 469; 381 469; 382 470; 383 470; 384 471; 385 471; 386 472; 387 472; 388 473; 390 473; 391 474; 393 474; 394 475; 396 475; 397 476; 398 476; 400 478; 401 478; 402 479; 407 479; 408 480; 411 480; 412 479; 412 471; 411 470; 411 467; 410 466; 410 457; 409 456; 409 454; 408 453; 408 448; 407 447; 407 446; 406 445; 406 443; 405 442; 405 441; 404 440
89; 482 474; 500 475; 503 469; 495 463; 501 449; 500 441; 495 443; 493 450; 482 469
90; 482 469; 477 467; 470 449; 463 437; 457 443; 453 442; 453 449; 446 460; 439 467; 439 469; 442 471; 472 477; 478 477; 482 474
91; 849 453; 848 454; 847 454; 847 457; 848 458; 848 459; 849 460; 849 462; 850 463; 850 465; 851 466; 851 467; 852 468; 852 469; 853 470; 853 474; 854 475; 854 476; 857 479; 857 480; 858 481; 858 482; 860 484; 860 485; 863 488; 863 489; 864 490; 866 490; 867 489; 869 489; 869 486; 870 485; 870 484; 873 481; 873 480; 876 477; 876 476; 878 474; 878 473; 880 471; 880 470; 882 468; 882 467; 883 466; 883 465; 885 463; 885 462; 886 461; 886 457; 885 456; 879 456; 878 455; 867 455; 866 454; 862 454; 861 453; 859 453; 858 454; 852 454; 851 453
92; 79 471; 78 472; 60 472; 59 473; 59 477; 60 478; 60 479; 61 480; 61 482; 62 483; 62 484; 64 486; 64 487; 65 488; 65 489; 66 490; 66 491; 67 492; 67 493; 68 494; 68 495; 70 497; 70 498; 73 501; 73 502; 74 503; 74 504; 75 505; 75 507; 76 508; 80 508; 80 507; 81 506; 81 504; 82 503; 82 502; 84 500; 84 499; 90 493; 90 492; 91 491; 91 489; 92 488; 92 487; 93 486; 93 485; 94 484; 94 483; 95 482; 95 481; 96 480; 96 479; 98 477; 98 473; 97 472; 85 472; 84 471
93; 330 481; 329 482; 328 482; 327 483; 327 486; 331 490; 331 491; 333 493; 333 494; 337 498; 338 498; 348 508; 348 509; 350 511; 357 511; 358 510; 359 510; 359 505; 358 504; 358 500; 359 499; 359 498; 363 494; 363 493; 364 492; 364 491; 366 489; 366 488; 367 487; 367 484; 365 482; 361 482; 360 481; 349 481; 348 482; 337 482; 336 481
94; 508 518; 521 519; 534 524; 538 523; 534 503; 523 484; 519 484; 516 486
95; 516 486; 504 481; 499 486; 495 495; 492 505; 493 509; 498 510; 502 515; 508 518
96; 867 490; 866 491; 864 491; 864 492; 865 493; 865 494; 866 495; 866 496; 867 497; 867 499; 868 500; 868 501; 869 502; 869 503; 870 504; 870 506; 871 507; 871 508; 872 509; 872 510; 873 511; 873 512; 875 514; 875 515; 876 516; 876 517; 877 518; 877 519; 878 520; 878 521; 879 522; 879 524; 880 525; 880 527; 881 528; 885 528; 886 527; 886 526; 892 520; 892 519; 893 518; 893 517; 896 514; 896 513; 898 511; 898 509; 899 508; 899 507; 900 506; 900 505; 901 504; 901 503; 904 500; 904 499; 905 498; 905 495; 904 494; 899 494; 898 493; 890 493; 889 492; 887 492; 886 491; 881 491; 880 492; 875 492; 874 491; 871 491; 870 490
97; 200 491; 197 494; 197 495; 196 496; 196 497; 195 498; 195 499; 194 500; 194 501; 193 502; 193 503; 188 508; 188 509; 187 510; 187 511; 186 512; 186 514; 184 516; 184 517; 183 518; 183 519; 182 520; 182 521; 181 522; 181 523; 180 524; 180 525; 182 527; 208 527; 209 528; 219 528; 221 526; 221 524; 220 523; 220 522; 219 521; 219 520; 218 519; 218 518; 217 517; 217 516; 216 515; 216 514; 215 513; 215 512; 214 511; 214 510; 212 508; 212 506; 211 505; 211 504; 210 503; 210 502; 209 501; 209 499; 207 497; 207 496; 206 495; 206 494; 203 491
98; 836 493; 835 494; 835 498; 834 499; 834 502; 833 503; 833 505; 832 506; 832 508; 831 509; 831 510; 830 511; 830 513; 829 514; 829 516; 830 517; 830 523; 829 524; 829 527; 828 528; 828 530; 827 531; 827 532; 828 532; 830 534; 831 534; 832 533; 834 533; 835 532; 836 532; 837 531; 838 531; 839 530; 840 530; 841 529; 843 529; 844 528; 846 528; 847 527; 848 527; 849 526; 850 526; 851 525; 853 525; 854 524; 856 524; 857 523; 862 523; 863 522; 865 522; 866 521; 866 518; 863 515; 863 514; 860 511; 859 511; 851 503; 850 503; 848 501; 847 501; 839 493
99; 998 514; 997 515; 997 519; 998 520; 998 522; 999 523; 999 525; 1000 526; 1000 529; 1001 530; 1001 532; 1002 533; 1002 535; 1003 536; 1003 537; 1004 538; 1004 540; 1005 541; 1005 543; 1006 544; 1006 546; 1007 547; 1007 548; 1008 549; 1008 551; 1010 553; 1012 553; 1014 551; 1014 550; 1015 549; 1015 548; 1016 547; 1016 546; 1018 544; 1021 544; 1022 545; 1023 545; 1023 533; 1017 533; 1013 537; 1010 534; 1010 532; 1009 531; 1009 529; 1008 528; 1008 526; 1007 525; 1009 523; 1013 523; 1014 524; 1015 524; 1016 525; 1023 525; 1023 516; 1007 516; 1006 515; 1002 515; 1001 514
100; 140 519; 139 520; 138 520; 138 524; 139 525; 139 526; 140 527; 140 529; 141 530; 141 532; 142 533; 142 534; 143 535; 143 536; 144 537; 144 538; 145 539; 145 541; 146 542; 146 544; 147 545; 147 549; 148 550; 148 551; 149 552; 149 554; 150 555; 150 556; 152 558; 154 558; 160 552; 160 551; 168 543; 168 542; 170 540; 170 539; 181 528; 181 527; 179 525; 174 525; 173 524; 171 524; 170 523; 159 523; 158 522; 156 522; 155 521; 149 521; 148 520; 143 520; 142 519
101; 515 528; 514 529; 514 536; 515 537; 515 546; 519 550; 519 553; 520 554; 520 559; 521 560; 521 562; 522 563; 522 565; 523 566; 528 566; 530 564; 531 564; 548 547; 548 546; 553 541; 553 538; 551 536; 546 536; 545 535; 542 535; 541 534; 540 534; 539 533; 537 533; 536 532; 534 532; 533 531; 527 531; 526 530; 524 530; 523 529; 520 529; 519 528
102; 912 529; 911 530; 911 537; 912 538; 911 539; 911 541; 912 542; 912 549; 911 550; 911 568; 912 569; 915 569; 916 568; 917 568; 918 567; 919 567; 920 566; 921 566; 923 564; 924 564; 925 563; 926 563; 927 562; 928 562; 930 560; 931 560; 932 559; 933 559; 934 558; 936 558; 937 557; 938 557; 939 556; 940 556; 942 554; 943 554; 946 551; 946 548; 944 546; 943 546; 942 545; 941 545; 937 541; 936 541; 931 536; 930 536; 929 535; 928 535; 927 534; 924 534; 923 533; 922 533; 921 532; 919 532; 918 531; 917 531; 916 530; 915 530; 914 529
103; 778 541; 777 542; 772 542; 771 543; 768 543; 767 542; 764 542; 763 543; 762 543; 761 544; 759 544; 758 545; 751 545; 750 546; 746 546; 745 547; 745 549; 746 550; 746 551; 750 555; 750 556; 752 558; 752 559; 755 562; 755 563; 756 564; 756 565; 759 568; 759 569; 761 571; 761 572; 763 574; 763 575; 767 579; 771 579; 771 578; 773 576; 773 575; 774 574; 774 572; 775 571; 775 570; 776 569; 776 567; 777 566; 777 565; 778 564; 778 563; 779 562; 779 561; 780 560; 780 558; 781 557; 781 555; 782 554; 782 550; 783 549; 783 547; 784 546; 784 545; 785 544; 785 542; 784 541
104; 826 533; 824 535; 824 536; 821 539; 821 540; 819 542; 819 543; 818 544; 818 545; 817 546; 817 547; 813 551; 813 552; 810 555; 810 556; 808 558; 808 559; 804 563; 804 566; 805 567; 806 567; 807 568; 809 568; 810 569; 815 569; 816 570; 824 570; 825 571; 829 571; 830 572; 844 572; 844 567; 843 566; 843 564; 842 563; 842 562; 841 561; 841 559; 840 558; 840 557; 839 556; 839 555; 838 554; 838 552; 837 551; 837 550; 836 549; 836 548; 835 547; 835 546; 834 545; 834 544; 833 543; 833 542; 831 540; 831 539; 830 538; 830 535; 828 533
105; 950 557; 948 559; 948 560; 947 561; 947 562; 945 564; 945 565; 944 566; 944 567; 943 568; 943 569; 942 570; 942 571; 941 572; 941 573; 940 574; 940 575; 939 576; 939 583; 938 584; 938 585; 937 586; 937 587; 936 588; 936 589; 935 590; 935 593; 936 594; 948 594; 949 593; 956 593; 957 592; 959 592; 960 591; 962 591; 963 590; 973 590; 974 589; 974 585; 972 583; 972 582; 971 581; 971 580; 969 578; 969 577; 965 573; 965 572; 962 569; 962 568; 956 562; 956 561; 955 560; 955 559; 953 557
106; 349 575; 348 576; 346 576; 345 577; 332 577; 331 578; 329 578; 328 579; 326 579; 325 580; 318 580; 317 581; 315 581; 314 582; 314 585; 317 588; 317 589; 323 595; 323 596; 324 597; 325 597; 329 601; 329 602; 336 609; 336 610; 338 612; 341 612; 342 611; 342 609; 343 608; 343 606; 344 605; 344 604; 345 603; 345 601; 347 599; 347 598; 350 595; 350 588; 351 587; 351 585; 352 584; 352 583; 354 581; 354 580; 355 579; 355 577; 354 576; 354 575
107; 854 582; 853 583; 853 589; 854 590; 854 595; 855 595; 857 597; 857 598; 859 600; 859 601; 861 603; 861 604; 862 605; 862 606; 863 607; 863 609; 865 611; 865 612; 866 613; 866 615; 867 616; 867 617; 868 618; 870 618; 877 611; 877 610; 878 609; 878 608; 879 607; 879 606; 883 602; 883 601; 884 600; 884 599; 885 598; 885 597; 886 596; 886 595; 887 594; 887 593; 889 591; 889 590; 891 588; 891 584; 876 584; 875 583; 867 583; 866 582; 863 582; 862 583; 857 583; 856 582
108; 905 576; 904 577; 904 578; 903 579; 903 581; 902 582; 902 583; 901 584; 901 585; 899 587; 899 588; 895 592; 895 593; 894 594; 894 595; 893 596; 893 601; 892 602; 892 603; 891 604; 891 605; 888 608; 888 611; 889 612; 890 612; 891 613; 899 613; 900 612; 902 612; 903 611; 923 611; 924 610; 926 610; 927 609; 927 607; 926 606; 926 605; 925 604; 925 603; 924 602; 924 601; 923 600; 923 599; 921 597; 921 596; 919 594; 919 593; 916 590; 916 589; 915 588; 915 587; 913 585; 913 584; 912 583; 912 582; 911 581; 911 580; 909 578; 909 577; 908 576
109; 852 583; 850 585; 849 585; 848 584; 844 584; 839 589; 838 589; 835 592; 834 592; 829 597; 828 597; 822 603; 821 603; 818 606; 818 608; 819 609; 820 609; 821 610; 823 610; 824 611; 825 611; 826 612; 828 612; 829 613; 830 613; 832 615; 833 615; 834 616; 835 616; 836 617; 837 617; 838 618; 842 618; 843 619; 845 619; 846 620; 847 620; 848 621; 849 621; 850 622; 851 622; 853 624; 854 624; 855 623; 856 623; 855 622; 855 619; 854 618; 854 614; 853 613; 853 611; 852 610; 852 597; 853 596; 853 590; 852 589
110; 966 596; 964 598; 964 600; 965 601; 965 602; 967 604; 968 604; 969 605; 972 605; 973 606; 975 606; 977 608; 978 608; 980 610; 981 610; 982 611; 983 611; 984 612; 989 612; 991 610; 991 606; 989 604; 988 604; 987 603; 986 603; 985 602; 984 602; 983 601; 982 601; 981 600; 980 600; 979 599; 977 599; 976 598; 975 598; 974 597; 972 597; 971 596
111; 557 583; 557 585; 556 586; 556 588; 555 589; 555 590; 554 591; 554 592; 550 596; 550 597; 549 598; 549 600; 548 601; 548 602; 547 603; 547 604; 545 606; 545 607; 544 608; 544 609; 541 612; 541 613; 540 614; 540 618; 541 618; 542 619; 545 619; 546 618; 553 618; 554 619; 558 619; 559 620; 577 620; 579 618; 579 615; 577 613; 577 612; 576 611; 576 609; 575 608; 575 607; 574 606; 574 605; 573 604; 573 603; 572 602; 572 601; 570 599; 570 598; 569 597; 569 596; 568 595; 568 594; 567 593; 567 592; 565 590; 565 589; 564 588; 564 587; 563 586; 563 585; 561 583
112; 522 594; 521 595; 517 595; 516 596; 509 596; 508 597; 504 597; 503 598; 499 598; 498 599; 496 599; 495 600; 494 600; 493 601; 493 603; 494 604; 494 605; 497 608; 497 609; 498 610; 498 611; 500 613; 500 615; 503 618; 504 618; 512 626; 512 627; 514 629; 514 630; 515 631; 518 631; 519 630; 519 629; 520 628; 520 625; 522 623; 522 622; 523 621; 523 620; 524 619; 524 618; 525 617; 525 616; 526 615; 526 611; 527 610; 527 608; 528 607; 528 605; 529 604; 529 603; 530 602; 530 601; 531 600; 531 599; 532 598; 532 596; 530 594
113; 741 600; 741 601; 740 602; 740 605; 741 606; 741 611; 742 612; 742 622; 743 623; 743 627; 744 628; 744 637; 745 638; 745 639; 749 639; 752 636; 753 636; 757 632; 758 632; 760 630; 761 630; 765 626; 766 626; 771 621; 772 621; 774 619; 775 619; 777 617; 777 614; 776 613; 775 613; 774 612; 773 612; 772 611; 771 611; 770 610; 769 610; 768 609; 766 609; 765 608; 764 608; 763 607; 761 607; 760 606; 758 606; 757 605; 756 605; 755 604; 754 604; 753 603; 752 603; 751 602; 749 602; 748 601; 747 601; 746 600
114; 314 596; 314 597; 313 598; 313 601; 312 602; 312 604; 311 605; 311 607; 310 608; 310 609; 308 611; 308 613; 307 614; 307 615; 306 616; 306 618; 305 619; 305 622; 304 623; 304 627; 302 629; 302 630; 301 631; 301 633; 302 634; 307 634; 308 633; 316 633; 317 632; 318 632; 319 633; 324 633; 325 632; 326 632; 328 630; 329 630; 330 629; 334 629; 335 628; 338 628; 339 627; 340 627; 340 623; 339 622; 339 621; 329 611; 329 610; 327 608; 327 607; 319 599; 319 598; 317 596
115; 32 598; 22 608; 21 608; 6 623; 6 625; 8 627; 9 627; 10 628; 11 628; 12 629; 13 629; 14 630; 17 630; 18 631; 20 631; 21 632; 23 632; 24 633; 27 633; 28 634; 30 634; 31 635; 33 635; 34 636; 35 636; 36 637; 38 637; 39 638; 40 638; 41 639; 42 638; 43 638; 44 637; 47 637; 46 636; 46 635; 44 633; 44 632; 43 631; 43 630; 42 629; 42 625; 41 624; 41 614; 40 613; 40 612; 38 610; 38 609; 37 608; 37 607; 36 606; 36 600; 34 598
116; 808 619; 807 620; 803 620; 802 621; 788 621; 787 622; 786 622; 785 623; 784 623; 783 624; 780 624; 779 625; 776 625; 775 626; 772 626; 770 628; 770 630; 772 632; 772 633; 776 637; 776 638; 780 642; 780 643; 784 647; 784 648; 792 656; 792 657; 793 658; 797 658; 798 657; 798 656; 799 655; 799 653; 800 652; 800 650; 801 649; 801 646; 802 645; 802 643; 803 642; 803 640; 804 639; 804 638; 805 637; 805 633; 806 632; 806 630; 807 629; 807 627; 809 625; 809 623; 808 622
117; 809 619; 809 622; 810 623; 810 625; 812 625; 813 626; 813 627; 814 628; 814 631; 815 632; 815 636; 816 637; 816 639; 817 640; 817 646; 818 647; 818 650; 819 651; 819 652; 820 653; 820 654; 821 655; 821 657; 822 658; 826 658; 830 654; 830 653; 833 650; 833 649; 834 648; 835 648; 845 638; 845 637; 849 633; 849 628; 848 628; 847 627; 845 627; 844 626; 842 626; 841 625; 836 625; 835 624; 834 624; 833 623; 823 623; 822 622; 819 622; 818 621; 817 621; 816 620; 815 620; 814 619
118; 383 622; 382 623; 381 623; 380 624; 379 624; 378 625; 375 625; 374 626; 372 626; 371 627; 367 627; 366 628; 363 628; 362 629; 359 629; 358 630; 356 630; 355 631; 351 631; 349 633; 349 635; 350 636; 350 637; 351 638; 352 638; 355 641; 355 642; 364 651; 365 651; 366 652; 367 652; 371 656; 371 657; 372 657; 374 659; 374 660; 375 661; 378 661; 379 660; 380 660; 380 659; 381 658; 381 656; 382 655; 382 652; 383 651; 383 647; 384 646; 384 642; 385 641; 385 639; 386 638; 386 631; 387 630; 387 623; 386 622
119; 855 624; 854 625; 854 626; 851 629; 850 629; 850 633; 851 634; 851 637; 850 638; 850 639; 849 640; 849 641; 848 642; 848 644; 847 645; 847 648; 846 649; 846 652; 844 654; 844 655; 842 657; 842 658; 841 659; 841 662; 842 663; 849 663; 850 662; 860 662; 861 661; 866 661; 867 660; 871 660; 872 659; 874 659; 875 658; 881 658; 882 657; 882 654; 873 645; 873 644; 871 642; 871 641; 870 640; 870 639; 869 638; 869 637; 868 636; 867 636; 856 625; 856 624
120; 44 638; 43 639; 42 639; 42 643; 38 647; 38 648; 36 650; 36 651; 35 652; 35 653; 31 657; 31 658; 30 659; 30 660; 28 662; 28 663; 27 664; 27 665; 26 666; 26 668; 25 669; 25 670; 24 671; 24 673; 25 674; 26 674; 27 675; 37 675; 38 676; 59 676; 60 677; 62 677; 63 676; 64 676; 64 672; 63 671; 63 670; 62 669; 62 668; 61 667; 61 665; 60 664; 60 662; 59 661; 59 660; 58 659; 58 657; 57 656; 57 654; 55 652; 55 651; 51 647; 51 645; 50 644; 50 642; 49 641; 49 640; 48 639; 48 638
121; 338 657; 336 659; 336 662; 337 663; 337 665; 338 666; 338 668; 339 669; 339 671; 340 672; 340 674; 341 675; 341 677; 342 678; 342 679; 343 680; 343 682; 344 683; 344 684; 345 685; 345 687; 346 688; 346 689; 347 690; 347 692; 348 693; 348 694; 349 695; 349 696; 353 696; 359 690; 359 689; 365 683; 365 682; 368 679; 368 678; 370 676; 370 675; 372 673; 372 672; 376 668; 376 664; 375 663; 371 663; 370 662; 368 662; 367 661; 360 661; 359 660; 352 660; 351 659; 345 659; 344 658; 341 658; 340 657
122; 398 652; 397 653; 397 654; 394 657; 394 658; 392 660; 392 661; 387 666; 386 666; 386 667; 385 668; 385 670; 380 675; 380 676; 375 681; 375 685; 383 685; 384 686; 386 686; 387 687; 389 687; 390 688; 401 688; 402 689; 405 689; 406 690; 409 690; 410 691; 413 691; 414 690; 415 690; 416 689; 416 686; 415 685; 415 684; 414 683; 414 682; 413 681; 413 680; 412 679; 412 678; 411 677; 411 676; 410 675; 410 673; 409 672; 409 671; 408 670; 408 669; 407 668; 407 665; 406 664; 406 662; 405 661; 405 659; 404 658; 404 657; 403 656; 403 654; 401 652
123; 597 664; 597 667; 598 668; 598 670; 599 670; 601 672; 601 673; 602 674; 602 675; 603 676; 603 677; 604 678; 604 679; 607 682; 607 683; 608 684; 608 685; 609 686; 609 687; 610 688; 610 689; 611 690; 611 692; 612 693; 612 694; 613 695; 613 696; 614 697; 614 698; 615 699; 615 700; 616 700; 617 701; 619 701; 622 698; 623 698; 623 697; 624 696; 624 695; 625 694; 625 692; 626 691; 626 690; 627 689; 627 688; 628 687; 628 686; 629 685; 629 684; 632 681; 632 680; 633 679; 633 678; 634 677; 634 676; 635 675; 635 674; 637 672; 637 671; 638 670; 638 669; 639 668; 639 666; 637 664; 615 664; 614 665; 608 665; 607 664; 605 664; 604 665; 603 664
124; 596 664; 595 665; 586 665; 585 666; 582 666; 581 667; 563 667; 562 668; 559 668; 558 669; 558 674; 560 676; 560 677; 563 680; 563 681; 566 684; 566 685; 569 688; 569 689; 570 690; 570 691; 571 692; 571 693; 573 695; 573 696; 575 698; 575 701; 577 703; 577 704; 578 704; 579 703; 581 703; 583 701; 583 700; 585 698; 585 696; 586 695; 586 694; 587 693; 587 691; 590 688; 590 687; 591 686; 591 682; 592 681; 592 680; 594 678; 594 677; 595 676; 595 675; 596 674; 596 673; 597 672; 597 668; 596 667
125; 535 698; 535 703; 536 704; 536 705; 537 706; 537 709; 538 710; 538 712; 539 713; 539 714; 540 715; 540 716; 541 717; 541 718; 542 719; 542 720; 543 721; 543 722; 544 723; 544 724; 545 725; 545 727; 546 728; 546 729; 547 730; 547 731; 548 732; 548 733; 549 734; 549 735; 550 736; 552 736; 553 735; 554 735; 554 734; 557 731; 557 730; 560 727; 560 726; 561 725; 561 724; 563 722; 563 721; 567 717; 567 716; 570 713; 570 712; 573 709; 573 708; 576 705; 576 703; 574 701; 568 701; 567 702; 566 701; 562 701; 561 700; 559 700; 558 699; 552 699; 551 700; 547 700; 546 699; 541 699; 540 698
126; 764 704; 762 706; 762 707; 761 708; 761 714; 760 715; 760 719; 759 720; 759 723; 758 724; 758 731; 757 732; 757 736; 756 737; 756 740; 755 741; 755 743; 756 744; 758 744; 759 743; 763 743; 764 742; 767 742; 768 741; 774 741; 775 740; 777 740; 778 739; 779 739; 780 738; 781 738; 782 737; 784 737; 785 736; 786 736; 787 735; 788 735; 790 733; 791 733; 792 732; 793 732; 794 731; 794 729; 791 726; 790 726; 782 718; 781 718; 772 709; 771 709; 768 706; 768 705; 767 705; 766 704
127; 338 711; 336 713; 335 713; 334 714; 333 714; 328 719; 327 719; 326 720; 325 720; 324 721; 323 721; 322 722; 321 722; 319 724; 318 724; 316 726; 315 726; 312 729; 312 733; 315 733; 316 732; 320 732; 321 731; 323 731; 325 729; 327 729; 328 730; 328 732; 323 737; 323 741; 325 743; 326 743; 328 745; 329 745; 330 746; 332 746; 333 747; 336 747; 337 748; 339 748; 340 749; 341 749; 342 750; 348 750; 349 749; 349 747; 348 746; 348 743; 347 742; 347 738; 346 737; 346 728; 345 727; 345 721; 344 720; 344 714; 343 713; 343 711
128; 686 720; 685 721; 683 721; 682 722; 680 722; 679 723; 678 723; 677 724; 676 724; 675 725; 673 725; 672 726; 671 726; 670 727; 669 727; 668 728; 665 728; 664 729; 662 729; 661 730; 659 730; 658 731; 656 731; 655 732; 654 732; 654 736; 655 737; 656 737; 664 745; 665 745; 668 748; 669 748; 673 752; 674 752; 678 756; 679 756; 682 759; 686 759; 686 758; 687 757; 687 750; 688 749; 688 744; 689 743; 689 741; 690 740; 690 728; 691 727; 691 725; 692 724; 692 721; 691 720
129; 434 726; 433 727; 433 729; 434 730; 434 736; 435 737; 435 748; 436 749; 436 750; 437 751; 437 757; 438 758; 438 761; 439 762; 439 764; 440 765; 440 766; 441 767; 443 767; 443 766; 444 765; 444 764; 449 759; 450 759; 452 757; 453 757; 454 756; 455 756; 458 753; 459 753; 459 752; 461 750; 462 750; 464 748; 465 748; 468 745; 469 745; 470 744; 470 743; 471 742; 471 740; 469 738; 468 738; 467 737; 466 737; 465 736; 463 736; 462 735; 459 735; 458 734; 456 734; 455 733; 454 733; 453 732; 451 732; 450 731; 449 731; 448 730; 446 730; 445 729; 444 729; 443 728; 442 728; 441 727; 440 727; 439 726
130; 265 734; 264 735; 258 735; 257 736; 245 736; 244 737; 240 737; 239 738; 238 738; 238 742; 239 743; 239 744; 240 745; 240 747; 243 750; 243 751; 253 761; 253 762; 256 765; 256 766; 258 768; 258 769; 259 770; 262 770; 263 769; 263 768; 264 767; 264 765; 265 764; 265 763; 266 762; 266 761; 267 760; 267 758; 270 755; 270 754; 271 753; 271 750; 272 749; 272 748; 273 747; 273 746; 275 744; 275 743; 276 742; 276 741; 277 740; 277 735; 276 734; 273 734; 272 735; 271 735; 270 734
131; 854 730; 849 735; 849 736; 847 738; 847 739; 844 742; 844 743; 832 755; 832 756; 831 757; 831 760; 832 761; 834 761; 835 762; 838 762; 839 763; 842 763; 843 764; 844 764; 845 765; 847 765; 848 766; 857 766; 858 767; 861 767; 862 768; 864 768; 865 769; 867 769; 868 768; 868 765; 867 764; 867 763; 866 762; 866 756; 865 755; 865 752; 864 751; 864 750; 863 749; 863 747; 862 746; 862 743; 861 742; 861 737; 860 736; 860 733; 859 732; 859 731; 858 730
132; 54 740; 53 741; 51 741; 50 742; 47 742; 46 743; 35 743; 34 744; 33 744; 32 745; 29 745; 28 746; 25 746; 24 747; 23 747; 22 748; 22 751; 24 753; 24 754; 30 760; 30 761; 39 770; 39 771; 40 772; 40 773; 41 774; 41 775; 43 777; 43 778; 47 778; 47 777; 48 776; 48 774; 49 773; 49 772; 50 771; 50 769; 51 768; 51 767; 52 766; 52 765; 53 764; 53 763; 54 762; 54 761; 55 760; 55 759; 56 758; 56 757; 57 756; 57 754; 58 753; 58 751; 59 750; 59 745; 60 744; 60 741; 59 740
133; 732 736; 732 737; 731 738; 731 739; 729 741; 729 742; 728 743; 728 744; 726 746; 726 747; 724 749; 724 750; 723 751; 723 752; 720 755; 720 757; 719 758; 719 759; 718 760; 718 761; 717 762; 717 763; 715 765; 715 769; 716 769; 717 770; 731 770; 732 771; 740 771; 741 770; 745 770; 746 769; 749 769; 750 770; 754 770; 754 768; 752 766; 752 765; 750 763; 750 762; 748 760; 748 759; 747 758; 747 757; 746 756; 746 754; 745 753; 745 751; 744 750; 744 749; 742 747; 742 746; 741 745; 741 744; 739 742; 739 740; 737 738; 737 737; 736 736
134; 292 748; 292 754; 293 755; 293 756; 294 757; 294 764; 295 765; 295 767; 296 768; 296 769; 297 770; 297 771; 298 772; 298 774; 299 775; 299 777; 300 778; 300 782; 298 784; 298 785; 299 786; 304 786; 305 785; 306 785; 307 784; 307 783; 308 782; 309 782; 311 780; 311 779; 320 770; 320 769; 327 762; 328 762; 330 760; 330 757; 329 756; 327 756; 325 754; 324 754; 323 753; 320 753; 319 752; 315 752; 314 751; 308 751; 307 750; 300 750; 299 749; 297 749; 296 748
135; 964 746; 963 747; 962 747; 953 756; 952 756; 945 763; 944 763; 940 767; 939 767; 936 770; 936 772; 937 772; 938 773; 939 773; 940 774; 943 774; 944 775; 945 775; 946 776; 947 776; 948 777; 949 777; 950 778; 951 778; 952 779; 957 779; 958 780; 960 780; 961 781; 962 781; 963 782; 964 782; 966 784; 967 784; 968 785; 972 785; 973 784; 973 782; 972 781; 972 778; 971 777; 971 765; 970 764; 970 755; 969 754; 969 751; 968 750; 968 747; 967 746
136; 227 747; 226 748; 226 750; 225 751; 225 756; 224 757; 224 760; 223 761; 223 762; 222 763; 222 765; 221 766; 221 767; 220 768; 220 770; 219 771; 219 773; 218 774; 218 778; 217 779; 217 784; 218 785; 220 785; 221 784; 223 784; 224 783; 229 783; 230 782; 232 782; 233 781; 240 781; 241 780; 242 780; 243 779; 245 779; 246 778; 248 778; 249 777; 251 777; 252 776; 257 776; 257 774; 256 774; 253 771; 252 771; 246 765; 246 764; 243 761; 243 760; 239 756; 238 756; 235 753; 235 752; 232 749; 232 748; 231 747
137; 557 747; 556 748; 556 750; 555 751; 555 752; 554 753; 554 755; 553 756; 553 757; 550 760; 550 762; 549 763; 549 765; 547 767; 547 768; 546 769; 546 770; 545 771; 545 772; 544 773; 544 775; 543 776; 543 784; 544 785; 546 783; 547 783; 548 782; 553 782; 554 781; 568 781; 569 780; 578 780; 579 779; 580 779; 580 774; 577 771; 577 770; 573 766; 573 765; 571 763; 571 762; 570 761; 570 760; 569 759; 569 758; 567 756; 567 755; 564 752; 564 751; 562 749; 562 748; 561 747
138; 110 758; 109 759; 109 768; 110 769; 110 774; 111 775; 111 778; 112 779; 112 798; 115 798; 119 794; 120 794; 121 793; 122 793; 123 792; 124 792; 127 789; 129 789; 130 788; 131 788; 133 786; 133 785; 137 781; 137 780; 140 777; 141 777; 142 776; 143 776; 144 775; 145 775; 146 774; 146 772; 144 770; 143 770; 142 769; 141 769; 140 768; 136 768; 135 767; 134 767; 133 766; 132 766; 131 765; 129 765; 128 764; 127 764; 126 763; 124 763; 123 762; 122 762; 121 761; 120 761; 119 760; 118 760; 117 759; 116 759; 115 758
139; 902 767; 901 768; 898 768; 897 769; 892 769; 891 770; 890 770; 890 773; 892 775; 892 776; 896 780; 896 781; 898 783; 898 784; 899 785; 899 787; 900 788; 900 789; 902 791; 902 792; 904 794; 904 795; 906 797; 906 798; 907 799; 907 800; 909 802; 912 802; 913 801; 913 800; 914 799; 914 796; 915 795; 915 794; 917 792; 917 791; 918 790; 918 789; 920 787; 920 786; 921 785; 921 784; 922 783; 922 781; 923 780; 923 779; 924 778; 924 777; 928 773; 928 772; 929 771; 929 769; 928 768; 924 768; 923 767
140; 756 771; 756 773; 757 774; 757 775; 758 776; 758 779; 759 780; 759 784; 760 785; 760 788; 761 789; 761 791; 762 792; 762 796; 763 797; 763 798; 764 799; 764 801; 765 802; 765 804; 766 805; 766 807; 767 808; 770 808; 773 805; 774 805; 778 801; 778 800; 789 789; 789 788; 792 785; 793 785; 794 784; 794 781; 793 781; 792 780; 788 780; 787 779; 784 779; 783 778; 781 778; 780 777; 778 777; 776 775; 773 775; 772 774; 768 774; 767 773; 765 773; 764 772; 762 772; 761 771
141; 442 769; 442 770; 441 771; 441 774; 440 775; 440 777; 439 778; 439 783; 438 784; 438 786; 437 787; 437 789; 436 790; 436 792; 437 793; 436 794; 436 798; 435 799; 435 808; 436 809; 438 809; 439 808; 441 808; 442 807; 443 807; 444 806; 446 806; 447 805; 449 805; 450 804; 452 804; 453 803; 457 803; 458 804; 460 804; 461 803; 462 803; 466 799; 469 799; 470 798; 471 798; 471 794; 458 781; 457 781; 454 778; 453 778; 444 769
142; 258 776; 258 781; 257 782; 258 783; 258 785; 259 786; 259 788; 260 788; 261 789; 261 794; 262 795; 262 796; 263 797; 263 798; 264 799; 264 800; 265 801; 265 802; 266 803; 266 804; 267 805; 267 806; 268 807; 268 808; 269 809; 269 813; 270 814; 273 814; 281 806; 281 805; 286 800; 287 800; 294 793; 294 792; 299 787; 297 785; 296 785; 295 784; 293 784; 292 783; 290 783; 289 782; 285 782; 284 781; 282 781; 281 780; 277 780; 276 779; 272 779; 271 778; 265 778; 264 777; 263 777; 262 776
143; 315 783; 314 784; 314 788; 315 789; 315 790; 316 791; 316 792; 317 793; 317 794; 318 795; 318 796; 319 797; 319 800; 320 801; 320 802; 324 806; 324 808; 325 809; 325 811; 326 812; 326 813; 327 814; 327 815; 328 816; 328 817; 330 819; 333 819; 336 816; 336 815; 338 813; 338 812; 340 810; 340 809; 342 807; 342 806; 346 802; 346 801; 347 800; 347 798; 346 797; 346 796; 345 795; 344 795; 341 792; 341 788; 340 787; 340 786; 339 785; 337 785; 336 784; 325 784; 324 783
144; 807 777; 807 778; 805 780; 805 781; 803 783; 803 784; 801 786; 801 787; 794 794; 794 795; 792 797; 792 799; 791 800; 791 801; 790 802; 790 803; 789 804; 789 808; 790 808; 791 809; 800 809; 801 810; 804 810; 805 811; 812 811; 813 810; 814 810; 815 811; 817 811; 818 812; 819 812; 820 813; 823 813; 824 812; 825 812; 825 811; 824 810; 824 808; 823 807; 823 801; 822 800; 822 799; 821 798; 821 797; 820 796; 820 794; 819 793; 819 792; 818 791; 818 790; 817 789; 817 788; 816 787; 816 786; 815 785; 815 784; 814 783; 814 782; 813 781; 813 780; 812 779; 812 778; 811 777
145; 253 783; 252 784; 250 784; 249 785; 246 785; 245 786; 244 786; 243 787; 242 787; 241 788; 240 788; 239 789; 235 789; 234 790; 233 790; 232 791; 231 791; 230 792; 229 792; 228 793; 227 793; 226 794; 225 794; 224 795; 223 795; 222 796; 221 796; 220 797; 220 799; 222 801; 223 801; 225 803; 226 803; 228 805; 229 805; 232 808; 233 808; 237 812; 238 812; 240 814; 241 814; 242 815; 243 815; 247 819; 247 820; 248 821; 252 821; 252 820; 253 819; 253 808; 254 807; 254 806; 255 805; 255 804; 256 803; 256 801; 257 800; 257 793; 258 792; 258 786; 257 785; 257 783
146; 853 779; 851 781; 851 782; 850 783; 850 784; 848 786; 848 787; 847 788; 847 789; 845 791; 845 792; 841 796; 841 799; 840 800; 840 803; 839 804; 839 805; 836 808; 836 809; 833 812; 833 814; 865 814; 866 813; 872 813; 873 812; 873 809; 872 808; 872 807; 871 806; 871 805; 870 804; 870 803; 869 802; 869 801; 867 799; 867 798; 866 797; 866 796; 865 795; 865 793; 863 791; 863 790; 859 786; 859 785; 857 783; 857 782; 856 781; 856 780; 855 779
147; 542 785; 542 786; 540 788; 540 789; 539 790; 539 791; 537 793; 537 794; 535 796; 535 797; 534 798; 534 799; 530 803; 530 804; 529 805; 529 807; 527 809; 527 810; 524 813; 524 814; 522 816; 522 821; 524 821; 525 822; 551 822; 552 823; 556 823; 557 822; 560 822; 561 821; 561 818; 560 817; 560 816; 559 815; 559 812; 557 810; 557 809; 556 808; 556 807; 554 805; 554 804; 552 802; 552 801; 551 800; 551 799; 550 798; 550 797; 548 795; 548 794; 547 793; 547 792; 545 790; 545 789; 544 788; 544 786; 543 785
148; 883 797; 883 798; 882 799; 882 812; 881 813; 881 817; 882 818; 882 820; 883 821; 883 835; 884 836; 886 836; 891 831; 893 831; 894 830; 896 830; 897 829; 898 829; 899 828; 900 828; 902 826; 903 826; 904 825; 905 825; 906 824; 907 824; 909 822; 910 822; 914 818; 915 818; 916 817; 917 817; 918 816; 918 814; 916 812; 914 812; 913 811; 912 811; 911 810; 910 810; 909 809; 908 809; 907 808; 906 808; 905 807; 904 807; 903 806; 902 806; 901 805; 900 805; 899 804; 898 804; 897 803; 896 803; 895 802; 894 802; 892 800; 891 800; 890 799; 889 799; 888 798; 887 798; 886 797
149; 111 799; 108 802; 107 802; 106 803; 104 803; 103 804; 97 804; 96 805; 93 805; 92 806; 89 806; 88 807; 85 807; 84 808; 82 808; 81 809; 79 809; 78 810; 77 810; 76 811; 76 813; 83 820; 83 821; 88 826; 88 827; 89 828; 89 829; 90 830; 91 830; 98 837; 99 837; 100 838; 100 839; 104 839; 104 838; 105 837; 105 835; 106 834; 106 832; 107 831; 107 829; 108 828; 108 825; 109 824; 109 822; 111 820; 111 814; 112 813; 112 807; 113 806; 113 804; 114 803; 114 799
150; 941 802; 941 803; 940 804; 940 806; 939 807; 939 809; 938 810; 938 811; 937 812; 937 813; 936 814; 936 815; 932 819; 932 820; 931 821; 931 824; 930 825; 930 827; 929 828; 929 830; 928 831; 928 832; 926 834; 926 835; 925 836; 927 838; 930 838; 931 837; 933 837; 934 838; 939 838; 940 837; 953 837; 954 836; 959 836; 960 835; 964 835; 965 834; 965 832; 964 831; 964 830; 962 828; 962 827; 960 825; 960 824; 958 822; 958 821; 957 820; 957 819; 955 817; 955 816; 953 814; 953 813; 952 812; 952 811; 948 807; 948 806; 946 804; 946 803; 945 803; 944 802
151; 461 804; 460 805; 459 805; 459 806; 452 813; 451 813; 449 815; 448 815; 443 820; 443 821; 441 823; 440 823; 437 826; 436 826; 434 828; 434 831; 439 831; 440 832; 442 832; 444 834; 445 834; 446 835; 447 835; 448 836; 450 836; 451 837; 452 837; 453 838; 455 838; 456 839; 460 839; 461 840; 463 840; 464 841; 465 841; 466 842; 467 842; 468 843; 473 843; 473 838; 472 837; 472 834; 471 833; 471 830; 470 829; 470 825; 469 824; 469 819; 468 818; 468 815; 467 814; 467 812; 466 811; 466 809; 465 808; 465 807; 463 805; 463 804
152; 398 841; 401 849; 407 852; 404 858; 405 862; 424 864; 432 862; 444 863; 445 860; 438 852; 431 838; 432 830; 428 829; 424 824
153; 424 824; 425 818; 409 815; 412 804; 382 803; 374 805; 383 825; 391 834; 393 839; 398 841
154; 824 813; 823 814; 822 814; 822 816; 820 818; 816 818; 815 819; 810 819; 809 820; 804 820; 803 821; 801 821; 800 822; 795 822; 794 823; 794 827; 804 837; 804 838; 806 840; 806 841; 814 849; 815 849; 819 853; 821 853; 823 851; 823 849; 824 848; 824 845; 825 844; 825 842; 826 841; 826 839; 827 838; 827 837; 828 836; 828 834; 829 833; 829 828; 830 827; 830 822; 831 821; 831 817; 832 816; 832 814; 828 814; 827 813
155; 864 822; 864 823; 862 825; 862 827; 861 828; 861 829; 860 830; 860 831; 859 832; 859 833; 857 835; 857 836; 856 837; 856 838; 855 839; 855 840; 854 841; 854 842; 852 844; 852 845; 851 846; 851 847; 850 848; 850 850; 848 852; 848 855; 849 856; 864 856; 865 857; 870 857; 871 856; 874 856; 875 855; 879 855; 880 854; 887 854; 888 853; 888 850; 883 845; 883 844; 881 842; 881 841; 880 840; 880 839; 879 838; 879 837; 878 836; 878 835; 876 833; 876 832; 874 830; 874 829; 873 828; 873 827; 872 826; 872 825; 871 825; 869 823; 869 822
156; 913 826; 911 828; 911 829; 910 830; 910 831; 909 832; 909 833; 907 835; 907 836; 900 843; 900 844; 899 845; 899 847; 898 848; 898 849; 897 850; 897 852; 896 853; 896 854; 895 855; 895 856; 893 858; 896 861; 898 861; 899 860; 905 860; 906 861; 909 861; 910 862; 932 862; 934 860; 934 857; 932 855; 932 854; 930 852; 930 851; 929 850; 929 848; 928 847; 928 846; 927 845; 927 844; 926 843; 926 838; 925 837; 924 837; 923 836; 922 836; 921 835; 921 834; 920 833; 920 832; 918 830; 918 829; 917 828; 917 827; 916 827; 915 826
157; 376 828; 375 829; 375 830; 374 831; 374 832; 372 834; 371 834; 364 841; 364 842; 362 844; 362 845; 357 850; 357 851; 356 852; 356 853; 355 854; 355 855; 353 857; 353 860; 355 862; 359 862; 360 863; 366 863; 367 864; 371 864; 372 865; 383 865; 384 866; 391 866; 392 865; 393 865; 393 861; 392 860; 392 859; 391 858; 391 857; 389 855; 389 853; 388 852; 388 850; 387 849; 387 844; 385 842; 385 841; 383 839; 383 838; 381 836; 381 834; 380 833; 380 828
158; 10 837; 6 841; 6 842; 1 847; 0 847; 0 882; 1 883; 2 882; 2 881; 6 877; 6 875; 7 874; 8 874; 9 873; 18 873; 19 872; 25 872; 26 873; 29 873; 30 872; 30 869; 29 868; 29 866; 27 864; 27 863; 26 862; 26 861; 25 860; 25 859; 24 858; 24 857; 23 856; 23 855; 20 852; 20 851; 19 850; 19 849; 18 848; 18 847; 17 846; 17 844; 16 843; 16 842; 14 840; 14 839; 12 837
159; 480 847; 478 849; 476 849; 475 850; 473 850; 472 851; 469 851; 468 852; 464 852; 463 853; 461 853; 458 856; 457 856; 455 858; 454 858; 453 859; 452 859; 451 860; 446 860; 446 861; 445 862; 445 863; 447 865; 448 865; 450 867; 451 867; 453 869; 454 869; 458 873; 459 873; 460 874; 460 875; 464 879; 465 879; 466 880; 467 880; 469 882; 470 882; 475 887; 478 887; 479 886; 479 883; 480 882; 480 878; 481 877; 481 875; 482 874; 482 860; 483 859; 483 855; 484 854; 484 852; 485 851; 485 849; 483 847
160; 892 859; 891 860; 890 860; 889 861; 888 861; 887 862; 879 862; 878 863; 871 863; 870 864; 866 864; 865 865; 856 865; 855 866; 853 866; 852 867; 852 870; 853 871; 853 872; 858 877; 858 878; 865 885; 865 886; 867 888; 867 889; 869 891; 869 892; 871 894; 871 897; 873 899; 873 901; 875 899; 877 899; 878 898; 879 898; 879 897; 880 896; 880 894; 881 893; 881 892; 882 891; 882 889; 883 888; 883 886; 884 885; 884 884; 886 882; 886 881; 887 880; 887 875; 888 874; 888 872; 889 871; 889 870; 891 868; 893 868; 895 866; 895 865; 896 864; 895 863; 896 862; 893 859
161; 896 865; 896 866; 894 868; 894 871; 895 872; 895 876; 896 877; 896 879; 897 880; 897 881; 898 882; 898 885; 899 886; 899 889; 900 890; 900 891; 901 892; 901 894; 902 895; 902 898; 903 899; 903 900; 904 901; 904 903; 905 904; 909 904; 910 903; 910 902; 919 893; 919 892; 922 889; 923 889; 926 886; 926 885; 933 878; 933 875; 932 874; 931 874; 930 873; 928 873; 927 872; 924 872; 923 871; 920 871; 919 870; 917 870; 914 867; 905 867; 904 866; 899 866; 898 865
162; 7 877; 3 881; 3 882; 2 883; 2 884; 3 885; 3 886; 4 887; 4 889; 5 890; 5 892; 6 893; 6 895; 7 896; 7 897; 8 898; 8 899; 9 900; 9 901; 10 902; 10 904; 11 905; 11 908; 12 909; 12 911; 13 912; 13 914; 14 915; 17 915; 25 907; 26 907; 30 903; 30 902; 33 899; 33 898; 41 890; 41 889; 42 888; 42 886; 40 884; 37 884; 36 883; 34 883; 33 882; 29 882; 28 881; 26 881; 25 880; 24 880; 23 879; 14 879; 13 878; 9 878; 8 877
163; 144 870; 138 876; 138 877; 137 878; 137 879; 136 880; 136 881; 134 883; 134 884; 133 885; 133 886; 130 889; 130 890; 128 892; 128 893; 127 894; 127 895; 123 899; 123 903; 124 904; 127 904; 128 905; 140 905; 141 906; 142 906; 143 907; 147 907; 148 906; 154 906; 155 907; 160 907; 161 908; 162 908; 164 906; 164 904; 161 901; 161 898; 160 897; 160 895; 158 893; 158 892; 157 891; 157 890; 155 888; 155 885; 154 884; 154 883; 153 882; 153 880; 152 879; 152 877; 151 876; 151 875; 150 874; 150 873; 148 871; 148 870
164; 429 872; 427 874; 427 875; 423 879; 423 880; 421 882; 421 883; 420 884; 420 885; 417 888; 417 889; 415 891; 415 892; 414 893; 414 894; 412 896; 412 897; 411 898; 411 899; 410 900; 410 901; 409 902; 409 906; 410 907; 434 907; 435 908; 439 908; 440 909; 446 909; 448 907; 448 904; 447 903; 447 902; 446 901; 446 900; 445 899; 445 897; 444 896; 444 895; 443 894; 443 893; 442 892; 442 888; 441 887; 441 886; 437 882; 437 881; 435 879; 435 877; 434 876; 434 874; 433 873; 433 872
165; 834 890; 833 891; 833 895; 834 896; 834 899; 835 900; 835 902; 836 903; 836 905; 837 906; 837 907; 838 908; 838 909; 839 910; 839 911; 840 912; 840 914; 841 915; 841 916; 842 917; 842 920; 843 921; 843 924; 844 925; 844 926; 846 928; 848 928; 849 927; 850 927; 855 922; 855 921; 857 919; 857 918; 860 915; 860 914; 865 909; 865 908; 872 901; 872 899; 870 897; 867 897; 866 896; 863 896; 862 895; 858 895; 857 894; 856 894; 855 893; 854 893; 853 892; 846 892; 845 891; 842 891; 841 890
166; 52 885; 49 888; 49 889; 47 891; 47 892; 45 894; 45 895; 40 900; 40 901; 39 902; 39 904; 38 905; 38 906; 36 908; 36 909; 32 913; 32 914; 31 915; 31 918; 32 919; 36 919; 37 918; 40 918; 41 919; 43 919; 44 920; 46 920; 47 921; 56 921; 57 922; 70 922; 70 918; 69 917; 69 916; 68 915; 68 911; 67 910; 67 908; 66 907; 66 906; 65 905; 65 904; 64 903; 64 902; 62 900; 62 899; 61 898; 61 897; 60 896; 60 895; 59 894; 59 893; 58 892; 58 891; 57 890; 57 888; 56 887; 56 886; 55 885
167; 303 903; 302 904; 302 907; 303 908; 303 910; 304 911; 304 912; 305 913; 305 914; 307 916; 307 920; 308 921; 308 923; 309 924; 309 925; 310 926; 310 928; 311 929; 311 930; 312 931; 312 932; 313 933; 313 934; 314 935; 314 936; 315 937; 315 938; 317 940; 320 940; 322 938; 322 937; 324 935; 324 934; 326 932; 326 931; 329 928; 329 927; 331 925; 331 924; 333 922; 333 921; 335 919; 335 918; 338 915; 338 914; 341 911; 341 908; 340 907; 339 907; 338 906; 331 906; 330 905; 324 905; 323 904; 312 904; 311 903
168; 290 900; 287 903; 287 904; 281 910; 281 911; 279 913; 279 914; 274 919; 273 919; 273 920; 270 923; 270 924; 268 926; 268 927; 267 928; 267 930; 268 931; 276 931; 277 932; 280 932; 281 933; 283 933; 284 934; 285 934; 287 936; 291 936; 292 935; 296 935; 297 936; 300 936; 301 937; 302 937; 303 938; 305 938; 306 937; 306 933; 305 932; 305 931; 304 930; 304 928; 303 927; 303 926; 302 925; 302 923; 301 922; 301 920; 300 919; 300 916; 299 915; 299 913; 298 912; 298 911; 297 910; 297 909; 296 908; 296 905; 295 904; 295 903; 294 902; 294 901; 293 900
169; 110 908; 110 914; 111 915; 111 916; 112 917; 112 919; 113 920; 113 922; 114 923; 114 926; 115 927; 115 929; 116 930; 116 932; 117 933; 117 935; 118 936; 118 937; 119 938; 119 940; 120 941; 120 943; 123 946; 136 933; 137 933; 138 932; 138 931; 142 927; 142 926; 144 924; 144 923; 145 922; 145 921; 147 919; 147 918; 148 917; 148 915; 147 914; 140 914; 139 913; 136 913; 135 912; 132 912; 131 911; 129 911; 128 910; 126 910; 125 909; 121 909; 120 908
170; 165 905; 165 906; 163 908; 163 910; 165 912; 165 913; 166 914; 166 926; 165 927; 165 928; 164 929; 164 932; 165 932; 166 933; 166 934; 167 935; 167 936; 168 937; 168 944; 169 945; 172 945; 174 943; 175 943; 176 942; 180 942; 181 941; 181 940; 185 936; 186 936; 191 931; 192 931; 196 927; 197 927; 198 926; 199 926; 201 924; 201 921; 200 920; 199 920; 198 919; 197 919; 196 918; 195 918; 194 917; 192 917; 191 916; 190 916; 189 915; 188 915; 186 913; 185 913; 184 912; 183 912; 182 911; 181 911; 180 910; 178 910; 177 909; 175 909; 174 908; 172 908; 171 907; 168 907; 167 906; 166 906
171; 949 909; 948 910; 947 910; 947 914; 948 915; 948 918; 949 919; 949 922; 950 923; 950 925; 951 926; 951 928; 952 929; 952 930; 953 931; 953 932; 954 933; 954 934; 955 935; 955 937; 956 938; 956 939; 957 940; 957 941; 958 942; 958 944; 959 945; 959 946; 960 947; 962 947; 963 946; 964 946; 964 945; 970 939; 970 938; 974 934; 974 933; 977 930; 977 929; 978 928; 978 927; 980 925; 980 924; 984 920; 984 919; 985 918; 985 915; 984 915; 983 914; 973 914; 972 913; 969 913; 968 912; 962 912; 961 911; 958 911; 957 910; 952 910; 951 909
172; 504 912; 503 913; 503 916; 504 917; 504 920; 505 921; 505 924; 506 925; 506 927; 507 928; 507 929; 508 930; 508 934; 509 935; 509 938; 510 939; 510 941; 511 942; 511 943; 512 944; 512 945; 513 946; 513 947; 514 948; 514 949; 515 950; 519 950; 519 949; 526 942; 526 941; 532 935; 532 934; 535 931; 535 930; 540 925; 540 924; 541 923; 541 920; 540 919; 539 919; 538 918; 533 918; 532 917; 528 917; 527 916; 525 916; 524 915; 523 915; 522 914; 517 914; 516 915; 513 915; 512 914; 509 914; 508 913; 507 913; 506 912
173; 94 919; 93 920; 93 921; 91 923; 91 924; 90 925; 90 926; 89 927; 89 928; 82 935; 82 937; 81 938; 81 939; 79 941; 79 942; 77 944; 77 945; 76 946; 76 948; 74 950; 74 953; 75 954; 87 954; 88 955; 91 955; 92 954; 107 954; 108 955; 111 955; 113 953; 113 951; 112 950; 112 949; 110 947; 110 945; 109 944; 109 943; 108 942; 108 941; 107 940; 107 939; 106 938; 106 937; 105 936; 105 934; 104 933; 104 932; 103 931; 103 929; 102 928; 102 927; 100 925; 100 924; 99 923; 99 922; 96 919
174; 0 910; 0 918; 2 918; 7 923; 7 924; 8 925; 4 929; 3 929; 2 930; 0 930; 0 938; 2 938; 3 937; 4 937; 5 936; 6 936; 7 935; 8 935; 10 933; 11 933; 12 932; 13 932; 14 931; 15 931; 16 930; 18 930; 19 929; 22 929; 23 930; 23 933; 22 934; 22 935; 17 940; 17 941; 16 942; 16 943; 14 945; 14 946; 10 950; 10 951; 7 954; 7 957; 8 957; 9 958; 12 958; 13 959; 15 959; 16 960; 20 960; 21 961; 24 961; 25 962; 39 962; 40 963; 46 963; 47 962; 47 959; 46 958; 46 957; 44 955; 44 954; 43 953; 43 952; 42 951; 42 950; 41 949; 41 947; 40 946; 40 945; 39 944; 39 942; 38 941; 38 939; 37 938; 37 935; 36 934; 36 932; 35 931; 35 930; 33 928; 33 927; 32 926; 29 926; 27 928; 26 928; 25 929; 24 929; 23 928; 23 926; 20 923; 19 923; 18 922; 17 922; 12 917; 11 917; 9 915; 8 915; 3 910
175; 215 933; 214 934; 213 934; 212 935; 210 935; 209 936; 206 936; 205 937; 198 937; 197 938; 195 938; 193 940; 192 940; 191 941; 189 941; 188 942; 181 942; 180 943; 180 945; 181 946; 181 947; 196 962; 196 963; 198 965; 199 965; 201 967; 202 967; 203 968; 204 968; 206 970; 207 969; 210 969; 213 966; 213 958; 214 957; 214 953; 215 952; 215 950; 216 949; 216 946; 217 945; 217 941; 218 940; 218 934; 217 933
176; 249 935; 248 936; 248 942; 249 943; 249 945; 250 946; 250 947; 251 948; 251 950; 252 951; 252 952; 253 953; 253 956; 254 957; 254 959; 255 960; 255 963; 256 964; 256 973; 255 974; 255 975; 256 975; 257 976; 258 976; 260 974; 261 974; 279 956; 279 955; 282 952; 283 952; 284 951; 286 951; 287 950; 287 948; 286 947; 286 945; 285 944; 281 944; 280 943; 277 943; 276 942; 274 942; 273 941; 271 941; 270 940; 268 940; 267 939; 262 939; 261 938; 257 938; 256 937; 254 937; 253 936; 252 936; 251 935
177; 137 939; 135 941; 134 941; 131 944; 130 944; 129 945; 128 945; 127 944; 126 944; 124 946; 124 949; 120 953; 119 953; 118 954; 115 954; 114 953; 111 956; 111 958; 110 959; 110 960; 109 961; 109 963; 112 966; 114 966; 115 967; 116 967; 117 968; 118 968; 119 969; 120 969; 122 971; 123 971; 124 972; 125 972; 126 973; 129 973; 130 974; 131 974; 132 975; 133 975; 134 976; 134 977; 142 985; 144 983; 145 983; 147 981; 147 973; 146 972; 146 970; 145 969; 145 962; 144 961; 144 956; 143 955; 143 945; 142 944; 142 942; 141 941; 141 940; 140 939
178; 227 938; 226 939; 226 940; 225 941; 225 943; 224 944; 224 946; 223 947; 223 948; 222 949; 222 950; 221 951; 221 952; 220 953; 220 955; 219 956; 219 959; 218 960; 218 963; 215 966; 214 966; 210 970; 207 970; 207 971; 208 972; 208 973; 209 973; 211 975; 214 975; 215 976; 217 976; 218 977; 221 977; 221 976; 223 974; 227 974; 229 976; 231 976; 232 975; 234 975; 235 974; 237 974; 238 973; 240 973; 241 972; 251 972; 252 971; 252 969; 251 968; 251 967; 247 963; 247 962; 245 960; 245 959; 244 958; 244 957; 242 955; 242 954; 240 952; 240 951; 239 950; 239 949; 237 947; 237 946; 233 942; 233 941; 230 938
179; 1004 949; 1003 950; 988 950; 987 951; 983 951; 982 950; 976 950; 975 951; 973 951; 972 952; 972 954; 973 955; 973 956; 974 957; 974 958; 975 959; 975 960; 976 961; 976 962; 977 963; 977 964; 979 966; 979 967; 980 968; 980 969; 982 971; 982 972; 983 972; 988 977; 988 978; 991 981; 991 982; 992 983; 992 984; 993 985; 993 986; 995 986; 996 985; 996 984; 997 983; 997 982; 998 981; 998 980; 999 979; 999 978; 1000 977; 1000 976; 1001 975; 1001 974; 1002 973; 1002 970; 1003 969; 1003 968; 1005 966; 1005 965; 1006 964; 1006 962; 1007 961; 1007 959; 1008 958; 1008 956; 1010 954; 1010 953; 1011 952; 1011 949
180; 156 944; 155 945; 155 951; 154 952; 154 956; 153 957; 153 960; 152 961; 152 965; 151 966; 151 969; 149 971; 149 972; 148 973; 148 980; 149 979; 150 980; 158 980; 159 979; 165 979; 165 978; 166 977; 166 976; 167 975; 167 974; 173 968; 174 968; 175 967; 177 967; 178 966; 179 966; 181 964; 181 957; 179 955; 172 955; 170 953; 169 953; 162 946; 161 946; 159 944
181; 287 951; 286 952; 286 954; 287 955; 287 960; 288 961; 288 962; 289 963; 289 965; 290 966; 290 968; 291 969; 291 973; 292 974; 292 975; 293 976; 293 977; 294 978; 294 980; 295 981; 295 982; 308 982; 310 980; 310 979; 311 978; 312 978; 321 969; 321 968; 322 967; 322 966; 323 965; 323 964; 324 963; 324 960; 322 958; 318 958; 317 957; 310 957; 309 956; 307 956; 306 955; 302 955; 301 954; 299 954; 298 953; 294 953; 293 952; 291 952; 290 951
182; 106 974; 105 975; 104 975; 104 978; 105 979; 105 980; 106 981; 106 982; 107 983; 107 986; 108 987; 108 988; 109 989; 109 992; 110 993; 110 997; 111 998; 111 999; 112 1000; 112 1005; 113 1006; 113 1007; 115 1009; 115 1010; 116 1011; 120 1011; 121 1010; 121 1009; 123 1007; 123 1006; 129 1000; 130 1000; 135 995; 135 994; 136 993; 136 992; 139 989; 139 988; 141 986; 141 985; 134 978; 130 978; 129 977; 126 977; 125 976; 116 976; 115 975; 110 975; 109 974
183; 194 968; 193 969; 193 971; 192 972; 192 974; 191 975; 191 979; 190 980; 190 981; 189 982; 190 983; 190 1004; 199 1004; 200 1003; 202 1003; 203 1002; 205 1002; 206 1001; 210 1001; 211 1000; 213 1000; 214 999; 216 999; 217 998; 218 998; 219 997; 220 997; 221 996; 222 996; 222 994; 221 993; 221 992; 220 992; 219 991; 218 991; 216 989; 216 988; 212 984; 212 983; 205 976; 204 976; 199 971; 199 970; 197 968
184; 232 976; 231 977; 229 977; 228 978; 219 978; 218 979; 218 982; 219 983; 219 984; 221 986; 221 987; 222 988; 222 989; 223 990; 222 991; 222 993; 223 994; 223 995; 224 995; 229 1000; 229 1001; 232 1004; 232 1005; 233 1006; 233 1007; 235 1009; 235 1010; 237 1012; 240 1012; 240 1011; 241 1010; 241 1009; 242 1008; 242 1007; 243 1006; 243 1005; 245 1003; 245 1002; 246 1001; 246 1000; 247 999; 247 998; 249 996; 249 995; 253 991; 254 991; 255 990; 255 984; 256 983; 256 982; 257 981; 257 977; 256 976; 253 976; 252 977; 238 977; 237 976
185; 353 1004; 358 1003; 367 994; 369 994; 373 991; 373 987; 346 972; 337 971; 333 974; 329 974; 323 977
186; 323 977; 316 983; 309 986; 308 998; 317 1005; 321 1005; 333 1011; 339 1011; 353 1004
187; 0 986; 0 998; 1 998; 4 1001; 4 1003; 6 1005; 6 1007; 8 1009; 8 1010; 10 1012; 10 1013; 12 1015; 12 1016; 13 1017; 13 1018; 15 1020; 18 1020; 20 1018; 20 1017; 21 1016; 21 1015; 23 1013; 23 1012; 24 1011; 24 1010; 26 1008; 26 1007; 28 1005; 28 1004; 29 1003; 29 1002; 30 1001; 30 1000; 31 999; 31 997; 34 994; 34 993; 36 991; 36 987; 32 987; 31 986
188; 146 993; 122 1013; 118 1020; 104 1012; 102 1023; 145 1023; 132 1016; 143 1006
189; 152 984; 146 993; 143 1006; 148 1011; 189 1004
190; 189 1004; 189 983; 186 983; 180 974; 167 980; 151 981; 152 984
191; 148 1011; 148 1023; 196 1023; 199 1017; 196 1015; 189 1004
192; 523 988; 522 989; 521 989; 521 992; 522 993; 522 994; 523 995; 523 997; 524 998; 524 999; 525 1000; 525 1001; 526 1002; 526 1003; 528 1005; 528 1006; 529 1007; 529 1008; 530 1009; 530 1010; 531 1011; 531 1012; 532 1013; 532 1014; 533 1015; 533 1016; 537 1020; 537 1023; 543 1023; 543 1019; 544 1018; 544 1017; 545 1016; 545 1015; 549 1011; 549 1010; 552 1007; 552 1006; 554 1004; 554 1003; 555 1002; 555 1001; 556 1000; 556 998; 558 996; 558 995; 559 994; 559 990; 558 989; 542 989; 541 988; 534 988; 533 989; 526 989; 525 988
193; 257 998; 240 1016; 237 1023; 245 1023; 253 1012; 258 1016; 260 1023; 266 1023; 266 1014; 260 1007; 261 1003
194; 284 988; 257 989; 255 991; 257 998; 261 1003; 266 1007; 275 1023; 280 1023; 283 1018
195; 283 1018; 284 1023; 291 1023; 295 1012; 299 1008; 303 1001; 307 997; 308 983; 295 983; 293 986; 284 988
196; 593 988; 592 989; 592 990; 591 991; 591 992; 589 994; 589 995; 588 996; 588 997; 587 998; 587 999; 583 1003; 583 1006; 582 1007; 582 1008; 581 1009; 581 1010; 580 1011; 580 1012; 579 1013; 579 1014; 578 1015; 578 1016; 577 1017; 577 1018; 576 1019; 576 1023; 615 1023; 615 1018; 613 1016; 613 1015; 612 1014; 612 1013; 610 1011; 610 1010; 607 1007; 607 1006; 606 1005; 606 1004; 604 1002; 604 1000; 603 999; 603 998; 601 996; 601 995; 600 994; 600 993; 598 991; 598 990; 596 988
197; 641 1001; 640 1002; 640 1003; 639 1004; 639 1005; 638 1006; 638 1007; 637 1008; 637 1010; 635 1012; 635 1013; 633 1015; 633 1016; 632 1017; 632 1018; 631 1019; 631 1023; 638 1023; 638 1020; 640 1018; 640 1017; 643 1014; 644 1015; 645 1015; 647 1017; 647 1018; 649 1020; 649 1021; 650 1022; 650 1023; 658 1023; 658 1022; 657 1021; 657 1020; 654 1017; 654 1016; 652 1014; 652 1013; 651 1012; 651 1011; 649 1009; 649 1008; 644 1003; 644 1002; 643 1001
198; 783 997; 783 1001; 782 1002; 782 1004; 781 1005; 781 1007; 780 1008; 780 1009; 779 1010; 779 1012; 778 1013; 778 1015; 777 1016; 777 1019; 778 1020; 778 1023; 784 1023; 784 1017; 785 1016; 785 1013; 786 1012; 786 1011; 788 1009; 790 1009; 793 1012; 794 1012; 799 1017; 799 1020; 797 1022; 797 1023; 812 1023; 812 1022; 811 1021; 810 1021; 808 1019; 808 1018; 804 1014; 804 1013; 803 1012; 803 1011; 799 1007; 798 1007; 795 1004; 794 1004; 787 997
199; 992 989; 992 990; 987 995; 986 995; 984 997; 983 997; 975 1005; 974 1005; 972 1007; 971 1007; 969 1009; 968 1009; 965 1012; 965 1014; 968 1017; 969 1017; 970 1018; 973 1018; 974 1019; 976 1019; 977 1020; 979 1020; 980 1021; 981 1021; 982 1022; 982 1023; 1001 1023; 1001 1018; 1000 1017; 1000 1013; 999 1012; 999 1010; 1000 1009; 1000 1003; 999 1002; 999 1001; 998 1000; 998 998; 997 997; 997 994; 996 993; 996 991; 995 990; 995 989
