0; 538 0; 538 2; 539 3; 539 4; 540 5; 540 6; 546 12; 546 13; 547 14; 547 15; 548 16; 548 18; 551 21; 552 21; 557 26; 557 27; 558 28; 558 29; 559 30; 559 32; 560 33; 564 33; 566 31; 567 31; 567 30; 568 29; 568 28; 569 27; 569 25; 570 24; 570 22; 571 21; 571 20; 572 19; 572 18; 574 16; 574 15; 575 14; 575 10; 576 9; 576 7; 577 6; 577 4; 578 3; 578 0; 569 0; 569 1; 568 2; 568 4; 567 5; 567 7; 566 8; 566 9; 565 10; 565 11; 564 12; 563 12; 562 13; 561 13; 549 1; 549 0
1; 275 30; 274 31; 274 32; 273 33; 273 35; 272 36; 272 37; 271 38; 271 39; 268 42; 267 42; 266 43; 264 43; 263 44; 263 52; 262 53; 262 56; 261 57; 261 58; 259 60; 259 61; 257 63; 257 64; 256 65; 256 67; 255 68; 255 71; 254 72; 254 75; 255 76; 269 76; 270 75; 275 75; 276 76; 285 76; 286 75; 290 75; 291 74; 298 74; 299 73; 304 73; 305 72; 305 69; 302 66; 301 66; 297 62; 297 61; 295 59; 295 58; 293 56; 293 55; 291 53; 291 52; 290 51; 290 50; 289 49; 289 48; 288 47; 288 45; 287 44; 287 43; 286 42; 286 41; 282 37; 282 36; 281 35; 281 34; 277 30
2; 113 45; 112 46; 105 46; 104 47; 95 47; 94 46; 91 46; 90 47; 88 47; 87 48; 82 48; 81 49; 67 49; 67 53; 72 58; 72 59; 73 60; 73 62; 74 63; 74 64; 76 66; 76 67; 77 68; 77 69; 78 70; 78 71; 79 72; 79 75; 80 76; 80 77; 82 79; 83 79; 90 86; 90 87; 91 88; 91 89; 92 90; 92 91; 97 91; 97 90; 98 89; 98 88; 99 87; 99 86; 104 81; 104 79; 105 78; 105 76; 104 75; 104 73; 105 72; 105 70; 107 68; 107 67; 108 66; 108 65; 111 62; 111 61; 112 60; 112 59; 113 58; 113 57; 119 51; 119 45
3; 906 37; 904 39; 904 41; 902 43; 902 44; 900 46; 900 47; 899 48; 899 50; 898 51; 898 53; 893 58; 893 59; 891 61; 891 62; 890 63; 890 64; 889 65; 889 66; 888 67; 888 68; 886 70; 886 71; 884 73; 884 74; 881 77; 881 81; 882 81; 883 82; 886 82; 887 81; 893 81; 894 82; 895 82; 896 83; 908 83; 909 82; 913 82; 914 81; 922 81; 923 82; 930 82; 932 80; 932 78; 931 77; 931 73; 930 72; 930 71; 929 70; 929 69; 927 67; 927 66; 926 65; 926 63; 925 62; 925 58; 922 55; 921 55; 917 51; 917 50; 915 48; 915 45; 914 44; 914 43; 912 41; 912 40; 910 38; 909 38; 908 37
4; 979 45; 978 46; 978 50; 980 52; 980 54; 981 55; 981 60; 983 62; 983 65; 984 66; 984 68; 986 70; 986 72; 987 73; 987 76; 988 77; 988 85; 989 86; 989 87; 990 88; 990 89; 991 90; 991 92; 992 93; 992 94; 995 94; 996 93; 996 92; 999 89; 1000 89; 1002 87; 1003 87; 1005 85; 1006 85; 1008 83; 1009 83; 1011 81; 1011 80; 1012 79; 1012 77; 1013 76; 1013 75; 1017 71; 1017 70; 1021 66; 1023 66; 1023 53; 1020 53; 1019 54; 1010 54; 1009 53; 1007 53; 1006 52; 1005 52; 1002 49; 1000 49; 999 50; 992 50; 991 49; 990 49; 989 48; 988 48; 987 47; 986 47; 984 45
5; 831 76; 830 77; 830 78; 829 79; 829 80; 828 81; 828 84; 827 85; 827 86; 824 89; 824 90; 822 92; 822 93; 820 95; 820 96; 819 97; 819 99; 818 100; 818 101; 817 102; 817 103; 816 104; 816 105; 815 106; 815 109; 814 110; 814 111; 813 112; 813 113; 812 114; 812 115; 811 116; 811 117; 810 118; 810 120; 812 122; 817 122; 818 121; 828 121; 829 120; 843 120; 844 119; 847 119; 848 118; 856 118; 857 119; 861 119; 862 118; 863 118; 863 115; 859 111; 859 110; 857 108; 857 106; 855 104; 855 103; 853 101; 853 100; 851 98; 851 97; 850 96; 850 95; 848 93; 848 92; 846 90; 845 90; 843 88; 843 87; 840 84; 840 82; 839 81; 839 80; 838 79; 838 78; 836 76
6; 208 124; 208 125; 207 126; 207 132; 206 133; 206 136; 205 137; 205 139; 204 140; 204 141; 203 142; 203 143; 202 144; 202 145; 201 146; 201 149; 200 150; 200 151; 199 152; 199 161; 198 162; 198 163; 194 167; 194 168; 193 169; 193 172; 194 173; 199 173; 200 172; 203 172; 204 171; 209 171; 210 170; 212 170; 213 169; 215 169; 216 168; 218 168; 219 167; 221 167; 222 166; 224 166; 225 165; 229 165; 230 164; 234 164; 235 163; 239 163; 240 164; 245 164; 247 162; 247 160; 238 151; 238 150; 237 149; 237 148; 236 147; 236 146; 235 145; 235 144; 234 143; 234 142; 233 141; 232 141; 231 140; 229 140; 228 139; 227 139; 224 136; 224 135; 222 133; 221 133; 218 130; 218 129; 213 124
7; 841 158; 841 167; 839 169; 839 172; 840 173; 840 176; 842 178; 842 179; 843 180; 843 181; 844 182; 844 190; 845 191; 845 207; 846 208; 846 209; 849 209; 850 208; 851 208; 855 204; 856 204; 858 202; 859 202; 860 201; 861 201; 862 200; 863 200; 864 199; 869 199; 870 198; 872 198; 872 197; 873 196; 873 194; 880 187; 881 187; 882 186; 884 186; 885 185; 887 185; 890 182; 890 180; 888 178; 886 178; 885 177; 883 177; 882 176; 881 176; 880 175; 879 175; 878 174; 877 174; 875 172; 874 172; 872 170; 870 170; 869 169; 868 169; 867 168; 865 168; 864 167; 863 167; 862 166; 861 166; 860 165; 859 165; 858 164; 857 164; 856 163; 854 163; 853 162; 852 162; 851 161; 850 161; 849 160; 848 160; 846 158
8; 833 169; 832 170; 831 170; 830 171; 829 171; 828 172; 827 172; 826 173; 825 173; 824 174; 823 174; 822 175; 821 175; 820 176; 816 176; 815 177; 812 177; 807 182; 806 182; 805 183; 804 183; 803 184; 802 184; 801 185; 798 185; 797 186; 795 186; 794 187; 792 187; 790 189; 790 191; 792 193; 793 193; 794 194; 795 194; 797 196; 798 196; 801 199; 801 200; 803 202; 804 202; 806 204; 807 204; 814 211; 815 211; 816 212; 817 212; 818 213; 819 213; 826 220; 829 220; 830 219; 830 214; 831 213; 831 209; 832 208; 832 204; 833 203; 833 201; 834 200; 834 195; 835 194; 835 184; 836 183; 836 179; 839 176; 839 173; 838 172; 838 169
9; 482 164; 482 165; 481 166; 481 168; 480 169; 480 173; 479 174; 479 175; 478 176; 478 177; 477 178; 477 179; 476 180; 476 181; 475 182; 475 184; 474 185; 474 187; 473 188; 473 189; 472 190; 472 198; 471 199; 471 200; 470 201; 470 202; 468 204; 468 205; 467 206; 467 214; 468 215; 469 215; 470 216; 472 216; 473 215; 475 215; 476 214; 477 214; 478 213; 479 213; 480 212; 490 212; 491 211; 492 211; 493 210; 494 210; 495 209; 496 209; 497 208; 501 208; 502 207; 509 207; 510 206; 515 206; 516 205; 517 205; 518 204; 518 201; 517 200; 517 199; 515 197; 514 197; 512 195; 511 195; 504 188; 504 187; 503 186; 503 185; 502 184; 502 183; 501 182; 501 180; 499 178; 499 177; 498 177; 497 176; 496 176; 491 171; 491 170; 487 166; 487 165; 486 164
10; 740 175; 736 179; 736 180; 734 182; 734 183; 733 184; 733 186; 732 187; 732 188; 725 195; 725 196; 723 198; 723 199; 722 200; 722 201; 721 202; 721 203; 720 204; 720 205; 716 209; 715 209; 715 210; 714 211; 714 216; 715 217; 721 217; 722 218; 726 218; 727 219; 731 219; 732 220; 733 220; 734 221; 740 221; 741 220; 763 220; 764 219; 764 215; 763 214; 763 212; 761 210; 761 209; 758 206; 758 205; 757 204; 757 203; 756 202; 756 201; 755 200; 755 199; 754 198; 754 196; 753 195; 753 191; 752 190; 752 189; 751 188; 750 188; 748 186; 748 185; 747 184; 747 182; 746 181; 746 178; 743 175
11; 795 203; 792 206; 791 206; 787 210; 787 211; 785 213; 784 213; 783 214; 782 214; 781 215; 777 215; 776 216; 774 216; 773 217; 772 217; 770 219; 770 220; 769 221; 769 222; 767 224; 767 225; 765 227; 764 227; 763 228; 762 228; 761 229; 760 229; 759 230; 758 230; 757 231; 757 235; 758 235; 759 236; 760 236; 761 237; 763 237; 764 238; 766 238; 767 239; 768 239; 769 240; 770 240; 771 241; 772 241; 773 242; 774 242; 775 243; 778 243; 779 244; 781 244; 782 245; 783 245; 784 246; 785 246; 786 247; 788 247; 789 248; 792 248; 793 249; 796 249; 797 250; 799 250; 800 251; 804 251; 805 250; 806 250; 806 245; 804 243; 804 242; 803 241; 803 239; 804 238; 804 237; 805 236; 805 232; 803 230; 803 229; 802 228; 802 227; 801 226; 801 219; 800 218; 800 212; 801 211; 801 206; 800 205; 800 204; 799 203
12; 71 223; 70 224; 69 224; 68 225; 67 225; 66 226; 64 226; 63 227; 56 227; 55 228; 49 228; 48 229; 41 229; 41 233; 45 237; 45 238; 48 241; 48 242; 54 248; 54 249; 55 250; 55 253; 59 257; 59 258; 60 259; 59 260; 59 263; 60 264; 60 266; 61 266; 62 265; 64 265; 68 269; 68 270; 73 270; 73 265; 74 264; 74 262; 75 261; 75 260; 76 259; 76 258; 77 257; 77 256; 78 255; 78 254; 79 253; 79 251; 80 250; 80 249; 81 248; 81 247; 82 246; 82 245; 84 243; 84 242; 85 241; 85 240; 86 239; 86 238; 87 237; 87 236; 88 235; 88 234; 89 233; 89 232; 92 229; 92 225; 91 224; 90 224; 89 223; 87 223; 86 224; 77 224; 76 223
13; 173 240; 172 241; 169 241; 169 245; 170 246; 170 247; 171 248; 171 249; 172 250; 172 251; 173 252; 173 254; 172 255; 174 257; 174 260; 175 261; 175 263; 177 265; 178 265; 184 271; 184 272; 185 273; 185 274; 187 276; 187 277; 189 279; 189 281; 190 282; 190 283; 191 284; 194 284; 198 280; 198 279; 201 276; 201 274; 202 273; 202 271; 203 270; 203 269; 208 264; 209 264; 211 262; 211 257; 212 256; 212 255; 213 254; 213 253; 214 252; 214 251; 217 248; 217 247; 220 244; 220 241; 219 240; 215 240; 214 241; 208 241; 207 242; 195 242; 194 241; 186 241; 185 240
14; 96 231; 96 232; 95 233; 95 240; 94 241; 94 244; 93 245; 93 247; 92 248; 92 250; 91 251; 91 252; 90 253; 90 255; 87 258; 86 258; 84 260; 84 262; 87 265; 87 269; 85 271; 85 272; 83 274; 83 278; 84 279; 87 279; 88 278; 98 278; 99 277; 100 277; 101 276; 103 276; 104 275; 107 275; 108 274; 110 274; 111 273; 113 273; 114 272; 116 272; 117 271; 119 271; 120 270; 122 270; 123 269; 127 269; 128 268; 131 268; 133 266; 133 263; 132 262; 131 262; 129 260; 128 260; 120 252; 120 250; 119 249; 119 248; 117 246; 116 246; 115 245; 114 245; 113 244; 112 244; 109 241; 109 240; 108 239; 108 238; 104 234; 103 234; 100 231
15; 15 250; 13 248; 12 241; 0 244; 0 259; 3 264; 3 268; 0 271; 0 289; 5 290; 10 286; 17 286; 28 282
16; 28 282; 36 282; 43 274; 58 268; 58 261; 42 253; 22 236; 18 238; 18 245; 15 250
17; 163 251; 162 252; 162 253; 161 254; 161 256; 160 257; 160 258; 153 265; 153 267; 152 268; 152 269; 151 270; 151 271; 150 272; 150 273; 148 275; 148 276; 146 278; 146 279; 144 281; 144 282; 142 284; 142 285; 140 287; 140 288; 138 290; 138 293; 139 294; 156 294; 157 295; 159 295; 160 296; 171 296; 172 295; 181 295; 182 296; 189 296; 190 295; 190 291; 189 290; 189 289; 183 283; 183 281; 182 280; 182 278; 181 277; 181 276; 180 275; 180 274; 179 273; 179 272; 178 271; 178 270; 177 269; 177 268; 176 267; 176 265; 174 263; 174 261; 173 260; 173 257; 172 256; 171 256; 166 251
18; 68 271; 68 272; 63 277; 62 277; 61 278; 60 278; 59 279; 58 279; 56 281; 55 281; 54 282; 53 282; 52 283; 51 283; 49 285; 48 285; 46 287; 45 287; 43 289; 42 289; 41 290; 40 290; 38 292; 37 292; 36 293; 35 293; 34 294; 33 294; 32 295; 31 295; 30 296; 29 296; 28 297; 28 300; 29 301; 30 301; 31 302; 34 302; 35 303; 37 303; 41 307; 42 307; 44 309; 45 309; 46 310; 47 310; 48 311; 49 311; 52 314; 53 314; 54 315; 55 315; 56 316; 58 316; 59 317; 60 317; 61 318; 62 318; 63 319; 64 319; 65 320; 66 320; 68 322; 72 322; 72 317; 71 316; 71 304; 72 303; 72 302; 73 301; 73 300; 75 298; 75 295; 74 294; 74 293; 73 292; 73 284; 72 283; 72 278; 73 277; 73 273; 72 272; 72 271
19; 205 275; 204 276; 204 284; 205 285; 205 289; 204 290; 204 292; 202 294; 202 295; 199 298; 199 299; 198 300; 198 303; 199 304; 199 312; 198 313; 198 316; 197 317; 197 318; 195 320; 195 322; 194 323; 194 325; 195 325; 197 327; 198 327; 200 325; 201 325; 202 324; 204 324; 205 323; 206 323; 207 322; 209 322; 210 321; 213 321; 214 320; 216 320; 217 319; 218 319; 219 318; 220 318; 221 317; 224 317; 225 316; 226 316; 227 315; 229 315; 230 314; 231 314; 232 313; 235 313; 236 312; 242 312; 243 311; 244 311; 245 310; 245 308; 244 307; 244 306; 243 305; 242 305; 240 303; 239 303; 237 301; 237 300; 235 298; 235 297; 230 292; 229 292; 228 291; 227 291; 226 290; 225 290; 219 284; 218 284; 216 282; 215 282; 210 277; 209 277; 207 275
20; 349 299; 348 300; 346 300; 345 301; 339 301; 338 302; 322 302; 321 303; 319 303; 318 304; 315 304; 314 305; 309 305; 308 306; 307 306; 307 310; 311 314; 311 315; 315 319; 315 320; 316 321; 316 322; 318 324; 318 325; 319 326; 319 328; 321 330; 321 331; 322 331; 325 334; 326 334; 331 339; 331 340; 333 342; 333 343; 334 344; 334 345; 335 346; 339 346; 339 345; 340 344; 340 342; 341 341; 341 338; 342 337; 342 336; 343 335; 343 334; 344 333; 344 332; 347 329; 347 328; 351 324; 352 324; 354 322; 354 320; 353 319; 353 318; 352 317; 352 314; 351 313; 352 312; 352 310; 353 309; 353 308; 358 303; 358 300; 357 299
21; 460 305; 459 306; 456 306; 455 307; 454 307; 453 308; 451 308; 450 309; 449 309; 448 310; 446 310; 445 311; 439 311; 434 316; 433 316; 431 318; 429 318; 428 319; 420 319; 420 328; 425 328; 426 329; 427 329; 429 331; 430 331; 434 335; 435 335; 439 339; 440 339; 447 346; 447 347; 448 348; 449 348; 451 350; 452 350; 454 352; 458 352; 460 350; 460 346; 461 345; 461 342; 463 340; 463 339; 464 338; 464 336; 465 335; 465 328; 464 327; 464 320; 465 319; 465 315; 466 314; 466 312; 467 311; 467 310; 468 309; 468 305
22; 417 319; 416 320; 413 320; 412 321; 411 321; 408 324; 407 324; 406 325; 390 325; 389 326; 388 326; 387 327; 385 327; 384 328; 383 328; 382 329; 381 329; 380 330; 379 330; 378 331; 377 331; 376 332; 369 332; 368 333; 368 335; 371 338; 372 338; 374 340; 374 341; 376 343; 376 344; 381 349; 381 350; 384 353; 384 354; 385 355; 385 356; 386 357; 386 358; 387 359; 388 359; 390 361; 391 361; 392 362; 392 363; 395 366; 395 367; 396 368; 396 369; 398 371; 402 371; 404 369; 405 369; 406 368; 406 367; 407 366; 407 363; 406 362; 406 361; 407 360; 407 358; 408 357; 408 356; 409 355; 409 350; 410 349; 410 343; 411 342; 411 339; 412 338; 412 335; 413 334; 413 333; 417 329; 418 329; 419 328; 419 319
23; 112 312; 110 314; 110 315; 109 316; 109 320; 108 321; 108 322; 106 324; 106 325; 103 328; 103 330; 102 331; 102 332; 101 333; 101 334; 97 338; 97 339; 96 340; 96 343; 95 344; 95 346; 94 347; 94 348; 93 349; 93 350; 91 352; 91 353; 90 354; 90 357; 91 357; 92 358; 95 358; 96 359; 102 359; 103 358; 111 358; 112 359; 114 359; 115 358; 127 358; 128 357; 136 357; 137 356; 140 356; 141 355; 141 352; 137 348; 137 347; 133 343; 133 342; 130 339; 130 338; 129 337; 129 336; 128 335; 128 334; 126 332; 126 331; 125 330; 125 329; 124 328; 124 327; 122 325; 122 324; 121 323; 121 322; 119 320; 119 319; 117 317; 117 316; 116 315; 116 314; 114 312
24; 587 319; 586 320; 585 320; 584 321; 582 321; 581 322; 579 322; 578 323; 577 323; 575 325; 573 325; 572 326; 567 326; 566 327; 564 327; 563 328; 562 328; 561 329; 560 329; 558 331; 557 331; 556 332; 554 332; 553 333; 546 333; 545 334; 544 334; 541 337; 541 340; 543 342; 544 342; 546 344; 547 344; 549 346; 550 346; 552 348; 553 348; 558 353; 558 354; 559 354; 561 356; 562 356; 564 358; 565 358; 567 360; 568 360; 572 364; 573 364; 575 366; 576 366; 579 369; 584 369; 585 368; 585 359; 587 357; 587 356; 588 355; 588 354; 589 353; 589 351; 588 350; 588 348; 587 347; 587 342; 588 341; 588 340; 589 339; 589 333; 588 332; 588 328; 589 327; 589 326; 590 325; 590 324; 591 323; 591 322; 592 321; 592 319
25; 193 325; 191 327; 190 327; 189 328; 188 328; 187 329; 186 329; 185 330; 182 330; 181 331; 171 331; 170 332; 169 332; 168 333; 167 333; 166 334; 165 334; 164 335; 161 335; 160 336; 157 336; 156 337; 155 337; 154 338; 153 338; 152 339; 151 339; 150 340; 149 340; 148 341; 148 343; 153 348; 153 349; 154 350; 154 351; 156 353; 157 353; 164 360; 164 361; 166 363; 166 364; 167 365; 168 365; 170 367; 171 367; 172 368; 172 369; 175 372; 175 373; 176 374; 176 375; 178 377; 181 377; 184 374; 184 373; 185 372; 185 370; 186 369; 186 366; 187 365; 187 355; 188 354; 188 352; 189 351; 189 350; 190 349; 190 347; 191 346; 191 344; 192 343; 192 339; 193 338; 193 335; 195 333; 195 332; 196 331; 196 330; 197 329; 197 328; 195 326; 194 326
26; 467 358; 467 359; 466 360; 466 366; 465 367; 465 373; 466 374; 466 375; 467 376; 467 380; 466 381; 466 406; 465 407; 465 409; 467 411; 469 411; 470 410; 471 410; 472 409; 473 409; 475 407; 476 407; 477 406; 478 406; 479 405; 484 405; 485 404; 487 404; 493 398; 494 398; 495 397; 496 397; 497 396; 498 396; 500 394; 501 394; 504 391; 505 391; 506 390; 507 390; 509 388; 510 388; 513 385; 513 383; 511 381; 510 381; 509 380; 506 380; 505 379; 504 379; 501 376; 500 376; 492 368; 491 368; 490 367; 486 367; 485 366; 484 366; 483 365; 482 365; 480 363; 479 363; 478 362; 477 362; 476 361; 475 361; 474 360; 473 360; 472 359; 471 359; 470 358
27; 820 413; 820 414; 819 415; 819 418; 820 419; 820 429; 821 430; 821 431; 822 432; 822 438; 821 439; 821 445; 822 446; 822 447; 823 448; 823 450; 824 451; 824 455; 825 456; 825 460; 824 461; 824 463; 823 464; 823 465; 827 465; 828 466; 832 466; 834 464; 834 463; 836 461; 837 461; 840 458; 841 458; 842 457; 843 457; 845 455; 846 455; 853 448; 854 448; 861 441; 862 441; 864 439; 865 439; 866 438; 867 438; 868 437; 869 437; 870 436; 870 433; 867 430; 866 430; 864 428; 862 428; 861 427; 859 427; 858 426; 857 426; 856 425; 854 425; 853 424; 851 424; 850 423; 849 423; 848 422; 847 422; 846 421; 841 421; 840 420; 837 420; 836 419; 835 419; 834 418; 833 418; 832 417; 831 417; 830 416; 829 416; 828 415; 827 415; 826 414; 824 414; 823 413
28; 13 457; 12 458; 11 458; 10 459; 4 459; 3 458; 0 458; 0 471; 4 471; 6 473; 6 474; 7 475; 7 476; 6 477; 6 480; 5 481; 5 486; 4 487; 4 489; 1 492; 0 492; 0 507; 2 507; 3 508; 6 508; 7 507; 8 507; 8 506; 9 505; 9 502; 10 501; 10 500; 11 499; 11 498; 12 497; 12 496; 13 495; 13 488; 14 487; 14 484; 15 483; 15 482; 16 481; 16 480; 17 479; 17 477; 16 476; 16 467; 17 466; 17 465; 19 463; 19 462; 20 461; 20 458; 19 457
29; 216 463; 215 464; 214 464; 214 472; 216 474; 217 474; 219 476; 219 477; 220 478; 220 480; 221 481; 221 483; 222 484; 222 487; 223 488; 223 489; 225 491; 225 492; 226 493; 226 494; 227 495; 227 496; 229 498; 229 499; 230 500; 230 501; 231 502; 231 503; 232 504; 232 505; 233 506; 233 507; 234 508; 238 508; 246 500; 246 499; 248 497; 248 496; 249 495; 249 494; 250 493; 250 492; 257 485; 257 483; 258 482; 258 481; 259 480; 259 479; 262 476; 262 475; 266 471; 266 467; 265 466; 263 466; 262 465; 259 465; 258 464; 219 464; 218 463
30; 822 466; 820 468; 819 468; 817 470; 816 470; 815 471; 814 471; 812 473; 807 473; 806 474; 804 474; 799 479; 798 479; 797 480; 796 480; 794 482; 793 482; 791 484; 790 484; 789 485; 786 485; 785 486; 782 486; 779 489; 779 491; 781 493; 783 493; 784 494; 786 494; 788 496; 789 496; 797 504; 798 504; 804 510; 805 510; 806 511; 808 511; 809 512; 810 512; 811 513; 812 513; 819 520; 822 520; 824 518; 824 513; 823 512; 823 506; 824 505; 824 503; 825 502; 825 500; 826 499; 826 495; 825 494; 825 490; 826 489; 826 488; 827 487; 827 476; 828 475; 828 474; 830 472; 830 471; 831 470; 831 468; 832 467; 828 467; 827 466
31; 626 490; 626 500; 627 501; 627 505; 628 506; 628 517; 627 518; 627 519; 626 520; 626 524; 627 525; 627 526; 628 527; 628 531; 629 532; 629 540; 630 541; 634 541; 635 540; 636 540; 637 539; 638 539; 639 538; 640 538; 641 537; 642 537; 644 535; 645 535; 647 533; 653 533; 654 532; 656 532; 655 531; 655 530; 656 529; 656 528; 657 527; 658 527; 663 522; 664 522; 666 520; 667 520; 668 519; 669 519; 670 518; 672 518; 673 517; 674 517; 676 515; 676 513; 673 510; 672 510; 671 509; 670 509; 669 508; 668 508; 666 506; 665 506; 663 504; 662 504; 661 503; 660 503; 654 497; 649 497; 648 496; 646 496; 645 495; 644 495; 643 494; 642 494; 641 493; 640 493; 639 492; 637 492; 636 491; 634 491; 633 490
32; 744 484; 743 485; 743 492; 742 493; 742 495; 741 496; 741 497; 740 498; 740 499; 739 500; 739 501; 738 502; 738 503; 737 504; 737 505; 736 506; 736 508; 735 509; 735 510; 734 511; 734 513; 733 514; 733 518; 732 519; 732 521; 731 522; 731 523; 730 524; 730 525; 727 528; 727 533; 728 533; 729 534; 733 534; 734 533; 737 533; 738 532; 753 532; 754 531; 755 531; 756 530; 757 530; 758 529; 759 529; 760 528; 761 528; 762 527; 764 527; 765 526; 767 526; 768 525; 770 525; 771 524; 776 524; 777 525; 779 525; 780 524; 780 520; 779 519; 779 518; 778 517; 778 516; 776 514; 775 514; 773 512; 772 512; 770 510; 770 508; 763 501; 763 500; 761 498; 761 497; 760 496; 759 496; 754 491; 754 490; 753 489; 753 488; 750 485; 749 485; 748 484
33; 777 534; 776 535; 775 535; 774 536; 773 536; 772 537; 771 537; 770 538; 769 538; 768 539; 766 539; 765 540; 757 540; 756 539; 754 539; 749 544; 748 544; 747 545; 746 545; 745 546; 741 546; 740 547; 738 547; 737 548; 736 548; 736 552; 739 555; 740 555; 746 561; 746 562; 750 566; 751 566; 753 568; 754 568; 762 576; 763 576; 765 578; 765 579; 766 580; 766 581; 767 582; 767 583; 768 584; 768 585; 769 585; 770 586; 773 586; 775 584; 775 582; 776 581; 776 579; 777 578; 777 570; 778 569; 778 564; 779 563; 779 560; 780 559; 780 557; 781 556; 781 553; 782 552; 782 546; 783 545; 783 543; 784 542; 784 540; 785 539; 785 535; 784 534
34; 654 533; 653 534; 651 534; 651 538; 652 539; 652 540; 653 541; 653 545; 654 546; 654 550; 653 551; 653 552; 652 553; 652 554; 650 556; 650 559; 652 561; 652 563; 653 564; 653 574; 652 575; 652 586; 653 587; 656 587; 657 586; 658 586; 660 584; 661 584; 664 581; 665 581; 668 578; 669 578; 671 576; 672 576; 674 574; 675 574; 676 573; 678 573; 679 572; 681 572; 682 571; 683 571; 685 569; 685 568; 687 566; 688 566; 689 565; 692 565; 693 564; 696 564; 698 562; 698 558; 697 557; 697 556; 696 556; 694 554; 693 554; 692 553; 690 553; 689 552; 688 552; 687 551; 686 551; 684 549; 683 549; 681 547; 680 547; 678 545; 677 545; 676 544; 675 544; 673 542; 672 542; 671 541; 670 541; 669 540; 668 540; 667 539; 666 539; 665 538; 664 538; 661 535; 660 535; 659 534; 658 534; 657 533
35; 303 536; 302 537; 301 537; 300 538; 298 538; 297 539; 290 539; 289 540; 288 540; 285 543; 284 543; 283 544; 280 544; 279 545; 276 545; 275 546; 271 546; 270 547; 264 547; 263 548; 261 548; 259 550; 259 553; 260 553; 262 555; 263 555; 266 558; 266 559; 268 561; 268 562; 272 566; 272 568; 273 569; 273 570; 277 574; 278 574; 282 578; 283 578; 287 582; 287 583; 288 584; 288 585; 289 586; 289 587; 291 589; 294 589; 296 587; 296 585; 297 584; 297 580; 298 579; 298 576; 299 575; 299 574; 300 573; 300 571; 301 570; 301 569; 302 568; 302 565; 303 564; 303 562; 304 561; 304 560; 305 559; 305 557; 306 556; 306 553; 308 551; 309 551; 311 553; 311 549; 312 548; 312 543; 310 541; 310 538; 309 537; 309 536
36; 332 542; 331 543; 330 543; 329 544; 328 544; 327 545; 324 545; 323 546; 318 546; 317 545; 314 545; 313 544; 313 548; 312 549; 312 553; 313 554; 313 555; 316 558; 316 559; 317 560; 317 562; 318 563; 318 566; 319 567; 319 568; 320 569; 320 570; 321 571; 321 572; 322 573; 322 574; 325 577; 325 578; 328 581; 328 582; 330 584; 330 585; 331 586; 331 588; 333 590; 337 590; 339 588; 339 587; 340 586; 340 585; 341 584; 341 583; 342 582; 342 581; 343 580; 343 579; 345 577; 346 577; 349 574; 349 573; 350 572; 350 571; 351 570; 351 569; 352 568; 352 566; 353 565; 353 561; 354 560; 354 559; 355 558; 355 557; 356 556; 356 555; 357 554; 357 553; 359 551; 359 550; 360 549; 360 546; 359 545; 353 545; 352 546; 344 546; 343 545; 340 545; 339 544; 338 544; 337 543; 336 543; 335 542
37; 280 593; 278 595; 278 596; 277 597; 277 605; 276 606; 276 616; 277 617; 277 620; 276 621; 276 637; 274 639; 274 640; 273 641; 273 645; 274 646; 277 646; 278 645; 280 645; 282 643; 283 643; 284 642; 285 642; 286 641; 287 641; 288 640; 290 640; 291 639; 292 639; 293 638; 302 638; 309 631; 310 631; 314 627; 315 627; 317 625; 318 625; 319 624; 321 624; 323 622; 323 620; 322 619; 321 619; 320 618; 319 618; 318 617; 317 617; 316 616; 315 616; 308 609; 307 609; 305 607; 304 607; 303 606; 302 606; 301 605; 300 605; 299 604; 297 604; 296 603; 295 603; 293 601; 292 601; 284 593
38; 54 641; 87 656; 98 663; 103 663; 103 642; 105 636; 99 626; 100 613; 98 611; 93 612; 88 607
39; 88 607; 75 602; 68 596; 61 596; 46 588; 42 588; 43 623; 46 627; 45 638; 48 641; 54 641
40; 667 638; 664 644; 651 645; 649 649; 654 654; 659 666; 673 683; 673 693; 676 693; 684 683; 695 677; 703 664; 711 659; 712 656; 700 649; 691 648; 686 645
41; 686 645; 686 637; 691 630; 691 626; 688 623; 679 622; 665 625; 647 624; 647 630; 659 632; 667 638
42; 959 638; 959 639; 958 640; 958 651; 957 652; 957 656; 956 657; 956 659; 954 661; 954 662; 953 663; 953 664; 952 665; 952 671; 953 672; 953 674; 954 675; 954 680; 953 681; 953 685; 952 686; 952 691; 953 691; 954 692; 956 692; 957 691; 959 691; 962 688; 963 688; 964 687; 965 687; 966 686; 971 686; 972 685; 974 685; 976 683; 977 683; 978 682; 979 682; 981 680; 982 680; 983 679; 984 679; 985 678; 986 678; 987 677; 988 677; 990 675; 991 675; 992 674; 993 674; 994 673; 997 673; 998 672; 1000 672; 1002 670; 1002 667; 1001 666; 1000 666; 999 665; 998 665; 997 664; 996 664; 987 655; 987 654; 986 654; 985 653; 984 653; 983 652; 981 652; 980 651; 979 651; 978 650; 977 650; 976 649; 975 649; 973 647; 972 647; 963 638
43; 38 660; 36 662; 36 666; 37 667; 37 669; 38 670; 38 672; 37 673; 37 676; 36 677; 36 682; 37 683; 37 693; 38 694; 38 700; 37 701; 37 709; 38 710; 38 711; 40 713; 43 713; 44 712; 45 712; 47 710; 48 710; 51 707; 55 707; 56 706; 58 706; 60 704; 60 703; 62 701; 62 700; 63 699; 64 699; 67 696; 68 696; 70 694; 71 694; 73 692; 74 692; 77 689; 78 689; 83 684; 83 682; 81 680; 80 680; 78 678; 76 678; 75 677; 73 677; 72 676; 70 676; 69 675; 68 675; 67 674; 66 674; 61 669; 60 669; 58 667; 56 667; 55 666; 52 666; 51 665; 50 665; 48 663; 47 663; 46 662; 45 662; 43 660
44; 614 708; 613 709; 612 709; 611 710; 611 711; 610 712; 610 720; 611 721; 611 723; 612 724; 612 729; 613 730; 613 732; 614 733; 614 736; 615 737; 615 744; 617 746; 617 751; 616 752; 616 760; 619 760; 620 759; 621 759; 624 756; 625 756; 627 754; 628 754; 629 753; 633 753; 634 752; 637 752; 640 749; 640 746; 644 742; 645 742; 647 740; 648 740; 649 739; 650 739; 652 737; 653 737; 654 736; 655 736; 657 734; 658 734; 661 731; 661 728; 660 727; 658 727; 657 726; 656 726; 655 725; 654 725; 653 724; 652 724; 651 723; 649 723; 648 722; 647 722; 646 721; 645 721; 644 720; 643 720; 642 719; 640 719; 639 718; 638 718; 634 714; 633 714; 632 713; 629 713; 628 712; 626 712; 624 710; 623 710; 622 709; 620 709; 619 708
45; 549 738; 544 743; 542 756; 538 760; 539 768; 545 768; 555 774; 565 776; 576 783; 581 783; 575 771; 593 767; 593 764; 580 760; 579 755
46; 579 755; 587 750; 600 750; 598 746; 592 743; 593 740; 599 738; 599 735; 585 730; 579 724; 568 724; 561 715; 555 714; 554 728; 549 738
47; 924 740; 924 741; 923 742; 923 744; 924 745; 924 748; 925 749; 925 750; 926 751; 926 752; 927 753; 927 754; 928 755; 928 756; 929 757; 929 758; 930 759; 930 760; 931 761; 931 763; 932 764; 932 769; 933 770; 933 771; 936 774; 936 775; 937 776; 937 778; 938 779; 938 781; 939 782; 939 783; 940 784; 940 786; 941 787; 941 788; 943 790; 946 790; 948 788; 948 787; 949 786; 949 785; 950 784; 950 783; 953 780; 954 780; 956 778; 956 777; 957 776; 957 772; 959 770; 959 769; 961 767; 961 766; 963 764; 963 763; 965 761; 965 760; 968 757; 968 756; 969 755; 969 754; 970 753; 970 751; 971 750; 971 749; 973 747; 973 742; 972 741; 961 741; 960 740; 952 740; 951 741; 932 741; 931 740
48; 508 731; 508 732; 507 733; 507 736; 506 737; 506 738; 505 739; 505 740; 503 742; 502 742; 499 745; 499 747; 498 748; 498 751; 494 755; 494 756; 493 757; 493 758; 492 759; 492 760; 491 761; 491 762; 490 763; 490 764; 489 765; 489 767; 484 772; 484 776; 485 777; 506 777; 507 778; 521 778; 522 777; 525 777; 526 776; 529 776; 530 777; 535 777; 536 776; 537 776; 537 775; 538 774; 538 771; 537 770; 538 769; 538 764; 537 763; 537 760; 536 761; 532 761; 529 758; 529 757; 528 756; 528 755; 525 752; 525 751; 522 748; 522 747; 521 746; 521 745; 520 744; 520 743; 519 742; 519 741; 518 740; 518 739; 517 738; 517 736; 516 735; 516 734; 513 731
49; 925 781; 923 783; 923 787; 922 788; 922 789; 921 790; 921 791; 919 793; 919 794; 918 795; 918 797; 917 798; 917 799; 916 800; 916 803; 915 804; 915 807; 913 809; 913 811; 912 812; 912 813; 911 814; 911 819; 909 821; 909 822; 907 824; 907 828; 906 829; 906 830; 905 831; 905 833; 906 834; 908 834; 909 833; 912 833; 913 832; 926 832; 927 831; 934 831; 935 830; 940 830; 941 829; 944 829; 945 828; 954 828; 956 826; 956 823; 955 822; 955 821; 953 819; 953 818; 947 812; 947 811; 945 809; 945 808; 944 807; 944 800; 943 799; 942 799; 939 796; 939 795; 934 790; 934 789; 933 788; 933 787; 931 785; 931 784; 929 782; 928 782; 927 781
50; 753 807; 751 809; 751 810; 750 811; 750 813; 749 814; 749 815; 748 816; 748 817; 746 819; 746 820; 745 821; 745 823; 744 824; 744 825; 743 826; 743 827; 742 828; 742 829; 741 830; 741 834; 740 835; 740 837; 739 838; 739 840; 738 841; 738 845; 737 846; 737 847; 736 848; 736 849; 735 850; 735 851; 730 856; 730 859; 735 859; 736 858; 738 858; 739 857; 745 857; 746 856; 747 857; 749 857; 750 858; 751 858; 753 860; 756 860; 757 859; 758 859; 760 857; 762 857; 763 856; 768 856; 769 855; 775 855; 776 854; 780 854; 781 853; 781 850; 778 847; 778 846; 776 844; 776 842; 775 841; 775 838; 774 837; 774 835; 773 834; 773 833; 772 832; 772 831; 771 830; 771 829; 768 826; 768 825; 766 823; 765 823; 763 821; 763 820; 762 819; 762 818; 760 816; 760 815; 759 814; 759 813; 758 812; 758 808; 757 807
51; 394 810; 393 811; 393 812; 392 813; 392 815; 391 816; 391 818; 390 819; 390 830; 389 831; 389 833; 383 839; 383 843; 385 845; 385 846; 386 847; 386 850; 385 851; 385 853; 384 854; 384 855; 383 856; 383 857; 382 858; 382 864; 383 864; 384 865; 386 865; 387 864; 391 864; 392 863; 394 863; 395 862; 396 862; 397 861; 398 861; 399 860; 400 860; 401 859; 402 859; 403 858; 404 858; 405 857; 408 857; 409 856; 410 856; 411 855; 412 855; 416 851; 417 851; 418 850; 419 850; 420 849; 421 849; 422 848; 428 848; 429 847; 432 847; 433 846; 433 842; 432 842; 430 840; 429 840; 422 833; 422 832; 419 829; 417 829; 416 828; 414 828; 403 817; 403 816; 402 815; 402 814; 398 810
52; 312 816; 312 817; 311 818; 311 819; 310 820; 310 824; 311 825; 311 829; 310 830; 310 832; 309 833; 309 834; 307 836; 307 837; 306 838; 306 842; 307 843; 306 844; 306 847; 305 848; 305 856; 304 857; 304 858; 302 860; 302 861; 301 862; 301 866; 302 867; 307 867; 308 866; 309 866; 310 865; 311 865; 312 864; 313 864; 314 863; 316 863; 317 862; 318 862; 319 861; 321 861; 322 860; 324 860; 325 859; 330 859; 331 858; 332 858; 333 857; 334 857; 335 856; 336 856; 337 855; 339 855; 340 854; 348 854; 350 852; 350 849; 349 848; 348 848; 345 845; 345 841; 335 831; 334 831; 327 824; 327 823; 326 822; 325 822; 323 820; 322 820; 321 819; 320 819; 317 816
53; 22 841; 21 842; 21 850; 25 854; 25 855; 26 856; 26 857; 27 858; 27 869; 28 869; 33 874; 33 875; 34 876; 34 877; 35 878; 35 879; 36 880; 36 881; 37 882; 37 883; 38 884; 38 885; 39 886; 39 887; 40 888; 40 889; 41 890; 43 890; 44 889; 45 889; 48 886; 48 885; 49 884; 49 882; 50 881; 50 880; 51 879; 51 878; 52 877; 52 876; 53 875; 53 874; 54 873; 54 872; 55 871; 55 869; 58 866; 59 866; 60 865; 61 865; 63 863; 63 862; 64 861; 64 856; 66 854; 66 853; 68 851; 68 850; 71 847; 71 843; 70 842; 58 842; 57 843; 35 843; 34 844; 33 843; 29 843; 28 842; 26 842; 25 841
54; 963 844; 962 845; 960 845; 959 846; 956 846; 955 847; 953 847; 952 846; 949 846; 948 845; 944 845; 943 846; 943 849; 945 851; 945 852; 946 853; 946 854; 947 855; 947 860; 948 861; 948 862; 950 864; 950 865; 951 866; 951 867; 952 868; 952 869; 953 870; 953 871; 954 872; 954 874; 955 875; 955 877; 956 878; 956 879; 957 880; 957 881; 959 883; 959 884; 960 885; 960 888; 961 889; 961 891; 964 894; 966 894; 967 893; 968 893; 968 892; 970 890; 970 889; 971 888; 971 887; 972 886; 972 884; 973 883; 973 882; 974 881; 974 880; 975 879; 976 879; 979 876; 979 875; 980 874; 980 873; 981 872; 981 871; 984 868; 984 867; 985 866; 985 864; 986 863; 986 861; 987 860; 987 859; 988 858; 988 857; 989 856; 989 855; 990 854; 990 853; 993 850; 993 847; 991 845; 988 845; 987 846; 974 846; 973 845; 970 845; 969 844
55; 458 839; 457 840; 457 846; 458 847; 458 848; 456 850; 455 850; 453 852; 452 852; 450 854; 450 856; 451 857; 452 857; 455 860; 455 861; 454 862; 454 863; 452 865; 452 881; 451 882; 451 883; 450 884; 450 886; 449 887; 449 888; 448 889; 448 893; 455 893; 456 892; 457 892; 458 891; 459 891; 460 890; 463 890; 464 889; 467 889; 468 888; 471 888; 472 887; 473 887; 478 882; 479 882; 480 881; 481 881; 482 880; 483 880; 484 879; 486 879; 487 878; 490 878; 491 877; 492 877; 493 876; 494 876; 495 875; 496 875; 498 873; 498 870; 496 868; 494 868; 493 867; 492 867; 490 865; 489 865; 488 864; 488 863; 486 861; 486 860; 484 858; 483 858; 482 857; 481 857; 480 856; 479 856; 476 853; 475 853; 465 843; 465 842; 463 840; 463 839
56; 718 862; 718 870; 717 871; 717 875; 716 876; 716 878; 715 879; 715 886; 714 887; 714 888; 713 889; 713 891; 714 892; 714 893; 715 894; 715 912; 714 913; 714 917; 719 917; 720 916; 721 916; 722 915; 723 915; 724 914; 725 914; 727 912; 728 912; 729 911; 731 911; 732 910; 734 910; 735 909; 737 909; 739 907; 740 907; 743 904; 744 904; 750 898; 751 898; 752 897; 753 897; 754 896; 756 896; 757 895; 758 895; 759 894; 760 894; 762 892; 762 888; 761 888; 760 887; 759 887; 758 886; 757 886; 756 885; 754 885; 751 882; 750 882; 748 880; 747 880; 745 878; 744 878; 740 874; 739 874; 737 872; 736 872; 735 871; 734 871; 733 870; 732 870; 731 869; 730 869; 725 864; 724 864; 723 863; 722 863; 721 862
57; 560 877; 559 878; 558 878; 557 879; 557 880; 556 881; 556 882; 555 883; 555 884; 554 885; 554 886; 546 894; 545 894; 539 900; 539 901; 538 902; 538 904; 537 905; 537 906; 536 907; 536 908; 535 909; 535 910; 527 918; 527 921; 528 921; 529 922; 537 922; 538 923; 544 923; 545 924; 549 924; 550 925; 553 925; 554 926; 567 926; 568 927; 569 927; 570 928; 571 928; 573 930; 575 930; 576 929; 577 929; 578 928; 578 924; 577 923; 577 922; 575 920; 575 918; 574 917; 574 913; 573 912; 573 908; 574 907; 574 901; 571 898; 570 898; 569 897; 569 896; 568 895; 568 894; 567 893; 567 892; 566 891; 566 889; 565 888; 565 884; 566 883; 566 881; 565 880; 565 879; 564 878; 563 878; 562 877
58; 257 881; 256 882; 255 882; 253 884; 252 884; 246 890; 245 890; 243 892; 242 892; 238 896; 238 897; 236 899; 236 900; 226 910; 225 910; 223 912; 222 912; 221 913; 220 913; 219 914; 218 914; 216 916; 216 918; 217 919; 218 919; 219 920; 225 920; 226 921; 228 921; 229 922; 230 922; 231 923; 232 923; 238 929; 245 929; 247 931; 248 931; 249 932; 252 932; 253 933; 256 933; 257 934; 259 934; 260 935; 264 935; 266 933; 266 930; 268 928; 268 919; 267 919; 264 916; 264 913; 263 912; 263 909; 262 908; 262 905; 263 904; 263 899; 261 897; 261 896; 260 895; 260 882; 259 881
59; 501 896; 500 897; 497 897; 496 898; 491 898; 490 897; 473 897; 472 898; 469 898; 468 897; 458 897; 457 898; 457 901; 458 902; 458 903; 460 905; 460 906; 461 907; 461 909; 462 910; 462 911; 463 912; 463 913; 465 915; 465 916; 466 917; 466 920; 467 921; 467 924; 468 925; 468 928; 474 934; 474 937; 475 938; 474 939; 474 942; 475 943; 475 944; 476 945; 476 946; 477 946; 478 947; 481 947; 481 946; 482 945; 482 943; 483 942; 483 941; 486 938; 486 937; 488 935; 488 934; 494 928; 494 927; 495 926; 495 923; 496 922; 496 921; 501 916; 501 915; 502 914; 502 912; 503 911; 503 908; 504 907; 504 905; 505 904; 505 903; 507 901; 507 897; 506 896
60; 307 890; 306 891; 305 891; 305 892; 298 899; 297 899; 296 900; 295 900; 293 902; 291 902; 289 904; 288 904; 288 905; 286 907; 286 908; 282 912; 281 912; 277 916; 276 916; 275 917; 274 917; 273 918; 271 918; 270 919; 269 919; 269 927; 270 927; 271 928; 273 928; 274 929; 276 929; 278 931; 279 931; 280 932; 281 932; 282 933; 284 933; 285 934; 288 934; 289 935; 291 935; 292 936; 293 936; 294 937; 295 937; 296 938; 298 938; 299 939; 302 939; 303 940; 304 940; 305 941; 306 941; 307 942; 308 942; 309 943; 310 943; 311 944; 313 944; 314 943; 315 943; 315 936; 314 935; 314 927; 315 926; 315 922; 314 921; 314 920; 313 919; 313 918; 312 917; 312 907; 311 906; 311 901; 310 900; 310 891; 309 890
61; 668 906; 666 908; 666 912; 665 913; 665 922; 664 923; 664 924; 663 925; 663 927; 662 928; 662 930; 661 931; 661 935; 660 936; 660 942; 659 943; 659 946; 658 947; 658 952; 657 953; 657 954; 656 955; 656 956; 655 957; 655 958; 654 959; 654 962; 655 963; 659 963; 660 962; 661 962; 663 960; 664 960; 665 959; 668 959; 669 958; 674 958; 675 957; 676 957; 677 956; 678 956; 680 954; 681 954; 683 952; 684 952; 685 951; 687 951; 688 950; 689 950; 690 949; 691 949; 692 948; 694 948; 695 947; 699 947; 700 946; 703 946; 705 944; 705 940; 703 938; 702 938; 696 932; 695 932; 694 931; 694 930; 689 925; 689 922; 688 921; 688 920; 687 919; 685 919; 684 918; 681 918; 680 917; 679 917; 676 914; 676 913; 674 911; 674 910; 673 909; 673 908; 672 907; 671 907; 670 906
62; 91 941; 89 943; 89 945; 88 946; 88 948; 86 950; 86 951; 80 957; 80 958; 79 959; 79 964; 78 965; 78 967; 77 968; 77 969; 74 972; 74 973; 72 975; 72 976; 71 977; 71 978; 70 979; 70 981; 69 982; 69 983; 67 985; 67 986; 66 987; 66 989; 67 990; 83 990; 84 991; 87 991; 88 992; 90 992; 91 993; 93 993; 94 992; 96 992; 97 991; 98 991; 99 990; 103 990; 104 989; 107 989; 108 990; 113 990; 114 989; 117 989; 118 988; 119 988; 119 984; 116 981; 116 980; 115 979; 115 976; 114 975; 114 972; 113 971; 113 970; 112 969; 112 968; 109 965; 109 964; 108 963; 108 962; 107 961; 107 960; 105 958; 105 957; 102 954; 102 953; 101 952; 101 951; 100 950; 100 948; 99 947; 99 945; 95 941
63; 772 997; 772 1001; 755 1006; 728 1008; 727 1013; 731 1023; 741 1023; 743 1018; 758 1014; 762 1016; 761 1023; 769 1023; 781 999
64; 781 999; 823 992; 823 987; 815 976; 813 967; 806 962; 796 946; 793 947; 786 966; 778 979; 778 987; 772 997
65; 406 968; 405 969; 401 969; 400 970; 397 970; 396 971; 394 971; 393 972; 377 972; 376 973; 374 973; 373 974; 371 974; 369 976; 369 979; 377 987; 377 988; 378 989; 378 990; 379 991; 379 995; 380 996; 380 997; 381 998; 381 999; 382 999; 389 1006; 389 1007; 391 1009; 391 1010; 392 1011; 392 1013; 393 1014; 393 1016; 394 1017; 394 1019; 396 1021; 398 1021; 401 1018; 401 1015; 402 1014; 402 1012; 405 1009; 405 1008; 406 1007; 406 1006; 407 1005; 407 1003; 408 1002; 408 999; 409 998; 409 997; 410 996; 410 995; 412 993; 412 992; 414 990; 414 987; 415 986; 415 983; 419 979; 419 978; 421 976; 421 975; 422 974; 422 973; 423 972; 423 969; 422 968
66; 991 989; 988 992; 987 992; 984 995; 983 995; 973 1005; 972 1005; 963 1014; 962 1014; 954 1022; 954 1023; 967 1023; 967 1022; 975 1014; 976 1014; 981 1009; 982 1009; 984 1007; 986 1007; 989 1010; 989 1019; 990 1020; 990 1023; 998 1023; 998 1017; 997 1016; 997 1014; 998 1013; 998 1006; 999 1005; 999 1002; 998 1001; 998 999; 997 998; 997 996; 996 995; 996 993; 995 992; 995 990; 994 989
67; 182 997; 180 999; 180 1003; 181 1004; 181 1005; 182 1006; 182 1008; 181 1009; 181 1011; 178 1014; 178 1015; 177 1016; 177 1023; 186 1023; 186 1022; 187 1021; 187 1018; 188 1017; 189 1017; 190 1016; 191 1016; 192 1017; 193 1017; 198 1022; 198 1023; 212 1023; 212 1021; 208 1017; 207 1017; 199 1009; 198 1009; 192 1003; 192 1002; 188 998; 187 998; 186 997
68; 300 996; 299 997; 299 999; 298 1000; 298 1004; 297 1005; 297 1013; 296 1014; 296 1016; 295 1017; 295 1018; 291 1022; 291 1023; 302 1023; 302 1020; 303 1019; 303 1018; 306 1015; 308 1015; 309 1016; 310 1016; 312 1018; 313 1018; 316 1021; 316 1023; 330 1023; 330 1020; 329 1019; 329 1018; 325 1014; 324 1014; 323 1013; 322 1013; 320 1011; 319 1011; 310 1002; 310 1001; 309 1000; 309 999; 307 997; 306 997; 305 996
69; 508 982; 507 983; 507 986; 508 987; 508 989; 509 990; 509 992; 508 993; 508 996; 507 997; 507 1000; 508 1001; 508 1003; 509 1004; 509 1005; 510 1006; 510 1011; 509 1012; 509 1020; 510 1021; 510 1023; 532 1023; 532 1022; 535 1019; 536 1019; 545 1010; 546 1010; 550 1006; 551 1006; 552 1005; 553 1005; 554 1004; 555 1004; 558 1001; 558 999; 556 997; 555 997; 554 996; 548 996; 547 995; 545 995; 543 993; 542 993; 539 990; 539 987; 538 986; 534 986; 533 987; 530 987; 529 988; 525 988; 524 987; 523 987; 522 986; 520 986; 519 985; 518 985; 517 984; 516 984; 515 983; 513 983; 512 982
