0; 137 0; 137 1; 134 4; 134 8; 135 9; 136 9; 141 14; 142 14; 145 17; 146 17; 149 20; 149 21; 153 25; 153 26; 155 28; 155 29; 158 32; 159 32; 160 33; 162 33; 163 34; 164 34; 168 38; 168 39; 169 40; 169 41; 171 43; 171 44; 174 47; 179 47; 181 45; 181 35; 182 34; 182 32; 183 31; 183 29; 184 28; 184 27; 185 26; 185 24; 187 22; 193 22; 193 20; 192 19; 192 18; 190 16; 190 11; 191 10; 191 6; 193 4; 193 3; 194 2; 194 0
1; 440 0; 434 6; 433 6; 432 7; 429 7; 428 8; 427 8; 426 9; 425 9; 424 10; 423 10; 422 11; 420 11; 419 12; 416 12; 415 13; 414 13; 413 14; 412 14; 412 18; 415 21; 416 21; 418 23; 419 23; 424 28; 424 29; 425 30; 425 31; 426 32; 426 33; 428 35; 433 35; 435 37; 436 37; 438 39; 439 39; 440 40; 441 40; 442 41; 443 41; 446 44; 447 44; 453 50; 453 51; 455 53; 456 53; 457 54; 461 54; 463 52; 463 46; 462 45; 462 38; 463 37; 463 35; 464 34; 464 32; 465 31; 465 29; 466 28; 466 27; 467 26; 467 25; 470 22; 470 19; 469 18; 469 15; 468 14; 468 13; 469 12; 469 9; 471 7; 471 5; 472 4; 472 0
2; 926 0; 926 3; 928 5; 928 6; 929 7; 929 8; 930 9; 930 10; 931 11; 931 16; 932 17; 932 22; 930 24; 924 24; 923 23; 923 27; 922 28; 922 33; 924 33; 926 35; 927 35; 928 36; 937 36; 938 37; 940 37; 941 38; 946 38; 947 37; 948 37; 948 30; 947 29; 947 27; 946 26; 946 25; 945 24; 945 23; 944 22; 944 20; 943 19; 943 11; 945 9; 945 7; 940 2; 940 0
3; 79 5; 78 6; 77 6; 76 7; 75 7; 73 9; 72 9; 71 10; 70 10; 68 12; 67 12; 65 14; 63 14; 62 15; 61 15; 58 18; 57 18; 50 25; 49 25; 48 26; 47 26; 45 28; 44 28; 43 29; 42 29; 41 30; 40 30; 36 34; 35 34; 34 35; 33 35; 32 36; 31 36; 30 37; 29 37; 27 39; 27 42; 28 43; 34 43; 35 44; 37 44; 38 45; 39 45; 49 55; 51 55; 52 56; 60 56; 61 57; 63 57; 64 58; 65 58; 68 61; 69 61; 71 63; 72 63; 74 65; 75 65; 76 66; 77 66; 78 67; 81 67; 82 66; 84 66; 86 64; 86 57; 85 56; 85 51; 84 50; 84 48; 83 47; 83 39; 84 38; 84 20; 83 19; 83 8; 82 7; 82 6; 81 5
4; 514 13; 513 14; 512 14; 510 16; 510 32; 511 33; 511 48; 510 49; 510 54; 511 55; 511 60; 510 61; 510 65; 511 66; 511 74; 512 75; 512 76; 516 76; 518 74; 519 74; 521 72; 522 72; 523 71; 526 71; 528 69; 529 69; 532 66; 533 66; 534 65; 535 65; 538 62; 539 62; 540 61; 543 61; 544 60; 545 60; 546 59; 546 58; 549 55; 550 55; 552 53; 553 53; 554 52; 555 52; 556 51; 557 51; 558 50; 559 50; 560 49; 561 49; 562 48; 563 48; 564 47; 565 47; 566 46; 567 46; 569 44; 569 41; 568 41; 567 40; 564 40; 563 39; 562 39; 560 37; 559 37; 558 36; 557 36; 556 35; 555 35; 553 33; 552 33; 548 29; 547 29; 546 28; 545 28; 543 26; 543 25; 536 25; 535 24; 534 24; 531 21; 528 21; 527 20; 525 20; 524 19; 523 19; 517 13
5; 884 30; 872 31; 872 35; 877 43; 876 55; 881 63; 881 71; 888 89; 896 86; 907 76; 913 75; 918 64; 933 47; 931 39; 919 41; 907 36
6; 907 36; 910 33; 916 34; 921 32; 922 23; 908 18; 920 0; 907 0; 886 22; 884 30
7; 828 60; 827 61; 826 61; 817 70; 816 70; 814 72; 813 72; 809 76; 808 76; 807 77; 804 77; 803 78; 802 78; 801 79; 800 79; 799 80; 799 81; 798 82; 798 84; 797 85; 797 86; 795 88; 793 88; 792 89; 791 89; 790 90; 789 90; 786 93; 785 93; 784 94; 783 94; 779 98; 779 100; 780 101; 780 102; 782 104; 786 104; 787 105; 790 105; 791 106; 792 106; 793 107; 795 107; 796 108; 797 108; 799 110; 800 110; 801 111; 803 111; 804 112; 807 112; 808 113; 811 113; 813 115; 814 115; 815 116; 821 116; 822 117; 825 117; 826 118; 827 118; 828 119; 829 119; 830 120; 831 120; 832 121; 834 121; 835 122; 836 122; 838 124; 840 124; 843 121; 843 120; 844 119; 844 117; 843 116; 843 114; 842 113; 842 112; 841 111; 841 110; 840 109; 840 105; 841 104; 841 102; 842 101; 842 96; 841 95; 841 93; 840 92; 840 91; 839 90; 839 88; 838 87; 838 86; 837 85; 837 81; 836 80; 836 70; 834 68; 834 67; 833 66; 833 64; 832 63; 832 62; 830 60
8; 535 97; 534 98; 532 98; 531 99; 530 99; 529 100; 528 100; 527 101; 524 101; 522 103; 521 103; 518 106; 516 106; 515 107; 512 107; 511 108; 510 108; 509 109; 508 109; 507 110; 506 110; 505 111; 504 111; 501 114; 500 114; 498 116; 497 116; 496 117; 495 117; 494 118; 492 118; 491 119; 489 119; 488 120; 486 120; 485 121; 484 121; 482 123; 482 128; 484 130; 485 130; 486 131; 487 131; 488 132; 491 132; 492 133; 493 133; 494 134; 495 134; 496 135; 496 136; 497 137; 497 138; 498 139; 498 141; 499 142; 499 143; 501 145; 507 145; 509 147; 510 147; 513 150; 513 151; 514 151; 516 153; 519 153; 520 154; 521 154; 523 156; 524 156; 529 161; 530 161; 531 162; 533 162; 534 161; 534 160; 535 159; 535 156; 536 155; 536 152; 537 151; 537 148; 538 147; 538 140; 537 139; 537 128; 539 126; 539 125; 540 124; 540 117; 539 116; 539 112; 540 111; 540 108; 541 107; 541 105; 542 104; 542 99; 540 97
9; 373 108; 372 109; 371 109; 371 110; 370 111; 370 113; 371 114; 371 116; 372 117; 372 118; 373 119; 373 120; 374 121; 374 123; 375 124; 375 126; 374 127; 374 135; 375 136; 375 138; 376 139; 376 140; 377 141; 377 144; 378 145; 378 147; 379 148; 379 151; 380 152; 380 153; 381 154; 381 156; 382 157; 382 168; 384 170; 388 170; 393 165; 394 165; 396 163; 397 163; 402 158; 403 158; 410 151; 411 151; 412 152; 413 152; 414 153; 418 153; 419 152; 419 150; 418 149; 418 148; 417 147; 417 145; 418 144; 418 143; 420 141; 420 140; 421 139; 421 138; 424 135; 425 135; 426 134; 428 134; 429 133; 430 133; 433 130; 433 129; 434 128; 434 126; 432 124; 431 124; 430 123; 424 123; 423 122; 421 122; 420 121; 419 121; 418 120; 417 120; 416 119; 415 119; 414 118; 413 118; 412 117; 405 117; 404 116; 402 116; 401 115; 399 115; 398 114; 397 114; 396 113; 392 113; 391 112; 382 112; 381 111; 380 111; 377 108
10; 604 119; 603 120; 601 120; 600 121; 597 121; 596 122; 593 122; 592 123; 583 123; 582 124; 571 124; 570 125; 568 125; 567 126; 566 126; 565 127; 564 127; 563 128; 554 128; 553 129; 549 129; 548 130; 548 135; 550 137; 551 137; 561 147; 561 152; 560 153; 560 154; 559 155; 559 157; 560 158; 563 158; 564 157; 568 157; 573 162; 573 163; 574 164; 574 165; 578 169; 578 170; 579 171; 579 172; 580 173; 580 176; 581 177; 581 178; 582 179; 582 180; 585 180; 589 176; 590 176; 594 172; 594 170; 595 169; 595 167; 596 166; 596 164; 597 163; 597 162; 598 161; 598 160; 599 159; 599 158; 600 157; 600 154; 601 153; 601 152; 603 150; 604 150; 604 149; 605 148; 605 147; 606 146; 606 142; 607 141; 607 134; 608 133; 608 132; 609 131; 609 130; 610 129; 611 129; 614 126; 614 125; 615 124; 615 122; 613 120; 612 120; 611 119
11; 164 147; 163 148; 163 149; 162 150; 162 151; 161 152; 161 153; 159 155; 159 156; 157 158; 157 159; 148 168; 148 169; 147 170; 147 176; 146 177; 146 179; 141 184; 141 187; 140 188; 140 191; 139 192; 139 193; 138 194; 138 195; 137 196; 137 197; 135 199; 135 200; 134 201; 134 204; 136 206; 138 206; 139 207; 145 207; 146 206; 149 206; 150 205; 152 205; 153 204; 155 204; 156 203; 160 203; 161 204; 162 204; 163 205; 163 207; 164 208; 164 209; 167 209; 169 207; 170 207; 173 204; 176 204; 177 203; 183 203; 184 204; 187 204; 188 203; 190 203; 191 202; 198 202; 198 201; 199 200; 199 199; 201 197; 201 193; 195 187; 195 186; 193 184; 193 183; 182 172; 182 171; 181 170; 181 169; 180 168; 180 166; 179 165; 179 164; 178 163; 178 162; 171 155; 171 154; 170 153; 170 151; 169 150; 169 149; 167 147
12; 702 197; 701 198; 701 199; 700 200; 700 201; 699 202; 699 207; 698 208; 698 212; 697 213; 697 233; 696 234; 696 242; 695 243; 695 245; 694 246; 694 248; 693 249; 693 253; 692 254; 692 261; 693 262; 694 262; 695 263; 697 263; 698 262; 699 262; 704 257; 706 257; 707 258; 709 258; 710 257; 712 257; 713 256; 721 256; 722 255; 724 255; 724 254; 725 253; 725 252; 728 249; 730 249; 731 248; 737 248; 738 247; 739 247; 741 245; 742 245; 743 244; 744 244; 745 243; 746 243; 747 242; 748 242; 749 241; 750 241; 751 240; 753 240; 755 238; 755 237; 756 236; 756 234; 755 233; 755 232; 754 232; 753 231; 751 231; 750 230; 748 230; 747 229; 746 229; 744 227; 743 227; 742 226; 741 226; 738 223; 737 223; 732 218; 732 214; 734 212; 735 212; 735 209; 733 209; 731 211; 730 211; 729 212; 725 212; 724 211; 722 211; 721 210; 720 210; 719 209; 718 209; 713 204; 713 203; 710 200; 709 200; 707 198; 706 198; 705 197
13; 372 245; 371 246; 371 250; 372 251; 372 252; 373 253; 373 254; 374 255; 374 257; 375 258; 375 259; 376 260; 376 261; 377 262; 377 266; 378 267; 378 268; 381 271; 381 272; 382 273; 382 279; 384 281; 384 283; 385 284; 385 286; 387 288; 387 290; 388 291; 388 295; 392 299; 392 300; 393 301; 393 303; 394 304; 394 305; 395 306; 398 306; 399 305; 400 305; 403 302; 403 300; 404 299; 404 298; 405 297; 405 296; 407 294; 408 294; 409 293; 410 293; 411 292; 412 292; 413 291; 414 291; 419 286; 419 285; 420 284; 420 283; 422 281; 422 280; 425 277; 425 276; 426 275; 426 273; 427 272; 427 271; 430 268; 431 268; 436 263; 437 263; 437 262; 438 261; 438 256; 436 254; 435 254; 434 253; 420 253; 419 252; 417 252; 416 251; 411 251; 410 250; 409 250; 405 246; 403 246; 402 247; 400 247; 399 248; 394 248; 393 247; 385 247; 384 246; 380 246; 379 245
14; 967 257; 966 258; 963 258; 962 259; 960 259; 959 260; 958 260; 957 259; 948 259; 947 260; 945 260; 944 261; 933 261; 932 262; 929 262; 928 263; 919 263; 918 262; 914 262; 912 264; 912 269; 913 270; 913 271; 922 280; 922 281; 923 282; 923 283; 924 284; 924 287; 925 288; 925 289; 926 290; 926 292; 927 293; 927 296; 929 298; 930 298; 931 299; 933 299; 935 301; 936 301; 939 304; 939 305; 941 307; 941 310; 942 311; 942 312; 947 317; 952 317; 954 315; 954 307; 955 306; 955 305; 960 300; 960 298; 961 297; 961 293; 962 292; 962 289; 963 288; 963 287; 965 285; 965 284; 968 281; 968 280; 969 279; 969 278; 970 277; 970 276; 971 275; 971 274; 972 273; 972 272; 973 271; 973 270; 974 269; 974 266; 975 265; 975 264; 976 263; 976 258; 975 258; 974 257
15; 653 310; 652 311; 652 312; 651 313; 651 315; 650 316; 650 317; 649 318; 649 319; 647 321; 647 323; 646 324; 646 325; 645 326; 645 327; 643 329; 643 330; 641 332; 641 337; 640 338; 640 340; 638 342; 644 342; 645 343; 651 343; 651 342; 652 341; 652 340; 653 339; 653 338; 655 336; 657 336; 662 341; 663 341; 667 345; 667 346; 668 347; 668 349; 669 350; 669 352; 671 352; 672 353; 675 353; 676 354; 678 354; 679 355; 680 355; 681 356; 682 356; 683 357; 690 357; 690 356; 691 355; 691 354; 681 344; 681 343; 679 341; 679 340; 675 336; 675 331; 674 330; 674 329; 671 326; 670 326; 669 325; 668 325; 664 321; 664 320; 663 319; 663 317; 662 316; 662 315; 661 314; 660 314; 656 310
16; 1022 276; 1017 281; 1017 283; 1016 284; 1016 285; 1015 286; 1015 287; 1014 288; 1014 289; 1012 291; 1012 292; 1011 293; 1011 294; 1009 296; 1009 298; 1008 299; 1008 300; 1001 307; 1000 307; 999 308; 997 308; 996 307; 995 307; 994 306; 993 306; 991 304; 990 304; 986 300; 983 300; 981 302; 981 303; 980 304; 980 312; 979 313; 979 315; 980 316; 980 318; 981 319; 981 321; 982 322; 982 327; 979 330; 979 331; 978 332; 978 333; 977 334; 977 338; 978 339; 978 340; 979 341; 979 342; 980 343; 980 363; 981 364; 984 364; 985 363; 986 363; 990 359; 991 359; 992 358; 993 358; 994 357; 996 357; 997 358; 1001 358; 1002 357; 1004 357; 1003 356; 1003 353; 1004 352; 1004 351; 1005 350; 1006 350; 1008 348; 1009 348; 1010 347; 1012 347; 1013 346; 1015 346; 1016 345; 1023 345; 1023 323; 1022 322; 1020 322; 1019 321; 1018 321; 1015 318; 1014 318; 1013 317; 1012 317; 1010 315; 1010 314; 1009 313; 1009 312; 1012 309; 1023 309; 1023 276
17; 235 304; 232 307; 232 309; 231 310; 231 311; 230 312; 230 313; 224 319; 223 319; 220 322; 220 323; 217 326; 217 327; 214 330; 213 330; 212 331; 211 331; 206 336; 206 337; 204 339; 204 340; 198 346; 198 347; 197 348; 197 352; 200 355; 201 355; 202 356; 208 356; 209 355; 213 355; 214 356; 216 356; 217 357; 218 357; 220 359; 221 359; 224 362; 225 362; 226 363; 230 363; 231 362; 239 362; 240 363; 243 363; 244 364; 246 364; 247 365; 252 365; 253 366; 258 366; 259 365; 259 362; 258 361; 258 360; 257 359; 257 358; 256 357; 256 353; 255 352; 255 350; 254 349; 254 344; 253 343; 253 341; 251 339; 251 338; 250 337; 250 331; 249 330; 249 328; 247 326; 247 323; 246 322; 246 321; 245 320; 245 319; 244 318; 244 317; 243 316; 243 309; 242 308; 242 307; 240 305; 239 305; 238 304
18; 638 343; 636 345; 636 346; 635 347; 635 348; 634 349; 634 350; 633 351; 633 354; 632 355; 632 357; 630 359; 630 360; 629 361; 629 362; 628 363; 628 364; 627 365; 627 366; 626 367; 631 372; 633 370; 634 370; 635 369; 645 369; 646 368; 650 368; 651 369; 653 369; 655 371; 659 371; 660 370; 661 370; 662 369; 663 369; 664 368; 664 366; 663 366; 662 365; 661 365; 658 362; 658 356; 651 356; 650 355; 649 355; 647 353; 647 349; 648 348; 648 347; 649 346; 649 345; 650 344; 645 344; 644 343
19; 315 334; 313 336; 313 337; 312 338; 312 343; 311 344; 311 347; 310 348; 310 351; 309 352; 309 357; 308 358; 308 359; 306 361; 306 362; 305 363; 305 365; 304 366; 304 369; 303 370; 303 372; 304 373; 304 376; 303 377; 303 380; 301 382; 301 383; 300 384; 300 385; 299 386; 299 388; 298 389; 298 393; 299 394; 302 394; 303 393; 304 393; 305 392; 316 392; 317 391; 318 391; 319 390; 326 390; 327 389; 328 389; 329 388; 330 388; 332 386; 333 386; 334 385; 336 385; 337 384; 341 384; 342 383; 345 383; 346 382; 353 382; 354 381; 357 381; 358 380; 360 380; 361 379; 361 376; 348 363; 348 362; 347 361; 347 355; 346 354; 344 354; 344 355; 342 357; 340 357; 333 350; 333 349; 330 346; 330 345; 326 341; 326 340; 325 339; 325 338; 324 337; 323 337; 322 336; 321 336; 319 334
20; 411 354; 410 355; 407 355; 406 356; 399 356; 398 355; 390 355; 389 356; 380 356; 379 357; 376 357; 375 356; 373 356; 372 355; 370 355; 369 356; 366 356; 365 357; 361 357; 360 358; 360 360; 365 365; 365 366; 366 367; 366 368; 367 369; 367 370; 368 371; 368 373; 369 374; 369 376; 372 379; 372 380; 373 381; 373 382; 374 383; 374 386; 375 387; 376 387; 379 390; 379 391; 380 392; 380 394; 381 395; 381 396; 384 399; 384 400; 387 403; 387 404; 388 405; 388 411; 389 412; 390 412; 391 413; 393 413; 397 409; 398 409; 398 408; 399 407; 399 403; 400 402; 400 401; 401 400; 401 399; 404 396; 404 395; 405 394; 405 393; 406 392; 406 391; 410 387; 410 384; 411 383; 411 381; 412 380; 412 379; 419 372; 419 371; 420 370; 420 369; 421 368; 421 367; 423 365; 423 364; 424 363; 424 362; 425 361; 425 358; 423 356; 422 356; 421 355; 414 355; 413 354
21; 1002 358; 1001 359; 999 359; 999 360; 1000 361; 1000 364; 999 365; 999 367; 998 368; 998 370; 995 373; 994 373; 993 374; 992 374; 992 375; 991 376; 991 378; 990 379; 990 385; 989 386; 989 388; 988 389; 988 390; 987 391; 987 393; 986 394; 986 397; 990 397; 991 398; 995 398; 996 397; 996 396; 999 393; 999 392; 1001 390; 1001 388; 1002 387; 1002 386; 1003 385; 1003 384; 1006 381; 1009 381; 1016 388; 1016 389; 1021 394; 1021 395; 1022 396; 1022 397; 1023 397; 1023 379; 1021 379; 1014 372; 1014 371; 1012 369; 1012 368; 1009 365; 1009 364; 1006 361; 1006 360; 1005 359; 1005 358
22; 692 354; 692 355; 691 356; 691 357; 698 364; 698 366; 699 367; 699 369; 698 370; 698 383; 697 384; 697 388; 698 389; 698 390; 699 391; 699 393; 700 394; 700 403; 699 404; 699 406; 698 407; 698 410; 697 411; 697 418; 698 419; 698 421; 699 422; 702 422; 703 421; 706 421; 706 420; 707 419; 707 417; 715 409; 717 409; 718 408; 720 408; 721 407; 722 407; 723 406; 724 406; 725 405; 725 404; 730 399; 731 399; 732 398; 733 398; 734 397; 735 397; 737 395; 738 395; 740 393; 742 393; 743 392; 744 392; 745 391; 746 391; 748 389; 749 389; 752 386; 753 386; 754 385; 754 383; 753 382; 753 381; 752 380; 751 380; 750 379; 749 379; 748 378; 745 378; 744 377; 742 377; 737 372; 736 372; 735 371; 733 371; 732 370; 731 370; 726 365; 725 365; 724 364; 722 364; 721 363; 720 363; 719 362; 712 362; 711 361; 709 361; 708 360; 707 360; 703 356; 702 356; 701 355; 700 355; 699 354; 697 354; 696 355; 693 355
23; 105 352; 102 355; 102 356; 90 368; 90 369; 84 375; 83 375; 82 376; 78 376; 77 377; 77 378; 76 379; 76 381; 75 382; 75 384; 70 389; 69 389; 66 392; 65 392; 64 393; 64 394; 63 395; 63 398; 64 399; 68 399; 69 400; 71 400; 72 401; 76 401; 77 402; 80 402; 81 403; 84 403; 85 404; 87 404; 88 405; 91 405; 92 404; 94 404; 95 403; 96 404; 98 404; 100 406; 101 406; 102 407; 103 407; 104 408; 108 408; 109 409; 113 409; 114 410; 115 410; 117 412; 118 412; 121 415; 122 415; 122 411; 125 408; 125 406; 123 404; 123 402; 122 401; 122 400; 121 399; 121 398; 120 397; 120 392; 119 391; 119 386; 120 385; 120 384; 122 382; 122 380; 119 380; 117 378; 117 377; 116 376; 116 375; 115 374; 115 373; 114 372; 114 370; 113 369; 113 366; 112 365; 112 363; 111 362; 111 360; 110 359; 110 357; 109 356; 109 354; 108 353; 108 352
24; 624 368; 623 369; 621 369; 620 370; 619 370; 618 371; 617 371; 616 372; 615 372; 614 373; 613 373; 612 374; 606 374; 605 375; 599 375; 598 376; 597 376; 593 380; 592 380; 590 382; 589 382; 588 383; 586 383; 585 384; 582 384; 581 385; 579 385; 578 386; 576 386; 575 387; 574 387; 573 388; 571 388; 570 389; 567 389; 566 390; 566 392; 567 393; 567 394; 568 395; 568 396; 571 399; 571 400; 573 402; 574 402; 584 412; 585 412; 592 419; 593 419; 595 421; 596 421; 598 423; 599 423; 602 426; 603 426; 604 427; 604 428; 605 429; 605 430; 608 433; 612 433; 613 432; 613 431; 614 430; 614 429; 615 428; 615 425; 616 424; 616 422; 617 421; 617 420; 619 418; 619 417; 620 416; 620 415; 621 414; 621 412; 620 411; 620 408; 621 407; 621 398; 622 397; 622 396; 623 395; 623 392; 624 391; 624 385; 625 384; 625 382; 626 381; 626 380; 627 379; 627 377; 628 376; 628 375; 630 373; 630 372; 626 368
25; 986 398; 985 399; 985 401; 983 403; 983 404; 981 406; 981 407; 980 408; 980 409; 979 410; 979 416; 980 417; 987 417; 988 416; 989 416; 990 417; 994 417; 995 416; 997 416; 998 415; 1000 415; 1001 414; 1004 414; 1005 413; 1008 413; 1009 414; 1013 414; 1015 412; 1017 412; 1018 411; 1023 411; 1023 399; 1022 399; 1020 401; 1019 401; 1018 402; 1015 402; 1014 403; 1011 403; 1010 404; 1002 404; 1001 403; 997 403; 996 402; 996 401; 995 400; 995 399; 991 399; 990 398
26; 496 390; 495 391; 494 391; 491 394; 491 395; 489 397; 489 398; 484 403; 484 404; 481 407; 481 408; 480 409; 480 410; 479 411; 479 412; 471 420; 471 421; 470 422; 470 423; 465 428; 464 428; 462 430; 462 431; 459 434; 459 435; 457 437; 457 442; 458 442; 459 443; 467 443; 468 444; 475 444; 476 445; 478 445; 481 448; 481 449; 485 449; 486 448; 487 448; 488 447; 489 447; 490 446; 495 446; 496 447; 499 447; 500 446; 504 446; 505 447; 507 447; 508 448; 509 448; 510 449; 515 449; 516 450; 521 450; 522 449; 522 440; 521 439; 521 437; 520 436; 520 434; 519 433; 519 430; 518 429; 518 428; 517 427; 517 425; 514 422; 514 421; 513 420; 513 418; 512 417; 512 411; 511 410; 511 409; 509 407; 508 407; 507 406; 506 406; 505 405; 505 404; 503 402; 503 399; 502 398; 502 396; 501 395; 501 393; 498 390
27; 126 408; 123 411; 123 416; 125 418; 125 419; 127 421; 127 422; 128 423; 128 424; 129 425; 129 427; 130 428; 130 435; 132 437; 132 438; 134 440; 134 441; 135 442; 135 444; 136 445; 136 447; 137 448; 137 457; 138 458; 138 459; 140 461; 140 462; 142 464; 142 465; 144 467; 144 468; 146 470; 150 470; 150 469; 151 468; 151 467; 152 466; 152 465; 153 464; 153 463; 155 461; 155 460; 156 459; 157 459; 158 458; 159 458; 160 457; 161 457; 162 456; 163 456; 165 454; 166 454; 167 453; 169 453; 169 451; 170 450; 170 448; 172 446; 172 445; 175 442; 175 441; 177 439; 177 438; 183 432; 184 432; 185 431; 186 431; 188 429; 188 425; 187 424; 183 424; 182 423; 181 423; 180 422; 178 422; 177 421; 175 421; 174 420; 167 420; 166 419; 165 419; 164 418; 163 418; 161 416; 152 416; 151 415; 148 415; 147 414; 143 414; 142 413; 139 413; 138 412; 133 412; 131 410; 130 410; 129 409; 128 409; 127 408
28; 93 411; 91 413; 91 414; 90 415; 90 416; 89 417; 89 420; 88 421; 88 424; 87 425; 87 427; 86 428; 86 429; 85 430; 85 431; 84 432; 84 433; 83 434; 83 435; 82 436; 82 437; 81 438; 81 439; 80 440; 80 442; 79 443; 79 446; 78 447; 78 448; 77 449; 77 450; 76 451; 76 452; 75 453; 75 455; 74 456; 74 459; 73 460; 73 461; 72 462; 72 463; 71 464; 71 465; 69 467; 69 468; 72 471; 75 471; 76 470; 77 470; 79 468; 81 468; 82 467; 93 467; 94 466; 96 466; 97 465; 108 465; 109 464; 111 464; 112 463; 116 463; 117 462; 118 462; 119 461; 130 461; 131 460; 133 460; 134 459; 134 457; 133 456; 133 455; 131 453; 130 453; 125 448; 125 447; 123 445; 123 444; 121 442; 121 441; 113 433; 113 432; 110 429; 110 428; 109 428; 103 422; 103 421; 100 418; 100 417; 99 416; 99 415; 95 411
29; 703 422; 702 423; 699 423; 697 425; 697 426; 694 429; 694 430; 693 431; 693 432; 691 434; 691 435; 690 436; 690 437; 689 438; 689 439; 688 440; 688 441; 686 443; 685 443; 682 446; 682 447; 681 448; 681 451; 680 452; 680 453; 679 454; 679 455; 677 457; 677 458; 675 460; 675 461; 673 463; 673 464; 672 465; 672 466; 670 468; 670 469; 669 470; 669 475; 670 476; 671 476; 672 477; 675 477; 676 476; 680 476; 681 475; 687 475; 688 476; 692 476; 693 477; 695 477; 696 478; 697 478; 698 479; 703 479; 704 478; 705 478; 706 477; 713 477; 714 476; 723 476; 724 475; 726 475; 727 476; 728 476; 729 477; 733 477; 735 475; 735 472; 734 471; 734 470; 733 469; 733 468; 732 467; 732 466; 729 463; 729 462; 727 460; 727 458; 723 454; 723 453; 722 452; 722 451; 721 450; 722 449; 722 443; 719 440; 718 440; 717 439; 716 439; 714 437; 714 436; 710 432; 710 431; 708 429; 708 427; 707 426; 707 424; 706 423; 706 422
30; 372 455; 370 457; 370 458; 367 461; 366 461; 365 462; 362 462; 361 463; 352 463; 351 464; 345 464; 344 465; 344 468; 345 469; 345 470; 350 475; 350 476; 352 478; 352 479; 353 480; 353 481; 356 484; 356 485; 361 490; 361 491; 362 492; 362 493; 364 495; 364 496; 366 498; 367 498; 368 499; 369 499; 376 506; 376 507; 377 508; 377 509; 378 510; 378 511; 380 513; 381 513; 383 515; 384 515; 385 516; 388 516; 390 514; 390 513; 391 512; 391 509; 390 508; 390 507; 391 506; 391 502; 392 501; 392 500; 395 497; 396 497; 398 495; 398 494; 399 493; 399 491; 400 490; 400 481; 401 480; 401 479; 403 477; 403 476; 404 475; 404 473; 405 472; 405 470; 406 469; 406 468; 408 466; 408 465; 409 464; 409 462; 410 461; 410 455; 405 455; 404 456; 403 456; 402 455; 399 455; 398 456; 397 456; 396 457; 393 457; 392 458; 390 458; 389 459; 387 459; 386 460; 384 460; 383 459; 382 459; 381 458; 380 458; 377 455
31; 46 459; 45 460; 45 470; 44 471; 44 477; 43 478; 43 481; 42 482; 42 484; 41 485; 41 486; 40 487; 40 491; 42 493; 42 497; 41 498; 41 511; 40 512; 40 513; 39 514; 39 516; 38 517; 38 519; 39 520; 39 521; 41 523; 44 523; 46 521; 47 521; 48 520; 49 520; 50 519; 51 519; 54 516; 55 516; 56 515; 57 515; 58 514; 59 514; 60 513; 61 513; 63 511; 64 511; 65 510; 66 510; 67 509; 68 509; 69 508; 70 508; 71 507; 72 507; 73 506; 74 506; 75 505; 76 505; 77 504; 78 504; 80 502; 81 502; 82 501; 83 501; 84 500; 85 500; 86 499; 88 499; 89 498; 91 498; 92 497; 93 497; 94 496; 95 496; 96 495; 97 495; 98 494; 98 491; 97 490; 96 490; 95 489; 94 489; 93 488; 92 488; 89 485; 88 485; 86 483; 85 483; 84 482; 83 482; 80 479; 79 479; 78 478; 75 478; 71 474; 71 473; 72 472; 68 468; 66 470; 64 470; 63 469; 61 469; 60 468; 58 468; 50 460; 49 460; 48 459
32; 752 462; 750 464; 750 465; 749 466; 749 472; 748 473; 748 474; 747 475; 747 476; 746 477; 746 484; 745 485; 745 486; 744 487; 744 488; 743 489; 743 490; 742 491; 742 493; 743 494; 743 495; 744 496; 744 501; 743 502; 743 507; 742 508; 742 510; 741 511; 741 513; 740 514; 740 524; 742 526; 745 526; 746 527; 748 527; 752 523; 753 523; 754 522; 756 522; 757 521; 758 521; 760 519; 763 519; 764 518; 765 518; 766 517; 767 517; 769 515; 770 515; 771 514; 773 514; 774 513; 777 513; 778 512; 780 512; 781 511; 782 511; 783 510; 784 510; 785 509; 787 509; 788 508; 790 508; 791 507; 792 507; 794 505; 795 505; 796 504; 798 504; 799 503; 800 503; 801 502; 802 502; 802 498; 799 495; 798 495; 797 494; 795 494; 794 493; 793 493; 792 492; 791 492; 788 489; 788 488; 786 486; 786 485; 782 481; 779 481; 778 480; 777 480; 776 479; 775 479; 773 477; 772 477; 770 475; 769 475; 762 468; 762 467; 758 463; 757 463; 756 462
33; 188 468; 186 470; 185 470; 181 474; 180 474; 179 475; 178 475; 177 476; 176 476; 175 477; 174 477; 173 478; 172 478; 171 479; 170 479; 169 480; 168 480; 167 481; 166 481; 163 484; 162 484; 161 485; 160 485; 158 487; 157 487; 156 488; 155 488; 152 491; 151 491; 149 493; 147 493; 146 494; 145 494; 144 495; 143 495; 141 497; 140 497; 139 498; 139 499; 138 500; 138 502; 142 506; 143 506; 144 507; 145 507; 148 510; 153 510; 154 511; 155 511; 156 512; 157 512; 158 513; 158 514; 160 516; 160 521; 161 522; 162 522; 165 519; 169 519; 171 521; 172 521; 173 522; 175 522; 176 523; 177 523; 183 529; 185 529; 186 530; 193 530; 195 528; 195 518; 194 517; 194 514; 193 513; 193 502; 194 501; 194 483; 193 482; 193 475; 194 474; 194 473; 195 472; 195 469; 194 468
34; 140 515; 139 516; 138 516; 137 517; 136 517; 133 520; 133 525; 134 526; 134 528; 135 529; 135 531; 136 532; 136 534; 137 535; 137 542; 136 543; 136 544; 135 545; 135 548; 136 549; 136 556; 137 557; 137 560; 138 561; 138 563; 139 564; 139 565; 140 566; 140 573; 139 574; 139 575; 141 577; 143 577; 147 573; 148 573; 151 570; 152 570; 154 568; 155 568; 157 566; 158 566; 160 564; 161 564; 162 563; 165 563; 166 562; 168 562; 169 561; 170 561; 172 559; 173 559; 181 551; 182 551; 186 547; 187 547; 189 545; 190 545; 193 542; 193 539; 192 538; 190 538; 189 537; 184 537; 183 536; 182 536; 181 535; 180 535; 179 534; 178 534; 177 533; 176 533; 174 531; 173 531; 172 530; 171 530; 170 529; 167 529; 166 528; 165 528; 161 524; 162 523; 161 523; 160 522; 159 522; 158 523; 156 523; 155 522; 153 522; 146 515
35; 300 516; 298 518; 298 519; 292 525; 292 528; 291 529; 291 530; 290 531; 290 532; 288 534; 288 535; 286 537; 286 538; 285 539; 285 541; 284 542; 284 543; 283 544; 283 545; 282 546; 282 547; 281 548; 281 552; 280 553; 280 554; 274 560; 274 562; 273 563; 273 565; 271 567; 271 568; 270 569; 270 572; 271 573; 276 573; 277 572; 278 572; 279 573; 288 573; 292 577; 293 577; 294 578; 297 578; 298 577; 299 577; 303 573; 304 573; 305 572; 307 572; 309 574; 311 574; 311 564; 312 563; 312 561; 313 560; 313 559; 314 558; 314 556; 315 555; 315 543; 316 542; 316 541; 317 540; 317 533; 316 532; 316 531; 317 530; 317 526; 318 525; 318 523; 319 522; 319 518; 316 518; 307 527; 307 528; 306 529; 306 530; 305 531; 304 531; 302 529; 302 525; 303 524; 303 522; 304 521; 304 517; 303 516
36; 10 496; 9 497; 8 497; 2 503; 1 503; 0 504; 0 517; 5 517; 6 518; 6 519; 7 520; 7 529; 8 530; 8 531; 9 532; 9 538; 7 540; 0 540; 0 550; 3 550; 4 551; 6 551; 7 552; 8 552; 11 555; 12 555; 13 556; 15 556; 16 557; 18 557; 19 558; 24 558; 25 557; 25 552; 24 551; 24 550; 23 549; 23 548; 22 547; 22 545; 21 544; 21 534; 20 533; 20 532; 21 531; 21 530; 22 529; 22 526; 21 526; 17 522; 17 516; 16 515; 16 505; 15 504; 15 499; 14 498; 14 497; 13 496
37; 716 528; 715 529; 715 530; 714 531; 714 536; 715 537; 715 539; 716 540; 716 547; 717 548; 717 551; 718 552; 718 554; 720 556; 720 557; 721 558; 721 559; 722 560; 722 565; 721 566; 721 570; 722 571; 722 572; 723 573; 723 574; 724 575; 724 578; 725 579; 725 580; 726 581; 726 582; 727 583; 727 586; 728 587; 728 591; 732 591; 734 589; 734 588; 737 585; 738 585; 742 581; 742 580; 745 577; 746 577; 748 575; 749 575; 750 574; 751 574; 751 573; 753 571; 753 570; 759 564; 760 564; 765 559; 766 559; 776 549; 776 543; 774 541; 773 541; 772 540; 761 540; 760 539; 758 539; 757 538; 756 538; 755 537; 754 537; 753 536; 752 536; 750 534; 749 534; 748 533; 746 533; 745 534; 742 534; 741 533; 740 533; 739 532; 729 532; 728 531; 726 531; 725 530; 724 530; 723 529; 722 529; 721 528
38; 947 525; 946 526; 944 526; 943 527; 942 527; 941 528; 940 528; 937 531; 936 531; 935 532; 934 532; 933 533; 932 533; 924 541; 923 541; 922 542; 921 542; 920 543; 919 543; 918 544; 917 544; 916 545; 915 545; 914 546; 913 546; 913 547; 912 548; 911 548; 908 551; 907 551; 906 552; 904 552; 903 553; 901 553; 898 556; 898 557; 897 558; 897 560; 899 562; 900 562; 901 563; 903 563; 904 564; 906 564; 909 567; 910 567; 913 570; 914 570; 915 571; 916 571; 917 572; 922 572; 923 573; 924 573; 926 575; 927 575; 928 576; 931 576; 932 577; 934 577; 935 578; 936 578; 937 579; 938 579; 939 580; 940 580; 941 581; 942 581; 945 584; 946 584; 949 587; 950 587; 951 588; 955 588; 956 587; 956 580; 955 579; 955 577; 954 576; 954 572; 955 571; 955 561; 956 560; 956 559; 959 556; 959 554; 957 552; 956 552; 955 551; 955 550; 954 549; 954 526; 953 526; 952 525
39; 29 578; 28 579; 27 579; 26 580; 25 580; 24 581; 22 581; 20 583; 19 583; 18 584; 17 584; 16 585; 13 585; 12 586; 10 586; 9 587; 8 587; 6 589; 5 589; 3 591; 2 591; 1 592; 0 592; 0 605; 7 605; 8 604; 9 604; 16 597; 17 597; 18 596; 20 596; 21 597; 21 605; 22 606; 22 607; 23 608; 28 608; 29 607; 33 607; 33 605; 32 604; 32 597; 33 596; 33 589; 35 587; 36 587; 36 582; 33 579; 33 578
40; 506 562; 505 563; 503 563; 502 564; 500 564; 499 565; 496 565; 495 566; 494 566; 493 567; 491 567; 490 568; 482 568; 481 569; 480 569; 478 571; 476 571; 475 572; 470 572; 469 573; 467 573; 466 574; 461 574; 460 575; 459 575; 457 577; 456 577; 455 578; 453 578; 452 579; 450 579; 449 580; 448 580; 446 582; 446 584; 447 585; 447 586; 451 590; 452 590; 454 592; 455 592; 458 595; 458 596; 463 601; 463 602; 466 605; 466 607; 467 608; 467 609; 468 610; 468 611; 470 611; 471 612; 473 612; 474 613; 475 613; 481 619; 482 619; 485 622; 485 623; 487 625; 487 626; 488 627; 492 627; 496 623; 496 621; 497 620; 497 617; 498 616; 498 607; 499 606; 499 604; 500 603; 500 602; 501 601; 501 598; 502 597; 502 595; 503 594; 503 593; 504 592; 504 591; 505 590; 505 583; 506 582; 506 579; 507 578; 507 577; 508 576; 508 575; 510 573; 510 571; 511 570; 511 566; 510 565; 510 564; 508 562
41; 120 559; 118 561; 118 562; 117 563; 117 564; 116 565; 116 566; 115 567; 115 568; 114 569; 114 573; 113 574; 113 576; 112 577; 112 579; 111 580; 111 581; 110 582; 110 583; 105 588; 104 588; 103 589; 102 589; 101 590; 101 592; 102 593; 102 600; 101 601; 101 604; 99 606; 99 607; 98 608; 98 610; 97 611; 97 612; 96 613; 96 614; 95 615; 95 618; 97 620; 106 620; 107 619; 108 619; 109 618; 110 618; 111 617; 114 617; 115 616; 117 616; 118 615; 135 615; 136 614; 137 614; 139 612; 142 612; 143 611; 146 611; 147 612; 151 612; 152 611; 153 611; 155 609; 156 609; 158 607; 159 607; 159 603; 155 599; 154 599; 151 596; 151 595; 149 593; 149 591; 148 590; 148 589; 147 588; 147 587; 146 586; 144 586; 143 585; 142 585; 141 584; 141 583; 140 582; 140 579; 141 578; 139 576; 135 576; 132 573; 132 572; 130 570; 130 568; 129 567; 129 566; 122 559
42; 64 574; 63 575; 63 576; 62 577; 62 578; 61 579; 60 579; 59 580; 49 580; 48 579; 44 579; 43 580; 42 580; 40 582; 39 582; 38 583; 37 582; 37 587; 39 589; 39 590; 42 593; 42 594; 43 595; 43 596; 44 597; 44 599; 45 600; 45 601; 55 611; 55 612; 57 614; 57 616; 69 628; 69 629; 70 630; 70 632; 71 633; 71 634; 75 634; 76 633; 76 632; 77 631; 77 630; 78 629; 78 623; 79 622; 79 621; 80 620; 80 619; 81 618; 81 617; 84 614; 84 613; 85 612; 85 611; 86 610; 86 608; 87 607; 87 605; 90 602; 90 601; 91 600; 91 598; 92 597; 92 596; 93 595; 93 594; 97 590; 98 590; 98 588; 97 587; 97 584; 98 583; 98 582; 99 581; 99 575; 98 574; 95 574; 94 575; 93 575; 92 576; 78 576; 77 577; 69 577; 66 574
43; 622 580; 618 584; 617 584; 616 585; 615 585; 614 586; 613 586; 611 588; 610 588; 609 589; 608 589; 601 596; 600 596; 599 597; 598 597; 597 598; 596 598; 593 601; 592 601; 586 607; 585 607; 583 609; 582 609; 572 619; 572 620; 571 621; 571 623; 572 624; 572 625; 573 626; 574 626; 575 627; 578 627; 579 626; 581 626; 582 627; 585 627; 586 628; 587 628; 589 630; 589 631; 590 632; 590 633; 592 635; 594 635; 595 636; 603 636; 604 637; 605 637; 606 638; 608 638; 609 639; 612 639; 613 640; 615 640; 616 641; 617 641; 618 642; 619 642; 620 643; 621 643; 623 645; 624 645; 625 646; 629 646; 630 645; 631 645; 634 642; 634 636; 633 635; 633 631; 632 630; 632 628; 631 627; 631 625; 630 624; 630 622; 629 621; 629 619; 628 618; 628 613; 629 612; 629 611; 630 610; 630 605; 629 604; 629 601; 628 600; 628 593; 627 592; 627 591; 626 590; 626 588; 625 587; 625 581; 624 580
44; 29 608; 28 609; 23 609; 24 610; 24 614; 23 615; 23 617; 20 620; 16 620; 15 619; 14 619; 13 618; 12 618; 11 617; 10 617; 9 616; 7 616; 6 615; 5 615; 4 614; 3 614; 2 613; 0 613; 0 624; 3 624; 4 625; 5 625; 6 626; 7 626; 12 631; 13 631; 14 632; 16 632; 17 633; 18 633; 22 637; 23 637; 25 639; 26 639; 27 640; 33 640; 34 639; 34 635; 33 634; 33 619; 34 618; 34 608
45; 983 646; 982 647; 982 648; 981 649; 981 657; 980 658; 980 665; 979 666; 979 671; 978 672; 978 675; 977 676; 977 678; 976 679; 976 691; 975 692; 975 693; 974 694; 974 695; 973 696; 973 712; 976 712; 977 711; 978 711; 979 710; 981 710; 982 709; 984 709; 987 706; 988 706; 989 705; 990 705; 991 704; 1001 704; 1008 697; 1009 697; 1011 695; 1012 695; 1013 694; 1014 694; 1015 693; 1017 693; 1018 692; 1023 692; 1023 675; 1022 675; 1017 670; 1016 670; 1015 669; 1014 669; 1013 668; 1011 668; 1006 663; 1006 662; 1005 661; 1004 661; 1001 658; 1000 658; 988 646
46; 29 650; 28 651; 28 663; 27 664; 27 667; 26 668; 26 670; 25 671; 25 680; 26 681; 26 685; 25 686; 25 694; 24 695; 24 702; 23 703; 23 705; 22 706; 22 715; 23 716; 28 716; 29 715; 29 714; 31 712; 32 712; 33 711; 35 711; 36 710; 39 710; 40 709; 49 709; 50 708; 51 708; 59 700; 62 700; 63 699; 65 699; 66 698; 67 698; 71 694; 73 694; 74 693; 75 693; 76 692; 78 692; 79 691; 80 691; 83 688; 83 686; 82 685; 82 684; 81 683; 81 682; 80 681; 79 681; 78 680; 75 680; 74 679; 72 679; 71 678; 70 678; 68 676; 67 676; 63 672; 62 672; 59 669; 59 662; 57 662; 54 665; 51 665; 47 661; 46 661; 44 659; 43 659; 42 658; 41 658; 37 654; 37 653; 34 650
47; 165 675; 163 677; 163 678; 162 679; 162 685; 161 686; 161 688; 160 689; 160 690; 158 692; 158 693; 154 697; 154 698; 150 702; 148 702; 148 708; 147 709; 147 711; 146 712; 146 714; 145 715; 145 716; 142 719; 142 720; 141 721; 141 722; 140 723; 140 724; 138 726; 138 727; 137 728; 137 729; 136 730; 136 732; 137 733; 137 734; 138 735; 147 735; 148 734; 153 734; 154 735; 160 735; 161 734; 162 734; 163 733; 169 733; 170 734; 173 734; 174 735; 177 735; 178 734; 180 734; 181 733; 193 733; 194 734; 195 734; 196 735; 199 735; 202 732; 202 727; 201 726; 200 726; 196 722; 196 721; 195 720; 195 719; 194 718; 194 715; 191 712; 191 711; 189 709; 189 708; 187 706; 187 705; 186 704; 186 703; 185 702; 185 701; 184 700; 184 699; 183 698; 183 697; 182 696; 182 695; 181 694; 181 690; 180 689; 180 688; 179 687; 179 686; 176 683; 176 682; 174 680; 174 679; 173 678; 173 677; 171 675
48; 1021 710; 1018 713; 1017 713; 1016 714; 1011 714; 1010 715; 1010 720; 1009 721; 1009 722; 1008 723; 1008 724; 1005 727; 1005 728; 1003 730; 1002 730; 998 734; 998 735; 997 736; 997 738; 996 739; 996 741; 995 742; 995 746; 996 747; 1000 747; 1001 748; 1008 748; 1009 749; 1011 749; 1012 750; 1013 750; 1014 751; 1019 751; 1020 750; 1021 750; 1022 749; 1023 749; 1023 739; 1022 738; 1018 738; 1015 735; 1015 732; 1016 731; 1016 730; 1021 725; 1023 725; 1023 710
49; 823 727; 822 728; 821 728; 820 729; 819 729; 818 730; 814 730; 813 729; 806 729; 805 730; 803 730; 802 731; 785 731; 784 730; 783 730; 782 729; 774 729; 773 730; 772 730; 771 731; 771 734; 768 737; 768 741; 775 748; 775 749; 776 750; 776 751; 777 752; 777 753; 778 754; 779 754; 781 756; 781 757; 782 758; 782 764; 783 765; 783 766; 784 767; 785 767; 786 768; 787 768; 793 774; 793 775; 794 776; 794 778; 795 779; 795 780; 797 782; 797 783; 799 785; 799 786; 801 788; 802 788; 803 789; 805 789; 807 787; 807 786; 809 784; 809 781; 810 780; 810 777; 811 776; 811 775; 813 773; 813 772; 817 768; 819 768; 820 769; 821 768; 821 767; 823 765; 823 762; 824 761; 824 753; 823 752; 822 752; 821 751; 821 749; 822 748; 822 747; 823 746; 823 745; 826 742; 826 741; 829 738; 829 737; 831 735; 831 731; 828 728; 827 728; 826 727
50; 825 753; 825 761; 824 762; 824 765; 822 767; 822 768; 821 769; 821 771; 822 772; 822 778; 823 779; 823 781; 824 782; 824 785; 820 789; 820 792; 823 792; 826 795; 826 796; 827 797; 827 800; 828 801; 828 808; 829 809; 829 812; 830 813; 830 817; 831 818; 831 819; 833 821; 837 821; 841 817; 842 817; 843 816; 844 816; 848 812; 848 811; 853 806; 854 806; 857 803; 860 803; 861 802; 863 802; 866 799; 866 798; 867 797; 867 796; 868 795; 868 794; 872 790; 873 790; 874 789; 876 789; 877 788; 878 788; 880 786; 880 785; 881 784; 881 783; 882 782; 882 777; 880 775; 877 775; 876 774; 874 774; 873 773; 872 773; 871 772; 870 772; 869 771; 868 771; 867 770; 866 770; 864 768; 862 768; 861 767; 855 767; 854 766; 850 766; 849 765; 847 765; 846 764; 845 764; 844 763; 843 763; 842 762; 841 762; 837 758; 836 758; 835 757; 834 757; 833 756; 829 756; 827 754; 826 754
51; 336 786; 330 792; 330 793; 327 796; 326 796; 325 797; 322 797; 321 798; 319 798; 315 802; 315 803; 312 806; 312 807; 311 808; 310 808; 305 813; 304 813; 302 815; 301 815; 296 820; 295 820; 294 821; 293 821; 287 827; 287 830; 289 832; 290 832; 291 833; 292 833; 293 834; 294 834; 295 835; 297 835; 299 837; 305 837; 306 838; 308 838; 310 840; 312 840; 313 841; 314 841; 319 846; 320 846; 321 847; 328 847; 329 848; 330 848; 331 849; 333 849; 334 850; 337 850; 338 851; 340 851; 341 852; 342 852; 343 853; 347 853; 349 851; 349 845; 348 844; 348 834; 347 833; 347 827; 346 826; 346 823; 345 822; 345 814; 344 813; 344 805; 343 804; 343 802; 342 801; 342 796; 343 795; 343 790; 342 789; 342 788; 340 786
52; 0 837; 0 851; 1 851; 2 852; 3 852; 4 853; 5 853; 6 854; 7 854; 14 861; 15 861; 19 865; 16 868; 14 868; 12 870; 11 870; 10 871; 9 871; 8 872; 7 872; 5 874; 4 874; 3 875; 2 875; 1 876; 0 876; 0 888; 2 888; 3 887; 4 887; 5 886; 6 886; 7 885; 9 885; 10 884; 12 884; 16 880; 17 880; 18 879; 19 879; 20 878; 23 878; 24 877; 26 877; 27 876; 28 876; 29 875; 30 875; 31 874; 32 874; 33 873; 37 873; 38 872; 39 872; 39 871; 40 870; 40 864; 39 863; 38 863; 37 862; 36 862; 33 859; 32 859; 31 858; 30 858; 28 856; 28 855; 27 854; 27 853; 23 849; 20 849; 19 848; 17 848; 13 844; 12 844; 6 838; 4 838; 3 837
53; 663 845; 662 846; 662 848; 661 849; 661 850; 660 851; 659 851; 658 852; 657 852; 656 853; 641 853; 640 854; 639 854; 638 855; 637 855; 636 856; 635 856; 634 857; 634 861; 635 862; 635 863; 636 864; 636 865; 637 866; 637 867; 639 869; 639 870; 644 875; 644 876; 645 877; 645 878; 646 879; 646 880; 650 884; 651 884; 653 886; 653 888; 654 889; 654 892; 655 893; 656 893; 658 895; 659 895; 663 899; 663 901; 664 902; 664 904; 665 905; 665 906; 666 907; 666 911; 665 912; 666 913; 671 913; 672 914; 680 914; 681 913; 681 912; 682 911; 682 907; 681 906; 680 906; 679 905; 679 899; 680 898; 680 897; 681 896; 681 895; 682 894; 682 892; 683 891; 683 889; 684 888; 684 886; 685 885; 685 884; 686 883; 686 881; 687 880; 687 879; 689 877; 689 876; 691 874; 691 872; 692 871; 692 867; 693 866; 693 864; 694 863; 694 862; 695 861; 695 860; 696 859; 696 858; 698 856; 698 855; 699 854; 699 853; 700 852; 700 848; 697 845; 688 845; 687 846; 684 846; 683 847; 681 847; 680 848; 678 848; 677 849; 675 849; 674 850; 671 850; 670 849; 669 849; 667 847; 667 846; 666 845
54; 551 893; 540 893; 521 899; 521 905; 524 914; 532 916; 535 922; 542 927; 544 933; 549 936; 552 942; 562 951; 565 951; 571 943; 574 926
55; 574 926; 584 917; 584 915; 580 912; 580 909; 589 890; 589 887; 586 884; 578 884; 568 888; 560 888; 551 893
56; 14 905; 13 906; 12 906; 12 907; 11 908; 11 913; 12 914; 12 919; 11 920; 11 937; 12 938; 12 941; 11 942; 11 945; 10 946; 10 961; 9 962; 9 968; 8 969; 8 973; 7 974; 9 974; 10 975; 12 975; 14 973; 14 972; 15 971; 16 971; 18 969; 19 969; 23 965; 29 965; 30 964; 34 964; 41 957; 43 957; 44 956; 45 956; 46 955; 47 955; 48 954; 50 954; 51 953; 52 953; 53 952; 54 952; 56 950; 57 950; 58 949; 60 949; 61 948; 63 948; 64 947; 67 947; 68 946; 68 941; 67 941; 66 940; 65 940; 55 930; 54 930; 53 929; 52 929; 51 928; 49 928; 45 924; 45 923; 44 922; 44 920; 43 919; 43 918; 41 918; 40 919; 39 919; 38 920; 37 919; 36 919; 31 914; 30 914; 28 912; 27 912; 24 909; 23 909; 22 908; 21 908; 20 907; 19 907; 18 906; 17 906; 16 905
57; 664 913; 663 914; 662 914; 659 917; 657 917; 656 918; 654 918; 651 921; 651 922; 646 927; 645 927; 643 929; 642 929; 640 931; 639 931; 637 933; 636 933; 635 934; 634 934; 632 936; 631 936; 630 937; 629 937; 628 938; 627 938; 626 939; 625 939; 619 945; 619 950; 620 951; 621 951; 622 952; 625 952; 626 953; 627 953; 631 957; 632 957; 633 958; 638 958; 642 962; 642 966; 643 966; 644 967; 646 967; 647 968; 653 968; 655 966; 662 966; 663 967; 666 967; 667 968; 668 968; 672 972; 672 973; 673 974; 673 975; 674 976; 676 976; 676 967; 677 966; 677 965; 678 964; 678 958; 677 957; 677 933; 676 932; 677 931; 677 928; 676 927; 676 921; 677 920; 677 918; 679 916; 679 915; 672 915; 671 914; 666 914; 665 913
58; 1012 993; 1016 982; 1023 976; 1023 967; 974 964; 962 960; 959 967; 964 972; 967 990; 963 997; 968 996; 971 998
59; 971 998; 977 1023; 1014 1023; 1023 1013; 1023 996; 1012 993
60; 7 975; 7 976; 4 979; 3 979; 1 981; 0 981; 0 994; 13 994; 15 996; 15 999; 13 1001; 13 1002; 11 1004; 11 1010; 10 1011; 10 1014; 8 1016; 8 1018; 5 1021; 4 1021; 1 1018; 0 1018; 0 1023; 19 1023; 19 1021; 20 1020; 20 1019; 21 1018; 21 1017; 22 1016; 22 1013; 23 1012; 23 1008; 24 1007; 24 1005; 25 1004; 25 1003; 26 1002; 26 1001; 27 1000; 27 999; 29 997; 29 993; 30 992; 30 991; 32 989; 32 987; 33 986; 33 984; 34 983; 34 982; 35 981; 35 978; 34 977; 34 976; 30 976; 29 977; 27 977; 26 978; 24 978; 23 979; 14 979; 12 977; 12 976; 10 976; 9 975
61; 937 998; 936 999; 935 999; 935 1003; 936 1004; 936 1012; 935 1013; 935 1021; 934 1022; 934 1023; 966 1023; 966 1019; 967 1018; 967 1016; 965 1016; 964 1017; 962 1017; 961 1016; 960 1016; 955 1011; 954 1011; 949 1006; 948 1006; 946 1004; 946 1003; 945 1002; 945 1001; 943 999; 942 999; 941 998
