0; 223 0; 223 19; 224 20; 224 26; 226 28; 228 28; 229 27; 230 27; 231 26; 232 26; 233 25; 234 25; 235 24; 237 24; 238 23; 239 23; 242 20; 243 20; 244 19; 245 19; 246 18; 250 18; 251 17; 252 17; 254 15; 255 15; 257 13; 258 13; 259 12; 260 12; 262 10; 263 10; 264 9; 266 9; 267 8; 268 8; 270 6; 271 6; 271 0; 252 0; 252 4; 250 6; 249 6; 247 8; 246 8; 245 9; 244 9; 242 11; 241 11; 240 12; 239 12; 238 11; 237 11; 236 10; 236 9; 235 8; 235 6; 234 5; 234 0
1; 810 3; 809 4; 809 12; 810 13; 810 15; 811 16; 811 19; 812 20; 812 21; 811 22; 811 26; 814 29; 814 32; 815 33; 815 37; 816 38; 816 41; 817 42; 817 43; 818 44; 818 50; 816 52; 816 53; 820 53; 821 54; 822 54; 824 56; 825 55; 827 55; 828 56; 829 56; 829 51; 830 50; 830 46; 832 44; 831 43; 831 42; 837 36; 838 36; 840 34; 841 34; 844 31; 845 31; 848 28; 849 28; 858 19; 858 16; 857 16; 856 15; 852 15; 851 14; 848 14; 847 13; 846 13; 845 12; 844 12; 841 9; 834 9; 833 8; 830 8; 829 7; 823 7; 822 6; 821 6; 820 5; 818 5; 817 4; 815 4; 814 3
2; 581 0; 581 2; 582 3; 582 6; 583 7; 583 13; 581 15; 577 15; 575 13; 570 13; 569 12; 566 12; 565 11; 564 11; 563 10; 558 10; 557 9; 549 9; 548 8; 545 8; 544 7; 540 7; 539 6; 534 6; 533 7; 533 12; 534 13; 534 15; 536 17; 536 18; 537 19; 537 25; 542 30; 542 31; 543 32; 543 34; 544 35; 544 37; 545 38; 545 41; 546 42; 546 44; 547 45; 547 47; 548 48; 548 50; 549 51; 553 51; 556 48; 557 48; 558 47; 559 47; 560 46; 560 45; 562 43; 562 42; 565 39; 569 39; 570 38; 571 38; 571 37; 572 36; 572 34; 573 33; 573 31; 580 24; 581 24; 587 18; 588 18; 591 15; 592 15; 595 12; 596 12; 598 10; 599 10; 600 9; 601 9; 602 8; 607 8; 608 7; 608 6; 612 2; 612 0
3; 113 8; 113 10; 112 11; 112 20; 111 21; 111 22; 110 23; 110 25; 109 26; 109 31; 110 32; 110 40; 109 41; 109 53; 110 54; 115 54; 116 53; 119 53; 121 51; 122 51; 123 50; 124 50; 125 49; 128 49; 129 50; 130 50; 131 51; 134 51; 134 50; 135 49; 135 47; 139 43; 141 43; 142 42; 143 42; 144 41; 145 41; 146 40; 147 40; 148 39; 149 39; 150 38; 152 38; 153 37; 155 37; 157 35; 157 33; 155 31; 154 31; 153 30; 152 30; 150 28; 149 28; 147 26; 146 26; 144 24; 143 24; 141 22; 140 22; 139 21; 138 21; 137 20; 136 20; 135 19; 134 19; 132 17; 131 17; 129 15; 128 15; 126 13; 125 13; 124 12; 123 12; 122 11; 121 11; 119 9; 118 9; 117 8
4; 19 31; 17 33; 16 33; 15 34; 14 34; 12 36; 10 36; 9 37; 6 37; 5 38; 4 38; 3 39; 0 39; 0 50; 1 50; 2 49; 7 49; 8 48; 9 48; 10 47; 14 47; 15 48; 15 49; 16 50; 16 62; 14 64; 12 64; 11 63; 9 63; 8 62; 7 62; 5 60; 4 60; 3 59; 2 59; 1 58; 0 58; 0 70; 6 70; 7 71; 9 71; 10 72; 11 72; 14 75; 15 75; 17 77; 17 78; 18 79; 19 79; 20 80; 22 80; 23 79; 24 79; 24 77; 25 76; 25 73; 24 72; 24 67; 25 66; 25 34; 24 33; 24 32; 23 31
5; 954 22; 952 24; 952 35; 953 36; 953 38; 954 39; 954 41; 955 42; 955 45; 956 46; 956 53; 957 54; 957 59; 958 60; 958 61; 959 62; 959 63; 960 64; 960 67; 961 68; 961 70; 962 70; 963 71; 966 71; 968 69; 968 68; 971 65; 971 64; 972 63; 976 63; 977 62; 979 62; 979 61; 981 59; 981 57; 984 54; 985 54; 986 53; 987 53; 992 48; 993 48; 994 47; 995 47; 999 43; 999 42; 1000 41; 1000 39; 999 38; 995 38; 994 37; 992 37; 991 36; 988 36; 987 35; 985 35; 984 34; 982 34; 976 28; 974 28; 973 29; 970 29; 969 28; 968 28; 966 26; 965 26; 964 25; 963 25; 962 24; 961 24; 960 23; 959 23; 958 22
6; 470 25; 469 26; 469 32; 470 33; 470 37; 469 38; 469 41; 468 42; 468 45; 469 46; 469 47; 470 48; 470 49; 471 50; 471 59; 472 60; 472 61; 471 62; 471 65; 470 66; 470 71; 472 73; 475 73; 477 71; 478 71; 479 70; 481 70; 482 69; 483 69; 485 67; 486 67; 487 66; 489 66; 492 63; 493 63; 494 62; 497 62; 498 61; 499 61; 500 60; 500 59; 506 53; 507 53; 508 52; 511 52; 512 51; 515 51; 517 49; 517 47; 516 46; 516 45; 515 45; 514 44; 513 44; 512 43; 509 43; 508 42; 507 42; 506 41; 505 41; 504 40; 503 40; 502 39; 501 39; 499 37; 498 37; 496 35; 495 35; 494 34; 493 34; 492 33; 490 33; 489 32; 488 32; 487 31; 486 31; 485 30; 484 30; 483 29; 482 29; 480 27; 479 27; 478 26; 477 26; 476 25
7; 867 34; 866 35; 864 35; 863 36; 862 36; 861 37; 858 37; 857 38; 854 38; 853 39; 851 39; 850 40; 846 40; 845 41; 843 41; 841 43; 840 43; 839 44; 837 44; 836 45; 832 45; 831 46; 831 50; 830 51; 830 57; 831 57; 832 58; 833 58; 835 60; 836 60; 844 68; 845 68; 846 69; 847 69; 848 70; 850 70; 853 73; 854 73; 856 75; 857 75; 860 78; 861 78; 862 79; 866 79; 866 78; 867 77; 867 67; 870 64; 870 63; 871 62; 871 58; 870 57; 870 51; 871 50; 871 47; 872 46; 872 43; 873 42; 873 35; 872 34
8; 651 51; 650 52; 650 54; 651 55; 651 56; 654 59; 654 60; 655 61; 655 68; 656 69; 656 70; 662 76; 662 77; 664 79; 664 80; 665 81; 665 83; 666 84; 666 85; 667 86; 667 87; 668 88; 668 89; 669 90; 669 91; 670 92; 670 93; 671 94; 675 94; 677 92; 677 91; 678 90; 678 89; 679 88; 679 87; 681 85; 681 84; 686 79; 687 79; 688 78; 689 78; 690 79; 692 79; 693 78; 693 69; 694 68; 694 67; 699 62; 700 62; 702 60; 702 56; 701 55; 699 55; 698 54; 695 54; 694 53; 681 53; 680 52; 657 52; 656 51
9; 814 54; 812 56; 811 56; 810 57; 808 57; 807 58; 805 58; 804 59; 802 59; 801 60; 799 60; 798 61; 793 61; 793 62; 792 63; 792 64; 786 70; 785 70; 783 72; 780 72; 779 73; 778 73; 777 74; 777 77; 780 80; 781 80; 783 82; 784 82; 785 83; 787 83; 788 84; 789 84; 790 85; 791 85; 792 86; 793 86; 794 87; 795 87; 796 88; 797 88; 798 89; 799 89; 801 91; 801 92; 802 92; 803 93; 810 93; 811 94; 812 94; 814 96; 814 97; 817 100; 820 100; 820 99; 821 98; 821 96; 822 95; 822 85; 823 84; 823 78; 822 77; 822 70; 821 69; 822 68; 822 59; 823 58; 823 56; 822 55; 821 55; 820 54
10; 637 55; 631 61; 631 62; 629 64; 629 65; 622 72; 622 73; 621 74; 621 75; 620 76; 620 77; 619 78; 619 79; 613 85; 613 86; 612 87; 612 88; 610 90; 610 91; 609 92; 609 94; 611 96; 626 96; 627 97; 629 97; 631 99; 635 99; 636 98; 637 98; 638 97; 648 97; 649 98; 652 98; 653 99; 658 99; 659 98; 661 98; 662 97; 662 92; 660 90; 660 89; 656 85; 656 84; 655 83; 655 82; 654 81; 654 80; 652 78; 652 77; 651 76; 651 75; 650 74; 650 68; 648 66; 647 66; 644 63; 644 62; 643 61; 643 60; 642 59; 642 58; 641 57; 641 56; 640 55
11; 347 77; 345 79; 345 82; 346 83; 346 84; 347 85; 347 86; 348 87; 348 89; 349 90; 349 103; 352 106; 352 108; 353 109; 353 117; 354 118; 354 119; 358 123; 358 124; 362 124; 371 115; 372 115; 373 114; 374 114; 376 112; 377 112; 381 108; 382 108; 383 107; 384 107; 385 106; 386 106; 388 104; 388 102; 392 98; 393 98; 395 96; 395 95; 396 94; 396 93; 397 92; 397 90; 394 87; 389 87; 388 86; 382 86; 381 85; 378 85; 377 84; 376 84; 375 83; 370 83; 369 82; 363 82; 362 81; 359 81; 358 80; 357 80; 356 79; 354 79; 353 78; 351 78; 350 77
12; 23 80; 22 81; 22 84; 13 93; 12 93; 12 94; 11 95; 11 96; 7 100; 6 100; 2 104; 1 104; 0 105; 0 117; 2 117; 3 118; 5 118; 6 119; 10 119; 11 120; 12 120; 14 122; 15 122; 16 123; 26 123; 27 124; 29 124; 30 125; 31 125; 32 126; 34 126; 35 127; 41 127; 42 126; 42 121; 41 120; 41 117; 40 116; 40 115; 39 114; 39 99; 38 98; 38 96; 37 95; 36 95; 33 92; 33 91; 32 90; 32 87; 31 86; 31 83; 30 82; 30 81; 28 81; 27 80
13; 503 87; 501 89; 500 89; 499 90; 498 90; 497 91; 493 91; 492 92; 484 92; 483 93; 482 93; 478 97; 475 97; 474 98; 470 98; 469 99; 468 99; 467 100; 465 100; 464 101; 462 101; 461 102; 459 102; 457 104; 457 106; 462 111; 463 111; 465 113; 466 113; 467 114; 468 114; 473 119; 473 120; 474 120; 476 122; 477 122; 479 124; 479 125; 480 125; 482 127; 485 127; 486 128; 487 128; 488 129; 489 129; 492 132; 493 132; 495 134; 496 134; 497 135; 499 135; 500 134; 501 134; 501 124; 502 123; 502 121; 503 120; 503 117; 504 116; 504 111; 505 110; 505 106; 506 105; 506 99; 507 98; 507 92; 508 91; 508 89; 507 88; 507 87
14; 318 108; 318 109; 317 110; 317 112; 316 113; 316 114; 315 115; 315 119; 314 120; 314 121; 311 124; 311 125; 310 126; 310 129; 309 130; 309 134; 308 135; 308 139; 307 140; 307 143; 306 144; 306 145; 304 147; 304 148; 303 149; 303 154; 304 155; 305 155; 306 156; 309 156; 310 155; 311 155; 312 154; 313 154; 314 153; 316 153; 317 152; 319 152; 320 151; 323 151; 324 150; 325 151; 327 151; 329 153; 330 153; 331 154; 333 154; 339 148; 340 148; 341 147; 343 147; 344 146; 353 146; 355 144; 355 140; 354 139; 354 138; 350 134; 349 134; 348 133; 347 133; 336 122; 335 122; 331 118; 331 117; 329 115; 329 114; 326 111; 325 111; 322 108
15; 944 113; 943 114; 942 114; 940 116; 939 116; 938 117; 937 117; 936 118; 934 118; 933 119; 930 119; 929 120; 923 120; 922 121; 920 121; 919 122; 917 122; 916 123; 914 123; 913 124; 909 124; 907 126; 906 126; 905 127; 903 127; 900 130; 900 132; 903 135; 904 135; 906 137; 907 137; 910 140; 910 142; 911 143; 911 145; 910 146; 910 147; 912 147; 913 148; 919 148; 923 152; 924 152; 925 153; 926 153; 928 155; 929 155; 931 157; 932 157; 936 161; 940 161; 941 160; 941 159; 942 158; 942 156; 943 155; 943 150; 944 149; 944 143; 945 142; 945 140; 948 137; 948 131; 947 130; 947 128; 946 127; 946 123; 947 122; 947 121; 949 119; 949 118; 950 117; 950 115; 948 113
16; 909 148; 904 153; 903 153; 902 154; 900 154; 899 155; 896 155; 895 156; 895 157; 893 159; 893 160; 889 164; 888 164; 885 167; 884 167; 883 168; 882 168; 880 170; 879 170; 878 171; 877 171; 876 172; 875 172; 874 173; 874 175; 875 176; 875 182; 877 182; 879 184; 884 184; 885 185; 888 185; 889 186; 890 186; 891 187; 892 187; 894 189; 894 190; 895 191; 902 191; 903 192; 904 192; 905 193; 911 193; 912 194; 914 194; 915 195; 917 195; 918 196; 920 196; 922 194; 922 187; 921 186; 921 181; 920 180; 920 174; 919 173; 919 168; 918 167; 918 164; 917 163; 917 159; 916 158; 916 155; 915 154; 915 152; 914 151; 915 150; 915 149; 913 149; 912 148
17; 121 158; 120 159; 119 159; 119 164; 120 165; 120 166; 121 167; 121 168; 122 169; 122 170; 123 171; 122 172; 122 178; 126 182; 126 194; 125 195; 125 197; 127 199; 127 200; 129 202; 129 204; 130 205; 130 206; 134 206; 135 205; 136 205; 139 202; 140 202; 151 191; 155 191; 158 188; 158 187; 171 174; 171 172; 170 171; 170 170; 169 170; 168 169; 167 169; 166 168; 156 168; 155 167; 153 167; 152 166; 151 166; 150 165; 149 165; 148 164; 147 164; 146 163; 139 163; 138 162; 137 162; 136 161; 133 161; 132 160; 126 160; 125 159; 124 159; 123 158
18; 858 177; 858 178; 857 179; 857 182; 856 183; 856 189; 855 190; 855 192; 853 194; 859 194; 860 195; 865 195; 866 196; 867 196; 868 195; 870 195; 871 196; 872 196; 873 197; 878 197; 880 199; 881 199; 883 201; 884 201; 887 204; 889 204; 890 205; 898 205; 899 204; 899 202; 895 198; 893 198; 892 197; 891 197; 887 193; 887 192; 885 190; 885 189; 884 189; 883 188; 882 188; 877 183; 871 183; 870 182; 868 182; 865 179; 864 179; 862 177
19; 853 195; 852 196; 852 198; 851 199; 851 202; 850 203; 850 208; 851 209; 851 217; 850 218; 850 219; 849 220; 849 222; 850 223; 855 223; 856 222; 858 222; 859 221; 860 221; 861 220; 862 220; 863 219; 868 219; 869 218; 870 218; 872 216; 872 215; 874 213; 874 209; 873 209; 872 208; 870 208; 869 209; 867 209; 866 210; 864 208; 864 201; 865 200; 865 198; 866 197; 865 196; 860 196; 859 195
20; 252 197; 251 198; 249 198; 246 201; 245 201; 242 204; 241 204; 238 207; 237 207; 236 208; 235 208; 234 209; 233 209; 223 219; 222 219; 220 221; 219 221; 214 226; 214 228; 216 230; 217 230; 218 231; 220 231; 221 232; 222 232; 223 233; 225 233; 226 234; 227 234; 229 236; 230 236; 231 237; 233 237; 234 238; 241 238; 243 240; 244 240; 245 241; 246 241; 247 242; 250 242; 251 243; 253 243; 254 244; 255 244; 256 245; 261 245; 262 244; 264 244; 265 243; 265 240; 263 238; 263 237; 262 236; 262 235; 261 234; 261 229; 262 228; 262 227; 263 226; 263 225; 264 224; 264 222; 263 221; 263 220; 259 216; 259 209; 258 208; 258 206; 257 205; 257 198; 256 197
21; 785 216; 784 217; 783 217; 781 219; 780 219; 779 220; 778 220; 777 221; 776 221; 773 224; 772 224; 771 225; 770 225; 769 226; 766 226; 765 227; 765 229; 766 230; 766 232; 768 234; 769 234; 770 235; 774 235; 775 234; 779 234; 780 235; 780 236; 781 237; 781 238; 782 239; 782 241; 783 242; 783 245; 782 246; 782 250; 783 251; 783 253; 784 252; 786 252; 787 253; 788 253; 789 254; 789 255; 790 256; 790 257; 791 258; 791 259; 793 261; 795 261; 796 260; 796 252; 795 251; 795 248; 794 247; 794 245; 793 244; 793 243; 792 242; 792 230; 791 229; 791 222; 790 221; 790 217; 789 216
22; 939 203; 937 205; 937 210; 936 211; 936 217; 932 221; 932 222; 931 223; 931 228; 932 229; 932 238; 931 239; 931 241; 930 242; 930 244; 929 245; 929 248; 930 249; 930 251; 931 252; 934 252; 935 251; 937 251; 938 250; 940 250; 941 249; 942 249; 944 247; 945 247; 946 246; 947 246; 948 245; 953 245; 955 247; 958 247; 958 246; 959 245; 959 244; 961 242; 962 242; 963 241; 964 241; 965 240; 967 240; 968 239; 970 239; 971 238; 975 238; 976 237; 977 237; 979 235; 979 232; 977 230; 977 229; 976 228; 975 228; 974 227; 974 226; 973 225; 972 225; 970 223; 969 223; 968 222; 967 222; 963 218; 962 218; 961 217; 960 217; 959 216; 958 216; 957 215; 956 215; 952 211; 951 211; 946 206; 945 206; 943 204; 942 204; 941 203
23; 734 231; 734 232; 733 233; 733 244; 734 245; 734 253; 733 254; 733 258; 734 259; 734 261; 736 263; 736 273; 737 274; 737 277; 738 278; 738 280; 739 281; 742 281; 743 280; 744 280; 748 276; 749 276; 752 273; 756 273; 757 272; 758 272; 766 264; 767 264; 770 261; 771 261; 773 259; 775 259; 777 257; 778 257; 782 253; 782 251; 781 250; 781 248; 777 248; 776 247; 774 247; 773 246; 770 246; 769 245; 768 245; 767 244; 766 244; 765 243; 765 242; 761 238; 756 238; 755 239; 754 238; 752 238; 751 237; 749 237; 748 236; 747 236; 746 235; 744 235; 743 234; 742 234; 740 232; 739 232; 738 231
24; 272 243; 271 244; 270 244; 269 245; 267 245; 266 246; 266 247; 264 249; 264 250; 259 255; 259 256; 257 258; 257 259; 256 260; 256 261; 247 270; 246 270; 244 272; 244 273; 241 276; 241 280; 242 281; 242 282; 246 286; 248 286; 249 285; 250 285; 251 284; 254 284; 255 285; 256 285; 260 289; 261 289; 262 290; 264 290; 265 289; 266 289; 268 287; 273 287; 274 288; 278 288; 279 289; 285 289; 286 290; 290 290; 292 288; 292 282; 291 281; 291 280; 290 279; 290 278; 287 275; 287 272; 286 271; 286 269; 285 268; 285 260; 279 254; 279 252; 278 251; 278 248; 277 247; 277 246; 274 243
25; 192 254; 190 256; 190 257; 189 258; 189 265; 188 266; 188 268; 187 269; 187 270; 186 271; 186 274; 185 275; 185 278; 184 279; 184 283; 183 284; 183 288; 182 289; 182 290; 181 291; 181 292; 180 293; 180 301; 181 302; 186 302; 187 301; 188 301; 189 300; 190 300; 191 299; 196 299; 197 300; 201 300; 202 299; 203 299; 206 296; 207 296; 208 295; 211 295; 212 294; 215 294; 216 293; 217 293; 218 292; 220 292; 221 291; 228 291; 230 289; 230 286; 223 279; 222 279; 214 271; 214 270; 212 268; 212 267; 211 267; 210 266; 209 266; 208 265; 206 265; 195 254
26; 364 296; 363 297; 362 297; 357 302; 356 302; 353 305; 352 305; 351 306; 350 306; 347 309; 347 311; 346 312; 346 313; 341 318; 340 318; 339 319; 339 320; 338 321; 338 322; 337 323; 337 324; 330 331; 330 333; 332 335; 334 335; 335 336; 337 336; 338 337; 339 337; 340 338; 345 338; 346 337; 347 337; 351 341; 352 341; 353 342; 358 342; 359 341; 363 341; 364 342; 367 342; 368 343; 370 343; 371 344; 374 344; 375 345; 380 345; 381 344; 381 343; 382 342; 382 340; 381 339; 381 338; 380 337; 380 335; 379 334; 379 328; 378 327; 378 326; 377 325; 377 324; 376 323; 376 321; 375 320; 375 316; 374 315; 374 312; 373 311; 373 308; 372 307; 372 306; 371 305; 371 303; 370 302; 370 300; 368 298; 368 297; 367 297; 366 296
27; 724 321; 721 324; 721 327; 722 328; 722 329; 725 332; 725 333; 726 334; 726 341; 727 342; 727 343; 728 344; 728 345; 730 347; 730 348; 731 349; 731 350; 733 352; 734 352; 735 353; 735 354; 736 355; 736 358; 737 359; 737 361; 738 362; 738 363; 739 364; 739 365; 742 368; 745 368; 746 367; 747 367; 748 366; 748 365; 752 361; 752 360; 754 358; 754 357; 760 351; 764 351; 765 350; 765 345; 772 338; 772 337; 773 336; 773 335; 775 333; 775 332; 776 331; 776 328; 774 326; 761 326; 760 325; 759 325; 758 324; 754 324; 753 325; 751 325; 750 324; 748 324; 747 323; 735 323; 734 322; 733 322; 732 321
28; 419 363; 418 364; 417 364; 415 366; 405 366; 404 365; 399 365; 398 364; 394 364; 392 366; 392 370; 393 371; 393 372; 394 373; 394 375; 395 376; 395 377; 397 379; 397 380; 398 381; 398 382; 399 383; 399 385; 400 386; 400 390; 401 391; 401 393; 403 395; 403 396; 405 398; 405 399; 406 400; 406 402; 407 403; 407 407; 408 408; 408 410; 409 410; 410 411; 412 411; 413 410; 414 410; 414 409; 417 406; 417 405; 428 394; 429 394; 432 391; 432 389; 433 388; 433 387; 438 382; 439 382; 442 379; 442 378; 444 376; 444 372; 443 371; 432 371; 431 370; 427 370; 426 369; 425 369; 423 367; 423 366; 422 365; 422 364; 421 363
29; 169 366; 168 367; 165 367; 164 368; 163 368; 162 369; 158 369; 157 368; 153 368; 152 369; 151 369; 150 370; 149 370; 147 372; 145 372; 144 373; 142 373; 141 374; 138 374; 137 373; 135 373; 134 374; 132 374; 131 375; 127 375; 126 376; 123 376; 122 377; 122 379; 123 380; 123 381; 127 385; 127 386; 132 391; 132 392; 133 393; 133 394; 137 398; 138 398; 140 400; 141 400; 153 412; 153 413; 154 414; 154 415; 161 415; 161 407; 162 406; 162 404; 163 403; 163 402; 164 401; 164 400; 165 399; 165 397; 166 396; 166 390; 167 389; 167 387; 168 386; 168 384; 169 383; 169 381; 170 380; 170 378; 171 377; 171 376; 172 375; 172 374; 173 373; 173 372; 174 371; 174 368; 172 366
30; 477 369; 475 371; 475 375; 479 379; 479 380; 480 381; 480 387; 481 388; 481 389; 482 390; 482 391; 485 394; 485 396; 486 397; 486 399; 487 400; 487 401; 490 404; 490 405; 491 406; 491 407; 492 408; 492 409; 493 410; 493 412; 494 413; 494 414; 495 415; 499 415; 502 412; 502 411; 503 410; 503 409; 504 408; 504 407; 510 401; 512 401; 514 399; 514 398; 516 396; 516 395; 518 393; 518 392; 520 390; 520 389; 523 386; 524 386; 526 384; 526 383; 528 381; 528 379; 525 376; 524 376; 523 375; 520 375; 519 374; 514 374; 513 373; 501 373; 500 372; 499 372; 498 371; 492 371; 491 372; 487 372; 486 371; 484 371; 483 370; 482 370; 481 369
31; 305 370; 304 371; 304 372; 303 373; 303 381; 304 382; 304 394; 303 395; 303 397; 302 398; 302 401; 303 402; 303 404; 304 405; 304 412; 303 413; 303 419; 308 419; 309 418; 310 418; 311 417; 313 417; 314 416; 316 416; 317 415; 318 415; 321 412; 322 412; 324 410; 325 410; 327 408; 328 408; 330 406; 331 406; 332 405; 334 405; 335 404; 336 404; 337 403; 338 403; 339 402; 340 402; 341 401; 343 401; 345 399; 346 399; 347 398; 348 398; 349 397; 349 393; 347 391; 346 391; 344 389; 343 389; 341 387; 340 387; 338 385; 337 385; 334 382; 334 381; 333 380; 332 380; 331 379; 322 379; 321 378; 320 378; 319 377; 318 377; 315 374; 314 374; 313 373; 312 373; 310 371; 309 371; 308 370
32; 470 389; 468 391; 467 391; 466 392; 464 392; 463 393; 460 393; 459 394; 458 394; 457 395; 455 395; 454 396; 449 396; 448 397; 447 397; 446 398; 445 398; 443 400; 440 400; 439 401; 434 401; 433 402; 432 402; 430 404; 430 407; 431 408; 431 409; 432 410; 433 410; 438 415; 439 415; 442 418; 442 419; 452 429; 453 429; 455 431; 456 431; 458 433; 459 433; 464 438; 468 438; 469 437; 469 430; 470 429; 470 427; 471 426; 471 424; 472 423; 472 422; 473 421; 474 421; 476 419; 476 415; 475 414; 475 413; 474 412; 474 409; 475 408; 475 407; 476 406; 476 404; 477 403; 477 401; 478 400; 478 399; 479 398; 479 392; 476 389
33; 97 402; 96 403; 95 403; 95 408; 96 409; 96 411; 97 412; 97 415; 98 416; 98 420; 99 421; 99 422; 98 423; 98 431; 99 432; 99 433; 100 434; 100 435; 102 437; 102 445; 103 446; 103 448; 106 451; 108 451; 112 447; 113 447; 121 439; 122 439; 126 435; 127 435; 133 429; 134 429; 136 427; 137 427; 142 422; 143 422; 145 420; 145 418; 143 416; 142 416; 141 415; 138 415; 137 414; 134 414; 133 413; 132 413; 131 412; 130 412; 129 411; 128 411; 127 410; 126 410; 125 409; 122 409; 121 408; 116 408; 115 407; 111 407; 110 406; 109 406; 108 405; 106 405; 105 404; 103 404; 102 403; 100 403; 99 402
34; 154 416; 154 418; 152 420; 152 422; 151 423; 151 424; 150 425; 150 426; 149 427; 149 430; 148 431; 148 432; 147 433; 146 433; 144 435; 144 438; 143 439; 143 441; 142 442; 142 445; 141 446; 141 448; 140 449; 140 450; 139 451; 139 454; 138 455; 138 457; 137 458; 137 460; 138 461; 143 461; 144 460; 161 460; 162 459; 165 459; 166 460; 168 460; 169 459; 170 459; 171 458; 172 458; 174 456; 185 456; 187 454; 187 450; 185 448; 185 447; 183 445; 183 444; 180 441; 180 440; 172 432; 172 431; 171 430; 171 429; 162 420; 162 419; 161 418; 161 416
35; 623 421; 622 422; 621 422; 618 425; 617 425; 616 426; 615 426; 614 427; 613 427; 612 428; 611 428; 610 429; 609 429; 607 431; 604 431; 603 432; 602 432; 601 433; 600 433; 598 435; 597 435; 596 436; 595 436; 591 440; 590 440; 588 442; 587 442; 586 443; 584 443; 583 444; 582 444; 581 445; 581 449; 582 450; 583 450; 584 451; 587 451; 588 452; 590 452; 591 453; 592 453; 601 462; 608 462; 610 464; 611 464; 612 465; 613 465; 616 468; 617 468; 618 469; 619 469; 620 470; 622 470; 623 471; 627 471; 628 470; 628 469; 629 468; 629 461; 628 460; 628 456; 627 455; 627 451; 626 450; 626 447; 627 446; 627 445; 629 443; 629 438; 628 437; 628 436; 627 435; 627 428; 628 427; 628 424; 625 421
36; 270 435; 258 447; 261 460; 265 466; 266 474; 275 492; 279 492; 287 482; 296 476; 297 472; 301 468
37; 301 468; 306 468; 313 463; 322 463; 311 451; 301 420; 295 410; 292 410; 284 419; 280 421; 271 430; 270 435
38; 313 464; 312 465; 310 465; 306 469; 306 470; 305 471; 305 473; 304 474; 304 475; 303 476; 303 477; 302 478; 302 485; 301 486; 301 488; 300 489; 300 490; 298 492; 298 494; 297 495; 297 496; 295 498; 295 503; 296 503; 297 504; 301 504; 302 503; 316 503; 317 502; 319 502; 320 501; 322 501; 323 500; 326 500; 327 499; 330 499; 331 498; 341 498; 342 497; 343 497; 344 496; 345 496; 345 493; 344 492; 344 490; 343 489; 343 488; 336 481; 335 481; 334 480; 334 479; 333 478; 333 477; 334 476; 334 473; 331 473; 330 472; 328 472; 326 470; 326 469; 324 467; 324 466; 322 464
39; 0 473; 0 484; 6 484; 8 486; 9 486; 11 488; 11 490; 7 494; 6 494; 5 495; 4 495; 3 496; 0 496; 0 507; 1 508; 3 508; 4 507; 5 507; 14 498; 15 498; 16 497; 19 497; 20 496; 22 496; 27 491; 28 491; 29 490; 29 488; 26 485; 25 485; 24 484; 22 484; 21 483; 20 483; 19 482; 18 482; 16 480; 15 480; 13 478; 12 478; 8 474; 7 474; 6 473
40; 499 474; 498 475; 498 476; 497 477; 497 483; 498 484; 498 486; 499 487; 499 488; 500 489; 500 490; 501 491; 501 500; 503 502; 503 503; 505 505; 505 506; 506 507; 506 515; 507 516; 507 517; 508 518; 508 519; 512 523; 516 523; 516 522; 520 518; 520 517; 524 513; 525 513; 527 511; 528 511; 530 509; 530 508; 533 505; 535 505; 537 503; 537 502; 538 501; 538 500; 539 499; 539 498; 543 494; 544 494; 547 491; 547 488; 546 487; 546 486; 545 485; 544 485; 543 484; 536 484; 535 483; 533 483; 532 482; 530 482; 529 481; 528 481; 527 480; 517 480; 516 479; 514 479; 513 478; 511 478; 510 477; 508 477; 506 475; 505 475; 504 474
41; 679 474; 678 475; 678 477; 677 478; 677 482; 678 483; 678 489; 677 490; 677 492; 676 493; 676 496; 677 497; 677 499; 678 500; 678 505; 677 506; 677 508; 678 509; 678 521; 679 522; 679 524; 680 525; 685 525; 686 524; 687 524; 689 522; 690 522; 691 521; 692 521; 697 516; 698 516; 699 515; 704 515; 705 516; 706 516; 708 514; 708 511; 710 509; 711 509; 712 508; 713 508; 714 507; 715 507; 716 506; 724 506; 724 502; 725 501; 725 499; 724 498; 724 497; 723 496; 722 496; 721 495; 719 495; 718 494; 716 494; 715 493; 714 493; 712 491; 711 491; 710 490; 709 490; 707 488; 706 488; 704 486; 703 486; 699 482; 696 482; 695 481; 692 481; 690 479; 689 479; 687 477; 686 477; 684 475; 683 475; 682 474
42; 115 487; 115 493; 116 494; 116 497; 117 498; 117 500; 118 501; 118 502; 119 503; 119 508; 117 510; 117 512; 118 513; 119 513; 120 514; 121 514; 124 517; 124 518; 125 519; 125 521; 126 522; 126 533; 128 535; 132 535; 134 533; 134 532; 135 531; 135 530; 145 520; 145 519; 148 516; 149 516; 150 515; 151 515; 153 513; 153 512; 160 505; 161 505; 164 502; 164 498; 163 497; 160 497; 159 496; 154 496; 153 495; 151 495; 150 494; 149 494; 148 493; 145 493; 144 492; 138 492; 137 491; 135 491; 134 490; 129 490; 128 489; 126 489; 125 488; 123 488; 122 487
43; 600 486; 599 487; 598 487; 597 488; 595 488; 594 489; 593 489; 592 490; 591 490; 590 491; 589 491; 588 492; 585 492; 584 493; 582 493; 575 500; 574 500; 573 501; 571 501; 570 502; 569 502; 568 503; 567 503; 566 504; 563 504; 562 505; 561 505; 559 507; 558 507; 557 508; 557 509; 556 510; 556 512; 557 512; 558 513; 560 513; 561 514; 563 514; 564 515; 565 515; 566 516; 567 516; 569 518; 570 518; 571 519; 572 519; 574 521; 575 521; 577 523; 577 524; 578 525; 578 526; 579 527; 585 527; 586 528; 587 528; 588 529; 589 529; 591 531; 592 531; 595 534; 596 534; 598 536; 602 536; 603 535; 603 516; 604 515; 604 514; 605 513; 605 508; 604 507; 604 500; 603 499; 603 493; 604 492; 604 490; 603 489; 603 487; 602 486
44; 720 507; 720 510; 719 511; 719 512; 718 513; 717 513; 715 515; 713 515; 712 516; 710 516; 709 515; 708 515; 706 517; 706 520; 703 523; 702 523; 700 525; 699 525; 698 526; 696 526; 695 527; 693 527; 690 530; 690 532; 693 535; 694 535; 695 536; 696 536; 697 537; 698 537; 699 538; 700 538; 702 540; 704 540; 705 541; 706 541; 707 542; 709 542; 710 543; 712 543; 713 544; 715 544; 716 545; 717 545; 719 547; 720 547; 721 548; 722 548; 723 549; 724 549; 725 550; 726 550; 727 551; 728 551; 729 552; 731 552; 732 553; 734 553; 735 554; 739 554; 739 553; 740 552; 740 548; 739 547; 739 545; 738 544; 738 534; 739 533; 739 532; 740 531; 740 529; 735 524; 735 523; 734 522; 734 520; 733 519; 733 509; 732 508; 730 508; 729 509; 727 509; 725 507
45; 548 508; 545 511; 545 512; 543 514; 543 515; 539 519; 538 519; 537 520; 536 520; 534 522; 534 524; 533 525; 533 527; 532 528; 532 529; 531 530; 531 531; 525 537; 525 538; 524 539; 524 540; 523 541; 523 542; 522 543; 522 544; 521 545; 521 549; 522 550; 522 551; 524 551; 525 552; 530 552; 531 551; 534 551; 535 550; 537 550; 538 551; 541 551; 542 552; 543 552; 544 553; 545 553; 546 554; 549 554; 551 552; 556 552; 557 553; 558 553; 559 554; 571 554; 572 553; 572 551; 571 550; 571 549; 570 548; 570 547; 569 546; 569 545; 568 544; 568 542; 567 541; 567 540; 566 539; 566 537; 564 535; 564 534; 563 533; 563 532; 562 531; 562 528; 561 527; 561 526; 559 524; 559 523; 557 521; 557 520; 555 518; 555 516; 554 515; 555 514; 555 512; 554 512; 550 508
46; 400 515; 399 516; 398 516; 396 518; 396 519; 395 520; 394 520; 383 531; 379 531; 378 532; 377 532; 377 535; 376 536; 376 538; 375 539; 375 540; 373 542; 373 543; 371 545; 370 545; 366 549; 366 550; 365 551; 365 555; 366 556; 379 556; 380 557; 382 557; 383 558; 391 558; 392 559; 393 559; 394 560; 395 560; 396 561; 402 561; 403 562; 405 562; 406 563; 407 563; 408 564; 416 564; 417 563; 417 558; 416 557; 416 556; 415 555; 415 554; 414 553; 414 551; 415 550; 415 544; 414 543; 414 542; 411 539; 411 538; 410 537; 410 534; 409 533; 409 532; 407 530; 407 528; 406 527; 406 525; 405 524; 405 523; 404 522; 404 518; 403 517; 403 516; 402 515
47; 119 546; 111 554; 110 554; 104 560; 99 560; 99 568; 98 569; 98 570; 95 573; 95 574; 87 582; 87 584; 89 586; 96 586; 97 587; 100 587; 101 588; 109 588; 110 589; 112 589; 113 590; 116 590; 117 591; 123 591; 124 592; 127 592; 128 593; 129 593; 130 594; 137 594; 138 593; 138 589; 137 588; 137 587; 136 586; 136 585; 135 584; 135 580; 136 579; 136 578; 137 577; 137 574; 136 573; 136 571; 133 568; 133 566; 132 565; 132 564; 128 560; 128 559; 127 558; 127 554; 126 553; 126 551; 125 550; 125 549; 122 546
48; 963 566; 962 567; 962 577; 963 578; 963 580; 962 581; 962 582; 959 585; 974 600; 974 617; 975 617; 987 605; 991 605; 992 604; 994 604; 995 603; 995 602; 996 601; 996 600; 1005 591; 1006 591; 1007 590; 1008 590; 1009 589; 1010 589; 1010 588; 1011 587; 1011 582; 1010 581; 1009 581; 1008 580; 1005 580; 1004 579; 1002 579; 1001 578; 1000 578; 999 577; 998 577; 997 576; 996 576; 995 575; 993 575; 992 574; 989 574; 988 573; 987 573; 986 572; 984 572; 983 571; 980 571; 979 570; 975 570; 974 569; 973 569; 972 568; 970 568; 969 567; 967 567; 966 566
49; 958 586; 956 588; 955 588; 953 590; 952 590; 951 591; 949 591; 948 592; 946 592; 939 599; 938 599; 936 601; 935 601; 931 605; 930 605; 928 607; 926 607; 922 611; 922 612; 921 613; 921 616; 923 618; 925 618; 926 619; 928 619; 930 621; 931 621; 932 622; 933 622; 934 623; 937 623; 938 624; 939 624; 942 627; 943 627; 944 628; 954 628; 955 629; 957 629; 959 631; 960 631; 962 633; 969 633; 970 632; 970 628; 969 627; 969 620; 971 618; 972 618; 973 617; 973 600; 959 586
50; 0 598; 0 638; 1 638; 4 641; 4 645; 7 645; 7 644; 8 643; 8 642; 14 636; 14 635; 20 629; 21 629; 23 627; 23 626; 27 622; 28 622; 38 612; 38 609; 35 606; 33 606; 32 605; 24 605; 23 604; 22 604; 21 603; 20 603; 19 602; 18 602; 17 601; 16 601; 15 600; 11 600; 10 601; 7 601; 6 600; 4 600; 3 599; 2 599; 1 598
51; 1020 612; 1019 613; 1018 613; 1017 614; 1015 614; 1014 615; 1009 615; 1008 616; 1003 616; 1002 615; 999 615; 995 619; 992 619; 991 620; 988 620; 987 621; 983 621; 982 622; 980 622; 979 623; 979 627; 985 633; 986 633; 988 635; 988 636; 989 637; 989 638; 991 640; 991 641; 997 647; 997 648; 998 649; 999 649; 1000 650; 1002 650; 1004 652; 1004 653; 1010 659; 1011 659; 1012 660; 1014 660; 1015 659; 1015 658; 1016 657; 1016 654; 1017 653; 1017 650; 1018 649; 1018 647; 1019 646; 1019 643; 1020 642; 1020 640; 1023 637; 1023 612
52; 544 606; 544 607; 543 608; 543 610; 542 611; 542 613; 541 614; 541 617; 540 618; 540 620; 538 622; 538 633; 537 634; 537 636; 536 637; 536 639; 535 640; 535 644; 534 645; 534 646; 533 647; 533 654; 534 655; 541 655; 542 654; 544 654; 545 653; 548 653; 549 652; 552 652; 553 651; 555 651; 556 650; 559 650; 560 649; 562 649; 563 648; 564 648; 565 647; 566 647; 567 646; 569 646; 570 645; 571 645; 572 644; 582 644; 583 643; 583 639; 581 637; 580 637; 575 632; 575 631; 574 631; 567 624; 567 623; 562 618; 561 618; 560 617; 560 616; 557 613; 556 613; 553 610; 552 610; 549 607; 548 607; 547 606
53; 260 625; 259 626; 251 626; 250 627; 245 627; 244 626; 240 626; 239 627; 238 627; 236 629; 224 629; 223 630; 223 634; 228 639; 228 640; 230 642; 230 643; 231 644; 231 645; 232 646; 232 648; 233 649; 233 650; 234 651; 234 652; 236 654; 237 654; 242 659; 242 660; 244 662; 244 663; 245 664; 245 665; 246 666; 246 667; 247 668; 247 669; 250 672; 252 672; 254 670; 254 669; 255 668; 255 667; 256 666; 256 664; 257 663; 257 662; 258 661; 258 660; 262 656; 262 655; 264 653; 264 652; 265 651; 265 650; 266 649; 266 644; 267 643; 267 642; 269 640; 269 639; 270 638; 270 637; 271 636; 271 634; 273 632; 273 631; 274 630; 274 627; 273 626; 266 626; 265 625
54; 392 621; 391 622; 388 622; 387 623; 386 623; 385 624; 384 624; 383 625; 381 625; 380 626; 378 626; 377 627; 376 627; 375 628; 373 628; 372 629; 365 629; 364 630; 363 630; 362 631; 361 631; 360 632; 359 632; 358 633; 357 633; 356 634; 355 634; 354 635; 352 635; 351 636; 350 636; 349 637; 349 640; 350 641; 351 641; 352 642; 353 642; 355 644; 356 644; 358 646; 358 647; 360 649; 360 650; 364 654; 365 654; 368 657; 369 657; 370 658; 371 658; 384 671; 386 671; 388 669; 388 668; 389 667; 389 664; 390 663; 390 660; 391 659; 391 654; 392 653; 392 651; 396 647; 396 642; 395 641; 395 640; 394 639; 394 634; 395 633; 395 632; 397 630; 397 629; 398 628; 398 627; 399 626; 399 623; 397 621
55; 608 631; 607 632; 606 632; 606 638; 607 639; 607 641; 608 642; 608 645; 607 646; 607 648; 606 649; 606 651; 607 652; 607 654; 608 655; 608 662; 609 663; 609 668; 610 669; 610 672; 611 673; 611 677; 612 678; 612 680; 613 681; 617 681; 623 675; 624 675; 627 672; 628 672; 629 671; 635 671; 638 668; 638 667; 639 666; 639 665; 641 663; 641 662; 643 660; 644 660; 646 658; 647 658; 650 655; 651 655; 653 653; 653 652; 654 651; 654 646; 649 646; 648 645; 644 645; 643 644; 642 644; 640 642; 638 642; 637 641; 634 641; 633 640; 632 640; 631 639; 630 639; 627 636; 624 636; 623 635; 618 635; 617 634; 616 634; 615 633; 614 633; 613 632; 611 632; 610 631
56; 275 647; 274 648; 273 648; 270 651; 270 657; 269 658; 269 659; 267 661; 267 662; 266 663; 266 665; 265 666; 265 669; 260 674; 260 680; 259 681; 259 682; 258 683; 258 684; 257 685; 257 686; 254 689; 254 694; 255 695; 255 699; 256 698; 257 698; 258 697; 259 697; 262 694; 265 694; 266 693; 273 693; 274 692; 278 692; 279 693; 283 693; 284 692; 285 692; 286 691; 287 691; 288 690; 289 690; 290 689; 299 689; 300 688; 304 688; 305 687; 306 687; 306 683; 305 682; 305 681; 300 676; 300 675; 299 674; 299 673; 298 672; 298 671; 295 668; 295 667; 294 666; 294 665; 293 664; 293 662; 290 659; 287 659; 283 655; 283 654; 281 652; 281 651; 280 650; 280 649; 279 648; 279 647
57; 415 674; 414 675; 413 675; 411 677; 411 679; 412 680; 412 682; 413 683; 413 684; 414 685; 414 686; 415 687; 415 688; 416 689; 416 690; 417 691; 417 695; 421 699; 421 700; 422 701; 422 702; 423 703; 423 705; 424 706; 424 707; 426 709; 426 710; 427 711; 427 712; 430 715; 430 716; 431 717; 431 719; 435 719; 436 718; 439 718; 439 716; 440 715; 440 714; 444 710; 444 709; 450 703; 451 703; 452 702; 453 702; 453 701; 454 700; 454 698; 455 697; 455 695; 457 693; 457 692; 463 686; 463 685; 464 684; 464 681; 463 680; 462 680; 461 679; 460 679; 459 678; 458 678; 457 677; 453 677; 452 678; 448 678; 447 677; 432 677; 431 676; 425 676; 424 675; 419 675; 418 674
58; 992 677; 991 678; 991 689; 992 690; 992 693; 991 694; 991 700; 993 702; 993 704; 994 705; 994 716; 995 717; 995 725; 1001 725; 1004 722; 1005 722; 1007 720; 1008 720; 1011 717; 1012 717; 1014 715; 1015 715; 1016 714; 1019 714; 1020 713; 1023 713; 1023 689; 1021 689; 1020 688; 1019 688; 1018 687; 1017 687; 1016 686; 1015 686; 1014 685; 1013 685; 1012 684; 1011 684; 1010 683; 1009 683; 1008 682; 1007 682; 1006 681; 1005 681; 1004 680; 1003 680; 1002 679; 1001 679; 1000 678; 999 678; 998 677
59; 206 684; 205 685; 205 690; 206 691; 206 693; 207 694; 207 695; 208 696; 208 699; 209 700; 209 705; 210 706; 210 709; 211 710; 211 711; 215 715; 215 716; 217 718; 217 720; 218 721; 218 725; 219 726; 219 728; 221 730; 224 730; 228 726; 228 725; 233 720; 234 720; 237 717; 240 717; 241 716; 242 716; 243 715; 243 714; 244 713; 244 710; 246 708; 246 707; 253 700; 254 700; 254 695; 253 694; 253 689; 251 691; 244 691; 243 690; 239 690; 238 689; 236 689; 235 688; 233 688; 232 687; 228 687; 227 686; 219 686; 218 685; 215 685; 214 684
60; 559 693; 556 696; 555 696; 552 699; 552 700; 551 701; 551 702; 549 704; 549 705; 547 707; 547 709; 545 711; 545 712; 543 714; 542 714; 541 715; 541 716; 540 717; 540 724; 539 725; 539 726; 538 727; 538 728; 532 734; 532 737; 533 738; 534 738; 536 740; 539 740; 540 739; 542 739; 543 738; 559 738; 560 737; 570 737; 571 736; 582 736; 583 735; 584 735; 584 732; 583 731; 583 730; 582 729; 582 728; 579 725; 579 724; 577 722; 577 720; 576 719; 576 716; 575 715; 575 713; 573 711; 572 711; 567 706; 567 705; 566 704; 566 703; 565 702; 565 701; 564 700; 564 698; 563 697; 563 696; 562 695; 562 694; 561 693
61; 0 712; 0 729; 1 729; 3 731; 3 732; 4 733; 4 737; 5 738; 5 741; 6 742; 6 744; 7 745; 7 746; 8 747; 8 749; 9 750; 9 752; 10 753; 10 756; 11 757; 11 759; 12 760; 15 760; 17 758; 17 757; 19 755; 19 754; 22 751; 23 751; 24 750; 25 750; 26 749; 27 749; 29 747; 29 745; 30 744; 30 742; 35 737; 36 737; 37 736; 38 736; 38 729; 39 728; 39 721; 38 720; 34 720; 33 719; 32 719; 31 718; 30 718; 29 717; 28 717; 26 715; 25 715; 23 713; 23 712; 20 712; 17 715; 13 715; 12 714; 10 714; 9 713; 7 713; 6 712
62; 368 705; 363 710; 363 711; 358 716; 358 717; 357 718; 356 718; 356 719; 348 727; 347 727; 344 730; 344 731; 342 733; 342 734; 336 740; 335 740; 335 743; 336 744; 339 744; 340 745; 342 745; 343 746; 346 746; 347 747; 349 747; 350 748; 352 748; 353 749; 359 749; 360 750; 366 750; 367 751; 369 751; 370 752; 371 752; 372 753; 374 753; 375 754; 382 754; 383 753; 383 746; 382 745; 382 744; 381 743; 381 742; 380 741; 380 739; 379 738; 379 734; 378 733; 379 732; 379 731; 380 730; 380 729; 381 728; 381 726; 379 726; 374 721; 374 711; 373 710; 373 709; 372 708; 372 707; 370 705
63; 459 717; 458 718; 457 718; 456 719; 454 719; 453 720; 451 720; 450 719; 446 719; 445 720; 442 720; 441 721; 439 719; 436 719; 435 720; 432 720; 432 722; 429 725; 428 725; 427 726; 424 726; 423 727; 422 727; 421 728; 420 728; 419 729; 419 730; 418 731; 418 732; 416 734; 416 736; 419 739; 420 739; 424 743; 425 743; 426 744; 427 744; 431 748; 431 753; 432 754; 434 754; 435 755; 437 755; 440 758; 441 758; 446 763; 446 764; 448 766; 453 766; 453 761; 454 760; 454 757; 455 756; 455 751; 456 750; 456 749; 457 748; 457 747; 459 745; 459 744; 460 743; 460 736; 461 735; 461 733; 462 732; 462 729; 463 728; 463 724; 464 723; 464 721; 465 720; 465 718; 464 717
64; 644 722; 642 724; 640 724; 639 725; 632 725; 631 726; 628 726; 627 727; 623 727; 622 728; 611 728; 610 729; 609 729; 608 730; 606 730; 605 731; 601 731; 600 732; 599 732; 599 734; 600 735; 600 736; 602 738; 603 738; 606 741; 606 742; 607 743; 607 745; 608 746; 608 748; 610 750; 610 751; 611 752; 611 757; 612 758; 612 759; 618 765; 619 765; 622 768; 623 768; 624 769; 629 769; 631 767; 632 767; 635 764; 635 762; 636 761; 636 758; 637 757; 637 756; 642 751; 647 751; 648 752; 651 749; 651 748; 654 745; 654 741; 655 740; 655 724; 652 724; 651 723; 650 723; 649 722
65; 995 726; 995 728; 994 729; 988 729; 987 728; 985 728; 984 727; 977 727; 975 729; 975 731; 976 732; 975 733; 975 736; 976 737; 976 739; 978 741; 978 742; 980 744; 980 746; 981 747; 981 751; 982 752; 982 754; 983 755; 983 756; 984 757; 984 758; 985 759; 985 760; 987 762; 987 763; 988 764; 988 765; 989 766; 989 771; 990 772; 993 772; 994 771; 997 771; 997 770; 998 769; 998 768; 999 767; 999 766; 1000 765; 1000 764; 1002 762; 1002 761; 1008 755; 1008 754; 1010 752; 1010 751; 1015 746; 1015 745; 1017 743; 1017 742; 1018 741; 1018 740; 1022 736; 1023 736; 1023 732; 1011 732; 1010 731; 1007 731; 1006 730; 1003 730; 1001 728; 1001 726
66; 46 718; 44 720; 43 720; 42 721; 40 721; 40 728; 39 729; 39 736; 40 737; 40 743; 39 744; 39 747; 38 748; 38 749; 37 750; 37 751; 36 752; 36 754; 35 755; 35 758; 34 759; 34 765; 38 765; 39 764; 45 764; 46 763; 55 763; 58 760; 64 760; 65 759; 68 759; 70 757; 72 757; 73 756; 76 756; 77 755; 79 755; 80 754; 81 754; 82 753; 82 750; 80 748; 80 747; 77 744; 77 743; 75 741; 74 741; 73 740; 72 740; 71 739; 70 739; 68 737; 68 736; 67 735; 67 730; 66 729; 63 729; 62 728; 61 728; 60 727; 59 727; 55 723; 55 722; 51 718
67; 656 724; 656 740; 655 741; 655 745; 652 748; 652 749; 649 752; 649 754; 650 755; 649 756; 649 760; 648 761; 648 763; 647 764; 647 765; 646 766; 646 772; 647 773; 647 774; 649 776; 651 776; 652 775; 653 775; 655 773; 656 773; 657 772; 658 772; 659 771; 660 771; 661 770; 663 770; 664 769; 666 769; 669 766; 670 766; 671 765; 674 765; 675 764; 678 764; 685 757; 686 757; 687 756; 691 756; 692 755; 693 755; 693 754; 694 753; 694 751; 692 749; 691 749; 689 747; 688 747; 685 744; 684 744; 683 743; 682 743; 680 741; 679 741; 678 740; 677 740; 676 739; 675 739; 674 738; 673 738; 670 735; 669 735; 665 731; 664 731; 663 730; 662 730
68; 819 743; 818 744; 818 747; 819 748; 819 751; 820 752; 820 756; 819 757; 819 762; 818 763; 818 764; 816 766; 816 769; 819 772; 819 774; 820 775; 820 776; 821 777; 821 781; 822 782; 822 787; 827 787; 828 788; 834 788; 838 784; 839 784; 840 783; 841 783; 842 782; 843 782; 845 780; 846 780; 848 778; 848 777; 849 776; 850 776; 852 774; 853 774; 854 773; 855 773; 856 772; 857 772; 860 769; 861 769; 863 767; 864 767; 865 766; 866 766; 866 762; 864 760; 861 760; 860 759; 857 759; 856 758; 855 758; 851 754; 851 753; 850 752; 849 752; 848 751; 844 751; 843 750; 841 750; 839 748; 835 748; 834 747; 828 747; 827 746; 826 746; 824 744; 823 744; 822 743
69; 65 760; 64 761; 61 761; 61 769; 63 771; 63 772; 64 773; 64 777; 63 778; 63 779; 60 782; 60 785; 59 786; 58 786; 57 787; 52 787; 50 785; 49 785; 48 784; 46 784; 45 783; 42 783; 41 782; 37 782; 36 783; 35 783; 34 784; 33 784; 32 785; 31 785; 26 780; 20 780; 18 782; 18 786; 19 786; 21 788; 21 789; 23 791; 23 793; 20 796; 20 799; 22 801; 24 801; 25 802; 29 802; 31 800; 31 798; 34 795; 38 795; 39 796; 39 801; 38 802; 38 809; 39 809; 40 810; 42 810; 43 811; 45 811; 45 807; 47 805; 52 805; 53 806; 64 806; 64 801; 61 798; 61 797; 62 796; 62 795; 63 794; 63 793; 64 792; 67 795; 72 795; 72 788; 73 787; 74 787; 75 786; 76 786; 77 785; 79 785; 80 784; 81 784; 82 783; 83 783; 85 781; 85 779; 84 778; 85 777; 85 775; 84 774; 83 774; 82 773; 80 773; 79 774; 78 774; 76 772; 76 771; 77 770; 77 767; 76 766; 76 762; 75 761; 70 761; 69 760
70; 994 772; 993 773; 990 773; 990 774; 991 775; 991 776; 992 777; 992 781; 991 782; 991 784; 990 785; 990 786; 988 788; 988 789; 987 790; 987 791; 986 792; 986 793; 985 794; 985 795; 984 796; 984 797; 982 799; 982 802; 983 803; 982 804; 982 807; 981 808; 981 809; 980 810; 980 811; 979 812; 979 813; 978 814; 978 816; 977 817; 977 820; 978 821; 979 821; 982 824; 987 824; 988 823; 989 823; 990 822; 991 822; 992 821; 994 821; 995 820; 1003 820; 1004 819; 1013 819; 1016 816; 1019 816; 1020 815; 1021 815; 1022 816; 1023 816; 1023 802; 1022 802; 1013 793; 1013 792; 1012 791; 1011 791; 1006 786; 1006 785; 1004 783; 1004 782; 1003 781; 1003 780; 1002 779; 1002 778; 1001 777; 1001 776; 998 773; 998 772
71; 821 788; 821 790; 820 791; 820 792; 817 795; 812 795; 811 796; 810 796; 809 797; 808 797; 807 798; 806 798; 805 799; 802 799; 801 800; 800 800; 799 801; 795 801; 794 802; 790 802; 789 803; 784 803; 782 805; 782 807; 783 808; 783 809; 785 811; 785 812; 787 814; 787 815; 790 818; 790 819; 791 819; 794 822; 794 823; 798 827; 799 827; 801 829; 802 829; 807 834; 807 835; 808 836; 808 837; 811 840; 812 840; 815 843; 819 843; 820 842; 820 839; 821 838; 821 836; 822 835; 822 834; 823 833; 823 832; 824 831; 824 830; 825 829; 825 827; 826 826; 826 825; 829 822; 829 811; 830 810; 830 807; 831 806; 831 804; 832 803; 832 802; 833 801; 833 799; 834 798; 834 794; 833 793; 833 789; 828 789; 827 788
72; 876 802; 869 809; 868 809; 867 810; 863 810; 859 814; 859 815; 858 816; 858 817; 849 826; 847 826; 846 827; 845 827; 844 828; 844 829; 841 832; 841 833; 840 834; 840 835; 839 836; 842 839; 843 839; 844 840; 844 841; 847 841; 848 842; 852 842; 853 841; 854 841; 855 842; 856 842; 862 848; 868 848; 869 849; 876 849; 877 850; 878 850; 879 851; 880 851; 881 852; 882 852; 883 853; 885 853; 886 854; 888 854; 890 852; 890 850; 889 849; 889 841; 888 840; 888 838; 887 837; 887 831; 886 830; 886 829; 885 828; 885 819; 884 818; 884 816; 883 815; 883 813; 882 812; 882 808; 881 807; 881 804; 880 803; 880 802
73; 319 823; 318 824; 317 824; 317 825; 316 826; 316 827; 315 828; 315 829; 313 831; 313 832; 312 833; 311 833; 309 835; 308 835; 307 836; 306 836; 305 837; 304 837; 303 838; 302 838; 300 840; 299 840; 295 844; 295 845; 291 849; 290 849; 288 851; 287 851; 284 854; 284 857; 286 859; 289 859; 290 860; 292 860; 294 862; 295 862; 296 863; 299 863; 300 864; 302 864; 303 865; 305 865; 306 866; 309 866; 310 867; 317 867; 318 868; 320 868; 321 869; 322 869; 323 870; 324 870; 325 871; 326 871; 327 872; 329 872; 330 873; 334 873; 335 872; 335 865; 334 864; 334 862; 333 861; 333 859; 332 858; 332 847; 331 846; 331 844; 330 843; 330 842; 329 841; 329 839; 328 838; 328 834; 327 833; 327 828; 326 827; 326 826; 325 825; 325 824; 324 824; 323 823
74; 828 833; 826 835; 826 842; 825 843; 825 847; 824 848; 824 855; 825 856; 825 860; 824 861; 824 862; 823 863; 823 864; 822 865; 822 867; 823 868; 823 869; 824 870; 824 871; 825 872; 825 878; 824 879; 824 881; 823 882; 823 885; 825 887; 828 887; 829 886; 830 886; 831 885; 832 885; 835 882; 837 882; 838 881; 839 881; 840 880; 841 880; 842 879; 843 879; 845 877; 846 877; 848 875; 853 875; 854 874; 856 874; 857 873; 858 873; 860 871; 860 870; 861 869; 862 869; 863 868; 864 868; 865 867; 866 867; 867 866; 868 866; 870 864; 871 864; 871 860; 870 860; 864 854; 864 853; 863 852; 859 852; 858 851; 856 851; 855 850; 854 850; 851 847; 851 843; 848 843; 847 842; 842 842; 841 841; 841 839; 839 837; 835 837; 833 835; 832 835; 830 833
75; 71 846; 69 848; 69 849; 68 850; 68 852; 67 853; 67 854; 65 856; 65 860; 64 861; 64 863; 63 864; 63 865; 62 866; 62 867; 61 868; 61 869; 60 870; 60 871; 59 872; 59 874; 58 875; 58 877; 56 879; 56 880; 54 882; 54 883; 53 884; 53 885; 51 887; 51 893; 57 893; 58 892; 60 892; 61 893; 70 893; 71 894; 74 894; 75 893; 76 893; 77 892; 78 892; 79 891; 80 891; 81 890; 93 890; 94 889; 100 889; 102 887; 102 883; 101 882; 101 881; 96 876; 96 875; 95 874; 95 873; 94 872; 94 871; 93 870; 93 869; 92 868; 92 867; 86 861; 86 860; 83 857; 82 857; 78 853; 78 852; 77 851; 77 850; 76 849; 76 848; 74 846
76; 896 865; 895 866; 893 866; 892 867; 885 867; 884 868; 881 868; 880 869; 878 869; 877 870; 874 870; 873 871; 872 871; 871 872; 869 872; 868 873; 864 873; 863 872; 860 872; 858 874; 857 874; 856 875; 854 875; 853 876; 853 877; 854 878; 854 879; 865 890; 865 895; 866 896; 866 897; 870 897; 872 899; 872 900; 874 902; 874 903; 875 904; 875 905; 877 907; 877 908; 879 910; 879 911; 882 914; 886 914; 887 913; 888 913; 889 912; 890 912; 890 910; 891 909; 891 904; 892 903; 892 902; 893 901; 893 900; 894 899; 894 896; 895 895; 895 893; 896 892; 896 891; 900 887; 900 886; 901 885; 901 880; 902 879; 902 877; 903 876; 903 875; 904 874; 904 873; 905 872; 905 867; 904 866; 902 866; 901 865
77; 640 866; 639 867; 638 867; 631 874; 631 875; 624 882; 624 883; 623 884; 623 885; 620 888; 620 889; 619 890; 619 891; 617 893; 617 894; 609 902; 609 906; 610 906; 611 907; 613 907; 614 908; 616 908; 617 909; 618 909; 619 910; 629 910; 630 911; 631 911; 633 913; 646 913; 647 914; 652 914; 653 915; 659 915; 660 914; 661 914; 661 913; 662 912; 662 910; 661 909; 661 908; 660 907; 660 906; 659 905; 659 904; 658 903; 658 902; 657 901; 657 900; 656 899; 656 896; 655 895; 655 893; 654 892; 654 891; 653 890; 653 887; 652 886; 652 884; 651 883; 651 882; 650 881; 650 879; 649 878; 649 873; 648 872; 648 871; 644 867; 643 867; 642 866
78; 959 886; 958 887; 957 887; 957 888; 956 889; 956 892; 957 893; 957 894; 958 895; 958 896; 959 897; 959 900; 960 901; 960 903; 962 905; 962 906; 963 907; 963 908; 964 909; 964 913; 965 914; 965 915; 966 916; 966 917; 967 918; 967 919; 968 920; 968 921; 969 922; 969 923; 970 924; 970 926; 971 927; 971 930; 972 931; 972 933; 973 934; 973 935; 974 936; 977 936; 987 926; 987 925; 991 921; 992 921; 993 920; 994 920; 995 919; 996 919; 997 918; 997 912; 1003 906; 1004 906; 1004 905; 1008 901; 1008 897; 1006 895; 1002 895; 1001 894; 999 894; 998 893; 997 893; 996 892; 993 892; 992 891; 989 891; 988 890; 983 890; 981 888; 980 888; 979 887; 976 887; 975 888; 968 888; 967 887; 963 887; 962 886
79; 14 897; 13 898; 13 900; 12 901; 12 902; 6 908; 5 908; 4 909; 3 909; 1 911; 0 911; 0 944; 6 944; 6 943; 7 942; 17 942; 18 943; 19 943; 20 944; 22 944; 23 943; 38 943; 38 940; 37 939; 37 937; 36 936; 36 933; 35 932; 35 928; 33 926; 33 925; 31 923; 31 920; 30 919; 30 918; 25 913; 25 912; 24 911; 24 910; 23 909; 23 908; 21 906; 21 904; 20 903; 20 898; 19 897
80; 101 920; 100 921; 100 926; 101 927; 101 934; 102 935; 102 941; 101 942; 101 943; 100 944; 100 945; 99 946; 99 948; 101 950; 101 953; 102 954; 102 956; 103 957; 103 964; 102 965; 102 970; 104 972; 106 972; 107 971; 108 971; 109 970; 110 970; 111 969; 112 969; 116 965; 117 965; 119 963; 121 963; 122 962; 123 962; 124 961; 125 961; 126 960; 127 960; 128 959; 132 959; 133 958; 133 956; 137 952; 138 952; 139 951; 140 951; 144 947; 145 947; 147 945; 147 941; 145 939; 142 939; 141 938; 140 938; 139 937; 138 937; 137 936; 136 936; 132 932; 131 932; 129 930; 128 930; 127 929; 126 929; 125 928; 122 928; 121 927; 118 927; 117 926; 114 926; 113 925; 112 925; 110 923; 109 923; 108 922; 107 922; 105 920
81; 0 945; 0 995; 2 995; 3 994; 4 994; 9 989; 10 989; 11 988; 16 988; 17 987; 19 987; 19 986; 21 984; 21 983; 23 981; 24 981; 26 979; 28 979; 29 978; 30 978; 31 977; 32 977; 34 975; 35 975; 38 972; 40 972; 42 970; 43 970; 43 969; 44 968; 44 966; 41 963; 40 963; 39 962; 37 962; 36 961; 35 961; 34 960; 33 960; 32 959; 31 959; 29 957; 28 957; 27 956; 26 956; 21 951; 21 950; 16 950; 13 947; 8 947; 6 945
82; 626 952; 625 953; 625 958; 626 959; 626 960; 628 962; 628 963; 629 964; 629 966; 630 967; 630 968; 631 969; 631 970; 633 972; 633 973; 634 974; 634 982; 639 987; 639 988; 640 989; 640 991; 641 992; 641 997; 642 998; 642 1000; 643 1001; 643 1002; 644 1003; 646 1003; 647 1002; 648 1002; 648 1001; 650 999; 650 998; 652 996; 652 995; 658 989; 659 989; 660 988; 660 987; 661 986; 661 985; 663 983; 663 982; 665 980; 665 979; 668 976; 668 975; 669 974; 669 973; 670 972; 670 971; 671 970; 671 969; 672 968; 672 967; 674 965; 674 964; 676 962; 676 961; 677 960; 677 957; 676 956; 664 956; 663 955; 662 955; 661 954; 659 954; 658 953; 656 953; 655 954; 647 954; 646 953; 633 953; 632 952
83; 387 951; 386 952; 386 955; 387 956; 387 957; 388 958; 388 960; 389 961; 389 968; 390 969; 390 982; 391 983; 391 984; 392 985; 392 992; 391 993; 391 997; 392 998; 392 1000; 393 1001; 393 1003; 394 1004; 397 1004; 398 1003; 399 1003; 402 1000; 403 1000; 407 996; 408 996; 409 995; 412 995; 413 994; 414 994; 415 993; 415 992; 416 991; 416 990; 417 989; 417 988; 422 983; 423 983; 428 978; 429 978; 435 972; 435 968; 431 964; 429 964; 428 963; 424 963; 423 962; 421 962; 420 961; 419 961; 418 960; 417 960; 414 957; 414 956; 413 955; 408 955; 407 956; 406 956; 405 955; 403 955; 402 954; 399 954; 398 953; 395 953; 394 952; 392 952; 391 951
84; 157 947; 150 954; 149 954; 143 960; 142 960; 141 961; 138 961; 137 960; 136 960; 135 959; 133 959; 132 960; 132 962; 126 968; 125 968; 124 969; 123 969; 122 970; 120 970; 119 971; 118 971; 115 974; 115 976; 116 977; 116 978; 117 978; 119 980; 121 980; 122 981; 124 981; 125 982; 126 982; 128 984; 129 984; 130 985; 131 985; 132 986; 133 986; 134 987; 135 987; 140 992; 141 992; 142 993; 143 993; 144 994; 145 994; 146 995; 148 995; 149 996; 150 996; 154 1000; 155 1000; 156 1001; 159 1001; 159 999; 160 998; 160 990; 161 989; 161 986; 162 985; 162 984; 163 983; 163 979; 162 978; 162 976; 161 975; 161 958; 162 957; 162 950; 161 949; 161 948; 160 947
85; 77 978; 76 979; 76 981; 75 982; 75 983; 74 984; 74 991; 75 992; 75 999; 74 1000; 74 1001; 71 1004; 71 1006; 75 1010; 75 1023; 90 1023; 90 1022; 93 1019; 94 1019; 96 1017; 98 1017; 99 1016; 100 1016; 103 1013; 104 1013; 107 1010; 108 1010; 110 1008; 111 1008; 113 1006; 114 1006; 118 1002; 119 1002; 121 1000; 122 1000; 122 996; 121 996; 120 995; 116 995; 115 994; 114 994; 113 993; 112 993; 108 989; 107 989; 105 987; 104 987; 103 986; 102 986; 101 985; 100 985; 99 984; 98 984; 96 982; 95 982; 94 981; 88 981; 87 980; 85 980; 84 979; 81 979; 80 978
