0; 180 0; 180 10; 179 11; 179 14; 178 15; 178 17; 177 18; 177 20; 178 21; 182 21; 183 20; 184 20; 185 19; 186 19; 187 18; 191 18; 192 17; 198 17; 199 16; 200 16; 201 15; 202 15; 204 13; 206 13; 207 12; 208 12; 209 11; 212 11; 213 10; 217 10; 218 9; 218 5; 217 4; 216 4; 213 1; 213 0; 201 0; 201 3; 202 4; 199 7; 198 7; 197 8; 195 8; 194 9; 190 9; 189 8; 189 0
1; 715 6; 714 7; 713 7; 712 8; 711 8; 710 9; 709 9; 708 10; 706 10; 705 11; 703 11; 702 12; 701 12; 700 13; 699 13; 698 14; 696 14; 695 15; 694 15; 693 16; 692 16; 690 18; 689 18; 688 19; 687 19; 686 20; 684 20; 683 21; 682 21; 681 22; 680 22; 680 24; 681 25; 682 25; 684 27; 685 27; 686 28; 687 28; 688 29; 689 29; 691 31; 692 31; 693 32; 694 32; 698 36; 699 36; 700 37; 702 37; 703 38; 704 38; 705 39; 706 39; 708 41; 709 41; 710 42; 711 42; 713 44; 714 44; 715 45; 717 45; 719 43; 719 39; 718 38; 718 36; 719 35; 719 28; 720 27; 720 7; 719 6
2; 791 5; 787 9; 786 9; 784 11; 783 11; 782 12; 781 12; 779 14; 778 14; 777 15; 776 15; 774 17; 773 17; 772 18; 771 18; 768 21; 767 21; 764 24; 763 24; 760 27; 760 30; 761 31; 764 31; 765 32; 767 32; 768 33; 769 33; 770 34; 771 34; 772 35; 773 35; 774 36; 776 36; 777 37; 779 37; 780 38; 781 38; 782 39; 784 39; 785 40; 787 40; 788 41; 789 41; 790 42; 791 42; 792 43; 794 43; 795 44; 796 44; 797 45; 799 45; 800 44; 800 33; 799 32; 799 22; 798 21; 798 19; 797 18; 797 15; 796 14; 796 11; 795 10; 795 6; 794 5
3; 302 16; 301 17; 300 17; 298 19; 297 19; 296 20; 295 20; 294 21; 292 21; 291 22; 290 22; 289 23; 288 23; 287 24; 286 24; 285 25; 284 25; 282 27; 281 27; 280 28; 279 28; 278 29; 277 29; 276 30; 275 30; 274 31; 273 31; 272 32; 270 32; 269 33; 268 33; 267 34; 267 37; 268 38; 270 38; 271 39; 272 39; 273 40; 274 40; 276 42; 277 42; 278 43; 279 43; 282 46; 283 46; 284 47; 292 47; 293 46; 296 46; 299 49; 299 51; 301 53; 301 54; 302 55; 304 55; 305 54; 305 52; 306 51; 306 38; 307 37; 307 33; 306 32; 306 30; 305 29; 305 23; 306 22; 306 17; 305 17; 304 16
4; 797 54; 787 64; 786 64; 785 65; 784 65; 783 66; 781 66; 779 68; 779 69; 769 79; 768 79; 767 80; 767 84; 768 84; 769 85; 772 85; 773 86; 776 86; 777 87; 780 87; 781 88; 784 88; 785 89; 786 89; 787 90; 789 90; 790 91; 792 91; 793 92; 794 92; 795 93; 798 93; 799 94; 802 94; 803 95; 804 95; 805 96; 808 96; 809 95; 809 90; 808 89; 808 87; 807 86; 807 82; 806 81; 806 75; 805 74; 805 70; 804 69; 804 67; 803 66; 803 64; 802 63; 802 56; 801 55; 801 54
5; 163 86; 163 87; 162 88; 162 90; 161 91; 161 93; 160 94; 160 95; 158 97; 158 98; 155 101; 155 102; 154 103; 154 107; 153 108; 153 110; 152 111; 152 114; 151 115; 151 117; 149 119; 149 120; 148 121; 148 124; 155 124; 156 123; 160 123; 161 122; 168 122; 169 121; 175 121; 176 120; 180 120; 181 119; 186 119; 187 118; 189 118; 190 117; 191 117; 191 113; 189 111; 188 111; 187 110; 187 109; 184 106; 184 105; 179 100; 178 100; 175 97; 175 96; 170 91; 170 90; 168 88; 168 87; 167 86
6; 343 87; 341 89; 341 90; 337 94; 337 95; 335 97; 335 98; 334 99; 334 100; 332 102; 332 103; 330 105; 330 106; 329 107; 329 108; 328 109; 328 110; 327 111; 327 112; 326 113; 326 114; 325 115; 325 116; 323 118; 323 122; 365 122; 366 121; 366 117; 363 114; 363 113; 361 111; 361 110; 360 109; 360 108; 359 107; 359 105; 358 104; 358 102; 353 97; 353 96; 350 93; 350 92; 348 90; 348 89; 347 88; 347 87
7; 930 89; 928 91; 928 97; 927 98; 927 102; 926 103; 926 106; 925 107; 925 114; 924 115; 924 122; 923 123; 923 124; 922 125; 922 127; 924 129; 927 129; 928 128; 929 128; 930 127; 932 127; 933 126; 934 126; 935 125; 937 125; 938 124; 939 124; 940 123; 942 123; 943 122; 945 122; 946 121; 948 121; 949 120; 950 120; 951 119; 953 119; 954 118; 956 118; 957 117; 959 117; 960 116; 962 116; 964 114; 964 112; 962 110; 961 110; 960 109; 959 109; 957 107; 956 107; 952 103; 952 102; 949 99; 948 99; 947 98; 946 98; 945 97; 944 97; 943 96; 942 96; 941 95; 940 95; 937 92; 936 92; 934 90; 933 90; 932 89
8; 7 147; 6 148; 6 149; 5 150; 5 152; 6 153; 6 182; 5 183; 5 188; 6 189; 10 189; 12 187; 13 187; 14 186; 15 186; 16 185; 18 185; 19 184; 20 184; 21 183; 24 183; 25 182; 26 182; 28 180; 29 180; 30 179; 31 179; 32 178; 33 178; 34 177; 35 177; 36 176; 37 176; 38 175; 40 175; 41 174; 43 174; 45 172; 45 169; 43 167; 42 167; 41 166; 40 166; 39 165; 38 165; 36 163; 35 163; 33 161; 32 161; 30 159; 29 159; 27 157; 26 157; 24 155; 23 155; 21 153; 20 153; 19 152; 18 152; 17 151; 16 151; 15 150; 14 150; 12 148; 11 148; 10 147
9; 165 150; 164 151; 164 164; 163 165; 163 167; 162 168; 162 172; 163 173; 163 177; 164 178; 164 189; 165 190; 169 190; 170 189; 171 189; 172 188; 174 188; 175 187; 176 187; 177 186; 178 186; 179 185; 180 185; 181 184; 182 184; 183 183; 184 183; 186 181; 187 181; 188 180; 189 180; 190 179; 191 179; 192 178; 193 178; 194 177; 196 177; 197 176; 199 176; 200 175; 201 175; 203 173; 203 171; 202 170; 200 170; 199 169; 197 169; 196 168; 195 168; 191 164; 190 164; 187 161; 186 161; 185 160; 184 160; 181 157; 180 157; 179 156; 178 156; 177 155; 176 155; 175 154; 174 154; 172 152; 171 152; 169 150
10; 366 156; 365 157; 364 157; 363 158; 362 158; 361 159; 360 159; 359 160; 358 160; 357 161; 356 161; 355 162; 354 162; 353 163; 351 163; 350 164; 347 164; 345 166; 344 166; 342 168; 341 168; 340 169; 339 169; 338 170; 337 170; 336 171; 335 171; 333 173; 332 173; 330 175; 330 177; 331 178; 332 178; 334 180; 335 180; 338 183; 339 183; 341 185; 342 185; 343 186; 344 186; 347 189; 348 189; 351 192; 352 192; 354 194; 355 194; 356 195; 358 195; 360 197; 361 197; 362 198; 366 198; 366 189; 367 188; 367 178; 368 177; 368 169; 369 168; 369 157; 368 156
11; 101 160; 100 161; 100 162; 99 163; 99 164; 95 168; 94 168; 84 178; 84 179; 76 187; 75 187; 74 188; 74 192; 75 192; 76 193; 83 193; 84 194; 86 194; 87 195; 89 195; 90 196; 91 196; 92 197; 93 197; 94 198; 99 198; 100 197; 101 198; 110 198; 111 199; 115 199; 115 194; 114 193; 114 191; 113 190; 113 188; 112 187; 112 185; 111 184; 111 182; 110 181; 110 179; 109 178; 109 176; 108 175; 108 173; 107 172; 107 170; 106 169; 106 163; 105 162; 105 161; 104 160
12; 270 175; 270 179; 271 180; 271 181; 272 182; 272 184; 273 185; 273 188; 274 189; 274 192; 275 193; 275 195; 276 196; 276 199; 277 200; 277 203; 278 204; 278 205; 279 206; 279 207; 280 208; 280 210; 281 211; 281 212; 282 213; 284 213; 285 212; 286 212; 286 211; 290 207; 291 207; 299 199; 299 198; 300 197; 301 197; 302 196; 302 195; 305 192; 305 191; 308 188; 309 188; 311 186; 311 183; 310 182; 305 182; 304 181; 302 181; 301 180; 299 180; 298 179; 296 179; 295 178; 293 178; 292 177; 284 177; 283 176; 276 176; 275 175
13; 573 169; 572 170; 572 175; 573 176; 573 181; 572 182; 572 188; 571 189; 571 203; 570 204; 570 209; 571 210; 573 210; 574 209; 575 209; 577 207; 578 207; 579 206; 580 206; 581 205; 584 205; 585 204; 588 204; 589 203; 591 203; 592 202; 593 202; 596 199; 597 199; 598 198; 599 198; 602 195; 603 195; 604 194; 605 194; 606 193; 607 193; 609 191; 609 189; 608 188; 607 188; 606 187; 604 187; 603 186; 602 186; 601 185; 600 185; 597 182; 596 182; 594 180; 593 180; 591 178; 590 178; 589 177; 588 177; 587 176; 586 176; 584 174; 583 174; 582 173; 581 173; 580 172; 579 172; 576 169
14; 520 182; 518 184; 517 184; 515 186; 514 186; 513 187; 512 187; 510 189; 509 189; 507 191; 506 191; 504 193; 503 193; 500 196; 499 196; 495 200; 494 200; 492 202; 491 202; 488 205; 488 207; 489 208; 493 208; 494 209; 497 209; 498 210; 500 210; 501 211; 502 211; 503 212; 504 212; 506 214; 508 214; 509 215; 511 215; 512 216; 514 216; 515 217; 518 217; 519 218; 520 218; 521 219; 522 219; 524 221; 528 221; 529 220; 529 216; 528 215; 528 212; 527 211; 527 205; 528 204; 528 198; 527 197; 527 196; 526 195; 526 194; 525 193; 525 189; 524 188; 524 183; 523 182
15; 875 184; 873 186; 872 186; 871 187; 870 187; 869 188; 868 188; 867 189; 866 189; 864 191; 863 191; 861 193; 860 193; 857 196; 856 196; 854 198; 853 198; 850 201; 849 201; 848 202; 847 202; 846 203; 845 203; 844 204; 844 208; 847 208; 848 209; 851 209; 852 210; 853 210; 854 211; 855 211; 859 215; 862 215; 863 216; 866 216; 867 217; 869 217; 870 218; 872 218; 873 219; 874 219; 875 220; 877 220; 878 221; 879 221; 880 222; 883 222; 884 221; 884 214; 883 213; 883 207; 882 206; 882 196; 881 195; 881 192; 880 191; 880 188; 879 187; 879 184
16; 653 194; 652 195; 651 195; 650 196; 649 196; 648 197; 644 197; 643 198; 640 198; 639 199; 635 199; 634 200; 632 200; 631 201; 630 201; 629 202; 628 202; 627 203; 625 203; 624 204; 623 204; 622 205; 620 205; 619 206; 618 206; 617 207; 616 207; 616 210; 617 211; 618 211; 625 218; 626 218; 628 220; 629 220; 635 226; 636 226; 638 228; 639 228; 640 229; 641 229; 644 232; 645 232; 646 233; 649 233; 650 232; 650 231; 651 230; 651 227; 652 226; 652 222; 653 221; 653 217; 654 216; 654 209; 655 208; 655 204; 656 203; 656 199; 657 198; 657 196; 656 195; 656 194
17; 786 207; 785 208; 785 209; 784 210; 784 217; 783 218; 783 222; 782 223; 782 242; 781 243; 781 245; 782 246; 786 246; 789 243; 790 243; 791 242; 794 242; 795 241; 796 241; 797 240; 799 240; 800 239; 802 239; 803 238; 804 238; 805 237; 807 237; 808 236; 809 236; 810 235; 813 235; 814 234; 815 234; 816 233; 818 233; 821 230; 821 228; 819 226; 818 226; 817 225; 816 225; 812 221; 811 221; 803 213; 801 213; 800 212; 798 212; 797 211; 795 211; 794 210; 793 210; 791 208; 790 208; 789 207
18; 97 216; 96 217; 96 219; 95 220; 95 225; 94 226; 94 228; 93 229; 93 231; 92 232; 92 236; 91 237; 91 241; 90 242; 90 246; 89 247; 89 250; 88 251; 88 255; 89 256; 91 256; 92 255; 93 255; 94 254; 96 254; 97 253; 101 253; 102 252; 107 252; 108 251; 111 251; 112 250; 113 250; 114 249; 115 249; 116 248; 119 248; 120 247; 122 247; 123 246; 127 246; 128 245; 129 245; 129 241; 127 239; 126 239; 122 235; 121 235; 115 229; 114 229; 109 224; 108 224; 106 222; 105 222; 99 216
19; 544 222; 542 224; 542 256; 541 257; 541 264; 545 264; 547 262; 548 262; 550 260; 551 260; 553 258; 554 258; 555 257; 556 257; 557 256; 558 256; 559 255; 561 255; 562 254; 563 254; 564 253; 565 253; 568 250; 569 250; 570 249; 571 249; 572 248; 573 248; 574 247; 582 247; 582 242; 581 241; 578 241; 577 240; 576 240; 574 238; 573 238; 572 237; 571 237; 569 235; 568 235; 567 234; 566 234; 564 232; 563 232; 561 230; 560 230; 558 228; 556 228; 555 227; 554 227; 553 226; 551 226; 548 223; 547 223; 546 222
20; 617 224; 615 226; 614 226; 613 227; 612 227; 610 229; 608 229; 607 230; 606 230; 605 231; 604 231; 603 232; 602 232; 601 233; 600 233; 599 234; 598 234; 597 235; 596 235; 594 237; 593 237; 592 238; 591 238; 590 239; 589 239; 588 240; 587 240; 586 241; 584 241; 583 242; 583 247; 584 247; 585 248; 587 248; 588 249; 589 249; 591 251; 592 251; 597 256; 599 256; 600 257; 603 257; 604 258; 606 258; 607 259; 609 259; 610 260; 611 260; 615 264; 616 264; 617 265; 620 265; 621 264; 621 237; 620 236; 620 232; 621 231; 621 226; 619 224
21; 183 239; 182 240; 182 246; 183 247; 183 249; 182 250; 182 255; 181 256; 181 261; 182 262; 182 265; 183 266; 183 279; 184 280; 187 280; 189 278; 190 278; 192 276; 194 276; 195 275; 196 275; 197 274; 198 274; 199 273; 200 273; 202 271; 203 271; 204 270; 205 270; 206 269; 207 269; 208 268; 209 268; 211 266; 212 266; 215 263; 216 263; 217 262; 218 262; 219 261; 220 261; 222 259; 222 257; 220 255; 218 255; 217 254; 216 254; 215 253; 214 253; 213 252; 212 252; 210 250; 209 250; 208 249; 206 249; 205 248; 204 248; 203 247; 202 247; 201 246; 199 246; 198 245; 197 245; 196 244; 195 244; 194 243; 193 243; 192 242; 191 242; 190 241; 189 241; 188 240; 186 240; 185 239
22; 172 248; 171 249; 170 249; 169 250; 168 250; 167 251; 166 251; 165 252; 163 252; 162 253; 161 253; 160 254; 159 254; 158 255; 157 255; 156 256; 155 256; 153 258; 152 258; 151 259; 150 259; 149 260; 148 260; 145 263; 144 263; 143 264; 142 264; 141 265; 140 265; 139 266; 138 266; 137 267; 137 269; 139 271; 140 271; 141 272; 142 272; 143 273; 144 273; 145 274; 146 274; 151 279; 152 279; 154 281; 156 281; 157 282; 159 282; 160 283; 161 283; 162 284; 163 284; 164 285; 166 285; 169 288; 170 288; 171 289; 173 289; 174 288; 174 279; 175 278; 175 267; 176 266; 176 248
23; 945 250; 939 256; 938 256; 934 260; 933 260; 929 264; 929 265; 920 274; 919 274; 916 277; 916 281; 918 281; 919 282; 922 282; 923 283; 925 283; 926 284; 928 284; 929 285; 933 285; 934 286; 937 286; 938 287; 941 287; 942 288; 946 288; 947 289; 952 289; 953 290; 954 290; 955 291; 957 291; 959 289; 959 287; 958 286; 958 284; 957 283; 957 282; 956 281; 956 278; 955 277; 955 275; 954 274; 954 271; 953 270; 953 268; 952 267; 952 264; 951 263; 951 260; 950 259; 950 258; 949 257; 949 252; 947 250
24; 312 262; 309 265; 308 265; 306 267; 305 267; 304 268; 303 268; 302 269; 301 269; 300 270; 298 270; 297 271; 296 271; 291 276; 290 276; 287 279; 286 279; 285 280; 284 280; 282 282; 281 282; 280 283; 280 287; 281 288; 283 288; 284 289; 285 289; 286 290; 288 290; 289 291; 290 291; 291 292; 293 292; 294 293; 295 293; 296 294; 297 294; 298 295; 300 295; 301 296; 303 296; 304 297; 305 297; 306 298; 309 298; 310 299; 312 299; 314 301; 315 301; 316 302; 320 302; 321 301; 321 297; 320 296; 320 294; 319 293; 319 290; 318 289; 318 282; 317 281; 317 278; 318 277; 318 274; 317 273; 317 268; 316 267; 316 264; 314 262
25; 42 266; 41 267; 41 273; 40 274; 40 277; 39 278; 39 284; 38 285; 38 292; 37 293; 37 299; 36 300; 36 305; 37 306; 40 306; 41 305; 42 305; 43 304; 45 304; 46 303; 48 303; 49 302; 50 302; 51 301; 53 301; 54 300; 55 300; 56 299; 57 299; 58 298; 59 298; 60 297; 61 297; 62 296; 63 296; 64 295; 65 295; 66 294; 67 294; 68 293; 69 293; 70 292; 73 292; 74 291; 75 291; 77 289; 77 287; 76 286; 75 286; 74 285; 73 285; 71 283; 70 283; 62 275; 61 275; 60 274; 59 274; 58 273; 56 273; 54 271; 53 271; 52 270; 51 270; 50 269; 49 269; 47 267; 46 267; 45 266
26; 545 305; 543 307; 542 307; 540 309; 539 309; 538 310; 536 310; 535 311; 534 311; 531 314; 530 314; 528 316; 527 316; 526 317; 525 317; 523 319; 522 319; 520 321; 519 321; 517 323; 516 323; 515 324; 514 324; 512 326; 512 330; 513 330; 514 331; 516 331; 517 332; 519 332; 521 334; 522 334; 523 335; 524 335; 528 339; 529 339; 530 340; 534 340; 535 341; 537 341; 538 342; 540 342; 541 343; 542 343; 543 344; 545 344; 546 345; 547 345; 548 346; 552 346; 553 345; 553 341; 552 340; 552 328; 551 327; 551 308; 550 307; 550 306; 549 305
27; 913 334; 912 335; 898 335; 897 336; 896 336; 895 337; 895 339; 896 340; 896 341; 899 344; 899 345; 900 346; 900 347; 901 348; 901 349; 902 350; 902 351; 904 353; 904 354; 905 355; 905 356; 907 358; 907 359; 910 362; 910 363; 912 365; 912 366; 913 367; 913 368; 914 369; 914 370; 916 372; 919 372; 921 370; 921 369; 922 368; 922 367; 923 366; 923 365; 926 362; 926 361; 928 359; 928 358; 930 356; 930 355; 932 353; 932 352; 934 350; 934 349; 936 347; 936 346; 937 345; 937 344; 939 342; 939 341; 940 340; 940 336; 939 336; 938 335; 920 335; 919 334
28; 159 344; 153 350; 152 350; 151 351; 150 351; 149 352; 147 352; 146 353; 145 353; 143 355; 143 356; 135 364; 134 364; 131 367; 130 367; 128 369; 128 371; 129 372; 130 372; 131 373; 136 373; 137 374; 139 374; 140 375; 141 375; 142 376; 143 376; 144 377; 147 377; 148 378; 151 378; 152 379; 155 379; 156 380; 159 380; 160 381; 162 381; 163 382; 164 382; 165 383; 166 383; 167 384; 170 384; 171 383; 171 377; 170 376; 170 372; 169 371; 169 367; 168 366; 168 363; 167 362; 167 358; 166 357; 166 354; 165 353; 165 351; 164 350; 164 345; 163 344
29; 458 361; 457 362; 457 363; 456 364; 456 373; 455 374; 455 378; 454 379; 454 385; 453 386; 453 392; 452 393; 452 395; 451 396; 451 399; 452 400; 457 400; 458 399; 459 399; 460 398; 463 398; 464 397; 472 397; 473 396; 475 396; 476 395; 477 395; 478 394; 479 394; 481 392; 483 392; 484 391; 485 391; 486 390; 488 390; 489 389; 491 389; 493 387; 493 385; 490 382; 489 382; 487 380; 486 380; 485 379; 485 378; 482 375; 481 375; 479 373; 478 373; 476 371; 475 371; 473 369; 472 369; 470 367; 469 367; 467 365; 466 365; 462 361
30; 0 379; 0 389; 1 389; 2 390; 2 391; 0 393; 0 404; 2 404; 5 401; 6 401; 18 389; 19 389; 21 387; 21 384; 20 384; 19 383; 17 383; 16 382; 11 382; 10 381; 8 381; 7 380; 6 380; 5 379
31; 395 397; 393 399; 393 405; 394 406; 394 414; 393 415; 393 419; 394 420; 394 421; 395 422; 395 427; 396 428; 396 438; 400 438; 402 436; 403 436; 405 434; 406 434; 407 433; 408 433; 409 432; 410 432; 411 431; 412 431; 413 430; 414 430; 416 428; 417 428; 419 426; 420 426; 422 424; 423 424; 426 421; 427 421; 428 420; 429 420; 430 419; 432 419; 434 417; 434 413; 433 412; 432 412; 431 411; 428 411; 427 410; 426 410; 425 409; 424 409; 423 408; 422 408; 421 407; 420 407; 419 406; 418 406; 417 405; 416 405; 415 404; 414 404; 413 403; 411 403; 410 402; 409 402; 408 401; 406 401; 405 400; 404 400; 403 399; 402 399; 401 398; 400 398; 399 397
32; 776 399; 773 402; 773 403; 769 407; 769 408; 767 410; 767 411; 766 412; 766 413; 761 418; 761 419; 759 421; 759 422; 757 424; 757 425; 756 426; 756 427; 753 430; 753 434; 754 435; 761 435; 762 436; 767 436; 768 437; 779 437; 780 438; 786 438; 787 437; 788 437; 789 438; 796 438; 796 433; 795 432; 795 431; 794 430; 794 429; 793 428; 793 425; 792 424; 792 422; 791 421; 791 420; 790 419; 790 416; 788 414; 788 413; 785 410; 785 409; 784 408; 784 407; 783 406; 783 405; 782 404; 782 403; 780 401; 780 400; 779 400; 778 399
33; 883 422; 881 424; 881 426; 882 427; 882 429; 883 430; 883 431; 884 432; 884 446; 885 447; 885 449; 886 450; 886 452; 887 453; 887 455; 888 456; 888 462; 889 463; 889 465; 893 465; 898 460; 899 460; 902 457; 903 457; 905 455; 906 455; 909 452; 910 452; 914 448; 915 448; 921 442; 922 442; 924 440; 924 437; 922 435; 918 435; 917 434; 915 434; 914 433; 913 433; 912 432; 911 432; 910 431; 908 431; 907 430; 905 430; 904 429; 902 429; 901 428; 900 428; 899 427; 897 427; 896 426; 894 426; 893 425; 890 425; 888 423; 886 423; 885 422
34; 431 432; 430 433; 429 433; 428 434; 427 434; 426 435; 425 435; 424 436; 423 436; 421 438; 419 438; 418 439; 415 439; 410 444; 409 444; 406 447; 405 447; 403 449; 402 449; 401 450; 400 450; 397 453; 397 455; 400 458; 402 458; 403 459; 404 459; 405 460; 406 460; 408 462; 409 462; 410 463; 411 463; 412 464; 414 464; 416 466; 417 466; 418 467; 419 467; 420 468; 421 468; 422 469; 424 469; 425 470; 426 470; 427 471; 428 471; 431 474; 432 474; 433 475; 435 475; 437 473; 437 470; 436 469; 436 450; 437 449; 437 439; 436 438; 436 432
35; 223 441; 222 442; 221 442; 220 443; 217 443; 216 444; 213 444; 212 445; 207 445; 206 446; 205 446; 204 447; 203 447; 201 449; 200 449; 199 450; 198 450; 196 452; 194 452; 193 453; 191 453; 190 454; 186 454; 186 459; 187 459; 188 460; 189 460; 191 462; 192 462; 198 468; 199 468; 209 478; 210 478; 213 481; 214 481; 217 484; 220 484; 221 483; 221 482; 222 481; 222 473; 223 472; 223 466; 224 465; 224 460; 225 459; 225 455; 226 454; 226 451; 227 450; 227 449; 228 448; 228 446; 229 445; 229 443; 228 442; 228 441
36; 142 446; 142 452; 143 453; 143 455; 144 456; 144 459; 145 460; 145 463; 146 464; 146 467; 147 468; 147 471; 148 472; 148 474; 149 475; 149 479; 150 480; 150 482; 151 483; 151 484; 152 485; 152 486; 153 487; 156 487; 161 482; 162 482; 168 476; 168 475; 170 473; 170 472; 181 461; 182 461; 184 459; 185 459; 185 454; 182 454; 181 453; 173 453; 172 452; 170 452; 169 451; 168 451; 167 450; 166 450; 165 449; 164 449; 163 448; 158 448; 157 447; 153 447; 152 446
37; 999 462; 998 463; 998 466; 999 467; 999 468; 1002 471; 1002 472; 1003 473; 1003 474; 1005 476; 1005 477; 1006 478; 1006 479; 1007 480; 1007 481; 1008 482; 1008 483; 1010 485; 1010 486; 1012 488; 1012 489; 1014 491; 1014 492; 1016 494; 1016 495; 1017 496; 1017 497; 1020 500; 1023 500; 1023 484; 1022 483; 1020 483; 1016 479; 1016 478; 1015 477; 1015 476; 1014 475; 1014 472; 1015 471; 1023 471; 1023 462
38; 152 497; 146 503; 145 503; 143 505; 142 505; 127 520; 126 520; 124 522; 124 523; 123 524; 123 527; 124 528; 125 528; 126 529; 131 529; 132 530; 134 530; 135 531; 137 531; 138 532; 140 532; 141 533; 143 533; 144 534; 147 534; 148 535; 150 535; 151 536; 156 536; 157 537; 159 537; 160 538; 165 538; 166 537; 166 533; 165 532; 165 529; 164 528; 164 524; 163 523; 163 517; 162 516; 162 515; 161 514; 161 512; 160 511; 160 508; 159 507; 159 503; 158 502; 158 499; 157 498; 157 497
39; 62 506; 61 507; 61 509; 60 510; 60 513; 59 514; 59 516; 58 517; 58 519; 57 520; 57 522; 56 523; 56 524; 54 526; 54 527; 53 528; 53 537; 52 538; 52 541; 51 542; 51 546; 55 546; 56 547; 62 547; 63 546; 64 546; 65 545; 68 545; 69 544; 73 544; 74 543; 76 543; 77 542; 79 542; 80 541; 82 541; 83 540; 84 540; 85 539; 88 539; 89 538; 93 538; 94 537; 94 533; 93 532; 92 532; 90 530; 89 530; 74 515; 73 515; 68 510; 68 509; 65 506
40; 873 540; 872 541; 872 543; 873 544; 873 553; 872 554; 872 557; 871 558; 871 561; 870 562; 870 567; 869 568; 869 573; 868 574; 868 576; 867 577; 867 583; 872 583; 873 582; 874 582; 875 581; 876 581; 877 580; 886 580; 887 579; 888 579; 889 578; 890 578; 892 576; 894 576; 895 575; 896 575; 897 574; 899 574; 900 573; 902 573; 903 572; 906 572; 907 571; 908 571; 910 569; 910 567; 907 564; 906 564; 900 558; 900 557; 898 555; 897 555; 890 548; 889 548; 887 546; 886 546; 885 545; 884 545; 879 540
41; 50 547; 49 548; 48 548; 47 549; 45 549; 44 548; 41 548; 39 550; 39 553; 40 554; 40 555; 41 556; 41 557; 42 558; 42 561; 43 562; 43 566; 44 567; 44 569; 45 570; 45 573; 46 574; 46 576; 47 577; 47 579; 48 580; 48 581; 49 582; 49 583; 50 584; 50 587; 52 589; 54 589; 60 583; 61 583; 76 568; 76 567; 78 565; 79 565; 83 561; 83 557; 82 556; 80 556; 79 555; 72 555; 71 554; 69 554; 68 553; 66 553; 65 552; 64 552; 62 550; 61 550; 60 549; 60 548; 56 548; 55 547
42; 237 559; 236 560; 235 560; 235 561; 233 563; 233 564; 228 569; 228 570; 224 574; 224 575; 219 580; 219 581; 217 583; 217 584; 215 586; 215 587; 211 591; 211 594; 212 595; 213 595; 214 596; 223 596; 224 597; 228 597; 229 598; 233 598; 234 599; 240 599; 241 600; 249 600; 250 601; 252 601; 254 599; 254 596; 253 595; 253 594; 252 593; 252 591; 251 590; 251 588; 250 587; 250 585; 249 584; 249 578; 248 577; 248 576; 246 574; 246 573; 245 572; 245 571; 244 570; 244 568; 243 567; 243 566; 242 565; 242 564; 241 563; 241 562; 240 561; 240 560; 239 559
43; 506 572; 505 573; 505 583; 506 584; 506 594; 507 595; 507 603; 508 604; 508 614; 510 616; 512 616; 514 614; 515 614; 515 613; 517 611; 518 611; 520 609; 521 609; 522 608; 523 608; 524 607; 525 607; 526 606; 529 606; 536 599; 537 599; 541 595; 542 595; 543 594; 544 594; 546 592; 546 590; 545 589; 545 588; 544 588; 543 587; 541 587; 540 586; 539 586; 538 585; 537 585; 535 583; 534 583; 532 581; 531 581; 530 580; 528 580; 527 579; 525 579; 524 578; 523 578; 522 577; 520 577; 519 576; 518 576; 517 575; 515 575; 514 574; 513 574; 512 573; 510 573; 509 572
44; 643 580; 640 583; 639 583; 638 584; 637 584; 636 585; 634 585; 633 586; 632 586; 631 587; 630 587; 629 588; 628 588; 627 589; 626 589; 625 590; 624 590; 622 592; 621 592; 619 594; 618 594; 617 595; 616 595; 615 596; 614 596; 613 597; 611 597; 610 598; 609 598; 608 599; 608 604; 609 605; 610 605; 611 606; 612 606; 613 607; 614 607; 615 608; 616 608; 617 609; 618 609; 619 610; 620 610; 625 615; 626 615; 627 616; 629 616; 630 617; 631 617; 632 618; 634 618; 635 619; 636 619; 637 620; 638 620; 641 623; 642 623; 643 624; 645 624; 646 623; 646 612; 647 611; 647 590; 648 589; 648 582; 646 580
45; 686 586; 685 587; 685 590; 686 591; 686 593; 687 594; 687 602; 686 603; 686 609; 687 610; 687 611; 688 612; 688 615; 689 616; 689 621; 690 622; 690 629; 695 629; 698 626; 699 626; 702 623; 703 623; 704 622; 705 622; 708 619; 709 619; 712 616; 713 616; 721 608; 722 608; 723 607; 724 607; 727 604; 727 602; 725 600; 724 600; 723 599; 721 599; 720 598; 719 598; 718 597; 716 597; 715 596; 714 596; 713 595; 711 595; 710 594; 709 594; 708 593; 707 593; 705 591; 703 591; 702 590; 697 590; 696 589; 695 589; 694 588; 693 588; 692 587; 691 587; 690 586
46; 344 604; 342 606; 342 607; 339 610; 338 610; 330 618; 329 618; 316 631; 316 635; 317 636; 322 636; 323 637; 325 637; 326 638; 328 638; 329 639; 333 639; 334 640; 337 640; 338 641; 340 641; 341 642; 344 642; 345 643; 349 643; 350 644; 351 644; 352 645; 353 645; 354 646; 356 646; 358 644; 358 642; 357 641; 357 638; 356 637; 356 632; 355 631; 355 629; 356 628; 356 626; 355 625; 355 623; 354 622; 354 621; 353 620; 353 619; 352 618; 352 617; 351 616; 351 613; 350 612; 350 610; 349 609; 349 606; 348 605; 348 604
47; 67 617; 66 618; 66 636; 67 637; 67 638; 68 639; 68 641; 69 642; 69 647; 70 648; 70 657; 71 658; 75 658; 76 657; 77 657; 79 655; 80 655; 83 652; 84 652; 86 650; 87 650; 89 648; 90 648; 92 646; 93 646; 96 643; 97 643; 102 638; 103 638; 104 637; 105 637; 107 635; 107 632; 106 631; 105 631; 104 630; 102 630; 101 629; 100 629; 99 628; 98 628; 97 627; 96 627; 95 626; 93 626; 92 625; 91 625; 90 624; 89 624; 88 623; 86 623; 85 622; 82 622; 81 621; 79 621; 78 620; 76 620; 75 619; 74 619; 73 618; 72 618; 71 617
48; 0 626; 0 635; 1 635; 3 637; 3 639; 2 640; 1 640; 0 641; 0 652; 3 652; 4 651; 5 651; 6 650; 6 649; 7 648; 8 648; 11 645; 12 645; 14 643; 15 643; 16 642; 17 642; 18 641; 19 641; 21 639; 21 636; 19 634; 17 634; 16 633; 14 633; 13 632; 12 632; 10 630; 9 630; 7 628; 6 628; 5 627; 4 627; 3 626
49; 37 662; 34 665; 34 666; 32 668; 32 669; 22 679; 22 680; 11 691; 11 694; 12 695; 14 695; 15 696; 22 696; 23 697; 27 697; 28 698; 30 698; 31 699; 33 699; 34 700; 48 700; 49 701; 53 701; 54 700; 54 696; 53 695; 53 694; 52 693; 52 692; 51 691; 51 689; 50 688; 50 686; 49 685; 49 683; 48 682; 48 679; 47 678; 47 676; 46 675; 46 674; 45 673; 45 671; 44 670; 44 669; 43 668; 43 666; 42 665; 42 664; 41 663; 41 662
50; 343 677; 338 682; 337 682; 335 684; 334 684; 330 688; 329 688; 325 692; 324 692; 317 699; 316 699; 315 700; 314 700; 313 701; 313 705; 314 705; 315 706; 317 706; 318 707; 320 707; 321 708; 323 708; 324 709; 325 709; 326 710; 327 710; 331 714; 332 714; 333 715; 342 715; 343 716; 345 716; 346 717; 347 717; 348 718; 353 718; 354 717; 354 714; 353 713; 353 711; 352 710; 352 707; 351 706; 351 700; 350 699; 350 695; 349 694; 349 685; 348 684; 348 681; 347 680; 347 678; 346 677
51; 1006 687; 1005 688; 1002 688; 1001 689; 993 689; 992 690; 988 690; 987 691; 983 691; 982 692; 978 692; 977 693; 970 693; 969 694; 969 698; 970 698; 976 704; 976 705; 978 707; 978 708; 982 712; 982 713; 990 721; 990 722; 992 724; 992 726; 999 726; 999 721; 1000 720; 1000 718; 1002 716; 1002 715; 1005 712; 1005 711; 1006 710; 1006 709; 1007 708; 1007 704; 1008 703; 1008 700; 1009 699; 1009 697; 1010 696; 1010 695; 1011 694; 1011 693; 1012 692; 1012 687
52; 889 698; 888 699; 885 699; 884 700; 880 700; 879 699; 875 699; 874 700; 873 700; 872 701; 872 703; 873 704; 873 705; 876 708; 876 709; 878 711; 878 713; 879 714; 879 715; 881 717; 881 718; 882 719; 882 720; 883 721; 883 722; 884 723; 884 724; 886 726; 886 727; 887 728; 887 729; 890 732; 890 734; 891 735; 891 736; 892 737; 892 738; 895 738; 898 735; 898 734; 900 732; 900 731; 901 730; 901 729; 903 727; 903 726; 904 725; 904 724; 905 723; 905 722; 906 721; 906 720; 907 719; 907 718; 908 717; 908 716; 910 714; 910 713; 911 712; 911 710; 912 709; 912 708; 917 703; 917 700; 915 698; 912 698; 911 699; 898 699; 897 698
53; 491 725; 490 726; 490 727; 489 728; 489 732; 490 733; 490 748; 491 749; 491 769; 492 770; 495 770; 496 769; 496 768; 500 764; 501 764; 502 763; 503 763; 504 762; 505 762; 506 761; 507 761; 508 760; 509 760; 510 759; 511 759; 512 758; 513 758; 514 757; 515 757; 516 756; 517 756; 518 755; 519 755; 521 753; 522 753; 526 749; 527 749; 529 747; 529 744; 528 743; 528 742; 527 742; 526 741; 524 741; 523 740; 522 740; 521 739; 520 739; 518 737; 517 737; 513 733; 512 733; 511 732; 509 732; 508 731; 506 731; 505 730; 504 730; 503 729; 502 729; 501 728; 500 728; 499 727; 497 727; 496 726; 494 726; 493 725
54; 992 727; 992 730; 991 731; 991 732; 989 734; 988 734; 986 736; 985 736; 972 749; 972 750; 969 753; 968 753; 967 754; 966 754; 964 756; 964 758; 966 760; 967 760; 968 761; 970 761; 971 762; 973 762; 974 763; 975 763; 976 764; 978 764; 979 765; 981 765; 982 766; 985 766; 986 767; 989 767; 990 768; 991 768; 992 769; 994 769; 995 770; 997 770; 998 771; 1001 771; 1002 772; 1005 772; 1007 770; 1007 765; 1006 764; 1006 763; 1005 762; 1005 760; 1004 759; 1004 746; 1003 745; 1003 744; 1002 743; 1002 742; 1001 741; 1001 738; 1000 737; 1000 731; 999 730; 999 727
55; 383 741; 382 742; 368 742; 367 743; 366 743; 366 748; 368 750; 368 751; 371 754; 371 755; 372 756; 372 757; 374 759; 374 761; 375 762; 375 764; 378 767; 378 768; 380 770; 380 771; 382 773; 382 774; 383 775; 383 776; 384 777; 384 778; 385 779; 385 780; 386 781; 389 781; 391 779; 391 778; 393 776; 393 775; 394 774; 394 773; 395 772; 395 771; 396 770; 396 768; 397 767; 397 766; 398 765; 398 764; 399 763; 399 762; 400 761; 400 760; 401 759; 401 758; 404 755; 404 754; 405 753; 405 752; 406 751; 406 750; 407 749; 407 748; 408 747; 408 746; 409 745; 409 742; 408 741; 405 741; 404 742; 394 742; 393 741
56; 52 737; 51 738; 51 764; 50 765; 50 774; 49 775; 49 776; 48 777; 48 778; 47 779; 47 783; 50 783; 51 782; 53 782; 55 780; 56 780; 57 779; 58 779; 59 778; 60 778; 61 777; 63 777; 64 776; 65 776; 66 775; 67 775; 68 774; 69 774; 70 773; 71 773; 72 772; 73 772; 78 767; 78 766; 81 763; 82 763; 83 762; 86 762; 87 761; 88 761; 89 760; 89 757; 87 755; 85 755; 84 754; 82 754; 80 752; 79 752; 76 749; 75 749; 74 748; 73 748; 72 747; 71 747; 70 746; 69 746; 65 742; 64 742; 62 740; 61 740; 60 739; 59 739; 58 738; 57 738; 56 737
57; 925 749; 924 750; 923 750; 922 751; 920 751; 919 752; 917 752; 916 753; 914 753; 913 754; 907 754; 905 756; 904 756; 903 757; 902 757; 900 759; 899 759; 898 760; 897 760; 896 761; 893 761; 892 762; 889 762; 887 764; 887 767; 892 772; 893 772; 899 778; 900 778; 905 783; 906 783; 909 786; 910 786; 911 787; 912 787; 913 788; 914 788; 920 794; 922 794; 923 793; 923 792; 924 791; 924 786; 925 785; 925 780; 926 779; 926 776; 927 775; 927 768; 928 767; 928 761; 929 760; 929 754; 930 753; 930 750; 929 749
58; 248 773; 247 774; 247 775; 232 790; 231 790; 225 796; 225 797; 223 799; 222 799; 219 802; 219 805; 220 806; 222 806; 223 807; 227 807; 228 808; 232 808; 233 809; 235 809; 236 810; 238 810; 239 811; 242 811; 243 812; 246 812; 247 813; 251 813; 252 814; 259 814; 260 813; 260 809; 259 808; 259 802; 258 801; 259 800; 259 794; 258 793; 258 790; 256 788; 256 787; 255 786; 255 784; 254 783; 254 782; 253 781; 253 778; 252 777; 252 774; 251 773
59; 839 775; 837 777; 836 777; 834 779; 833 779; 832 780; 829 780; 828 781; 826 781; 825 782; 823 782; 822 783; 821 783; 820 784; 819 784; 818 785; 817 785; 816 786; 815 786; 814 787; 813 787; 812 788; 811 788; 810 789; 809 789; 808 790; 805 790; 804 791; 803 791; 802 792; 802 796; 805 799; 806 799; 808 801; 809 801; 814 806; 815 806; 818 809; 819 809; 820 810; 821 810; 822 811; 823 811; 824 812; 825 812; 827 814; 828 814; 829 815; 829 816; 833 820; 836 820; 836 819; 837 818; 837 812; 838 811; 838 807; 839 806; 839 805; 840 804; 840 803; 841 802; 841 801; 842 800; 842 798; 841 797; 841 791; 842 790; 842 784; 843 783; 843 781; 844 780; 844 776; 843 775
60; 601 779; 600 780; 600 795; 601 796; 601 810; 602 811; 602 823; 606 823; 607 822; 608 822; 611 819; 612 819; 613 818; 614 818; 616 816; 617 816; 619 814; 620 814; 621 813; 623 813; 628 808; 629 808; 632 805; 633 805; 634 804; 635 804; 636 803; 637 803; 638 802; 639 802; 640 801; 640 797; 639 796; 637 796; 636 795; 635 795; 634 794; 633 794; 632 793; 631 793; 630 792; 629 792; 627 790; 626 790; 625 789; 624 789; 623 788; 622 788; 621 787; 620 787; 619 786; 618 786; 617 785; 616 785; 615 784; 614 784; 613 783; 612 783; 611 782; 610 782; 609 781; 608 781; 607 780; 605 780; 604 779
61; 1007 780; 1007 781; 1005 783; 1005 784; 1003 786; 1003 787; 1000 790; 999 790; 993 796; 993 797; 992 798; 992 799; 990 801; 990 802; 987 805; 987 806; 981 812; 981 814; 983 816; 984 816; 985 817; 992 817; 993 818; 999 818; 1000 819; 1004 819; 1005 820; 1017 820; 1018 821; 1019 821; 1020 822; 1023 822; 1023 808; 1021 806; 1021 805; 1020 804; 1020 802; 1019 801; 1019 799; 1018 798; 1018 797; 1017 796; 1017 795; 1016 794; 1016 792; 1015 791; 1015 790; 1014 789; 1014 788; 1013 787; 1013 785; 1012 784; 1012 781; 1011 780
62; 189 805; 188 806; 188 809; 189 810; 189 823; 190 824; 190 828; 191 829; 191 834; 192 835; 192 839; 193 840; 193 847; 197 847; 197 846; 202 841; 203 841; 205 839; 206 839; 207 838; 208 838; 213 833; 214 833; 217 830; 218 830; 223 825; 224 825; 228 821; 228 819; 226 817; 224 817; 223 816; 221 816; 220 815; 219 815; 218 814; 216 814; 215 813; 214 813; 212 811; 211 811; 210 810; 209 810; 208 809; 202 809; 201 808; 198 808; 197 807; 196 807; 195 806; 194 806; 193 805
63; 133 809; 133 814; 134 815; 134 816; 135 817; 135 818; 136 819; 136 821; 137 822; 137 824; 138 825; 138 827; 139 828; 139 829; 140 830; 140 831; 141 832; 141 833; 142 834; 142 835; 143 836; 143 837; 144 838; 144 839; 145 840; 145 841; 146 842; 146 843; 147 844; 147 846; 148 847; 151 847; 152 846; 152 845; 155 842; 156 842; 160 838; 160 837; 163 834; 164 834; 166 832; 166 831; 167 830; 167 828; 169 826; 169 825; 170 824; 170 823; 172 821; 172 820; 173 819; 173 818; 174 817; 174 813; 173 812; 167 812; 166 811; 160 811; 159 810; 138 810; 137 809
64; 646 811; 644 813; 644 814; 643 815; 643 816; 639 820; 639 821; 632 828; 632 833; 631 834; 631 835; 630 836; 630 837; 629 838; 629 839; 628 840; 628 841; 625 844; 625 847; 626 848; 626 850; 627 849; 639 849; 640 850; 657 850; 658 849; 667 849; 668 848; 668 844; 667 843; 667 842; 665 840; 665 839; 664 838; 664 837; 663 836; 663 835; 662 834; 662 833; 661 832; 661 831; 660 830; 660 829; 659 828; 659 826; 657 824; 657 823; 656 822; 656 821; 655 820; 655 819; 653 817; 653 816; 651 814; 651 813; 649 811
65; 259 823; 257 825; 257 826; 249 834; 248 834; 243 839; 242 839; 229 852; 229 855; 231 857; 234 857; 235 858; 237 858; 238 859; 240 859; 241 860; 243 860; 244 861; 246 861; 247 862; 249 862; 250 863; 253 863; 254 864; 260 864; 261 865; 262 865; 263 866; 264 866; 265 867; 268 867; 270 865; 270 861; 269 860; 269 857; 268 856; 268 842; 267 841; 267 840; 266 839; 266 838; 265 837; 265 834; 264 833; 264 830; 263 829; 263 825; 261 823
66; 584 829; 584 846; 583 847; 583 859; 584 860; 584 874; 585 875; 587 875; 589 873; 590 873; 592 871; 593 871; 594 870; 595 870; 596 869; 597 869; 598 868; 600 868; 602 866; 603 866; 609 860; 610 860; 615 855; 616 855; 617 854; 618 854; 619 853; 620 853; 621 852; 622 852; 623 851; 624 851; 625 850; 625 848; 624 847; 624 845; 619 845; 618 844; 616 844; 615 843; 614 843; 612 841; 611 841; 609 839; 608 839; 605 836; 604 836; 603 835; 601 835; 600 834; 599 834; 598 833; 596 833; 595 832; 593 832; 592 831; 591 831; 590 830; 589 830; 588 829
67; 121 865; 120 866; 120 869; 121 870; 121 872; 122 873; 122 874; 123 875; 123 880; 124 881; 124 885; 125 886; 125 887; 126 888; 126 890; 127 891; 127 893; 128 894; 128 896; 129 897; 129 899; 130 900; 130 904; 131 905; 131 907; 132 908; 135 908; 137 906; 137 905; 138 904; 138 903; 139 902; 139 901; 143 897; 144 897; 144 896; 156 884; 156 883; 163 876; 163 873; 162 872; 161 872; 160 871; 154 871; 153 870; 151 870; 150 869; 148 869; 147 868; 146 868; 145 867; 144 867; 143 866; 130 866; 129 865
68; 518 861; 517 862; 517 866; 518 867; 518 870; 519 871; 519 882; 520 883; 520 889; 521 890; 521 897; 522 898; 522 900; 523 901; 523 906; 524 907; 526 907; 527 906; 528 906; 538 896; 539 896; 545 890; 546 890; 555 881; 556 881; 559 878; 559 875; 558 874; 557 874; 556 873; 554 873; 553 872; 551 872; 550 871; 549 871; 548 870; 546 870; 545 869; 544 869; 543 868; 542 868; 540 866; 539 866; 538 865; 532 865; 531 864; 527 864; 526 863; 524 863; 522 861
69; 470 859; 469 860; 469 863; 468 864; 468 866; 467 867; 467 870; 466 871; 466 872; 465 873; 465 874; 464 875; 464 876; 463 877; 463 878; 462 879; 462 886; 461 887; 461 893; 460 894; 460 896; 459 897; 459 899; 458 900; 458 905; 463 905; 464 904; 465 904; 466 903; 467 903; 468 902; 470 902; 471 901; 473 901; 474 900; 478 900; 479 899; 481 899; 482 898; 483 898; 484 897; 486 897; 487 896; 488 896; 489 895; 491 895; 492 894; 496 894; 497 893; 499 893; 500 892; 500 888; 499 887; 498 887; 495 884; 495 883; 492 880; 492 879; 488 875; 488 874; 478 864; 477 864; 476 863; 476 862; 474 860; 474 859
70; 619 888; 618 889; 618 895; 619 896; 619 902; 620 903; 620 907; 619 908; 619 913; 620 914; 620 915; 621 916; 621 920; 622 921; 622 925; 623 926; 623 929; 624 930; 624 933; 625 934; 625 935; 626 936; 628 936; 631 933; 631 932; 656 907; 657 907; 660 904; 660 901; 658 899; 656 899; 655 898; 651 898; 650 897; 649 897; 648 896; 646 896; 645 895; 643 895; 642 894; 640 894; 639 893; 636 893; 635 892; 633 892; 632 891; 629 891; 628 890; 626 890; 625 889; 624 889; 623 888
71; 780 910; 780 945; 785 947; 820 922; 821 916; 801 905; 797 901
72; 797 901; 797 896; 781 864; 776 863; 774 865; 773 875; 771 877; 765 874; 764 878; 772 895; 774 906; 780 910
73; 984 895; 980 899; 980 900; 971 909; 971 910; 968 913; 968 914; 965 917; 965 918; 961 922; 961 923; 956 928; 956 929; 955 930; 955 933; 957 935; 960 935; 961 936; 966 936; 967 937; 969 937; 970 938; 973 938; 974 939; 980 939; 981 940; 986 940; 987 941; 994 941; 995 942; 999 942; 1000 941; 1000 940; 1001 939; 1001 935; 1000 934; 1000 932; 999 931; 999 930; 998 929; 998 927; 997 926; 997 924; 996 923; 996 920; 995 919; 995 917; 996 916; 996 914; 995 913; 995 912; 994 911; 994 910; 993 909; 993 908; 992 907; 992 906; 991 905; 991 903; 990 902; 990 901; 989 900; 989 898; 988 897; 988 896; 987 895
74; 424 929; 423 930; 422 930; 422 931; 421 932; 421 933; 420 934; 420 935; 417 938; 417 939; 415 941; 415 942; 413 944; 413 945; 411 947; 411 948; 409 950; 409 951; 407 953; 407 954; 405 956; 405 957; 404 958; 404 959; 403 960; 403 961; 402 962; 402 963; 400 965; 400 966; 398 968; 398 972; 399 973; 409 973; 410 974; 412 974; 413 975; 415 975; 416 976; 419 976; 420 975; 427 975; 428 974; 432 974; 433 975; 435 975; 436 976; 439 976; 440 975; 441 975; 441 974; 442 973; 442 971; 441 970; 441 969; 440 968; 440 967; 439 966; 439 964; 438 963; 438 961; 437 960; 437 957; 436 956; 436 955; 435 954; 435 949; 434 948; 434 946; 433 945; 433 944; 432 943; 432 942; 431 941; 431 940; 430 939; 430 938; 428 936; 428 933; 427 932; 427 930; 426 929
75; 546 944; 544 946; 544 954; 545 955; 545 979; 546 980; 546 989; 545 990; 545 993; 546 994; 546 999; 547 1000; 549 1000; 551 998; 551 997; 552 996; 552 995; 553 994; 553 993; 557 989; 558 989; 559 988; 560 988; 562 986; 563 986; 564 985; 565 985; 568 982; 568 981; 579 970; 580 970; 581 969; 582 969; 585 966; 585 963; 583 961; 581 961; 580 960; 579 960; 578 959; 577 959; 576 958; 575 958; 574 957; 573 957; 571 955; 570 955; 569 954; 568 954; 566 952; 565 952; 564 951; 563 951; 562 950; 561 950; 560 949; 559 949; 558 948; 556 948; 555 947; 553 947; 552 946; 551 946; 550 945; 549 945; 548 944
76; 222 939; 221 940; 221 942; 220 943; 220 949; 219 950; 219 952; 218 953; 218 955; 217 956; 217 958; 216 959; 216 963; 215 964; 215 967; 214 968; 214 971; 213 972; 213 976; 212 977; 212 980; 211 981; 211 983; 210 984; 210 985; 209 986; 209 990; 214 990; 215 989; 216 989; 217 988; 219 988; 220 987; 222 987; 223 986; 229 986; 230 985; 231 985; 234 982; 235 982; 236 981; 237 981; 238 980; 239 980; 240 979; 241 979; 242 978; 245 978; 246 977; 250 977; 252 975; 252 972; 251 971; 251 970; 248 967; 247 967; 246 966; 246 965; 243 962; 243 961; 241 959; 241 958; 238 955; 238 954; 233 949; 233 948; 224 939
77; 124 1007; 126 1010; 125 1023; 147 1023; 147 1021; 135 1011; 126 1000
78; 126 1000; 119 963; 116 955; 112 954; 92 981; 84 989; 83 993; 102 1002; 110 1002; 124 1007
79; 336 955; 336 956; 335 957; 335 959; 334 960; 334 961; 333 962; 333 963; 331 965; 331 966; 330 967; 330 968; 329 969; 329 970; 325 974; 325 975; 322 978; 322 980; 321 981; 321 983; 320 984; 320 986; 319 987; 319 989; 318 990; 318 991; 317 992; 317 993; 316 994; 316 995; 315 996; 315 997; 314 998; 314 1003; 315 1004; 320 1004; 321 1003; 325 1003; 326 1004; 343 1004; 344 1003; 352 1003; 353 1004; 355 1004; 356 1003; 357 1003; 358 1002; 358 996; 357 995; 357 994; 356 993; 356 992; 355 991; 355 990; 354 989; 354 987; 353 986; 353 985; 352 984; 352 982; 351 981; 351 980; 350 979; 350 977; 349 976; 349 974; 348 973; 348 972; 347 971; 347 969; 346 968; 346 966; 345 965; 345 964; 344 963; 344 962; 343 961; 343 960; 342 959; 342 957; 341 956; 341 955
80; 673 982; 671 984; 670 984; 667 987; 666 987; 664 989; 663 989; 661 991; 660 991; 658 993; 657 993; 655 995; 654 995; 650 999; 649 999; 645 1003; 644 1003; 642 1005; 641 1005; 640 1006; 639 1006; 638 1007; 637 1007; 636 1008; 636 1009; 635 1010; 635 1014; 637 1016; 638 1016; 643 1021; 643 1023; 661 1023; 661 1021; 656 1016; 656 1015; 654 1013; 654 1011; 658 1007; 659 1007; 662 1004; 663 1004; 664 1003; 665 1003; 667 1005; 667 1014; 666 1015; 666 1023; 675 1023; 675 1018; 676 1017; 676 1011; 677 1010; 677 989; 678 988; 678 984; 677 983; 677 982
