0; 632 0; 632 1; 629 4; 628 4; 626 6; 625 6; 624 7; 622 7; 622 8; 621 9; 621 11; 625 15; 626 15; 628 17; 629 17; 630 18; 631 18; 633 20; 633 21; 639 27; 640 27; 642 29; 643 29; 646 32; 646 34; 645 35; 649 39; 653 35; 653 31; 654 30; 654 25; 655 24; 655 22; 656 21; 656 15; 657 14; 657 9; 658 8; 658 3; 657 2; 657 0
1; 864 0; 864 4; 865 5; 865 9; 866 10; 866 11; 867 12; 867 14; 868 15; 868 16; 869 17; 869 22; 870 23; 870 25; 871 26; 871 27; 872 28; 874 28; 875 27; 876 27; 876 26; 878 24; 879 24; 887 16; 888 16; 889 15; 890 15; 893 12; 893 11; 896 8; 896 7; 898 5; 898 4; 900 2; 900 0; 888 0; 888 3; 887 4; 887 5; 882 10; 881 10; 879 12; 877 12; 874 9; 874 7; 873 6; 873 5; 872 4; 872 2; 871 1; 871 0
2; 291 23; 290 24; 289 24; 288 25; 287 25; 286 24; 283 24; 283 28; 284 29; 284 30; 285 31; 285 32; 286 33; 286 34; 287 35; 287 36; 288 37; 288 38; 289 39; 289 41; 290 42; 290 46; 291 47; 291 49; 292 50; 292 51; 293 52; 293 53; 294 54; 294 55; 295 56; 295 58; 296 59; 298 59; 299 58; 300 58; 301 57; 301 56; 305 52; 305 51; 307 49; 307 48; 312 43; 312 42; 313 41; 313 40; 314 39; 314 38; 316 36; 316 35; 321 30; 321 27; 320 26; 313 26; 312 25; 309 25; 308 24; 305 24; 304 23; 301 23; 300 24; 296 24; 295 23
3; 981 12; 979 14; 979 15; 977 17; 977 18; 976 19; 976 20; 975 21; 975 22; 974 23; 974 24; 969 29; 969 31; 968 32; 968 34; 967 35; 967 37; 966 38; 966 39; 965 40; 965 41; 962 44; 962 48; 973 48; 974 49; 978 49; 979 50; 982 50; 983 51; 993 51; 994 52; 1000 52; 1001 51; 1001 49; 1000 48; 1000 47; 998 45; 998 44; 997 43; 997 41; 996 40; 996 39; 995 38; 995 37; 994 36; 994 35; 993 34; 993 33; 992 32; 992 31; 991 30; 991 27; 990 26; 990 24; 989 23; 989 21; 987 19; 987 18; 986 17; 986 16; 985 15; 985 14; 983 12
4; 394 20; 393 21; 393 26; 394 27; 394 28; 395 29; 395 32; 396 33; 396 35; 397 36; 397 38; 398 39; 398 43; 399 44; 399 47; 400 48; 400 50; 401 51; 401 58; 402 59; 402 60; 403 61; 405 61; 406 60; 407 60; 413 54; 413 53; 418 48; 420 48; 423 45; 423 44; 431 36; 431 32; 430 31; 429 31; 428 30; 426 30; 425 29; 423 29; 422 28; 419 28; 418 27; 417 27; 416 26; 415 26; 414 25; 411 25; 410 24; 408 24; 407 23; 406 23; 405 22; 403 22; 402 21; 400 21; 399 20
5; 756 23; 755 24; 755 26; 756 27; 756 29; 758 31; 758 32; 759 33; 759 34; 760 35; 760 36; 762 38; 762 41; 763 42; 763 44; 764 45; 764 46; 765 47; 765 48; 766 49; 766 50; 767 51; 767 53; 768 54; 768 56; 769 57; 769 61; 770 62; 772 62; 775 59; 776 59; 778 57; 778 56; 780 54; 780 53; 781 52; 781 51; 783 49; 783 48; 787 44; 787 43; 789 41; 789 40; 791 38; 791 37; 795 33; 795 30; 793 28; 783 28; 782 27; 781 27; 780 26; 774 26; 773 25; 769 25; 768 24; 766 24; 765 23
6; 738 18; 737 19; 737 20; 735 22; 735 23; 732 26; 732 27; 730 29; 730 30; 728 32; 728 33; 726 35; 726 36; 725 37; 725 38; 724 39; 724 40; 722 42; 722 43; 718 47; 718 49; 720 51; 724 51; 725 52; 728 52; 729 53; 731 53; 732 54; 738 54; 739 55; 752 55; 753 56; 756 56; 757 55; 757 52; 756 51; 756 50; 755 49; 755 47; 754 46; 754 43; 753 42; 753 41; 752 40; 752 38; 751 37; 751 36; 750 35; 750 34; 748 32; 748 31; 746 29; 746 28; 745 27; 745 25; 744 24; 744 21; 743 20; 743 19; 742 18
7; 611 32; 610 33; 610 38; 611 39; 611 40; 612 41; 612 43; 613 44; 613 45; 615 47; 615 48; 616 49; 616 50; 617 51; 617 53; 618 54; 618 55; 619 56; 619 59; 620 60; 620 62; 621 63; 621 64; 622 65; 622 66; 623 67; 623 68; 625 70; 628 70; 629 69; 629 68; 634 63; 634 62; 636 60; 636 59; 637 58; 637 57; 638 56; 638 55; 640 53; 640 52; 642 50; 642 49; 644 47; 644 46; 646 44; 646 43; 647 42; 647 41; 648 40; 648 39; 645 36; 643 36; 642 37; 641 36; 637 36; 636 35; 629 35; 628 34; 622 34; 621 33; 614 33; 613 32
8; 674 27; 676 62; 678 69; 682 70; 709 51; 710 47; 695 37; 687 35; 676 28
9; 676 28; 677 23; 690 12; 695 0; 685 0; 684 4; 678 11; 674 7; 673 0; 665 0; 666 7; 674 27
10; 876 41; 875 42; 874 42; 868 48; 867 48; 860 55; 859 55; 850 64; 850 67; 851 68; 854 68; 855 69; 856 69; 857 70; 859 70; 860 71; 861 71; 863 73; 864 73; 865 74; 866 74; 867 75; 870 75; 871 76; 873 76; 875 78; 877 78; 878 79; 879 79; 881 81; 882 81; 884 83; 886 83; 887 82; 888 82; 888 80; 887 79; 887 72; 886 71; 886 67; 885 66; 885 59; 884 58; 884 54; 883 53; 883 49; 882 48; 882 47; 881 46; 881 44; 880 43; 880 42; 879 41
11; 444 47; 443 48; 442 48; 442 49; 437 54; 437 55; 430 62; 430 63; 429 64; 429 66; 428 67; 428 68; 425 71; 425 72; 422 75; 422 79; 423 80; 425 80; 426 81; 430 81; 431 82; 434 82; 435 83; 439 83; 440 84; 454 84; 455 85; 460 85; 460 80; 459 79; 459 78; 458 77; 458 75; 457 74; 457 73; 456 72; 456 70; 455 69; 455 68; 454 67; 454 64; 453 63; 453 60; 452 59; 452 58; 451 57; 451 56; 449 54; 449 53; 448 52; 448 50; 446 48; 446 47
12; 286 63; 285 64; 284 64; 284 68; 285 69; 285 71; 286 72; 286 73; 287 74; 287 75; 288 76; 288 77; 289 78; 289 84; 291 86; 291 87; 292 88; 292 89; 294 91; 294 92; 295 93; 295 94; 296 95; 296 97; 297 98; 297 101; 298 102; 301 102; 303 100; 303 99; 305 97; 305 96; 307 94; 307 93; 313 87; 313 86; 315 84; 315 83; 317 81; 317 80; 318 79; 318 78; 319 77; 319 76; 323 72; 323 69; 322 69; 321 68; 316 68; 315 67; 309 67; 308 66; 298 66; 297 65; 295 65; 294 64; 291 64; 290 63
13; 69 59; 68 60; 68 61; 67 62; 67 63; 66 64; 66 65; 65 66; 65 67; 63 69; 63 70; 57 76; 57 77; 56 78; 56 80; 55 81; 55 82; 54 83; 54 84; 53 85; 53 86; 52 87; 52 88; 51 89; 51 90; 50 91; 50 93; 52 95; 66 95; 67 96; 84 96; 85 97; 87 97; 88 96; 89 96; 89 92; 87 90; 87 89; 85 87; 85 85; 84 84; 84 82; 83 81; 83 80; 82 79; 82 78; 81 77; 81 76; 80 75; 80 74; 79 73; 79 72; 78 71; 78 70; 77 69; 77 68; 75 66; 75 65; 74 64; 74 62; 73 61; 73 60; 72 59
14; 704 63; 703 64; 702 64; 700 66; 699 66; 696 69; 695 69; 694 70; 693 70; 692 71; 690 71; 689 72; 688 72; 687 73; 686 73; 685 74; 683 74; 682 75; 681 75; 678 78; 677 78; 676 79; 675 79; 675 83; 676 84; 677 84; 678 85; 679 85; 681 87; 682 87; 683 88; 684 88; 685 89; 686 89; 688 91; 689 91; 691 93; 692 93; 695 96; 696 96; 697 97; 698 97; 703 102; 704 102; 705 103; 709 103; 709 98; 708 97; 708 93; 709 92; 709 89; 710 88; 710 64; 709 63
15; 920 63; 919 64; 917 64; 916 65; 915 65; 913 67; 912 67; 909 70; 908 70; 907 71; 906 71; 904 73; 903 73; 901 75; 900 75; 899 76; 898 76; 897 77; 896 77; 893 80; 892 80; 891 81; 890 81; 890 83; 892 85; 893 85; 895 87; 896 87; 897 88; 898 88; 900 90; 901 90; 902 91; 903 91; 904 92; 905 92; 907 94; 908 94; 909 95; 910 95; 913 98; 914 98; 916 100; 918 100; 919 101; 920 101; 922 103; 925 103; 926 102; 926 91; 927 90; 927 79; 926 78; 926 63
16; 770 67; 770 68; 769 69; 769 72; 768 73; 768 74; 767 75; 767 76; 766 77; 766 78; 765 79; 765 80; 764 81; 764 82; 762 84; 762 86; 761 87; 761 88; 760 89; 760 90; 759 91; 759 92; 758 93; 758 94; 757 95; 757 96; 756 97; 756 98; 755 99; 755 102; 757 104; 759 104; 760 103; 788 103; 789 102; 791 102; 792 101; 794 101; 795 100; 795 98; 791 94; 791 93; 789 91; 789 90; 787 88; 787 85; 786 84; 786 83; 784 81; 784 80; 777 73; 777 72; 775 70; 775 69; 773 67
17; 334 77; 333 78; 332 78; 330 80; 329 80; 320 89; 320 90; 318 92; 318 93; 308 103; 308 106; 309 107; 311 107; 312 108; 316 108; 317 109; 319 109; 320 110; 322 110; 323 111; 324 111; 326 113; 328 113; 329 114; 335 114; 336 115; 338 115; 339 116; 346 116; 347 115; 347 111; 346 110; 346 108; 345 107; 345 106; 344 105; 344 102; 343 101; 343 98; 342 97; 342 96; 341 95; 341 93; 340 92; 340 90; 339 89; 339 88; 338 87; 338 84; 337 83; 337 78; 336 77
18; 876 90; 875 91; 842 91; 841 92; 841 96; 843 98; 843 99; 844 100; 844 102; 845 103; 845 104; 848 107; 848 108; 852 112; 852 113; 854 115; 854 116; 856 118; 856 119; 859 122; 859 123; 861 125; 865 125; 867 123; 867 122; 868 121; 868 120; 869 119; 869 117; 870 116; 870 114; 871 113; 871 112; 874 109; 874 108; 875 107; 875 103; 876 102; 876 99; 877 98; 877 94; 876 93
19; 882 86; 878 90; 877 90; 877 93; 878 94; 878 96; 880 96; 883 99; 883 100; 882 101; 882 105; 883 106; 883 112; 884 113; 884 116; 883 117; 883 123; 884 124; 888 124; 889 123; 890 123; 891 122; 893 122; 894 121; 895 121; 896 120; 897 120; 898 119; 901 119; 902 118; 904 118; 905 117; 906 117; 907 116; 908 116; 909 115; 910 115; 911 114; 912 114; 913 113; 915 113; 916 112; 917 112; 918 111; 919 111; 919 107; 918 106; 916 106; 915 105; 914 105; 910 101; 910 100; 908 98; 907 98; 906 97; 905 97; 904 96; 902 96; 901 95; 899 95; 898 94; 897 94; 896 93; 894 93; 893 92; 890 92; 889 91; 888 91; 885 88; 885 87; 884 86
20; 284 130; 282 132; 282 133; 280 135; 280 136; 272 144; 272 145; 271 146; 271 147; 269 149; 269 150; 266 153; 266 154; 264 156; 264 157; 262 159; 262 160; 261 161; 261 163; 262 164; 263 164; 264 165; 267 165; 268 164; 269 165; 275 165; 276 166; 281 166; 282 167; 286 167; 287 168; 293 168; 294 169; 300 169; 301 168; 301 164; 300 163; 300 162; 299 161; 299 157; 298 156; 298 155; 297 154; 297 152; 296 151; 296 148; 295 147; 295 146; 293 144; 293 142; 292 141; 292 139; 291 138; 291 137; 290 136; 290 134; 289 133; 289 132; 287 130
21; 581 137; 580 138; 580 139; 579 140; 579 143; 578 144; 578 145; 577 146; 577 147; 576 148; 576 149; 573 152; 573 153; 570 156; 570 158; 569 159; 569 161; 568 162; 568 163; 567 164; 567 166; 566 167; 566 168; 565 169; 565 170; 564 171; 564 173; 566 175; 587 175; 588 174; 603 174; 604 173; 604 169; 602 167; 602 166; 601 165; 601 164; 600 163; 600 162; 598 160; 598 159; 597 158; 597 157; 596 156; 596 155; 595 154; 595 153; 594 152; 594 151; 592 149; 592 148; 587 143; 587 141; 586 140; 586 139; 584 137
22; 740 165; 737 168; 737 169; 735 171; 735 172; 734 173; 734 174; 732 176; 732 177; 731 178; 731 179; 730 180; 730 181; 729 182; 729 183; 726 186; 726 187; 725 188; 725 189; 724 190; 724 191; 723 192; 723 194; 722 195; 722 196; 721 197; 721 199; 722 200; 726 200; 727 199; 734 199; 735 200; 737 200; 738 201; 743 201; 744 200; 760 200; 761 199; 761 195; 760 194; 760 193; 759 192; 759 191; 758 190; 758 189; 757 188; 757 186; 755 184; 755 183; 752 180; 752 179; 749 176; 749 175; 747 173; 747 172; 746 171; 746 170; 744 168; 744 167; 742 165
23; 976 172; 975 173; 975 176; 976 177; 976 178; 977 179; 977 182; 978 183; 978 185; 979 186; 979 188; 980 189; 980 190; 981 191; 981 192; 982 193; 982 194; 983 195; 983 198; 984 199; 984 201; 985 202; 985 205; 986 206; 986 207; 987 208; 987 209; 988 210; 991 210; 993 208; 993 207; 995 205; 995 204; 1000 199; 1001 199; 1001 198; 1006 193; 1006 192; 1014 184; 1014 183; 1015 182; 1015 180; 1013 178; 1007 178; 1006 177; 1003 177; 1002 176; 999 176; 998 175; 997 175; 996 174; 995 174; 994 173; 987 173; 986 172
24; 319 191; 318 192; 318 194; 319 195; 319 196; 321 198; 323 198; 324 199; 327 199; 328 200; 332 200; 333 201; 335 201; 336 202; 338 202; 339 203; 340 203; 342 205; 342 206; 340 208; 340 209; 338 211; 337 210; 336 210; 334 208; 330 208; 329 209; 327 209; 326 210; 324 210; 323 211; 322 211; 322 215; 323 216; 327 216; 328 215; 332 215; 333 214; 335 214; 336 213; 338 213; 339 214; 339 217; 336 220; 336 222; 338 222; 344 216; 345 216; 345 215; 348 212; 348 211; 349 210; 350 210; 352 208; 352 207; 353 206; 353 205; 355 203; 355 199; 353 197; 350 197; 349 196; 343 196; 342 195; 340 195; 339 194; 338 194; 337 193; 336 193; 335 192; 324 192; 323 191
25; 141 181; 139 183; 139 185; 138 186; 138 187; 137 188; 137 189; 135 191; 135 193; 134 194; 134 195; 133 196; 133 197; 132 198; 132 199; 131 200; 131 201; 129 203; 129 204; 126 207; 126 208; 124 210; 124 211; 123 212; 123 213; 122 214; 122 216; 123 217; 124 217; 125 218; 138 218; 139 219; 146 219; 147 218; 148 218; 149 217; 155 217; 156 218; 161 218; 162 217; 162 213; 161 212; 161 211; 160 210; 160 209; 159 208; 159 207; 158 206; 158 205; 157 204; 157 203; 155 201; 155 200; 154 199; 154 198; 153 197; 153 196; 152 195; 152 194; 151 193; 151 192; 150 191; 150 190; 149 189; 149 188; 146 185; 146 184; 143 181
26; 21 193; 21 199; 22 200; 22 203; 23 204; 23 208; 24 209; 24 219; 25 220; 25 221; 26 222; 26 224; 27 225; 27 228; 28 229; 28 232; 29 233; 32 233; 35 230; 36 230; 45 221; 46 221; 49 218; 50 218; 50 217; 53 214; 53 213; 56 210; 57 210; 59 208; 59 206; 57 204; 56 204; 55 203; 53 203; 52 202; 51 202; 50 201; 47 201; 46 200; 43 200; 42 199; 41 199; 40 198; 39 198; 38 197; 36 197; 35 196; 34 196; 33 195; 31 195; 30 194; 29 194; 28 193
27; 182 202; 178 206; 178 207; 167 218; 166 218; 164 220; 164 222; 158 228; 158 229; 157 230; 157 232; 158 233; 159 233; 160 234; 162 234; 163 235; 167 235; 168 236; 172 236; 173 237; 174 237; 175 238; 181 238; 182 239; 184 239; 185 240; 187 240; 188 241; 191 241; 192 242; 194 242; 195 241; 196 241; 197 240; 197 235; 196 234; 196 232; 195 231; 195 230; 194 229; 194 225; 193 224; 193 222; 192 221; 192 219; 191 218; 191 217; 190 216; 190 215; 189 214; 189 211; 188 210; 188 207; 187 206; 187 205; 186 204; 186 203; 185 202
28; 761 221; 751 231; 750 231; 748 233; 747 233; 745 235; 744 235; 738 241; 738 242; 735 245; 735 249; 736 250; 740 250; 741 251; 743 251; 744 252; 745 252; 746 253; 748 253; 749 254; 750 254; 751 255; 752 255; 753 256; 754 256; 755 257; 760 257; 761 258; 764 258; 765 259; 766 259; 767 260; 772 260; 772 259; 773 258; 773 255; 772 254; 772 251; 771 250; 771 243; 770 242; 770 238; 769 237; 769 235; 768 234; 768 230; 767 229; 767 225; 766 224; 766 222; 765 221
29; 898 245; 898 246; 897 247; 897 249; 896 250; 896 253; 895 254; 895 256; 893 258; 893 259; 892 260; 892 261; 891 262; 891 265; 890 266; 890 269; 889 270; 889 272; 888 273; 888 274; 887 275; 887 276; 886 277; 886 279; 885 280; 885 282; 891 282; 892 281; 902 281; 903 280; 910 280; 911 279; 916 279; 917 278; 919 278; 920 277; 925 277; 926 276; 926 272; 925 271; 925 270; 922 267; 922 266; 919 263; 919 262; 914 257; 914 256; 911 253; 911 252; 908 249; 907 249; 903 245
30; 848 270; 847 271; 847 276; 848 277; 848 288; 849 289; 849 292; 850 293; 850 298; 851 299; 851 309; 853 311; 855 311; 856 310; 857 310; 861 306; 862 306; 869 299; 871 299; 873 297; 874 297; 874 296; 876 294; 877 294; 879 292; 880 292; 882 290; 883 290; 884 289; 884 288; 885 287; 885 283; 882 283; 881 284; 880 284; 879 283; 877 283; 876 282; 875 282; 871 278; 870 278; 868 276; 866 276; 865 275; 862 275; 861 274; 858 274; 857 273; 856 273; 855 272; 854 272; 853 271; 852 271; 851 270
31; 628 287; 627 288; 627 289; 626 290; 626 291; 624 293; 624 295; 623 296; 623 297; 621 299; 621 300; 620 301; 620 302; 619 303; 619 307; 618 308; 618 309; 617 310; 617 311; 615 313; 615 314; 614 315; 614 316; 612 318; 612 322; 613 323; 621 323; 622 324; 628 324; 629 323; 635 323; 636 322; 640 322; 641 323; 650 323; 651 322; 651 318; 648 315; 648 313; 646 311; 646 309; 645 308; 645 307; 643 305; 643 304; 641 302; 641 301; 640 300; 640 299; 639 298; 639 297; 638 296; 638 295; 637 294; 637 293; 633 289; 633 288; 632 288; 631 287
32; 493 289; 491 291; 490 291; 485 296; 484 296; 477 303; 476 303; 473 306; 472 306; 469 309; 469 310; 467 312; 466 312; 465 313; 465 317; 466 317; 467 318; 470 318; 471 319; 473 319; 474 320; 476 320; 477 321; 479 321; 480 322; 481 322; 482 323; 483 323; 484 324; 486 324; 487 325; 488 325; 489 326; 491 326; 492 327; 494 327; 495 328; 497 328; 498 329; 504 329; 504 325; 503 324; 503 322; 502 321; 502 314; 501 313; 501 310; 502 309; 502 307; 501 306; 501 304; 500 303; 500 299; 499 298; 499 293; 498 292; 498 290; 497 289
33; 891 293; 889 295; 888 295; 887 296; 886 296; 885 297; 884 297; 883 298; 882 298; 881 299; 880 299; 879 300; 878 300; 876 302; 875 302; 873 304; 872 304; 871 305; 870 305; 869 306; 868 306; 865 309; 864 309; 862 311; 861 311; 860 312; 860 314; 862 316; 863 316; 864 317; 865 317; 867 319; 868 319; 870 321; 871 321; 873 323; 874 323; 875 324; 876 324; 878 326; 879 326; 880 327; 881 327; 883 329; 884 329; 885 330; 886 330; 887 331; 888 331; 890 333; 891 333; 892 334; 894 334; 895 333; 895 330; 896 329; 896 322; 897 321; 897 305; 896 304; 896 293
34; 367 336; 365 338; 365 339; 363 341; 363 342; 362 343; 362 344; 361 345; 361 346; 357 350; 357 351; 356 352; 356 353; 355 354; 355 355; 354 356; 354 357; 353 358; 353 359; 351 361; 351 362; 348 365; 348 366; 347 367; 347 369; 348 370; 349 370; 350 371; 357 371; 358 372; 370 372; 371 373; 376 373; 377 374; 384 374; 385 373; 386 373; 387 372; 387 368; 386 367; 386 365; 385 364; 385 362; 384 361; 384 360; 383 359; 383 357; 382 356; 382 355; 379 352; 379 351; 378 350; 378 348; 377 347; 377 346; 376 345; 376 343; 374 341; 374 340; 373 339; 373 338; 371 336
35; 55 336; 55 337; 54 338; 54 340; 53 341; 53 342; 52 343; 52 344; 51 345; 51 346; 50 347; 50 348; 49 349; 49 350; 48 351; 48 352; 47 353; 47 354; 46 355; 46 356; 45 357; 45 358; 44 359; 44 361; 43 362; 43 363; 42 364; 42 365; 41 366; 41 367; 40 368; 40 372; 41 373; 45 373; 46 372; 47 372; 48 373; 59 373; 60 374; 62 374; 63 373; 65 373; 66 372; 77 372; 78 371; 79 371; 80 370; 80 367; 77 364; 77 363; 76 362; 76 361; 75 360; 75 359; 74 358; 74 357; 73 356; 73 355; 71 353; 71 352; 70 351; 70 350; 68 348; 68 347; 67 346; 67 345; 64 342; 64 341; 63 341; 61 339; 61 338; 59 336
36; 208 348; 208 349; 203 354; 201 354; 200 355; 199 355; 198 356; 197 356; 196 357; 194 357; 186 365; 186 366; 181 371; 180 371; 180 374; 181 375; 182 375; 183 376; 186 376; 187 377; 188 377; 189 378; 190 378; 191 379; 192 379; 193 380; 195 380; 196 381; 198 381; 200 383; 201 383; 202 384; 204 384; 205 385; 206 385; 207 386; 208 386; 209 387; 210 387; 211 388; 217 388; 217 387; 218 386; 218 378; 217 377; 217 374; 216 373; 216 370; 215 369; 215 365; 214 364; 214 351; 213 350; 213 349; 212 348
37; 427 388; 426 389; 425 389; 419 395; 418 395; 414 399; 414 400; 411 403; 410 403; 404 409; 403 409; 400 412; 400 416; 401 417; 404 417; 405 418; 406 418; 407 419; 408 419; 409 420; 410 420; 411 421; 413 421; 414 422; 416 422; 417 423; 420 423; 421 424; 423 424; 424 425; 425 425; 426 426; 427 426; 428 427; 429 427; 430 428; 431 428; 432 429; 434 429; 435 430; 437 430; 438 429; 438 428; 439 427; 439 424; 438 423; 438 420; 437 419; 437 414; 436 413; 436 407; 435 406; 435 404; 434 403; 434 401; 433 400; 433 395; 432 394; 432 390; 430 388
38; 752 397; 751 398; 750 398; 749 399; 749 403; 751 405; 751 407; 752 408; 752 409; 753 410; 753 411; 755 413; 755 415; 756 416; 756 417; 758 419; 759 419; 761 421; 761 422; 764 425; 764 426; 765 427; 765 428; 766 429; 766 430; 767 431; 767 433; 769 433; 770 434; 772 434; 773 433; 773 431; 774 430; 774 429; 775 428; 775 427; 776 426; 776 425; 778 423; 778 422; 779 421; 779 420; 780 419; 780 418; 781 417; 781 416; 782 415; 782 414; 783 413; 783 412; 784 411; 784 410; 786 408; 786 407; 787 406; 787 405; 789 403; 789 402; 790 401; 790 399; 789 398; 788 398; 787 397; 785 397; 784 398; 782 398; 781 397
39; 453 400; 452 401; 451 401; 451 405; 452 406; 452 407; 453 408; 453 409; 454 410; 454 412; 455 413; 455 414; 456 415; 456 416; 457 417; 457 419; 458 420; 458 421; 459 422; 459 423; 460 424; 460 425; 461 426; 461 428; 462 429; 462 430; 463 431; 463 433; 464 434; 464 435; 465 436; 465 437; 467 439; 470 439; 471 438; 471 437; 473 435; 473 434; 474 433; 474 432; 476 430; 476 429; 477 428; 477 427; 480 424; 481 424; 483 422; 483 419; 484 418; 484 417; 485 416; 485 415; 490 410; 490 405; 489 405; 488 404; 486 404; 485 403; 473 403; 472 402; 467 402; 466 401; 459 401; 458 400
40; 910 400; 909 401; 905 401; 904 402; 899 402; 898 403; 885 403; 884 404; 879 404; 878 405; 876 405; 875 406; 875 408; 876 409; 876 410; 879 413; 879 414; 880 415; 880 416; 882 418; 882 419; 885 422; 885 423; 887 425; 887 426; 894 433; 894 434; 898 438; 900 438; 903 435; 903 434; 904 433; 904 432; 905 431; 905 429; 906 428; 906 427; 907 426; 907 425; 909 423; 909 422; 910 421; 910 416; 911 415; 911 414; 912 413; 912 412; 913 411; 913 410; 914 409; 914 406; 915 405; 915 403; 914 402; 914 401; 913 401; 912 400
41; 766 434; 765 435; 764 435; 763 436; 760 436; 759 437; 755 437; 754 438; 749 438; 748 439; 742 439; 741 440; 733 440; 732 441; 731 441; 731 444; 736 449; 736 450; 739 453; 739 454; 740 455; 740 456; 742 458; 742 459; 745 462; 745 463; 748 466; 748 467; 749 467; 751 469; 751 470; 753 472; 757 472; 757 471; 759 469; 759 468; 760 467; 760 466; 761 465; 761 463; 762 462; 762 461; 763 460; 763 459; 766 456; 766 455; 767 454; 767 448; 768 447; 768 445; 769 444; 769 443; 770 442; 770 440; 771 439; 771 438; 772 437; 772 435; 770 435; 769 434
42; 686 439; 685 440; 685 441; 684 442; 684 448; 685 449; 685 459; 684 460; 684 464; 685 465; 685 480; 690 480; 690 478; 693 475; 695 475; 696 474; 698 474; 699 473; 701 473; 702 472; 703 472; 704 471; 705 471; 709 467; 710 467; 712 465; 713 465; 714 464; 716 464; 717 463; 718 463; 720 461; 720 458; 719 458; 718 457; 717 457; 715 455; 714 455; 712 453; 711 453; 710 452; 709 452; 708 451; 707 451; 706 450; 705 450; 703 448; 702 448; 701 447; 700 447; 699 446; 698 446; 695 443; 694 443; 693 442; 692 442; 689 439
43; 64 438; 63 439; 63 440; 60 443; 60 444; 59 445; 59 446; 58 447; 58 448; 57 449; 57 450; 56 451; 56 452; 55 453; 55 455; 54 456; 54 457; 53 458; 53 459; 52 460; 52 461; 51 462; 51 464; 49 466; 49 467; 48 468; 48 469; 47 470; 47 473; 48 474; 63 474; 64 475; 66 475; 67 474; 86 474; 87 473; 87 471; 85 469; 85 468; 84 467; 84 466; 83 465; 83 464; 81 462; 81 461; 80 460; 80 459; 79 458; 79 457; 78 456; 78 455; 77 454; 77 453; 76 452; 76 451; 75 450; 75 449; 74 448; 74 447; 72 445; 72 444; 70 442; 70 441; 67 438
44; 441 441; 441 442; 440 443; 440 444; 436 448; 436 449; 434 451; 434 452; 433 453; 433 454; 431 456; 431 458; 430 459; 430 461; 429 462; 429 463; 428 464; 428 465; 427 466; 427 467; 426 468; 426 470; 425 471; 425 472; 424 473; 424 477; 452 477; 453 476; 461 476; 462 475; 462 471; 460 469; 460 468; 459 467; 459 466; 458 465; 458 464; 456 462; 456 461; 455 460; 455 459; 454 458; 454 457; 453 456; 453 455; 452 454; 452 453; 451 452; 451 451; 449 449; 449 448; 447 446; 447 444; 446 443; 446 442; 445 441
45; 660 457; 656 461; 656 462; 654 464; 654 465; 653 466; 653 467; 651 469; 651 470; 649 472; 649 473; 647 475; 647 476; 646 477; 646 478; 642 482; 642 483; 641 484; 641 486; 640 487; 640 489; 642 491; 648 491; 649 492; 673 492; 674 493; 678 493; 678 492; 679 491; 679 489; 678 488; 678 487; 677 486; 677 485; 676 484; 676 483; 675 482; 675 481; 674 480; 674 479; 673 478; 673 476; 672 475; 672 472; 668 468; 668 467; 666 465; 666 464; 665 463; 665 461; 664 460; 664 458; 663 457
46; 138 464; 136 466; 136 468; 135 469; 135 471; 134 472; 134 475; 133 476; 133 477; 131 479; 131 487; 130 488; 130 490; 129 491; 129 493; 128 494; 128 496; 127 497; 127 501; 128 502; 132 502; 133 501; 134 501; 135 500; 138 500; 139 499; 143 499; 144 498; 148 498; 149 497; 153 497; 154 496; 155 496; 156 495; 159 495; 160 494; 164 494; 166 492; 166 490; 156 480; 156 479; 154 477; 154 476; 152 474; 151 474; 149 472; 148 472; 146 470; 146 469; 141 464
47; 914 463; 912 465; 912 466; 910 468; 910 469; 906 473; 906 474; 905 475; 904 475; 904 476; 902 478; 902 479; 901 480; 901 481; 900 482; 900 483; 899 484; 899 485; 898 486; 898 488; 897 489; 897 490; 896 491; 896 492; 895 493; 895 497; 896 497; 897 498; 905 498; 906 499; 918 499; 919 500; 928 500; 929 501; 931 501; 932 500; 932 495; 931 494; 931 492; 930 491; 930 490; 929 489; 929 487; 928 486; 928 485; 926 483; 926 482; 924 480; 924 478; 923 477; 923 474; 922 473; 922 472; 921 471; 921 470; 920 469; 920 468; 919 467; 919 466; 917 464; 917 463
48; 88 473; 86 475; 91 480; 91 481; 92 482; 92 483; 93 484; 93 485; 94 486; 94 487; 95 488; 95 489; 96 490; 96 491; 97 492; 97 494; 98 495; 98 496; 99 497; 99 498; 100 499; 100 500; 101 501; 101 502; 102 503; 102 504; 103 505; 103 506; 104 507; 104 509; 105 510; 108 510; 111 507; 111 506; 113 504; 113 503; 118 498; 118 497; 120 495; 120 494; 121 493; 121 491; 122 490; 122 489; 123 488; 123 487; 126 484; 126 483; 129 480; 129 478; 127 476; 116 476; 115 475; 112 475; 111 474; 90 474; 89 473
49; 322 474; 321 475; 317 475; 316 476; 313 476; 312 477; 305 477; 304 478; 296 478; 295 479; 294 479; 293 480; 293 482; 294 483; 294 484; 296 486; 296 487; 298 489; 298 490; 307 499; 307 500; 309 502; 309 503; 310 504; 310 505; 313 508; 313 509; 316 512; 319 512; 320 511; 320 508; 321 507; 321 506; 323 504; 323 503; 324 502; 324 501; 325 500; 325 498; 326 497; 326 496; 327 495; 327 489; 328 488; 328 487; 329 486; 329 485; 330 484; 330 482; 331 481; 331 480; 332 479; 332 475; 331 474; 328 474; 327 475; 325 475; 324 474
50; 803 473; 802 474; 800 474; 799 475; 796 475; 795 476; 789 476; 788 477; 787 477; 786 478; 785 478; 784 479; 783 479; 782 480; 780 480; 779 481; 777 481; 776 482; 774 482; 773 483; 772 483; 771 484; 771 486; 783 498; 783 499; 787 503; 788 503; 797 512; 799 512; 800 511; 800 510; 801 509; 801 506; 802 505; 802 499; 803 498; 803 495; 804 494; 804 492; 805 491; 805 488; 806 487; 806 485; 807 484; 807 482; 808 481; 808 478; 809 477; 809 475; 808 474; 808 473
51; 685 481; 686 482; 686 508; 685 509; 685 514; 686 515; 686 517; 687 518; 687 521; 688 522; 691 522; 692 521; 693 521; 695 519; 696 519; 697 518; 698 518; 701 515; 702 515; 704 513; 705 513; 707 511; 708 511; 710 509; 711 509; 712 508; 713 508; 715 506; 717 506; 719 504; 720 504; 721 503; 721 500; 720 499; 719 499; 717 497; 716 497; 713 494; 712 494; 710 492; 709 492; 705 488; 704 488; 703 487; 700 487; 699 486; 697 486; 696 485; 695 485; 694 484; 693 484; 690 481
52; 745 491; 742 494; 741 494; 739 496; 738 496; 736 498; 735 498; 728 505; 727 505; 724 508; 723 508; 720 511; 719 511; 718 512; 718 516; 719 517; 721 517; 722 518; 724 518; 725 519; 726 519; 727 520; 729 520; 730 521; 732 521; 733 522; 734 522; 735 523; 736 523; 737 524; 738 524; 739 525; 741 525; 742 526; 743 526; 744 527; 746 527; 747 528; 749 528; 750 529; 756 529; 757 528; 757 525; 756 524; 756 523; 755 522; 755 516; 754 515; 754 509; 753 508; 753 506; 752 505; 752 502; 751 501; 751 498; 750 497; 750 493; 749 492; 749 491
53; 648 512; 647 513; 646 513; 645 514; 644 514; 643 515; 642 515; 641 516; 639 516; 638 517; 634 517; 633 518; 632 518; 629 521; 628 521; 627 522; 625 522; 624 523; 622 523; 621 524; 620 524; 619 525; 618 525; 615 528; 615 530; 616 531; 616 532; 617 533; 618 533; 620 535; 621 535; 623 537; 624 537; 626 539; 627 539; 633 545; 634 545; 637 548; 639 548; 641 550; 642 550; 645 553; 648 553; 649 552; 649 551; 650 550; 650 522; 651 521; 651 518; 652 517; 652 512
54; 415 527; 410 532; 410 533; 409 534; 409 535; 407 537; 407 538; 406 539; 406 540; 404 542; 404 543; 403 544; 403 545; 402 546; 402 547; 397 552; 397 553; 394 556; 394 560; 396 562; 407 562; 408 563; 410 563; 411 562; 415 562; 416 563; 428 563; 429 564; 434 564; 435 563; 435 560; 434 559; 434 558; 433 557; 433 555; 432 554; 432 552; 431 551; 431 550; 430 549; 430 544; 424 538; 424 537; 423 536; 423 534; 422 533; 422 531; 421 530; 421 529; 419 527
55; 857 564; 856 565; 856 566; 853 569; 853 570; 847 576; 846 576; 844 578; 844 579; 843 580; 843 581; 841 583; 841 584; 836 589; 836 590; 834 592; 834 594; 836 596; 839 596; 840 597; 845 597; 846 598; 851 598; 852 599; 856 599; 857 600; 861 600; 862 601; 865 601; 866 602; 873 602; 873 598; 872 597; 872 593; 871 592; 871 589; 870 588; 870 586; 869 585; 869 582; 868 581; 868 579; 867 578; 867 577; 866 576; 866 574; 865 573; 865 571; 864 570; 864 568; 863 567; 863 565; 862 564
56; 626 573; 625 574; 621 574; 620 575; 616 575; 615 576; 612 576; 611 577; 606 577; 605 578; 602 578; 601 579; 598 579; 597 580; 595 580; 594 581; 594 585; 597 588; 597 589; 600 592; 601 592; 602 593; 602 594; 608 600; 608 601; 613 606; 614 606; 616 608; 616 609; 618 611; 622 611; 623 610; 623 607; 624 606; 624 604; 625 603; 625 601; 626 600; 626 599; 627 598; 627 597; 628 596; 628 595; 629 594; 629 586; 630 585; 630 584; 631 583; 631 582; 632 581; 632 580; 634 578; 634 574; 633 573
57; 641 580; 641 585; 642 586; 642 587; 643 588; 643 589; 644 590; 644 592; 645 593; 645 594; 646 595; 646 596; 647 597; 647 598; 648 599; 648 600; 649 601; 649 603; 650 604; 650 606; 651 607; 651 608; 652 609; 652 610; 653 611; 653 612; 654 613; 654 615; 656 617; 658 617; 659 616; 660 616; 662 614; 662 613; 664 611; 664 610; 666 608; 666 607; 667 606; 667 605; 673 599; 673 598; 676 595; 676 594; 677 593; 677 592; 678 591; 678 590; 680 588; 680 584; 679 584; 678 583; 673 583; 672 582; 663 582; 662 581; 661 581; 660 580; 655 580; 654 581; 650 581; 649 580
58; 459 583; 458 584; 442 584; 441 585; 433 585; 432 586; 431 586; 431 590; 437 596; 437 597; 438 598; 438 599; 439 600; 439 604; 438 605; 437 605; 436 606; 436 609; 437 610; 439 610; 439 609; 440 608; 442 608; 443 609; 443 616; 444 617; 445 617; 447 619; 453 619; 454 618; 454 617; 457 614; 457 613; 459 611; 459 610; 460 609; 460 608; 461 607; 461 606; 462 605; 462 604; 463 603; 463 601; 464 600; 464 599; 465 598; 465 597; 467 595; 467 594; 468 593; 468 591; 469 590; 469 589; 470 588; 470 584; 469 583
59; 911 590; 910 591; 909 591; 907 593; 907 594; 904 597; 904 598; 901 601; 901 602; 898 605; 898 606; 896 608; 896 609; 893 612; 892 612; 891 613; 891 614; 890 615; 890 616; 889 617; 889 618; 888 619; 888 622; 889 623; 890 623; 891 624; 895 624; 896 625; 910 625; 911 626; 919 626; 920 627; 922 627; 923 628; 925 628; 926 627; 926 623; 925 622; 925 621; 924 620; 924 617; 923 616; 923 613; 922 612; 922 609; 921 608; 921 606; 920 605; 920 604; 917 601; 917 600; 916 599; 916 598; 915 597; 915 596; 914 595; 914 591; 913 590
60; 548 597; 546 599; 546 606; 547 607; 547 613; 548 614; 548 620; 549 621; 549 627; 550 628; 550 632; 551 633; 551 636; 552 637; 555 637; 558 634; 559 634; 562 631; 563 631; 571 623; 572 623; 573 622; 574 622; 575 621; 576 621; 578 619; 579 619; 580 618; 581 618; 583 616; 583 612; 581 610; 580 610; 579 609; 577 609; 576 608; 575 608; 574 607; 573 607; 572 606; 571 606; 567 602; 566 602; 565 601; 562 601; 561 600; 557 600; 556 599; 554 599; 553 598; 552 598; 551 597
61; 937 601; 936 602; 936 628; 935 629; 935 631; 936 632; 936 636; 935 637; 935 639; 936 640; 936 641; 937 642; 939 642; 940 641; 941 641; 943 639; 944 639; 945 638; 946 638; 947 637; 948 637; 950 635; 951 635; 954 632; 955 632; 956 631; 957 631; 958 630; 959 630; 960 629; 961 629; 963 627; 964 627; 966 625; 967 625; 969 623; 970 623; 971 622; 971 620; 969 618; 967 618; 966 617; 965 617; 964 616; 963 616; 960 613; 959 613; 954 608; 953 608; 952 607; 949 607; 948 606; 947 606; 946 605; 945 605; 944 604; 943 604; 941 602; 940 602; 939 601
62; 670 611; 669 612; 669 614; 670 615; 670 618; 671 619; 671 621; 672 622; 672 630; 673 631; 673 632; 674 633; 674 634; 675 635; 675 638; 676 639; 676 641; 677 642; 677 644; 678 645; 678 647; 679 648; 679 649; 684 649; 686 647; 686 646; 701 631; 702 631; 704 629; 704 628; 705 627; 705 626; 708 623; 708 620; 707 620; 706 619; 703 619; 702 618; 700 618; 699 617; 696 617; 695 616; 693 616; 692 615; 689 615; 688 614; 684 614; 683 613; 680 613; 679 612; 676 612; 675 611
63; 860 614; 860 615; 859 616; 859 617; 858 618; 858 619; 857 620; 857 621; 856 622; 856 623; 855 624; 855 625; 853 627; 853 628; 852 629; 852 633; 851 634; 851 636; 849 638; 849 639; 848 640; 848 641; 847 642; 847 644; 846 645; 846 650; 847 651; 857 651; 858 650; 865 650; 866 649; 867 649; 868 648; 873 648; 874 647; 882 647; 883 646; 884 646; 885 645; 885 641; 881 637; 881 636; 877 632; 877 631; 872 626; 872 625; 870 623; 870 622; 867 619; 867 618; 863 614
64; 231 621; 231 622; 230 623; 230 625; 229 626; 229 627; 228 628; 228 629; 227 630; 227 631; 226 632; 226 633; 224 635; 224 636; 223 637; 223 640; 221 642; 221 643; 220 644; 220 645; 219 646; 219 647; 218 648; 218 649; 217 650; 217 652; 216 653; 216 656; 218 658; 227 658; 228 657; 236 657; 237 656; 250 656; 251 655; 252 655; 253 654; 255 654; 257 652; 257 650; 256 649; 256 648; 252 644; 252 643; 249 640; 249 639; 247 637; 247 636; 246 635; 246 634; 243 631; 243 630; 241 628; 241 627; 238 624; 238 623; 236 621
65; 262 631; 262 636; 263 637; 263 638; 264 639; 264 641; 265 642; 265 643; 266 644; 266 645; 267 646; 267 647; 268 648; 268 649; 269 650; 269 651; 271 653; 271 654; 273 656; 273 657; 274 658; 274 659; 275 660; 275 661; 279 665; 279 666; 280 667; 284 667; 285 666; 285 665; 286 664; 286 662; 287 661; 287 660; 288 659; 288 657; 290 655; 290 654; 292 652; 293 652; 294 651; 294 650; 296 648; 296 646; 297 645; 297 644; 298 643; 298 642; 299 641; 299 640; 300 639; 300 638; 301 637; 301 633; 300 632; 298 632; 297 631; 277 631; 276 632; 275 631
66; 358 658; 358 662; 359 663; 359 664; 360 665; 360 667; 361 668; 361 669; 362 670; 362 671; 364 673; 364 675; 365 676; 365 679; 366 680; 366 681; 368 683; 368 684; 371 687; 371 688; 372 689; 372 691; 373 692; 373 694; 374 695; 377 695; 378 694; 379 694; 380 693; 380 692; 382 690; 382 689; 383 688; 383 687; 384 686; 384 685; 390 679; 390 678; 391 677; 391 674; 393 672; 393 671; 394 670; 394 669; 398 665; 398 660; 381 660; 380 659; 368 659; 367 658
67; 408 668; 407 669; 407 671; 408 672; 408 673; 410 675; 410 676; 411 677; 411 678; 412 679; 412 680; 413 681; 413 682; 414 683; 414 684; 415 685; 415 687; 416 688; 416 689; 418 691; 418 692; 422 696; 422 697; 423 698; 423 699; 424 700; 424 702; 426 704; 429 704; 431 702; 431 701; 432 700; 432 699; 433 698; 433 697; 434 696; 434 695; 435 694; 435 693; 437 691; 437 690; 439 688; 439 687; 442 684; 442 683; 444 681; 444 680; 445 679; 445 678; 446 677; 446 675; 447 674; 447 672; 448 671; 448 669; 447 668
68; 319 659; 317 661; 317 662; 316 663; 316 664; 314 666; 314 667; 312 669; 312 670; 310 672; 309 672; 307 674; 306 674; 306 675; 305 676; 305 678; 304 679; 304 680; 303 681; 303 682; 302 683; 302 684; 301 685; 301 687; 300 688; 300 689; 299 690; 299 691; 298 692; 298 694; 299 695; 301 695; 302 696; 330 696; 331 697; 337 697; 338 696; 338 692; 337 691; 337 690; 335 688; 335 686; 334 685; 334 684; 333 683; 333 682; 332 681; 332 680; 331 679; 331 678; 329 676; 329 675; 328 674; 328 673; 327 672; 327 671; 326 670; 326 667; 325 666; 325 665; 324 664; 324 663; 323 662; 323 661; 321 659
69; 72 679; 71 680; 71 684; 72 685; 72 686; 73 687; 73 689; 74 690; 74 692; 75 693; 75 695; 76 696; 76 700; 77 701; 77 703; 78 704; 78 706; 79 707; 79 709; 80 710; 80 711; 81 712; 81 714; 82 715; 82 717; 83 718; 87 718; 89 716; 90 716; 93 713; 93 712; 96 709; 96 708; 100 704; 100 703; 102 701; 102 700; 104 698; 104 697; 106 695; 106 694; 107 693; 108 693; 110 691; 111 691; 111 687; 110 686; 107 686; 106 685; 103 685; 102 684; 98 684; 97 683; 94 683; 93 682; 92 682; 91 681; 81 681; 80 680; 77 680; 76 679
70; 416 710; 415 711; 415 712; 414 713; 414 715; 413 716; 413 717; 412 718; 412 720; 411 721; 411 722; 410 723; 410 724; 409 725; 409 727; 408 728; 408 730; 407 731; 407 732; 406 733; 406 735; 405 736; 405 738; 404 739; 404 740; 403 741; 403 742; 402 743; 402 744; 401 745; 401 747; 403 749; 413 749; 414 748; 424 748; 425 747; 428 747; 429 746; 433 746; 434 745; 439 745; 440 744; 441 744; 441 739; 439 737; 439 736; 437 734; 437 733; 435 731; 435 730; 433 728; 433 727; 432 726; 432 724; 423 715; 423 714; 419 710
71; 184 720; 183 721; 182 721; 181 722; 180 722; 179 723; 177 723; 176 724; 175 724; 174 725; 173 725; 172 726; 171 726; 170 727; 169 727; 168 728; 167 728; 166 729; 165 729; 164 730; 163 730; 161 732; 160 732; 159 733; 158 733; 157 734; 156 734; 154 736; 153 736; 151 738; 151 740; 155 744; 156 744; 157 745; 157 746; 159 746; 160 747; 161 747; 167 753; 169 753; 170 754; 171 754; 172 755; 173 755; 175 757; 176 757; 179 760; 180 760; 181 761; 184 761; 186 759; 186 742; 187 741; 187 728; 188 727; 188 722; 186 720
72; 641 727; 639 729; 638 729; 636 731; 634 731; 633 732; 631 732; 630 733; 629 733; 628 734; 627 734; 625 736; 624 736; 623 737; 622 737; 620 739; 619 739; 618 740; 617 740; 615 742; 614 742; 613 743; 612 743; 610 745; 610 748; 612 750; 613 750; 614 751; 615 751; 616 752; 617 752; 618 753; 619 753; 620 754; 621 754; 623 756; 624 756; 625 757; 626 757; 627 758; 628 758; 629 759; 630 759; 631 760; 632 760; 635 763; 636 763; 640 767; 643 767; 645 765; 645 763; 644 762; 644 754; 645 753; 645 749; 646 748; 646 742; 645 741; 645 733; 646 732; 646 729; 645 728; 645 727
73; 143 739; 141 741; 141 744; 140 745; 140 747; 139 748; 139 750; 138 751; 138 755; 137 756; 137 761; 136 762; 136 764; 135 765; 135 774; 134 775; 134 777; 133 778; 135 778; 136 779; 139 779; 141 777; 142 777; 143 776; 145 776; 146 775; 148 775; 149 774; 156 774; 157 773; 158 773; 160 771; 162 771; 163 770; 166 770; 167 771; 170 771; 171 770; 173 770; 173 764; 172 763; 171 763; 168 760; 168 759; 167 758; 167 757; 164 754; 163 754; 162 753; 161 753; 157 749; 157 748; 155 746; 154 746; 153 745; 153 743; 150 740; 150 739; 149 740; 148 740; 147 739
74; 871 743; 868 746; 868 747; 853 762; 853 763; 851 765; 851 766; 848 769; 848 773; 849 773; 850 774; 853 774; 854 775; 858 775; 859 776; 862 776; 863 777; 864 777; 865 778; 866 778; 867 779; 874 779; 875 780; 878 780; 879 781; 885 781; 886 780; 886 778; 885 777; 885 775; 884 774; 884 772; 883 771; 883 766; 882 765; 882 761; 881 760; 881 759; 880 758; 880 756; 879 755; 879 754; 878 753; 878 752; 877 751; 877 749; 876 748; 876 747; 875 746; 875 745; 873 743
75; 768 766; 767 767; 759 767; 758 768; 749 768; 748 769; 742 769; 741 770; 741 773; 743 775; 743 776; 745 778; 745 779; 746 780; 746 781; 748 783; 748 784; 749 785; 749 786; 750 787; 750 788; 751 789; 751 790; 752 791; 752 792; 754 794; 754 795; 757 798; 757 799; 759 801; 759 802; 760 803; 763 803; 765 801; 765 800; 766 799; 766 798; 768 796; 768 795; 769 794; 769 793; 770 792; 770 790; 775 785; 775 783; 776 782; 776 778; 777 777; 777 776; 778 775; 778 774; 779 773; 779 772; 780 771; 780 767; 774 767; 773 766
76; 532 769; 531 770; 531 773; 532 774; 532 775; 533 776; 533 778; 534 779; 534 782; 535 783; 535 785; 536 786; 536 787; 537 788; 537 789; 540 792; 540 793; 541 794; 541 795; 543 797; 543 798; 544 799; 544 800; 546 802; 546 803; 549 806; 551 806; 553 804; 553 802; 554 801; 554 800; 555 799; 555 798; 557 796; 557 795; 560 792; 560 790; 561 789; 561 788; 562 787; 562 786; 565 783; 565 782; 567 780; 567 779; 568 778; 568 777; 569 776; 569 771; 568 771; 567 770; 550 770; 549 769; 541 769; 540 770; 537 770; 536 769
77; 174 770; 173 771; 171 771; 170 772; 168 772; 169 773; 169 778; 170 779; 170 780; 171 781; 171 782; 172 783; 172 784; 173 785; 173 786; 174 787; 174 788; 175 789; 175 790; 176 791; 176 793; 177 794; 177 795; 178 796; 178 797; 179 798; 179 800; 180 801; 180 802; 181 803; 181 804; 182 805; 182 806; 184 808; 188 808; 188 807; 189 806; 189 804; 192 801; 192 800; 193 799; 194 799; 194 798; 200 792; 200 791; 201 790; 201 788; 203 786; 203 785; 206 782; 206 780; 207 779; 207 775; 206 774; 197 774; 196 773; 190 773; 189 772; 178 772; 177 771; 175 771
78; 133 779; 132 780; 131 780; 130 781; 127 781; 126 782; 124 782; 123 783; 122 783; 121 784; 113 784; 112 785; 103 785; 102 786; 101 786; 99 788; 99 790; 101 792; 101 793; 104 796; 104 797; 111 804; 111 805; 116 810; 116 811; 120 815; 120 816; 123 819; 125 819; 127 817; 127 816; 128 815; 128 814; 129 813; 129 811; 130 810; 130 808; 131 807; 131 805; 132 804; 132 803; 134 801; 134 800; 135 799; 135 793; 136 792; 136 790; 137 789; 137 788; 138 787; 138 786; 139 785; 139 783; 138 782; 138 780; 136 780; 135 779
79; 717 791; 716 792; 715 792; 715 797; 716 798; 716 801; 717 802; 717 805; 718 806; 718 810; 719 811; 719 814; 720 815; 720 817; 721 818; 721 821; 722 822; 722 823; 723 824; 723 826; 724 827; 724 829; 725 830; 728 830; 730 828; 730 827; 734 823; 735 823; 735 822; 738 819; 739 819; 742 816; 742 815; 748 809; 749 809; 751 807; 752 807; 754 805; 754 803; 752 801; 750 801; 749 800; 748 800; 747 799; 745 799; 744 798; 742 798; 741 797; 740 797; 739 796; 737 796; 736 795; 732 795; 731 794; 729 794; 728 793; 725 793; 724 792; 720 792; 719 791
80; 29 795; 28 796; 27 796; 25 798; 24 798; 23 799; 22 799; 21 800; 20 800; 15 805; 14 805; 12 807; 11 807; 4 814; 3 814; 1 816; 0 816; 0 823; 1 823; 2 824; 4 824; 5 825; 6 825; 7 826; 9 826; 10 827; 11 827; 12 828; 13 828; 15 830; 18 830; 19 831; 23 831; 24 832; 25 832; 26 833; 27 833; 28 834; 32 834; 33 835; 36 835; 37 834; 38 834; 38 829; 37 828; 37 822; 36 821; 36 818; 35 817; 35 812; 34 811; 34 809; 33 808; 33 806; 32 805; 32 796; 31 795
81; 771 813; 770 814; 770 816; 771 817; 771 818; 772 819; 772 821; 773 822; 773 823; 774 824; 774 826; 775 827; 775 829; 777 831; 777 832; 778 833; 778 834; 779 835; 779 836; 780 837; 780 838; 781 839; 781 842; 782 843; 782 845; 783 846; 783 847; 785 849; 789 849; 794 844; 794 843; 795 842; 795 841; 797 839; 797 838; 800 835; 800 834; 801 833; 801 832; 802 831; 802 830; 804 828; 804 827; 807 824; 807 823; 809 821; 809 816; 808 815; 798 815; 797 814; 792 814; 791 813; 785 813; 784 814; 781 814; 780 813
82; 201 823; 199 825; 199 826; 197 828; 197 829; 195 831; 195 832; 194 833; 194 834; 192 836; 192 837; 191 838; 191 839; 190 840; 190 841; 188 843; 188 844; 186 846; 186 847; 182 851; 182 852; 180 854; 180 857; 181 858; 191 858; 192 859; 195 859; 197 861; 220 861; 220 856; 218 854; 218 853; 217 852; 217 851; 216 850; 216 848; 215 847; 215 845; 214 844; 214 843; 213 842; 213 840; 211 838; 211 837; 210 836; 210 835; 209 834; 209 833; 208 832; 208 831; 207 830; 207 828; 206 827; 206 826; 203 823
83; 721 835; 719 837; 719 839; 720 840; 720 842; 721 843; 721 844; 722 845; 722 846; 723 847; 723 848; 725 850; 725 851; 726 852; 726 854; 727 855; 727 856; 731 860; 731 861; 732 862; 732 863; 734 865; 734 866; 735 867; 735 869; 737 871; 740 871; 741 870; 741 869; 744 866; 744 865; 746 863; 746 862; 747 861; 747 860; 748 859; 748 858; 749 857; 749 856; 750 855; 750 854; 752 852; 752 851; 754 849; 754 848; 756 846; 756 845; 757 844; 757 842; 759 840; 759 837; 758 836; 731 836; 730 835
84; 608 841; 607 842; 607 846; 608 847; 608 848; 609 849; 609 852; 610 853; 610 854; 611 855; 611 858; 612 859; 612 861; 613 862; 613 864; 614 865; 614 866; 615 867; 615 868; 616 869; 616 871; 617 872; 617 876; 618 877; 618 878; 619 879; 622 879; 628 873; 628 872; 633 867; 634 867; 637 864; 637 863; 639 861; 639 860; 643 856; 643 855; 646 852; 646 849; 644 847; 641 847; 640 846; 636 846; 635 845; 631 845; 630 844; 626 844; 625 843; 620 843; 619 842; 615 842; 614 841
85; 998 858; 997 859; 995 859; 993 861; 992 861; 989 864; 988 864; 986 866; 985 866; 981 870; 981 871; 978 874; 977 874; 970 881; 970 885; 971 885; 972 886; 973 886; 974 887; 977 887; 978 888; 981 888; 982 889; 983 889; 984 890; 985 890; 986 891; 989 891; 990 892; 992 892; 993 893; 995 893; 996 894; 998 894; 999 895; 1003 895; 1004 896; 1006 896; 1006 893; 1007 892; 1007 888; 1006 887; 1006 882; 1005 881; 1005 876; 1004 875; 1004 866; 1003 865; 1003 862; 1002 861; 1002 860; 1000 858
86; 447 867; 446 868; 436 868; 435 869; 433 869; 432 870; 432 873; 434 875; 434 876; 436 878; 436 879; 437 880; 437 881; 438 882; 438 884; 439 885; 439 886; 442 889; 442 890; 444 892; 444 893; 445 894; 445 895; 447 897; 447 898; 448 899; 448 900; 451 903; 451 904; 455 904; 457 902; 457 901; 458 900; 458 898; 459 897; 459 896; 460 895; 460 894; 461 893; 461 892; 462 891; 462 889; 465 886; 465 885; 467 883; 467 881; 468 880; 468 879; 469 878; 469 877; 470 876; 470 875; 471 874; 471 873; 472 872; 472 869; 471 868; 469 868; 468 867; 461 867; 460 868; 453 868; 452 867
87; 330 862; 329 863; 329 864; 328 865; 328 867; 327 868; 327 869; 326 870; 326 871; 325 872; 325 873; 321 877; 321 878; 319 880; 319 881; 318 882; 318 883; 317 884; 317 885; 313 889; 313 890; 311 892; 311 893; 310 894; 310 896; 312 898; 326 898; 327 899; 350 899; 351 898; 351 895; 350 894; 350 892; 349 891; 349 890; 347 888; 347 887; 346 886; 346 885; 345 884; 345 883; 344 882; 344 877; 339 872; 339 871; 338 870; 338 869; 337 868; 337 867; 336 866; 336 864; 334 862
88; 146 899; 145 900; 144 900; 144 904; 145 905; 145 906; 146 907; 146 908; 147 909; 147 910; 148 911; 148 913; 149 914; 149 916; 150 917; 150 919; 151 920; 151 921; 152 922; 152 924; 153 925; 153 926; 154 927; 154 929; 155 930; 155 934; 156 935; 156 936; 158 938; 160 938; 163 935; 163 934; 166 931; 167 931; 172 926; 173 926; 175 924; 175 921; 181 915; 181 914; 184 911; 184 910; 185 909; 185 907; 184 906; 184 905; 182 905; 181 904; 176 904; 175 903; 172 903; 171 902; 164 902; 163 901; 159 901; 158 900; 155 900; 154 899
89; 759 897; 757 899; 756 899; 754 901; 753 901; 753 902; 751 904; 751 905; 744 912; 743 912; 738 917; 737 917; 733 921; 733 924; 734 925; 738 925; 739 926; 741 926; 743 928; 744 928; 745 929; 746 929; 748 931; 750 931; 751 932; 757 932; 758 933; 759 933; 760 934; 762 934; 763 935; 764 935; 765 936; 767 936; 768 937; 771 937; 771 935; 772 934; 772 931; 771 930; 771 928; 770 927; 770 924; 769 923; 769 921; 768 920; 768 915; 767 914; 767 910; 766 909; 766 907; 765 906; 765 905; 764 904; 764 897
90; 996 944; 1011 974; 1015 975; 1018 972; 1023 972; 1023 960; 1019 959; 1014 961; 1009 950
91; 1023 912; 1023 891; 1011 891; 1008 889; 1006 901
92; 996 934; 1000 937; 996 940; 996 944; 1009 950; 1012 948; 1023 948; 1023 920
93; 1023 920; 1023 912; 1006 901; 986 924; 984 932; 996 934
94; 798 905; 794 909; 794 910; 792 912; 792 913; 787 918; 786 918; 782 922; 782 923; 781 924; 781 925; 774 932; 773 932; 773 934; 772 935; 772 938; 776 938; 777 939; 779 939; 780 940; 785 940; 786 941; 793 941; 794 942; 801 942; 802 943; 806 943; 807 944; 811 944; 812 943; 813 943; 814 942; 814 940; 813 939; 813 938; 812 937; 812 935; 811 934; 811 932; 810 931; 810 928; 809 927; 809 926; 808 925; 808 924; 807 923; 807 921; 806 920; 806 919; 805 918; 805 917; 804 916; 804 915; 803 914; 803 913; 802 912; 802 908; 801 907; 801 906; 800 905
95; 550 940; 549 941; 547 941; 547 945; 549 947; 549 949; 550 950; 550 951; 551 952; 551 953; 553 955; 553 956; 554 957; 554 958; 555 959; 555 961; 556 962; 556 963; 557 964; 557 965; 558 966; 558 967; 559 968; 559 969; 561 971; 561 972; 562 973; 562 974; 564 976; 567 976; 569 974; 569 973; 571 971; 571 970; 575 966; 575 965; 577 963; 577 962; 579 960; 579 959; 582 956; 582 955; 583 954; 583 953; 584 952; 584 951; 585 950; 585 949; 587 947; 587 943; 586 942; 574 942; 573 941; 569 941; 568 940
96; 729 944; 728 945; 724 945; 723 946; 723 950; 724 951; 724 952; 725 953; 725 954; 728 957; 728 958; 730 960; 730 961; 731 962; 731 964; 732 965; 732 966; 733 967; 733 968; 735 970; 735 971; 736 972; 736 973; 737 974; 737 975; 738 976; 738 977; 739 978; 739 979; 740 980; 744 980; 746 978; 746 977; 747 976; 747 975; 749 973; 749 972; 753 968; 753 967; 755 965; 755 963; 756 962; 756 961; 759 958; 759 957; 760 956; 760 955; 761 954; 761 953; 763 951; 763 947; 762 946; 759 946; 758 945; 744 945; 743 944
97; 343 952; 342 953; 335 953; 334 954; 330 954; 329 955; 326 955; 325 956; 320 956; 319 957; 314 957; 313 958; 312 958; 311 959; 311 961; 312 962; 312 963; 314 965; 314 966; 319 971; 319 972; 320 973; 320 974; 328 982; 328 983; 330 985; 330 986; 332 988; 332 989; 333 990; 337 990; 338 989; 338 987; 339 986; 339 985; 340 984; 340 983; 342 981; 342 980; 343 979; 343 978; 344 977; 344 976; 345 975; 345 973; 346 972; 346 969; 347 968; 347 964; 348 963; 348 961; 349 960; 349 959; 351 957; 351 953; 350 952
98; 97 962; 95 964; 95 965; 83 977; 83 979; 82 980; 82 981; 81 982; 81 983; 79 985; 79 986; 77 988; 77 989; 76 990; 76 993; 77 994; 83 994; 84 995; 85 995; 86 996; 90 996; 91 997; 110 997; 111 998; 114 998; 116 996; 116 993; 115 992; 115 991; 114 990; 114 989; 113 988; 113 987; 112 986; 112 985; 111 984; 111 983; 110 982; 110 980; 109 979; 109 978; 108 977; 108 976; 107 975; 107 974; 105 972; 105 971; 103 969; 103 967; 102 966; 102 964; 101 963; 101 962
99; 291 961; 289 963; 289 968; 288 969; 288 971; 287 972; 287 974; 286 975; 286 977; 285 978; 285 980; 284 981; 284 983; 283 984; 283 988; 282 989; 282 991; 281 992; 281 993; 280 994; 280 995; 279 996; 279 999; 280 1000; 284 1000; 285 999; 287 999; 288 998; 293 998; 294 997; 298 997; 299 996; 302 996; 303 995; 305 995; 306 994; 309 994; 310 993; 313 993; 314 992; 316 992; 317 991; 318 991; 318 987; 315 984; 315 983; 308 976; 308 975; 298 965; 297 965; 293 961
100; 954 968; 931 991; 931 992; 930 993; 930 996; 932 998; 937 998; 938 999; 941 999; 942 1000; 943 1000; 944 1001; 946 1001; 947 1002; 948 1002; 949 1003; 954 1003; 955 1004; 958 1004; 959 1005; 962 1005; 963 1006; 967 1006; 968 1005; 968 1000; 967 999; 967 996; 966 995; 966 993; 965 992; 965 985; 963 983; 963 982; 962 981; 962 978; 961 977; 961 974; 960 973; 960 971; 959 970; 959 969; 958 968
101; 34 983; 33 984; 33 989; 34 990; 34 993; 35 994; 35 998; 36 999; 36 1005; 37 1006; 37 1009; 38 1010; 38 1011; 39 1012; 39 1014; 40 1015; 40 1017; 41 1018; 41 1021; 42 1022; 42 1023; 47 1023; 47 1021; 53 1015; 54 1015; 59 1010; 60 1010; 60 1009; 70 999; 70 998; 71 997; 71 995; 70 994; 69 994; 68 993; 64 993; 63 992; 61 992; 60 991; 58 991; 57 990; 55 990; 54 989; 52 989; 51 988; 50 988; 49 987; 48 987; 47 986; 45 986; 44 985; 41 985; 40 984; 37 984; 36 983
102; 229 1002; 228 1003; 226 1003; 225 1004; 222 1004; 221 1005; 217 1005; 216 1006; 213 1006; 212 1007; 210 1007; 208 1009; 207 1009; 206 1010; 203 1010; 202 1011; 200 1011; 199 1012; 195 1012; 194 1013; 191 1013; 190 1012; 182 1012; 181 1011; 178 1011; 177 1010; 176 1010; 175 1009; 173 1009; 172 1008; 168 1008; 167 1007; 165 1007; 164 1006; 161 1006; 160 1005; 153 1005; 152 1006; 152 1012; 153 1013; 153 1014; 154 1015; 154 1017; 155 1018; 155 1019; 156 1020; 156 1023; 164 1023; 164 1021; 163 1020; 163 1019; 162 1018; 162 1016; 164 1014; 165 1014; 166 1015; 170 1015; 171 1016; 174 1016; 177 1019; 177 1023; 186 1023; 186 1021; 191 1016; 193 1016; 195 1018; 196 1018; 199 1021; 199 1023; 209 1023; 209 1020; 208 1019; 208 1018; 210 1016; 211 1016; 212 1015; 214 1015; 215 1014; 216 1014; 217 1013; 219 1013; 220 1012; 221 1012; 223 1014; 223 1017; 222 1018; 222 1023; 229 1023; 229 1022; 230 1021; 230 1017; 231 1016; 231 1010; 232 1009; 232 1003; 231 1002
103; 615 995; 613 997; 613 998; 612 999; 612 1000; 611 1001; 611 1002; 610 1003; 610 1004; 605 1009; 605 1010; 604 1011; 604 1013; 603 1014; 603 1015; 602 1016; 602 1017; 601 1018; 601 1019; 600 1020; 600 1021; 599 1022; 599 1023; 607 1023; 608 1022; 608 1020; 609 1019; 609 1018; 610 1017; 610 1016; 611 1015; 611 1014; 613 1012; 613 1011; 615 1009; 618 1009; 620 1011; 620 1012; 621 1013; 621 1014; 622 1015; 622 1017; 623 1018; 623 1019; 624 1020; 624 1021; 625 1022; 625 1023; 633 1023; 633 1022; 632 1021; 632 1020; 631 1019; 631 1018; 630 1017; 630 1016; 629 1015; 629 1014; 628 1013; 628 1012; 627 1011; 627 1009; 626 1008; 626 1007; 625 1006; 625 1005; 624 1004; 624 1003; 622 1001; 622 1000; 617 995
104; 692 993; 690 995; 690 1003; 691 1004; 691 1005; 690 1006; 690 1016; 691 1017; 691 1020; 690 1021; 690 1023; 713 1023; 714 1022; 714 1021; 715 1020; 716 1020; 721 1015; 722 1015; 724 1013; 724 1010; 723 1009; 722 1009; 721 1008; 720 1008; 719 1007; 718 1007; 716 1005; 715 1005; 711 1001; 710 1001; 708 999; 704 999; 702 997; 701 997; 699 995; 698 995; 697 994; 696 994; 695 993
