0; 272 0; 272 1; 271 2; 270 2; 269 3; 264 3; 260 7; 259 7; 257 9; 255 9; 253 11; 253 14; 258 19; 259 19; 262 22; 262 23; 263 24; 264 24; 266 26; 267 26; 271 30; 272 30; 274 32; 275 32; 280 37; 281 37; 285 41; 288 41; 288 40; 289 39; 289 32; 290 31; 290 25; 291 24; 291 21; 292 20; 292 19; 294 17; 294 13; 293 12; 293 8; 294 7; 294 4; 295 3; 295 0
1; 679 0; 679 4; 680 5; 680 6; 681 7; 681 8; 688 15; 690 15; 691 16; 693 16; 694 17; 696 17; 698 19; 698 21; 695 24; 695 29; 697 31; 698 31; 699 32; 700 32; 702 34; 705 34; 705 31; 707 29; 707 28; 708 27; 709 27; 711 25; 713 25; 717 21; 717 20; 722 15; 722 13; 720 11; 717 11; 716 10; 714 10; 713 9; 711 9; 706 4; 702 4; 701 3; 699 3; 698 2; 698 1; 697 0
2; 879 0; 879 2; 880 3; 880 4; 881 5; 881 6; 883 8; 883 10; 884 11; 884 12; 885 13; 885 15; 886 16; 886 18; 887 19; 887 20; 888 21; 888 22; 889 23; 889 27; 890 28; 890 30; 893 33; 893 34; 895 36; 895 38; 896 39; 896 40; 897 41; 897 43; 898 44; 898 46; 899 47; 899 48; 900 49; 900 51; 901 52; 904 52; 904 51; 905 50; 905 49; 908 46; 908 45; 911 42; 911 41; 912 40; 912 39; 913 38; 913 37; 915 35; 915 34; 917 32; 917 31; 918 30; 918 29; 919 28; 919 27; 921 25; 921 24; 924 21; 924 20; 925 19; 925 18; 928 15; 928 14; 929 13; 929 10; 918 10; 917 9; 909 9; 908 8; 900 8; 899 9; 891 9; 890 8; 889 8; 887 6; 887 0
3; 819 4; 819 10; 820 11; 820 36; 821 37; 821 52; 823 54; 825 54; 827 52; 827 51; 830 48; 831 48; 833 46; 834 46; 836 44; 837 44; 838 43; 839 43; 840 42; 841 42; 845 38; 845 37; 847 35; 848 35; 852 31; 853 31; 858 26; 859 26; 861 24; 861 21; 860 21; 859 20; 857 20; 856 19; 855 19; 854 18; 853 18; 852 17; 850 17; 849 16; 848 16; 847 15; 845 15; 844 14; 843 14; 842 13; 841 13; 840 12; 838 12; 837 11; 836 11; 835 10; 833 10; 832 9; 831 9; 830 8; 829 8; 827 6; 826 6; 825 5; 824 5; 823 4
4; 431 0; 431 4; 430 5; 430 6; 429 7; 429 8; 428 9; 428 12; 429 13; 429 29; 428 30; 428 33; 427 34; 427 37; 430 37; 431 36; 432 36; 433 35; 434 35; 435 34; 438 34; 439 33; 440 33; 442 31; 443 31; 445 29; 446 29; 447 28; 448 28; 449 27; 450 27; 451 26; 453 26; 454 25; 455 25; 456 24; 457 24; 458 23; 459 23; 460 22; 461 22; 463 20; 464 20; 465 19; 467 19; 468 18; 470 18; 471 17; 471 15; 465 9; 464 9; 463 8; 462 8; 461 7; 460 7; 458 5; 457 5; 454 2; 454 0
5; 1014 22; 1013 23; 1012 23; 1010 25; 1009 25; 1008 26; 1006 26; 1005 27; 1003 27; 1002 28; 997 28; 996 27; 993 27; 992 28; 992 30; 1002 40; 1002 41; 1003 42; 1003 43; 1004 44; 1004 46; 1005 47; 1005 48; 1006 49; 1008 49; 1009 50; 1010 50; 1015 55; 1015 56; 1020 61; 1020 62; 1022 64; 1023 64; 1023 50; 1019 50; 1018 49; 1017 49; 1016 48; 1016 47; 1011 42; 1010 42; 1009 41; 1009 40; 1006 37; 1006 36; 1005 35; 1005 34; 1007 32; 1008 32; 1009 31; 1010 31; 1011 30; 1012 30; 1013 29; 1015 29; 1016 28; 1019 28; 1020 27; 1023 27; 1023 22
6; 28 11; 27 12; 27 16; 26 17; 26 19; 25 20; 25 22; 24 23; 24 25; 23 26; 23 27; 22 28; 22 29; 20 31; 18 31; 16 29; 13 29; 13 31; 15 33; 16 33; 18 35; 18 41; 17 42; 17 45; 16 46; 16 47; 15 48; 15 50; 13 52; 13 53; 11 55; 11 56; 9 58; 9 61; 16 61; 17 60; 19 60; 20 59; 22 59; 23 58; 26 58; 27 57; 30 57; 31 56; 33 56; 34 55; 38 55; 39 54; 47 54; 48 53; 53 53; 54 52; 57 52; 58 51; 58 47; 51 40; 51 39; 49 37; 49 36; 46 33; 46 32; 45 31; 45 30; 43 28; 43 27; 42 26; 42 25; 40 23; 40 22; 39 21; 39 20; 38 19; 38 17; 32 11
7; 185 18; 184 19; 183 19; 182 20; 182 23; 183 24; 183 25; 184 26; 184 28; 182 30; 182 31; 177 36; 176 36; 173 39; 172 39; 171 40; 170 40; 169 41; 166 41; 165 42; 164 42; 164 45; 168 49; 169 49; 170 50; 171 50; 173 52; 174 52; 176 54; 177 54; 178 55; 179 55; 181 57; 182 57; 184 59; 185 59; 186 60; 187 60; 189 62; 190 62; 191 63; 192 63; 193 64; 194 64; 196 66; 197 66; 199 68; 200 68; 201 69; 202 69; 203 70; 205 70; 205 67; 203 65; 203 62; 202 61; 202 50; 203 49; 203 47; 205 45; 205 40; 204 39; 204 38; 203 37; 203 19; 200 19; 199 20; 198 20; 194 24; 191 24; 190 23; 190 21; 189 20; 189 19; 188 19; 187 18
8; 733 23; 733 27; 732 28; 732 35; 731 36; 731 39; 730 40; 730 41; 729 42; 729 43; 728 44; 728 45; 727 46; 727 48; 728 49; 728 58; 727 59; 727 63; 726 64; 726 66; 725 67; 725 69; 724 70; 724 73; 725 74; 727 74; 728 73; 729 73; 730 72; 732 72; 733 71; 734 71; 735 70; 737 70; 738 69; 740 69; 741 70; 746 70; 748 68; 748 67; 749 66; 749 65; 750 64; 751 64; 752 63; 753 63; 754 62; 756 62; 757 61; 758 61; 759 60; 760 60; 761 59; 762 59; 763 58; 764 58; 765 57; 767 57; 768 56; 769 56; 770 55; 770 53; 767 50; 766 50; 765 49; 765 48; 759 42; 758 42; 756 40; 755 40; 752 37; 751 37; 737 23
9; 396 29; 395 30; 394 30; 392 32; 390 32; 389 33; 388 33; 387 34; 386 34; 385 35; 384 35; 383 36; 382 36; 381 37; 380 37; 379 38; 373 38; 372 39; 371 39; 369 41; 368 41; 365 44; 364 44; 362 46; 357 46; 354 43; 350 43; 348 45; 348 48; 347 49; 349 51; 350 51; 351 50; 352 50; 353 51; 356 51; 357 52; 358 52; 360 54; 361 54; 365 58; 366 58; 369 61; 370 61; 372 63; 372 64; 379 71; 380 71; 382 73; 383 73; 387 77; 388 77; 389 78; 393 78; 393 63; 394 62; 394 58; 395 57; 395 55; 396 54; 396 46; 397 45; 397 42; 398 41; 398 40; 399 39; 399 38; 400 37; 400 32; 399 31; 399 29
10; 630 41; 630 42; 629 43; 629 50; 628 51; 628 54; 627 55; 627 57; 626 58; 626 59; 622 63; 622 73; 621 74; 621 81; 620 82; 620 88; 619 89; 619 92; 620 93; 625 93; 630 88; 632 88; 633 87; 637 87; 638 86; 640 86; 641 85; 642 85; 643 84; 645 84; 646 83; 647 83; 648 82; 649 82; 650 81; 652 81; 653 80; 655 80; 656 79; 658 79; 659 78; 663 78; 665 76; 665 74; 662 71; 661 71; 652 62; 652 60; 651 59; 651 58; 648 55; 647 55; 646 54; 645 54; 640 49; 639 49; 637 47; 637 46; 635 44; 635 43; 634 42; 633 42; 632 41
11; 346 50; 344 52; 343 52; 341 54; 340 54; 338 56; 338 57; 336 59; 335 59; 331 63; 330 63; 329 64; 326 64; 325 65; 324 65; 323 66; 323 67; 318 72; 317 72; 313 76; 312 76; 311 77; 309 77; 308 78; 308 80; 310 82; 311 82; 312 83; 313 83; 317 87; 321 87; 325 91; 326 91; 327 92; 332 92; 334 94; 335 94; 336 95; 337 95; 338 96; 339 96; 340 97; 341 97; 345 101; 346 101; 347 102; 349 102; 349 75; 348 74; 348 69; 347 68; 347 58; 348 57; 348 51; 347 50
12; 911 56; 909 58; 908 58; 906 60; 905 60; 904 61; 902 61; 900 63; 899 63; 898 64; 897 64; 896 65; 895 65; 887 73; 886 73; 885 74; 884 74; 883 75; 882 75; 880 77; 878 77; 877 78; 873 78; 872 79; 872 81; 875 84; 876 84; 881 89; 884 89; 885 90; 888 90; 890 92; 891 92; 896 97; 897 97; 898 98; 901 98; 902 97; 903 97; 904 96; 905 96; 907 94; 908 94; 910 96; 910 97; 912 99; 912 100; 913 101; 914 101; 915 100; 915 97; 914 96; 914 91; 915 90; 915 88; 918 85; 918 82; 916 80; 916 79; 915 78; 915 72; 916 71; 916 68; 915 67; 915 65; 914 64; 914 62; 915 61; 915 56
13; 608 73; 607 74; 606 74; 600 80; 599 80; 596 83; 595 83; 592 86; 591 86; 588 89; 587 89; 586 90; 584 90; 583 89; 583 85; 582 84; 582 83; 577 83; 577 88; 579 90; 580 90; 581 91; 576 96; 575 96; 574 97; 574 99; 579 99; 580 100; 582 100; 583 101; 584 101; 585 102; 585 103; 587 105; 587 106; 589 108; 592 108; 592 104; 591 103; 590 103; 589 102; 589 98; 591 96; 592 96; 594 94; 595 94; 600 89; 603 89; 605 91; 605 94; 606 95; 606 99; 605 100; 605 115; 606 116; 609 116; 610 115; 610 109; 611 108; 611 104; 612 103; 612 94; 611 93; 611 90; 610 89; 610 86; 609 85; 609 83; 608 82; 608 80; 609 79; 609 78; 610 77; 610 73
14; 818 58; 817 59; 817 69; 816 70; 816 74; 815 75; 815 76; 814 77; 814 79; 813 80; 813 84; 814 85; 814 92; 813 93; 813 94; 812 95; 812 109; 816 109; 818 107; 819 107; 821 105; 822 105; 823 104; 824 104; 825 103; 826 103; 827 102; 828 102; 829 101; 831 101; 832 100; 833 100; 834 99; 835 99; 836 98; 837 98; 838 97; 839 97; 840 96; 841 96; 842 95; 843 95; 845 93; 846 93; 847 92; 848 92; 849 91; 850 91; 851 90; 853 90; 855 88; 855 86; 853 84; 852 84; 851 83; 850 83; 847 80; 846 80; 840 74; 839 74; 837 72; 836 72; 833 69; 832 69; 831 68; 830 68; 827 65; 826 65; 825 64; 825 63; 820 58
15; 526 61; 525 62; 525 67; 524 68; 524 73; 523 74; 523 81; 522 82; 522 89; 521 90; 521 93; 520 94; 520 98; 519 99; 519 107; 518 108; 518 113; 519 113; 521 115; 522 115; 524 113; 524 111; 528 107; 529 107; 530 106; 531 106; 532 105; 534 105; 535 104; 540 104; 541 103; 542 103; 545 100; 546 100; 547 99; 548 99; 549 98; 551 98; 552 97; 553 97; 554 96; 560 96; 561 95; 562 95; 563 94; 563 90; 562 89; 561 89; 560 88; 558 88; 557 87; 556 87; 551 82; 550 82; 548 80; 548 79; 545 76; 544 76; 540 72; 539 72; 528 61
16; 155 93; 152 96; 151 96; 150 97; 147 97; 146 98; 145 98; 144 99; 139 99; 138 100; 138 101; 137 102; 137 103; 134 106; 132 106; 131 107; 129 107; 127 109; 126 109; 123 112; 121 112; 120 113; 119 113; 119 117; 120 118; 121 118; 124 121; 125 121; 127 123; 128 123; 130 125; 131 125; 141 135; 142 135; 147 140; 148 140; 151 143; 155 143; 155 138; 156 137; 156 122; 157 121; 157 119; 158 118; 158 100; 159 99; 159 93
17; 388 90; 385 93; 385 94; 379 100; 378 100; 373 105; 372 105; 363 114; 362 114; 360 116; 360 117; 357 120; 356 120; 355 121; 355 124; 356 125; 357 125; 360 128; 360 132; 364 132; 366 130; 370 130; 371 131; 372 131; 375 134; 381 134; 382 135; 385 135; 386 136; 387 136; 388 137; 389 137; 390 138; 391 138; 392 139; 393 139; 394 140; 396 140; 397 139; 397 137; 396 136; 396 133; 395 132; 395 125; 394 124; 394 109; 393 108; 393 98; 392 97; 392 92; 391 91; 391 90
18; 916 100; 914 102; 921 109; 921 110; 922 111; 922 112; 923 113; 923 115; 924 116; 924 121; 925 122; 925 123; 926 124; 926 125; 927 126; 927 127; 928 128; 928 129; 929 130; 929 131; 930 132; 930 133; 931 134; 931 135; 932 136; 932 137; 933 138; 933 139; 934 140; 934 143; 935 144; 935 145; 934 146; 934 148; 935 149; 937 149; 940 146; 940 145; 942 143; 942 142; 947 137; 947 136; 949 134; 949 133; 954 128; 954 127; 955 126; 955 124; 956 123; 956 122; 960 118; 960 117; 962 115; 962 114; 964 112; 965 112; 967 110; 967 108; 966 107; 959 107; 958 106; 949 106; 948 105; 947 105; 946 104; 933 104; 932 103; 922 103; 921 102; 919 102; 918 101; 917 101
19; 499 93; 493 99; 492 99; 491 100; 490 100; 489 101; 488 101; 487 102; 486 102; 484 104; 484 105; 480 109; 479 109; 476 112; 475 112; 473 114; 472 114; 471 115; 470 115; 469 116; 468 116; 467 117; 466 117; 465 118; 464 118; 462 120; 462 122; 464 124; 467 124; 468 125; 470 125; 472 127; 473 127; 475 129; 476 129; 478 131; 479 131; 481 133; 482 133; 483 134; 484 134; 485 135; 486 135; 487 136; 488 136; 489 137; 490 137; 491 138; 492 138; 493 139; 494 139; 496 141; 497 141; 503 147; 504 147; 504 145; 506 143; 506 142; 504 140; 504 137; 503 136; 503 134; 504 133; 504 122; 505 121; 505 113; 504 112; 504 94; 503 93
20; 876 99; 875 100; 875 106; 876 107; 876 116; 877 117; 877 118; 876 119; 876 126; 877 127; 877 129; 878 130; 878 136; 879 137; 879 146; 880 147; 880 150; 883 150; 885 148; 885 147; 890 142; 891 142; 894 139; 895 139; 896 138; 897 138; 898 137; 899 137; 903 133; 908 133; 909 132; 909 131; 910 130; 910 127; 914 123; 918 123; 919 124; 921 124; 922 123; 922 121; 921 121; 920 120; 919 120; 918 119; 917 119; 916 118; 914 118; 913 117; 912 117; 911 116; 910 116; 908 114; 906 114; 905 113; 904 113; 902 111; 901 111; 900 110; 899 110; 898 109; 897 109; 896 108; 895 108; 894 107; 893 107; 892 106; 891 106; 890 105; 889 105; 888 104; 886 104; 885 103; 884 103; 883 102; 882 102; 880 100; 879 100; 878 99
21; 211 101; 211 102; 210 103; 210 104; 209 105; 209 106; 204 111; 204 112; 199 117; 194 117; 192 119; 192 126; 191 127; 191 128; 190 129; 190 130; 189 131; 189 132; 184 137; 184 140; 186 140; 187 141; 194 141; 195 142; 197 142; 198 143; 200 143; 202 145; 203 145; 204 146; 207 146; 208 145; 210 145; 211 146; 219 146; 220 147; 222 147; 223 148; 227 148; 227 145; 226 144; 226 143; 225 142; 225 140; 224 139; 224 135; 223 134; 223 131; 222 130; 222 126; 221 125; 221 123; 220 122; 220 121; 219 120; 219 118; 218 117; 218 114; 217 113; 217 111; 216 110; 216 108; 215 107; 215 102; 214 101
22; 544 112; 544 113; 542 115; 541 115; 540 116; 535 116; 534 117; 530 117; 529 116; 528 116; 527 115; 526 115; 525 114; 524 114; 522 116; 522 117; 523 118; 523 120; 524 121; 524 122; 525 123; 525 124; 526 125; 526 127; 527 128; 527 129; 528 130; 528 131; 529 132; 529 133; 531 135; 531 136; 532 137; 532 138; 534 140; 534 141; 535 142; 535 143; 536 144; 536 145; 538 147; 538 148; 539 149; 539 150; 540 151; 540 152; 541 153; 541 154; 542 155; 542 157; 543 158; 543 159; 545 161; 547 161; 548 160; 548 158; 549 157; 549 156; 550 155; 550 154; 551 153; 551 152; 552 151; 552 149; 553 148; 553 147; 555 145; 555 144; 556 143; 556 142; 558 140; 559 140; 560 139; 561 139; 563 137; 563 134; 562 133; 562 132; 563 131; 563 129; 564 128; 564 126; 565 125; 565 124; 568 121; 568 120; 569 119; 569 114; 568 113; 565 113; 564 114; 562 114; 561 115; 550 115; 549 114; 548 114; 546 112
23; 583 120; 583 125; 584 126; 584 134; 585 135; 585 146; 584 147; 584 161; 583 162; 583 170; 584 171; 587 171; 588 170; 589 170; 592 167; 593 167; 597 163; 598 163; 599 162; 600 162; 601 161; 602 161; 603 160; 604 161; 610 161; 611 160; 611 159; 612 158; 612 155; 615 152; 616 152; 618 150; 619 150; 620 149; 622 149; 623 148; 625 148; 626 147; 626 144; 625 143; 624 143; 623 142; 622 142; 620 140; 619 140; 617 138; 616 138; 615 137; 614 137; 610 133; 610 132; 608 130; 606 130; 605 129; 603 129; 602 128; 601 128; 597 124; 597 123; 596 122; 590 122; 589 121; 588 121; 587 120
24; 677 119; 676 120; 676 121; 675 122; 675 123; 673 125; 673 126; 670 129; 670 130; 667 133; 667 134; 664 137; 664 139; 663 140; 663 141; 658 146; 658 147; 656 149; 656 158; 655 159; 655 162; 656 163; 659 163; 660 162; 663 162; 665 164; 666 164; 667 165; 674 165; 675 166; 682 166; 683 165; 685 165; 686 166; 687 166; 688 167; 689 167; 690 168; 693 168; 694 167; 695 167; 696 166; 697 166; 698 165; 698 162; 696 160; 696 159; 695 158; 695 156; 694 155; 694 153; 693 152; 693 150; 692 149; 692 148; 691 147; 691 141; 690 140; 689 140; 688 139; 688 138; 686 136; 686 134; 685 133; 685 131; 684 130; 684 129; 683 128; 683 127; 682 126; 682 124; 681 123; 681 120; 680 119
25; 712 133; 711 134; 711 137; 712 138; 712 141; 713 142; 713 149; 714 150; 714 157; 715 158; 715 170; 716 171; 716 173; 717 174; 717 176; 718 177; 718 186; 721 186; 723 184; 723 183; 724 182; 724 181; 729 176; 730 176; 735 171; 736 171; 739 168; 740 168; 744 164; 744 163; 749 158; 750 158; 753 155; 754 155; 756 153; 756 151; 754 149; 749 149; 748 148; 746 148; 745 147; 744 147; 743 146; 742 146; 741 145; 740 145; 738 143; 738 142; 737 141; 730 141; 729 140; 727 140; 726 139; 725 139; 724 138; 722 138; 721 137; 720 137; 719 136; 718 136; 716 134; 715 134; 714 133
26; 278 143; 275 146; 272 146; 271 147; 260 147; 259 148; 259 150; 260 151; 260 152; 262 154; 262 155; 264 157; 264 158; 266 160; 266 161; 267 162; 267 164; 268 165; 268 169; 269 170; 269 171; 270 172; 271 172; 274 175; 274 176; 275 177; 275 178; 276 179; 276 181; 277 182; 277 183; 278 184; 278 186; 279 187; 279 189; 280 190; 282 190; 282 189; 283 188; 283 187; 285 185; 285 184; 287 182; 287 181; 288 180; 288 176; 289 175; 289 174; 290 173; 290 172; 293 169; 293 168; 294 167; 294 166; 296 164; 296 163; 298 161; 298 159; 299 158; 299 157; 300 156; 300 155; 301 154; 301 152; 302 151; 302 150; 303 149; 303 148; 304 147; 304 145; 303 144; 300 144; 299 145; 296 145; 295 146; 286 146; 284 144; 283 144; 282 143
27; 519 129; 517 131; 517 133; 516 134; 516 136; 515 137; 515 138; 514 139; 514 140; 511 143; 510 143; 509 144; 508 144; 507 143; 505 145; 505 148; 506 149; 506 154; 505 155; 505 156; 504 157; 504 159; 503 160; 503 161; 502 162; 502 163; 501 164; 501 165; 500 166; 500 167; 499 168; 499 169; 496 172; 496 173; 494 175; 494 176; 495 177; 496 176; 505 176; 508 179; 511 179; 515 175; 522 175; 523 176; 526 176; 527 177; 529 177; 530 176; 531 176; 532 175; 533 175; 534 174; 541 174; 542 173; 542 170; 540 168; 540 167; 539 166; 539 163; 538 162; 538 161; 537 160; 537 159; 533 155; 533 154; 532 153; 532 152; 531 151; 531 149; 530 148; 530 147; 528 145; 528 144; 527 143; 527 142; 526 141; 526 140; 524 138; 524 137; 523 136; 523 135; 522 134; 522 131; 521 130; 521 129
28; 312 143; 311 144; 311 150; 310 151; 310 154; 309 155; 309 158; 308 159; 308 160; 306 162; 306 163; 304 165; 304 173; 303 174; 303 177; 302 178; 302 183; 301 184; 301 186; 300 187; 300 188; 299 189; 299 192; 303 192; 304 191; 306 191; 307 190; 309 190; 310 189; 311 189; 312 188; 314 188; 315 187; 317 187; 318 186; 320 186; 321 185; 323 185; 324 184; 326 184; 327 183; 328 183; 329 182; 331 182; 332 181; 335 181; 336 180; 338 180; 339 179; 341 179; 342 178; 343 178; 343 175; 342 174; 341 174; 339 172; 338 172; 337 171; 337 170; 336 170; 332 166; 332 165; 329 162; 329 161; 328 160; 328 159; 327 158; 327 157; 316 146; 316 145; 314 143
29; 26 208; 28 203; 59 169; 59 166; 50 165; 38 158; 19 155; 14 150; 17 145; 17 136; 14 136; 11 142; 10 154; 14 161; 15 175; 20 185; 20 192; 24 206
30; 894 151; 890 155; 889 155; 887 157; 886 157; 885 158; 884 158; 882 160; 882 161; 880 163; 878 163; 877 164; 873 164; 872 165; 872 166; 871 167; 871 168; 868 171; 867 171; 865 173; 864 173; 861 176; 860 176; 858 178; 858 181; 859 181; 861 183; 862 183; 863 184; 864 184; 865 185; 866 185; 867 186; 868 186; 869 187; 870 187; 871 188; 872 188; 877 193; 879 193; 880 194; 883 194; 884 195; 885 195; 886 196; 887 196; 888 197; 889 197; 890 198; 891 198; 894 201; 895 201; 897 203; 898 203; 900 201; 899 200; 899 198; 898 197; 898 187; 897 186; 897 176; 898 175; 898 152; 897 151
31; 228 169; 228 171; 227 172; 227 173; 226 174; 222 174; 221 175; 221 179; 227 179; 228 178; 229 178; 231 180; 231 183; 232 184; 232 192; 231 193; 231 198; 232 199; 232 200; 233 201; 233 202; 234 203; 234 214; 235 215; 235 217; 238 217; 239 216; 239 215; 242 212; 243 212; 250 205; 251 205; 252 204; 253 204; 254 203; 254 202; 255 201; 255 200; 265 190; 267 190; 268 189; 270 189; 271 188; 271 185; 269 183; 266 183; 265 182; 263 182; 262 181; 261 181; 260 180; 259 180; 258 179; 257 179; 256 178; 255 178; 254 177; 252 177; 251 176; 248 176; 247 175; 246 175; 245 174; 244 174; 243 173; 242 173; 241 172; 240 172; 239 171; 237 171; 236 170; 234 170; 233 169
32; 467 173; 466 174; 459 174; 458 175; 452 175; 451 174; 446 174; 446 177; 447 178; 447 179; 448 180; 448 182; 449 183; 449 185; 450 186; 450 188; 451 189; 451 192; 452 193; 452 196; 456 200; 456 201; 457 202; 457 203; 458 204; 458 205; 459 206; 459 207; 460 208; 460 209; 461 210; 461 211; 462 212; 462 213; 463 214; 463 218; 464 219; 466 219; 468 217; 468 216; 469 215; 469 214; 471 212; 471 211; 473 209; 473 208; 474 207; 474 206; 476 204; 476 203; 478 201; 478 200; 479 199; 479 198; 481 196; 481 195; 482 194; 482 193; 484 191; 484 190; 486 188; 486 187; 488 185; 488 184; 490 182; 490 181; 494 177; 493 176; 493 175; 492 176; 475 176; 474 175; 472 175; 470 173
33; 435 173; 433 175; 433 176; 432 177; 432 178; 425 185; 424 185; 423 184; 423 183; 422 182; 422 181; 421 180; 418 180; 417 181; 417 184; 419 186; 421 186; 422 187; 422 188; 421 189; 421 190; 419 192; 419 193; 418 194; 418 195; 416 197; 416 198; 414 200; 414 201; 410 205; 410 206; 406 210; 406 213; 407 214; 416 214; 417 215; 421 215; 422 216; 426 216; 427 217; 428 217; 430 219; 431 219; 432 220; 435 220; 436 219; 440 219; 441 220; 448 220; 449 221; 451 221; 451 218; 450 217; 450 216; 448 214; 448 212; 447 211; 447 207; 446 206; 446 204; 445 203; 445 196; 444 195; 444 194; 443 193; 443 192; 442 191; 442 190; 441 189; 441 188; 440 187; 440 185; 439 184; 439 183; 438 182; 438 175; 437 174; 437 173
34; 384 171; 384 172; 383 173; 383 176; 384 177; 383 178; 383 179; 379 183; 378 183; 377 184; 373 184; 372 185; 371 185; 369 187; 369 188; 364 193; 363 193; 361 195; 360 195; 359 196; 358 196; 357 197; 356 197; 355 198; 354 198; 352 200; 351 200; 350 201; 350 204; 351 205; 353 205; 354 206; 356 206; 357 207; 358 207; 363 212; 364 212; 366 214; 367 214; 368 215; 369 215; 370 216; 371 216; 372 217; 373 217; 374 218; 375 218; 378 221; 379 221; 380 222; 381 222; 383 224; 384 224; 386 226; 386 227; 387 228; 387 229; 388 230; 389 230; 389 229; 390 228; 390 223; 389 222; 389 220; 388 219; 388 213; 389 212; 389 210; 390 209; 390 205; 391 204; 391 203; 392 202; 392 200; 390 198; 390 191; 391 190; 391 186; 390 185; 390 183; 389 182; 389 174; 388 173; 388 171
35; 527 181; 526 182; 526 183; 525 184; 525 185; 524 186; 524 187; 523 188; 523 198; 522 199; 522 205; 519 208; 519 219; 518 220; 518 226; 517 227; 517 229; 518 230; 522 230; 524 228; 526 228; 527 227; 528 227; 529 226; 530 226; 531 225; 538 225; 539 224; 540 224; 542 222; 543 222; 544 221; 545 221; 546 220; 547 220; 548 219; 549 219; 550 218; 551 218; 552 217; 554 217; 555 216; 563 216; 563 214; 553 204; 553 203; 552 202; 552 201; 547 196; 546 196; 543 193; 542 193; 535 186; 534 186; 530 182; 530 181
36; 727 189; 727 190; 726 191; 726 193; 727 194; 727 202; 726 203; 726 212; 724 214; 724 220; 725 221; 725 228; 726 229; 726 236; 725 237; 725 244; 726 245; 728 245; 728 243; 729 242; 729 241; 730 240; 730 239; 735 234; 736 234; 738 232; 739 232; 742 229; 744 229; 745 228; 749 228; 752 225; 753 225; 754 224; 755 224; 756 223; 758 223; 761 220; 762 220; 764 218; 765 218; 766 217; 766 214; 765 213; 764 213; 756 205; 755 205; 754 204; 753 204; 749 200; 749 199; 748 198; 744 198; 743 197; 742 197; 741 196; 740 196; 738 194; 737 194; 735 192; 734 192; 731 189
37; 816 188; 816 189; 815 190; 815 191; 814 192; 814 193; 813 194; 813 195; 810 198; 810 199; 808 201; 808 202; 800 210; 800 212; 799 213; 799 214; 798 215; 798 216; 796 218; 796 219; 795 220; 795 221; 794 222; 794 223; 791 226; 791 227; 790 228; 790 230; 791 231; 807 231; 808 232; 822 232; 823 233; 830 233; 831 234; 832 234; 833 235; 836 235; 836 232; 835 231; 835 227; 834 226; 834 220; 835 219; 836 219; 837 218; 837 216; 835 216; 834 217; 833 217; 829 213; 829 212; 827 210; 827 208; 826 207; 826 204; 825 203; 825 201; 824 200; 824 199; 823 198; 823 197; 822 196; 822 194; 821 193; 821 191; 820 190; 820 189; 819 188
38; 285 204; 284 205; 283 205; 282 206; 281 206; 280 207; 279 207; 278 208; 276 208; 275 209; 273 209; 272 210; 271 210; 270 211; 264 211; 263 212; 261 212; 258 215; 257 215; 256 216; 255 216; 254 217; 253 217; 252 218; 251 218; 250 219; 248 219; 245 222; 245 224; 247 224; 248 225; 249 225; 257 233; 257 234; 258 235; 258 237; 259 238; 260 238; 264 242; 265 242; 266 243; 267 243; 269 245; 270 245; 274 249; 274 250; 275 251; 276 251; 277 252; 279 252; 279 251; 280 250; 280 242; 281 241; 281 237; 282 236; 282 228; 283 227; 283 225; 284 224; 284 222; 285 221; 285 219; 286 218; 286 211; 287 210; 287 208; 288 207; 288 204
39; 874 198; 873 199; 873 201; 869 205; 869 206; 863 212; 863 213; 859 217; 859 218; 856 221; 856 222; 850 228; 850 229; 847 232; 846 232; 842 236; 842 238; 843 239; 849 239; 850 240; 851 240; 852 241; 855 241; 856 242; 859 242; 860 243; 862 243; 863 244; 864 244; 865 245; 874 245; 875 246; 877 246; 878 247; 882 247; 883 248; 887 248; 888 247; 888 240; 887 239; 887 238; 886 237; 886 236; 885 235; 885 234; 884 233; 884 232; 883 231; 883 230; 882 229; 882 221; 881 220; 881 219; 880 218; 880 217; 881 216; 881 213; 879 211; 879 210; 878 209; 878 207; 879 206; 879 205; 880 204; 880 201; 879 200; 878 200; 876 198
40; 900 202; 899 203; 899 205; 900 206; 900 216; 899 217; 899 223; 898 224; 898 239; 897 240; 897 247; 896 248; 896 254; 897 255; 899 255; 900 254; 901 254; 903 252; 904 252; 906 250; 907 250; 908 249; 909 249; 910 248; 912 248; 913 249; 914 249; 915 250; 917 250; 917 246; 918 245; 918 243; 920 241; 921 241; 922 240; 923 240; 925 238; 926 238; 927 237; 928 237; 929 236; 930 236; 932 234; 934 234; 935 233; 936 233; 939 230; 939 228; 934 228; 933 227; 932 227; 929 224; 928 224; 926 222; 925 222; 922 219; 921 219; 918 216; 917 216; 914 213; 913 213; 912 212; 911 212; 907 208; 907 207; 906 206; 906 205; 905 204; 904 204; 903 203; 902 203; 901 202
41; 564 216; 564 219; 565 220; 565 222; 566 223; 566 226; 567 227; 567 235; 568 236; 568 240; 567 241; 567 246; 568 247; 568 249; 569 250; 569 267; 570 268; 572 268; 577 263; 578 263; 589 252; 589 251; 596 244; 596 243; 605 234; 605 232; 604 231; 595 231; 594 230; 593 230; 592 229; 591 229; 590 228; 589 228; 587 226; 586 226; 585 225; 584 225; 583 224; 582 224; 580 222; 580 217; 578 217; 576 219; 571 219; 569 217; 567 217; 566 216
42; 557 224; 556 225; 555 225; 553 227; 552 227; 551 228; 549 228; 548 229; 545 229; 544 230; 542 230; 541 231; 538 231; 537 232; 532 232; 527 237; 526 237; 524 239; 523 239; 522 240; 518 240; 517 241; 516 241; 516 244; 518 246; 519 246; 526 253; 526 255; 529 258; 530 258; 531 259; 532 259; 534 261; 535 261; 538 264; 538 265; 539 266; 539 267; 540 268; 540 269; 542 271; 543 271; 544 272; 546 272; 549 275; 552 275; 552 269; 553 268; 553 265; 554 264; 554 262; 555 261; 555 260; 556 259; 556 257; 557 256; 557 254; 558 253; 558 252; 559 251; 559 245; 558 244; 558 243; 557 242; 557 238; 558 237; 558 234; 559 233; 559 229; 560 228; 560 224
43; 178 225; 175 228; 174 228; 171 231; 170 231; 166 235; 165 235; 162 238; 161 238; 158 241; 157 241; 153 245; 152 245; 149 248; 148 248; 147 249; 146 249; 145 250; 144 250; 144 253; 145 254; 146 254; 147 255; 149 255; 150 256; 151 256; 152 257; 153 257; 154 258; 155 258; 157 260; 158 260; 162 264; 162 265; 163 266; 164 266; 166 268; 168 268; 169 269; 171 269; 172 270; 174 270; 175 271; 177 271; 178 272; 179 272; 181 274; 184 274; 185 273; 185 272; 186 271; 186 269; 185 268; 185 267; 183 265; 183 262; 182 261; 182 254; 183 253; 183 247; 182 246; 182 240; 181 239; 181 225
44; 302 221; 302 222; 301 223; 301 224; 300 225; 300 226; 299 227; 299 228; 298 229; 298 230; 297 231; 297 232; 296 233; 296 234; 293 237; 293 238; 292 239; 292 240; 291 241; 291 243; 290 244; 290 245; 289 246; 289 247; 288 248; 288 249; 286 251; 286 252; 285 253; 285 254; 284 255; 284 257; 283 258; 283 259; 282 260; 282 261; 281 262; 281 264; 282 265; 286 265; 287 266; 291 266; 292 265; 294 265; 295 264; 303 264; 304 265; 306 265; 307 264; 311 264; 312 263; 325 263; 325 259; 323 257; 323 256; 322 255; 322 254; 321 253; 321 252; 319 250; 319 249; 318 248; 318 247; 317 246; 317 241; 318 240; 318 238; 317 237; 316 237; 315 236; 314 236; 310 232; 310 231; 309 230; 309 229; 308 228; 308 227; 307 226; 307 225; 306 224; 306 223; 304 221
45; 386 230; 386 231; 383 234; 382 234; 381 235; 379 235; 378 236; 375 236; 374 237; 372 237; 371 238; 370 238; 369 239; 368 239; 367 240; 366 240; 365 241; 362 241; 361 242; 359 242; 358 243; 357 243; 356 244; 355 244; 353 246; 352 246; 350 248; 349 248; 348 249; 346 249; 345 250; 345 252; 346 252; 347 253; 348 253; 352 257; 353 257; 361 265; 361 266; 362 267; 362 269; 364 271; 366 271; 367 272; 368 272; 369 273; 370 273; 374 277; 375 277; 376 278; 376 279; 377 280; 381 280; 381 279; 382 278; 382 272; 383 271; 383 258; 384 257; 384 256; 385 255; 385 254; 386 253; 386 250; 385 249; 385 244; 386 243; 386 239; 387 238; 387 236; 388 235; 388 233; 389 232; 389 231; 388 231; 387 230
46; 834 236; 834 239; 833 240; 820 240; 819 241; 814 241; 813 242; 799 242; 798 241; 794 241; 793 242; 793 244; 794 245; 794 247; 795 248; 795 249; 797 251; 798 251; 801 254; 801 255; 802 256; 802 257; 803 258; 803 259; 805 261; 805 262; 808 265; 808 266; 810 268; 810 269; 814 273; 815 273; 816 274; 816 275; 819 278; 823 278; 824 277; 825 277; 825 276; 829 272; 830 272; 830 269; 828 267; 828 266; 827 265; 827 262; 829 260; 829 259; 831 257; 831 256; 832 255; 832 254; 834 252; 834 251; 835 250; 835 249; 837 247; 837 246; 838 245; 838 244; 840 242; 840 241; 841 240; 842 240; 842 239; 841 238; 841 237; 838 237; 837 236
47; 132 247; 131 248; 126 248; 125 249; 121 249; 120 250; 116 250; 115 251; 112 251; 111 252; 108 252; 107 253; 105 253; 104 254; 103 254; 102 255; 101 255; 100 256; 98 256; 97 257; 96 257; 95 258; 92 258; 91 259; 89 259; 89 262; 90 263; 91 263; 93 265; 94 265; 97 268; 97 269; 99 271; 99 272; 101 274; 101 275; 102 276; 102 278; 104 280; 106 280; 107 281; 108 281; 110 283; 110 284; 112 286; 112 287; 119 294; 121 294; 122 293; 122 290; 123 289; 123 286; 124 285; 124 281; 125 280; 125 278; 128 275; 129 275; 129 274; 130 273; 130 271; 129 270; 129 261; 130 260; 130 257; 131 256; 131 255; 135 251; 135 250; 136 249; 136 247
48; 260 247; 254 253; 254 254; 251 257; 250 257; 248 259; 247 259; 246 260; 246 261; 244 263; 244 264; 240 268; 240 269; 230 279; 230 281; 231 282; 235 282; 236 283; 238 283; 239 284; 240 284; 241 285; 242 285; 243 286; 244 286; 245 287; 246 287; 247 288; 250 288; 251 289; 254 289; 255 290; 258 290; 259 291; 261 291; 262 292; 265 292; 266 293; 268 293; 269 294; 273 294; 274 293; 274 288; 272 286; 272 284; 271 283; 271 278; 270 277; 270 268; 269 267; 269 266; 267 264; 267 263; 266 262; 266 260; 265 259; 265 258; 266 257; 266 253; 265 252; 265 251; 263 249; 263 247
49; 508 244; 507 245; 507 246; 506 247; 506 249; 505 250; 505 253; 504 254; 504 257; 503 258; 503 260; 502 261; 502 262; 498 266; 498 269; 499 270; 499 271; 500 272; 500 273; 499 274; 499 276; 498 277; 498 280; 497 281; 497 284; 496 285; 496 288; 495 289; 495 291; 494 292; 494 294; 495 295; 500 295; 501 294; 502 294; 503 293; 504 293; 505 292; 507 292; 508 291; 511 291; 512 290; 515 290; 516 289; 517 289; 518 288; 519 288; 520 287; 522 287; 523 286; 524 286; 525 285; 528 285; 529 284; 532 284; 533 283; 535 283; 536 282; 538 282; 540 280; 540 277; 538 275; 537 275; 526 264; 526 263; 524 261; 524 260; 523 260; 521 258; 520 258; 512 250; 512 249; 511 248; 511 246; 510 245; 510 244
50; 428 250; 426 252; 425 252; 425 253; 424 254; 423 254; 420 257; 419 257; 416 260; 415 260; 414 261; 412 261; 411 262; 409 262; 408 263; 407 263; 400 270; 399 270; 396 273; 395 273; 394 274; 393 274; 392 275; 391 275; 391 279; 392 279; 393 280; 394 280; 397 283; 397 284; 403 284; 405 286; 406 286; 407 287; 408 287; 410 289; 411 289; 412 290; 413 290; 416 293; 416 295; 415 296; 415 298; 417 298; 418 299; 421 299; 423 297; 424 297; 425 298; 426 298; 429 301; 431 301; 431 293; 432 292; 432 279; 433 278; 433 277; 434 276; 434 273; 433 272; 433 270; 432 269; 432 266; 434 264; 436 264; 436 261; 434 261; 432 259; 432 258; 431 257; 431 254; 432 253; 432 250
51; 345 282; 344 283; 344 285; 345 286; 345 288; 346 289; 346 295; 347 296; 347 305; 346 306; 346 309; 347 310; 347 311; 348 312; 348 313; 349 314; 349 319; 350 320; 350 322; 351 323; 351 325; 350 326; 350 328; 351 329; 351 330; 353 330; 356 327; 356 326; 359 323; 360 323; 362 321; 363 321; 365 319; 366 319; 367 318; 368 318; 371 315; 371 314; 376 309; 377 309; 384 302; 385 302; 387 300; 388 300; 388 297; 387 296; 384 296; 383 295; 381 295; 380 294; 378 294; 377 293; 376 293; 375 292; 372 292; 371 291; 369 291; 368 290; 367 290; 366 289; 365 289; 364 288; 362 288; 361 287; 360 287; 359 286; 357 286; 356 285; 354 285; 353 284; 351 284; 350 283; 349 283; 348 282
52; 0 282; 0 336; 2 336; 3 335; 4 335; 12 327; 13 327; 16 324; 17 324; 18 323; 19 323; 20 322; 21 322; 22 321; 24 321; 32 313; 33 313; 35 311; 36 311; 37 310; 38 310; 39 309; 39 308; 40 307; 40 305; 39 304; 38 304; 37 303; 35 303; 34 302; 33 302; 29 298; 28 298; 27 297; 25 297; 21 293; 21 292; 19 290; 15 290; 14 289; 13 289; 12 288; 10 288; 8 286; 7 286; 5 284; 4 284; 2 282
53; 334 287; 333 288; 332 288; 330 290; 328 290; 327 291; 325 291; 324 292; 323 292; 322 293; 320 293; 319 294; 315 294; 314 295; 313 295; 312 296; 311 296; 310 297; 308 297; 307 298; 305 298; 304 299; 303 299; 302 300; 300 300; 299 301; 293 301; 292 302; 292 304; 306 318; 306 319; 307 320; 307 322; 309 324; 310 324; 312 326; 313 326; 317 330; 317 331; 318 332; 318 333; 319 334; 319 344; 320 344; 321 345; 322 345; 323 344; 323 341; 324 340; 324 333; 325 332; 325 330; 326 329; 326 327; 327 326; 327 324; 328 323; 328 320; 329 319; 329 318; 331 316; 331 315; 332 314; 332 308; 333 307; 333 305; 334 304; 334 295; 335 294; 335 292; 336 291; 336 287
54; 816 285; 815 286; 815 289; 814 290; 814 296; 813 297; 813 303; 812 304; 812 308; 811 309; 811 311; 810 312; 810 314; 809 315; 809 318; 808 319; 808 326; 807 327; 807 329; 806 330; 806 334; 807 335; 808 335; 809 336; 811 336; 812 335; 813 335; 815 333; 816 333; 817 332; 818 332; 819 331; 821 331; 822 330; 829 330; 829 329; 833 325; 834 325; 835 324; 840 324; 845 319; 846 319; 847 318; 850 318; 851 317; 852 317; 852 314; 851 313; 850 313; 848 311; 847 311; 835 299; 834 299; 824 289; 823 289; 819 285
55; 396 287; 395 288; 395 289; 394 290; 394 292; 393 293; 393 294; 390 297; 389 297; 389 300; 390 300; 391 301; 391 302; 392 303; 392 307; 391 308; 391 312; 390 313; 390 327; 389 328; 389 330; 388 331; 388 332; 387 333; 387 336; 388 337; 391 337; 394 334; 395 334; 396 333; 397 333; 398 332; 399 332; 400 331; 401 331; 402 330; 403 330; 404 329; 405 329; 406 328; 411 328; 416 323; 417 323; 418 322; 419 322; 420 321; 421 321; 422 320; 423 320; 424 319; 426 319; 427 318; 430 318; 431 317; 431 315; 430 314; 429 314; 427 312; 426 312; 418 304; 418 303; 420 301; 420 300; 418 300; 417 299; 415 299; 414 298; 413 299; 411 299; 410 298; 409 298; 407 296; 406 296; 398 288; 398 287
56; 978 312; 977 313; 977 316; 978 317; 978 318; 979 319; 979 321; 980 322; 980 325; 979 326; 979 331; 980 332; 980 334; 981 335; 981 336; 982 337; 982 338; 983 339; 983 341; 984 342; 984 344; 985 345; 985 348; 986 349; 986 351; 987 352; 987 354; 988 355; 988 360; 991 360; 991 359; 992 358; 992 357; 999 350; 999 349; 1002 346; 1003 346; 1005 344; 1007 344; 1008 343; 1008 342; 1009 341; 1009 339; 1011 337; 1011 336; 1017 330; 1017 329; 1018 328; 1018 326; 1017 325; 1016 325; 1015 324; 1013 324; 1012 323; 1009 323; 1008 322; 1004 322; 1003 321; 1002 321; 999 318; 996 318; 995 319; 994 319; 993 318; 991 318; 990 317; 987 317; 986 316; 985 316; 981 312
57; 213 340; 207 345; 207 348; 221 351; 225 354; 235 354; 251 358; 247 345; 248 338; 246 335
58; 246 335; 244 320; 252 313; 252 310; 238 309; 234 307; 227 310; 212 310; 213 319; 213 340
59; 94 339; 93 340; 92 340; 91 341; 86 341; 85 342; 81 342; 80 343; 77 343; 76 342; 72 342; 70 344; 69 344; 68 345; 67 345; 66 346; 65 346; 64 347; 62 347; 61 348; 60 348; 59 349; 54 349; 53 350; 52 350; 51 351; 51 353; 61 363; 61 364; 62 365; 62 366; 63 367; 63 368; 64 369; 64 370; 65 371; 66 371; 68 373; 69 373; 72 376; 72 377; 76 381; 76 382; 78 384; 78 385; 80 387; 83 387; 83 386; 84 385; 84 376; 85 375; 85 373; 86 372; 86 371; 87 370; 87 369; 88 368; 88 367; 91 364; 93 364; 95 362; 95 360; 93 358; 93 353; 94 352; 94 350; 95 349; 95 348; 96 347; 96 346; 97 345; 97 340; 96 339
60; 875 331; 871 335; 870 335; 866 339; 866 340; 865 341; 864 341; 862 343; 861 343; 858 346; 858 347; 857 348; 857 349; 848 358; 847 358; 845 360; 844 360; 842 362; 842 365; 844 367; 845 367; 846 368; 849 368; 850 369; 852 369; 853 370; 856 370; 857 371; 861 371; 862 372; 865 372; 866 373; 868 373; 869 374; 870 374; 871 375; 873 375; 874 376; 875 376; 876 377; 878 377; 879 378; 880 378; 881 379; 885 379; 886 378; 886 375; 885 374; 885 369; 884 368; 884 365; 883 364; 883 362; 882 361; 882 346; 881 345; 881 344; 880 343; 880 340; 881 339; 881 335; 880 334; 880 333; 879 332; 879 331
61; 607 348; 605 350; 604 350; 602 352; 601 352; 599 354; 598 354; 597 355; 596 355; 595 356; 594 356; 592 358; 591 358; 590 359; 589 359; 588 360; 588 363; 591 366; 592 366; 593 367; 595 367; 596 368; 598 368; 600 370; 601 370; 604 373; 604 374; 605 375; 611 375; 612 376; 613 376; 614 377; 615 377; 617 379; 618 379; 619 380; 620 380; 622 382; 623 382; 626 385; 629 385; 630 384; 630 382; 629 381; 629 366; 630 365; 630 363; 631 362; 631 354; 628 351; 619 351; 618 350; 617 350; 616 349; 614 349; 613 348
62; 800 334; 798 336; 798 338; 797 339; 797 341; 796 342; 796 343; 794 345; 794 346; 791 349; 791 350; 787 354; 787 355; 786 356; 786 357; 785 358; 785 361; 784 362; 784 364; 782 366; 782 368; 780 370; 780 371; 777 374; 777 375; 776 376; 776 378; 777 379; 786 379; 787 380; 791 380; 792 379; 795 379; 796 380; 801 380; 802 379; 815 379; 816 380; 818 380; 819 379; 822 379; 823 378; 823 374; 821 372; 821 371; 819 369; 819 368; 818 367; 818 366; 817 365; 817 364; 816 363; 816 362; 815 361; 815 360; 813 358; 813 357; 811 355; 811 353; 810 352; 810 351; 809 350; 809 349; 808 348; 808 347; 807 346; 807 345; 806 344; 806 342; 805 341; 805 336; 803 334
63; 128 340; 127 341; 126 341; 125 342; 125 343; 124 344; 124 345; 115 354; 114 354; 112 356; 112 357; 108 361; 107 361; 98 370; 97 370; 95 372; 94 372; 94 375; 95 375; 96 376; 98 376; 99 377; 102 377; 103 378; 104 378; 105 379; 106 379; 107 380; 108 380; 109 381; 111 381; 112 382; 114 382; 115 383; 117 383; 118 384; 119 384; 120 385; 122 385; 123 386; 124 386; 125 387; 126 387; 127 388; 128 388; 129 389; 131 389; 132 390; 136 390; 137 389; 137 384; 136 383; 136 381; 135 380; 135 378; 134 377; 134 363; 133 362; 133 361; 132 360; 132 359; 131 358; 131 354; 130 353; 130 348; 131 347; 131 341; 130 340
64; 319 345; 319 346; 315 350; 314 350; 313 351; 312 351; 311 352; 310 352; 309 353; 308 353; 307 354; 304 354; 303 355; 301 355; 300 356; 297 356; 296 357; 295 357; 294 358; 293 358; 292 359; 290 359; 289 360; 288 360; 287 361; 286 361; 285 362; 283 362; 281 364; 281 366; 282 367; 283 367; 291 375; 292 375; 293 376; 293 377; 295 379; 295 380; 296 381; 297 381; 298 382; 299 382; 300 383; 301 383; 308 390; 309 390; 311 392; 311 393; 313 395; 315 395; 316 394; 316 392; 317 391; 317 388; 318 387; 318 386; 319 385; 319 370; 320 369; 320 366; 321 365; 321 358; 322 357; 322 346; 321 346; 320 345
65; 42 344; 38 348; 37 348; 37 349; 32 354; 31 354; 26 359; 22 359; 20 357; 18 357; 17 358; 17 361; 18 362; 18 363; 15 366; 14 366; 14 367; 13 368; 13 369; 7 375; 7 377; 4 380; 3 380; 2 381; 0 381; 0 387; 1 387; 2 388; 6 388; 8 386; 8 381; 9 380; 13 380; 14 381; 16 381; 17 382; 18 382; 19 383; 20 383; 21 384; 23 384; 25 386; 26 386; 29 389; 36 389; 37 390; 39 390; 41 392; 42 392; 44 394; 45 394; 46 395; 47 395; 48 396; 50 396; 52 394; 53 394; 53 393; 50 390; 50 388; 49 387; 49 376; 48 375; 48 365; 47 364; 47 348; 46 347; 46 344
66; 730 357; 730 358; 729 359; 729 361; 728 362; 728 364; 727 365; 727 367; 726 368; 726 369; 725 370; 725 372; 724 373; 724 374; 723 375; 723 376; 720 379; 720 380; 719 381; 719 383; 718 384; 718 385; 717 386; 717 388; 716 389; 716 391; 715 392; 715 393; 714 394; 714 395; 712 397; 712 398; 711 399; 711 402; 712 402; 713 403; 716 403; 717 402; 718 402; 719 401; 731 401; 732 402; 737 402; 738 401; 739 401; 740 400; 745 400; 746 401; 756 401; 757 402; 758 402; 760 400; 759 399; 759 391; 757 389; 756 389; 749 382; 749 381; 748 380; 748 379; 747 378; 747 377; 745 375; 745 374; 744 373; 744 372; 742 370; 742 369; 741 368; 741 367; 738 364; 738 363; 736 361; 736 360; 733 357
67; 571 373; 571 378; 570 379; 570 384; 569 385; 569 390; 568 391; 568 393; 567 394; 567 395; 566 396; 566 401; 567 402; 567 406; 566 407; 566 412; 565 413; 565 416; 564 417; 564 420; 565 421; 569 421; 570 420; 571 420; 572 419; 573 419; 574 418; 577 418; 578 417; 584 417; 585 416; 587 416; 588 415; 589 415; 595 409; 597 409; 599 407; 600 407; 601 406; 603 406; 604 405; 607 405; 609 403; 609 400; 608 399; 607 399; 605 397; 604 397; 601 394; 600 394; 593 387; 592 387; 590 385; 589 385; 584 380; 583 380; 581 378; 580 378; 576 374; 575 374; 574 373
68; 771 384; 770 385; 770 386; 769 387; 769 389; 768 390; 768 392; 767 393; 767 394; 766 395; 766 396; 765 397; 765 398; 762 401; 760 401; 759 402; 759 404; 760 405; 760 408; 759 409; 759 411; 758 412; 758 414; 757 415; 757 416; 756 417; 756 418; 755 419; 755 421; 754 422; 754 423; 753 424; 753 426; 752 427; 752 430; 753 431; 755 431; 756 430; 758 430; 759 429; 766 429; 767 428; 774 428; 775 427; 798 427; 799 426; 799 423; 798 422; 798 421; 796 419; 796 418; 795 417; 795 416; 794 415; 794 414; 790 410; 790 409; 788 407; 788 405; 787 404; 787 402; 786 401; 786 399; 785 398; 785 397; 784 397; 781 394; 780 394; 779 393; 779 392; 778 391; 778 390; 777 389; 777 388; 776 387; 776 386; 774 384
69; 52 395; 50 397; 49 397; 50 398; 50 401; 51 402; 51 413; 50 414; 50 418; 49 419; 49 421; 51 423; 51 424; 52 425; 52 433; 53 434; 53 441; 52 442; 52 444; 53 445; 57 445; 58 444; 65 444; 65 439; 68 436; 69 436; 75 430; 76 430; 77 429; 78 429; 86 421; 87 421; 88 420; 91 420; 91 419; 92 418; 92 417; 89 414; 89 413; 88 412; 88 411; 86 409; 81 409; 78 406; 71 406; 70 405; 69 405; 68 404; 67 404; 66 403; 65 403; 64 402; 63 402; 62 401; 61 401; 60 400; 59 400; 54 395
70; 97 400; 97 407; 96 408; 96 414; 95 415; 95 416; 94 417; 93 417; 93 418; 92 419; 92 420; 93 421; 93 422; 94 423; 94 436; 93 437; 93 440; 92 441; 92 443; 91 444; 91 449; 95 449; 96 448; 97 448; 98 447; 101 447; 102 446; 103 446; 104 445; 105 445; 106 444; 107 444; 108 443; 110 443; 111 442; 112 442; 113 441; 114 441; 117 438; 118 438; 120 436; 121 436; 122 435; 123 435; 125 433; 128 433; 129 432; 132 432; 133 431; 133 429; 131 427; 130 427; 129 426; 128 426; 120 418; 120 417; 119 416; 119 415; 118 414; 116 414; 114 412; 113 412; 109 408; 109 407; 108 406; 107 406; 106 405; 105 405; 101 401; 100 401; 99 400
71; 505 400; 504 401; 504 405; 503 406; 503 408; 502 409; 502 410; 501 411; 501 412; 500 413; 500 414; 499 415; 499 416; 497 418; 496 418; 496 419; 495 420; 495 422; 496 423; 496 427; 495 428; 495 430; 494 431; 494 434; 493 435; 493 438; 492 439; 492 440; 491 441; 491 442; 490 443; 490 446; 497 446; 498 445; 500 445; 501 444; 504 444; 505 443; 510 443; 511 444; 513 444; 516 441; 517 441; 518 440; 520 440; 521 439; 524 439; 525 438; 528 438; 529 437; 535 437; 536 436; 536 433; 533 430; 533 429; 530 426; 530 425; 525 420; 525 419; 524 419; 521 416; 521 415; 519 413; 519 412; 511 404; 511 403; 510 402; 510 401; 509 400
72; 288 411; 286 413; 286 415; 285 416; 285 423; 284 424; 284 425; 283 426; 283 430; 284 431; 284 437; 283 438; 283 440; 282 441; 282 443; 283 444; 283 447; 282 448; 282 459; 281 460; 281 465; 284 465; 287 462; 288 462; 291 459; 292 459; 293 458; 295 458; 296 457; 297 457; 298 456; 299 456; 300 455; 301 455; 302 454; 304 454; 305 453; 306 453; 307 452; 308 452; 310 450; 311 450; 312 449; 313 449; 315 447; 316 447; 317 446; 318 446; 319 445; 321 445; 322 444; 322 441; 317 436; 314 436; 313 435; 312 435; 311 434; 310 434; 307 431; 307 430; 306 429; 306 428; 304 426; 303 426; 302 425; 300 425; 299 424; 298 424; 297 423; 296 423; 291 418; 291 417; 292 416; 292 413; 291 412; 291 411
73; 351 423; 350 424; 350 429; 351 430; 351 432; 352 433; 352 436; 353 437; 353 447; 354 448; 354 451; 355 452; 355 455; 356 456; 356 465; 357 466; 357 469; 358 470; 358 471; 361 471; 368 464; 368 463; 374 457; 376 457; 383 450; 384 450; 386 448; 386 447; 391 442; 392 442; 393 441; 393 438; 392 437; 390 437; 389 436; 385 436; 384 435; 382 435; 381 434; 380 434; 379 433; 378 433; 377 432; 375 432; 374 431; 373 431; 372 430; 371 430; 370 429; 369 429; 368 428; 365 428; 364 427; 361 427; 360 426; 358 426; 357 425; 356 425; 355 424; 354 424; 353 423
74; 1009 428; 1008 429; 997 429; 996 430; 995 430; 994 429; 990 429; 989 430; 987 430; 986 431; 980 431; 979 432; 970 432; 969 433; 969 435; 971 437; 971 438; 972 439; 972 440; 974 442; 974 443; 975 444; 975 445; 977 447; 977 448; 980 451; 980 452; 982 454; 982 455; 984 457; 984 458; 986 460; 986 461; 988 463; 988 464; 990 466; 990 467; 992 469; 992 470; 994 472; 997 472; 998 471; 998 468; 997 467; 997 465; 998 464; 998 462; 999 461; 999 460; 1001 458; 1001 457; 1006 452; 1006 450; 1007 449; 1007 444; 1008 443; 1008 441; 1009 440; 1009 438; 1010 437; 1010 434; 1011 433; 1011 432; 1012 431; 1012 428
75; 178 418; 177 419; 177 420; 175 422; 175 423; 173 425; 173 426; 170 429; 170 430; 163 437; 163 438; 162 439; 162 440; 160 442; 160 443; 152 451; 146 451; 146 454; 150 454; 151 455; 153 455; 154 456; 156 456; 157 457; 158 457; 159 458; 160 458; 161 459; 173 459; 174 460; 176 460; 177 461; 182 461; 183 462; 186 462; 187 463; 189 463; 190 464; 193 464; 193 460; 192 459; 192 457; 191 456; 191 452; 190 451; 190 448; 189 447; 189 445; 188 444; 188 442; 187 441; 187 440; 186 439; 186 438; 185 437; 185 436; 184 435; 184 432; 183 431; 183 429; 182 428; 182 424; 181 423; 181 420; 180 419; 180 418
76; 556 419; 555 420; 555 421; 554 422; 554 423; 553 424; 553 425; 552 426; 552 427; 550 429; 550 430; 545 435; 544 435; 544 436; 543 437; 543 440; 542 441; 542 442; 539 445; 539 446; 538 447; 538 448; 537 449; 537 450; 535 452; 535 453; 532 456; 532 457; 531 458; 531 461; 532 462; 545 462; 546 463; 567 463; 568 464; 577 464; 578 463; 578 460; 574 456; 574 455; 573 454; 573 453; 572 452; 572 451; 571 450; 571 448; 570 447; 570 446; 569 445; 569 441; 570 440; 570 439; 574 435; 574 432; 572 432; 569 435; 567 435; 563 431; 563 429; 562 428; 562 425; 561 424; 561 423; 560 422; 560 421; 558 419
77; 797 431; 796 432; 792 432; 791 433; 790 433; 789 432; 784 432; 783 433; 782 433; 781 434; 778 434; 777 435; 762 435; 761 436; 760 436; 758 438; 758 440; 761 443; 762 443; 763 444; 763 445; 765 447; 765 448; 767 450; 767 451; 774 458; 774 459; 777 462; 777 464; 778 465; 778 466; 780 468; 780 469; 782 471; 782 473; 783 474; 783 475; 785 477; 787 477; 788 476; 788 475; 789 474; 789 473; 790 472; 790 471; 791 470; 791 469; 792 468; 792 467; 793 466; 793 465; 794 464; 794 463; 796 461; 797 461; 798 460; 799 460; 800 459; 800 455; 799 454; 799 450; 800 449; 800 448; 801 447; 801 446; 802 445; 802 444; 803 443; 803 441; 804 440; 804 439; 805 438; 805 437; 808 434; 808 432; 807 432; 806 431
78; 341 440; 340 441; 340 442; 339 443; 339 444; 329 454; 328 454; 324 458; 324 459; 322 461; 322 462; 313 471; 312 471; 311 472; 311 476; 317 476; 318 477; 321 477; 322 478; 324 478; 325 479; 328 479; 329 480; 331 480; 332 481; 334 481; 335 482; 338 482; 339 483; 341 483; 342 484; 345 484; 346 485; 347 485; 348 486; 350 486; 352 488; 356 488; 356 487; 357 486; 357 484; 356 483; 356 481; 354 479; 354 478; 353 477; 353 475; 352 474; 352 471; 351 470; 351 463; 350 462; 350 461; 349 460; 349 459; 348 458; 348 457; 347 456; 347 452; 346 451; 346 442; 345 441; 345 440
79; 615 446; 614 447; 614 448; 612 450; 612 451; 607 456; 604 456; 603 457; 601 457; 600 458; 600 464; 598 466; 598 467; 592 473; 591 473; 590 474; 587 474; 584 477; 584 480; 586 482; 588 482; 589 483; 591 483; 592 484; 593 484; 594 485; 595 485; 596 486; 599 486; 600 487; 605 487; 606 488; 609 488; 610 489; 613 489; 614 490; 616 490; 617 491; 618 491; 619 492; 620 492; 621 493; 623 493; 626 490; 627 490; 628 489; 630 489; 632 487; 632 483; 631 482; 631 479; 630 478; 630 473; 631 472; 631 470; 630 470; 627 467; 627 466; 625 464; 625 462; 624 461; 624 459; 623 458; 623 456; 622 455; 622 453; 621 452; 621 450; 620 449; 620 447; 619 446
80; 81 457; 81 458; 80 459; 80 465; 79 466; 79 476; 78 477; 78 483; 77 484; 77 496; 76 497; 76 499; 75 500; 75 502; 74 503; 74 505; 75 506; 77 506; 78 505; 79 505; 80 504; 81 504; 83 502; 84 502; 85 501; 86 501; 87 500; 88 500; 89 499; 91 499; 92 498; 94 498; 95 497; 96 497; 97 496; 98 496; 99 495; 100 495; 101 494; 102 494; 103 493; 104 493; 106 491; 107 491; 108 490; 109 490; 110 489; 111 489; 112 488; 113 488; 114 487; 115 487; 116 486; 117 486; 117 482; 116 482; 115 481; 114 481; 111 478; 110 478; 105 473; 104 473; 103 472; 103 471; 102 470; 102 469; 101 468; 100 468; 99 467; 97 467; 96 466; 95 466; 92 463; 91 463; 90 462; 89 462; 84 457
81; 682 476; 677 481; 676 481; 670 487; 668 487; 667 488; 666 488; 664 490; 664 491; 662 493; 662 506; 663 507; 663 518; 664 517; 666 517; 667 518; 668 518; 669 519; 671 519; 672 520; 676 520; 677 521; 679 521; 680 522; 683 522; 684 523; 686 523; 687 524; 688 524; 689 525; 693 525; 694 524; 694 522; 693 521; 693 518; 692 517; 692 513; 691 512; 691 508; 690 507; 690 504; 691 503; 691 496; 690 495; 690 494; 688 492; 688 490; 687 489; 687 485; 686 484; 686 477; 685 476
82; 627 516; 626 522; 630 520; 635 521; 642 520; 645 522; 651 523; 656 530; 660 530; 662 521; 661 494; 658 497; 655 495
83; 655 495; 655 489; 653 486; 654 476; 649 475; 636 488; 633 487; 623 494; 624 496; 623 499; 615 508; 615 511; 627 516
84; 902 501; 901 502; 898 502; 897 503; 882 503; 881 504; 881 507; 882 508; 882 509; 883 510; 883 512; 884 513; 884 514; 885 515; 886 515; 887 516; 887 517; 889 519; 889 520; 890 521; 890 522; 891 523; 891 524; 893 526; 893 527; 894 528; 894 529; 896 531; 896 532; 897 533; 897 534; 898 535; 898 536; 901 539; 901 540; 902 541; 902 542; 903 543; 903 544; 904 545; 906 545; 907 544; 907 542; 908 541; 908 540; 909 539; 909 538; 911 536; 911 535; 913 533; 913 532; 914 531; 914 530; 915 529; 915 528; 918 525; 919 525; 921 523; 921 521; 922 520; 922 516; 923 515; 923 513; 925 511; 925 510; 926 509; 926 508; 928 506; 928 502; 924 502; 923 503; 911 503; 910 502; 908 502; 907 501
85; 814 495; 810 499; 809 499; 805 503; 804 503; 802 505; 796 505; 791 510; 790 510; 789 511; 788 511; 785 514; 785 515; 784 516; 783 516; 780 519; 779 519; 778 520; 777 520; 776 521; 776 524; 777 525; 778 525; 779 526; 781 526; 782 527; 784 527; 786 529; 787 529; 789 531; 790 531; 793 534; 794 534; 795 535; 796 535; 797 536; 798 536; 799 537; 800 537; 801 538; 802 538; 803 539; 804 539; 805 540; 807 540; 809 542; 810 542; 811 543; 812 543; 814 545; 818 545; 818 527; 819 526; 819 523; 820 522; 820 519; 819 518; 819 516; 818 515; 818 511; 819 510; 819 508; 820 507; 820 503; 819 502; 819 498; 818 497; 818 496; 817 495
86; 978 527; 978 528; 977 529; 977 530; 975 532; 975 534; 978 537; 978 538; 979 539; 979 546; 980 547; 980 548; 982 548; 983 547; 985 547; 985 540; 987 538; 990 538; 991 539; 993 539; 994 540; 996 540; 997 541; 999 541; 1000 542; 1001 542; 1002 543; 1003 543; 1004 544; 1011 544; 1013 546; 1013 547; 1015 549; 1016 549; 1018 547; 1018 545; 1017 545; 1015 543; 1015 542; 1014 541; 1014 540; 1012 538; 1009 538; 1006 535; 997 535; 996 534; 994 534; 993 533; 992 533; 991 532; 990 532; 989 531; 988 531; 987 530; 985 530; 983 528; 982 528; 981 527
87; 291 519; 290 520; 289 520; 288 521; 286 521; 285 522; 283 522; 282 523; 280 523; 279 524; 274 524; 273 525; 272 525; 271 526; 270 526; 268 528; 267 528; 266 529; 264 529; 263 530; 261 530; 260 531; 258 531; 257 532; 254 532; 253 533; 252 533; 251 534; 251 537; 252 537; 253 538; 254 538; 255 539; 256 539; 267 550; 267 551; 273 557; 274 557; 282 565; 285 565; 285 563; 286 562; 286 556; 287 555; 287 550; 288 549; 288 545; 289 544; 289 541; 290 540; 290 538; 291 537; 291 534; 292 533; 292 529; 293 528; 293 526; 294 525; 294 523; 295 522; 295 519
88; 853 513; 853 514; 852 515; 852 520; 850 522; 850 529; 849 530; 849 531; 846 534; 846 540; 845 541; 845 544; 844 545; 844 546; 843 547; 843 548; 842 549; 842 551; 841 552; 841 554; 840 555; 840 556; 839 557; 839 560; 840 561; 842 561; 843 560; 844 560; 845 559; 847 559; 848 558; 853 558; 854 557; 857 557; 858 556; 860 556; 861 555; 865 555; 866 554; 873 554; 874 553; 877 553; 878 552; 884 552; 885 551; 885 548; 880 543; 880 542; 877 539; 877 538; 873 534; 873 533; 872 532; 872 530; 869 527; 868 527; 865 524; 865 523; 858 516; 858 515; 857 514; 856 514; 855 513
89; 585 527; 584 528; 583 528; 579 532; 578 532; 577 533; 572 533; 569 536; 568 536; 566 538; 565 538; 564 539; 563 539; 561 541; 559 541; 558 542; 556 542; 555 543; 553 543; 552 544; 551 544; 550 545; 549 545; 548 546; 547 546; 546 547; 546 551; 552 551; 554 553; 555 553; 559 557; 559 559; 557 561; 556 561; 554 563; 554 566; 555 567; 559 567; 560 566; 560 564; 561 563; 561 562; 562 561; 563 561; 572 570; 573 570; 581 578; 581 580; 579 582; 579 585; 580 586; 583 586; 584 585; 584 584; 585 583; 585 581; 586 580; 586 578; 587 577; 587 561; 588 560; 588 559; 589 558; 589 554; 588 553; 588 551; 587 550; 587 539; 586 538; 587 537; 587 535; 588 534; 588 533; 589 532; 589 529; 587 527
90; 704 530; 703 531; 702 531; 701 532; 701 533; 697 537; 696 537; 695 538; 694 538; 692 540; 691 540; 690 541; 689 541; 688 542; 686 542; 682 546; 681 546; 679 548; 678 548; 677 549; 676 549; 673 552; 672 552; 671 553; 670 553; 669 554; 668 554; 667 555; 667 560; 668 561; 669 561; 670 562; 672 562; 674 564; 675 564; 677 566; 679 566; 680 567; 682 567; 683 568; 684 568; 685 569; 687 569; 688 570; 690 570; 691 571; 692 571; 693 572; 694 572; 696 574; 697 574; 698 575; 699 575; 701 577; 702 577; 704 579; 705 579; 707 581; 709 581; 710 580; 710 571; 709 570; 709 559; 711 557; 712 557; 714 555; 714 553; 713 553; 712 552; 711 552; 709 550; 709 547; 708 546; 708 532; 707 531; 707 530
91; 96 534; 95 535; 95 537; 96 538; 96 539; 97 540; 97 543; 98 544; 98 556; 97 557; 97 558; 96 559; 96 563; 99 566; 99 567; 100 568; 100 581; 103 584; 105 584; 108 581; 108 580; 113 575; 113 574; 116 571; 117 571; 119 569; 120 569; 121 568; 122 568; 122 567; 123 566; 123 565; 132 556; 133 556; 135 554; 136 554; 137 553; 137 550; 136 550; 135 549; 133 549; 132 548; 131 548; 130 547; 129 547; 128 546; 127 546; 126 545; 125 545; 124 544; 122 544; 121 543; 117 543; 116 542; 114 542; 113 541; 111 541; 110 540; 109 540; 107 538; 106 538; 105 537; 104 537; 103 536; 102 536; 101 535; 100 535; 99 534
92; 404 581; 400 586; 393 585; 396 595; 411 598; 413 590; 419 599; 409 621; 421 616; 426 602; 434 601; 434 598; 428 595; 429 586; 422 586; 415 580
93; 417 537; 409 535; 407 538; 404 581; 415 580; 422 577; 432 583; 442 582; 440 573; 445 558
94; 445 558; 453 547; 455 535; 459 526; 414 522; 413 528; 417 537
95; 368 552; 367 553; 367 554; 366 555; 366 557; 365 558; 365 559; 363 561; 363 563; 364 564; 364 565; 368 565; 369 564; 370 564; 372 566; 372 567; 373 568; 374 568; 375 569; 377 569; 378 570; 380 570; 381 569; 382 569; 383 568; 383 567; 384 566; 384 563; 383 562; 383 560; 382 559; 382 558; 379 555; 375 555; 372 552
96; 983 548; 982 549; 980 549; 980 558; 981 559; 981 576; 984 576; 986 574; 986 573; 990 569; 991 569; 993 567; 994 567; 997 564; 998 564; 999 563; 1000 563; 1002 561; 1002 560; 1004 558; 1005 558; 1008 555; 1009 555; 1011 553; 1012 553; 1014 551; 1014 549; 1013 548; 1012 548; 1011 549; 1009 549; 1008 550; 1005 550; 1004 551; 1003 551; 1001 553; 1000 553; 993 560; 992 560; 991 561; 989 561; 987 559; 987 557; 986 556; 986 550; 985 549; 985 548
97; 350 562; 349 563; 348 563; 347 564; 347 565; 345 567; 344 567; 343 568; 343 569; 342 570; 342 572; 341 573; 341 574; 338 577; 337 577; 336 578; 328 578; 327 579; 327 585; 330 585; 330 584; 332 582; 333 582; 335 580; 336 580; 337 581; 337 583; 339 583; 340 584; 343 584; 343 580; 346 577; 350 577; 351 578; 354 578; 354 574; 356 572; 356 569; 355 568; 355 562
98; 57 559; 57 560; 56 561; 56 562; 50 568; 49 568; 45 572; 44 572; 43 573; 42 573; 33 582; 32 582; 29 585; 28 585; 26 587; 25 587; 24 588; 24 592; 25 592; 26 593; 29 593; 30 594; 31 594; 32 595; 33 595; 34 596; 35 596; 36 597; 37 597; 39 599; 39 600; 40 601; 40 602; 44 602; 45 601; 48 601; 49 602; 51 602; 52 603; 53 603; 54 604; 55 604; 57 606; 58 606; 60 608; 61 608; 63 610; 66 610; 67 609; 68 609; 68 603; 67 602; 67 599; 66 598; 66 588; 65 587; 65 585; 66 584; 66 577; 65 576; 65 575; 64 574; 64 571; 63 570; 63 562; 62 561; 62 560; 61 559
99; 362 596; 361 597; 361 598; 359 600; 358 600; 358 603; 361 606; 361 607; 358 610; 358 611; 355 614; 355 615; 354 616; 354 619; 356 621; 357 621; 358 622; 360 622; 360 615; 363 612; 366 612; 367 613; 367 615; 366 616; 366 618; 365 619; 365 622; 366 623; 367 623; 368 624; 368 625; 369 626; 369 629; 372 629; 374 627; 375 627; 378 624; 378 623; 379 622; 379 621; 380 620; 380 618; 378 616; 376 616; 374 614; 373 614; 370 611; 371 610; 371 606; 368 603; 368 598; 366 596
100; 444 579; 444 580; 443 581; 443 583; 444 584; 444 588; 442 590; 442 591; 441 592; 441 595; 440 596; 440 600; 438 602; 438 607; 439 608; 439 609; 440 610; 440 614; 438 616; 437 616; 436 615; 435 615; 433 613; 433 612; 432 611; 428 611; 428 612; 427 613; 427 614; 426 615; 426 617; 428 619; 429 619; 431 621; 432 621; 435 624; 436 624; 437 625; 438 625; 439 626; 440 626; 441 627; 444 627; 445 628; 448 628; 448 611; 447 610; 447 602; 448 601; 448 597; 451 594; 452 594; 454 592; 454 588; 453 588; 452 587; 451 587; 448 584; 448 581; 446 579
101; 292 612; 291 613; 291 615; 292 616; 292 617; 294 619; 294 621; 295 622; 295 627; 296 628; 296 630; 297 631; 297 637; 300 640; 300 641; 301 642; 301 644; 302 645; 302 647; 303 648; 303 651; 304 652; 304 656; 305 657; 305 658; 309 658; 310 657; 310 656; 311 655; 311 654; 312 653; 312 652; 321 643; 321 642; 322 641; 322 640; 323 639; 323 638; 324 637; 324 636; 330 630; 330 629; 336 623; 336 621; 335 620; 332 620; 331 619; 323 619; 322 618; 318 618; 316 616; 315 616; 313 614; 311 614; 310 615; 308 615; 307 616; 306 616; 305 615; 302 615; 301 614; 300 614; 299 613; 298 613; 297 612
102; 908 614; 907 615; 907 619; 908 620; 908 622; 909 623; 909 626; 910 627; 910 630; 911 631; 911 639; 912 640; 912 642; 914 644; 914 645; 915 646; 915 649; 916 650; 916 656; 917 657; 917 660; 918 661; 921 661; 923 659; 923 658; 927 654; 927 653; 931 649; 932 649; 934 647; 935 647; 936 646; 936 645; 938 643; 938 642; 952 628; 952 626; 950 624; 938 624; 937 623; 934 623; 933 622; 931 622; 930 621; 929 621; 927 619; 926 619; 924 617; 922 617; 921 616; 917 616; 916 615; 911 615; 910 614
103; 180 615; 179 616; 176 616; 175 617; 172 617; 171 618; 167 618; 166 619; 164 619; 163 620; 157 620; 155 622; 154 622; 152 624; 150 624; 149 625; 147 625; 146 626; 144 626; 143 627; 140 627; 139 628; 137 628; 136 629; 133 629; 133 633; 134 634; 135 634; 148 647; 149 647; 150 648; 151 648; 155 652; 155 653; 158 656; 159 656; 161 658; 161 659; 163 661; 163 662; 166 662; 168 660; 168 658; 169 657; 169 656; 170 655; 170 651; 169 650; 169 647; 170 646; 170 644; 171 643; 171 642; 172 641; 172 640; 173 639; 173 637; 172 636; 173 635; 173 630; 174 629; 174 625; 175 624; 175 623; 176 622; 176 621; 177 620; 183 620; 184 619; 185 619; 185 616; 183 616; 182 615
104; 898 662; 898 663; 897 664; 897 665; 892 670; 891 670; 890 671; 889 671; 888 672; 883 672; 881 670; 881 669; 879 667; 877 667; 875 669; 875 671; 877 673; 878 673; 879 674; 880 674; 881 675; 881 676; 882 677; 882 680; 884 680; 887 677; 888 677; 890 675; 893 675; 895 677; 895 678; 896 679; 896 693; 897 694; 897 696; 898 697; 898 699; 899 700; 899 703; 902 703; 905 706; 907 706; 907 702; 906 701; 906 700; 905 699; 905 697; 904 696; 904 690; 903 689; 903 683; 904 682; 904 678; 903 677; 903 675; 902 674; 902 672; 901 671; 901 670; 902 669; 902 664; 901 663; 901 662
105; 139 653; 137 655; 137 656; 130 663; 129 663; 128 664; 127 664; 126 665; 125 665; 122 668; 122 670; 121 671; 121 672; 115 678; 114 678; 113 679; 113 680; 108 685; 108 689; 110 689; 111 690; 112 690; 114 692; 115 692; 116 693; 123 693; 124 694; 126 694; 127 695; 130 695; 131 696; 134 696; 135 697; 137 697; 138 698; 141 698; 142 699; 143 699; 144 700; 145 700; 147 702; 149 702; 150 701; 150 690; 149 689; 149 688; 148 687; 148 685; 147 684; 147 681; 148 680; 148 677; 147 676; 147 675; 146 674; 146 673; 145 672; 145 667; 144 666; 144 662; 143 661; 143 654; 142 653
106; 976 666; 976 669; 977 670; 977 671; 978 672; 978 673; 979 674; 979 676; 980 677; 980 678; 981 679; 981 681; 982 682; 982 684; 983 685; 983 687; 984 688; 984 690; 985 691; 985 693; 986 694; 986 700; 987 701; 987 702; 988 703; 988 704; 989 705; 989 706; 990 707; 990 708; 991 709; 991 711; 995 711; 996 710; 996 709; 999 706; 999 705; 1000 704; 1000 702; 1002 700; 1002 699; 1003 698; 1003 697; 1008 692; 1008 691; 1010 689; 1010 688; 1012 686; 1012 685; 1013 684; 1013 683; 1015 681; 1015 680; 1021 674; 1021 672; 1014 672; 1013 671; 1010 671; 1009 670; 1005 670; 1004 669; 1003 669; 1002 668; 987 668; 986 667; 982 667; 981 666
107; 294 653; 293 654; 292 654; 292 657; 291 658; 291 660; 290 661; 290 662; 286 666; 286 667; 285 668; 285 669; 283 671; 283 672; 278 677; 278 678; 274 682; 274 683; 271 686; 271 687; 268 690; 268 692; 269 693; 276 693; 277 694; 281 694; 282 695; 285 695; 286 696; 288 696; 289 697; 290 697; 292 699; 295 699; 296 700; 297 700; 299 702; 304 702; 305 701; 312 701; 312 698; 311 697; 311 696; 310 695; 310 692; 309 691; 309 688; 308 687; 308 685; 307 684; 307 682; 306 681; 306 678; 307 677; 307 674; 305 672; 305 667; 304 666; 304 665; 303 664; 303 663; 302 662; 302 661; 301 660; 301 657; 300 656; 300 654; 299 653
108; 961 663; 960 664; 958 664; 957 665; 955 665; 954 666; 953 666; 949 670; 948 670; 947 671; 946 671; 944 673; 943 673; 942 674; 940 674; 939 675; 938 675; 937 676; 936 676; 935 677; 934 677; 933 678; 931 678; 930 679; 929 679; 928 680; 927 680; 926 681; 925 681; 923 683; 922 683; 920 685; 919 685; 916 688; 916 690; 919 690; 920 689; 923 689; 924 690; 925 690; 926 691; 927 691; 929 693; 930 693; 933 696; 934 696; 938 700; 938 701; 939 702; 939 703; 940 704; 941 704; 942 705; 943 705; 944 706; 945 706; 947 708; 948 708; 949 709; 950 709; 954 713; 955 713; 956 712; 957 712; 957 711; 958 710; 958 703; 959 702; 959 692; 960 691; 960 690; 961 689; 961 688; 962 687; 962 684; 961 683; 961 681; 960 680; 960 674; 961 673; 961 671; 962 670; 962 668; 963 667; 963 663
109; 92 660; 91 661; 90 661; 89 662; 89 664; 88 665; 88 667; 86 669; 85 669; 84 670; 83 670; 82 671; 80 671; 79 672; 76 672; 75 673; 69 673; 68 674; 66 674; 65 675; 64 675; 63 676; 60 676; 59 677; 54 677; 53 678; 52 678; 51 677; 45 677; 45 679; 52 686; 52 687; 54 689; 54 690; 56 692; 56 693; 57 694; 57 695; 58 696; 58 697; 61 700; 62 700; 64 702; 64 703; 73 712; 73 713; 74 714; 74 715; 76 717; 80 717; 80 713; 81 712; 81 711; 85 707; 85 703; 86 702; 88 702; 88 700; 89 699; 89 696; 87 694; 87 689; 88 688; 88 686; 89 685; 89 682; 90 681; 90 677; 91 676; 91 673; 92 672; 92 670; 94 668; 95 668; 97 666; 97 665; 98 664; 98 662; 96 660
110; 408 672; 407 673; 407 675; 408 676; 412 676; 415 679; 415 680; 416 681; 416 683; 417 684; 417 685; 419 687; 421 687; 422 688; 424 688; 425 689; 426 689; 427 690; 428 690; 433 695; 433 696; 432 697; 432 698; 431 699; 430 699; 430 703; 431 704; 431 708; 433 706; 434 706; 435 705; 436 705; 437 704; 438 704; 440 702; 441 702; 443 700; 444 700; 445 699; 448 699; 449 698; 449 696; 448 695; 447 695; 445 693; 444 693; 443 692; 442 692; 440 690; 439 690; 431 682; 429 682; 428 681; 427 681; 426 680; 424 680; 422 678; 421 678; 416 673; 415 673; 414 672
111; 407 692; 407 712; 406 713; 406 720; 410 720; 413 717; 414 717; 415 716; 416 716; 417 715; 418 715; 419 714; 420 714; 421 713; 422 713; 423 712; 427 712; 430 709; 430 704; 429 703; 429 700; 428 701; 427 701; 425 703; 424 703; 423 704; 422 704; 421 705; 420 705; 419 706; 417 706; 415 704; 415 702; 414 701; 414 697; 409 692
112; 95 686; 94 687; 94 693; 93 694; 93 696; 92 697; 90 697; 90 699; 89 700; 89 702; 90 703; 89 704; 89 705; 87 707; 87 709; 88 710; 88 714; 87 715; 87 718; 86 719; 86 725; 85 726; 85 728; 84 729; 84 734; 88 734; 89 733; 90 733; 91 732; 93 732; 94 731; 96 731; 97 730; 98 730; 99 729; 101 729; 102 728; 104 728; 105 727; 107 727; 108 726; 109 726; 110 725; 112 725; 113 724; 115 724; 116 723; 117 723; 118 722; 120 722; 121 721; 123 721; 124 722; 127 722; 128 721; 130 721; 130 719; 129 718; 129 717; 128 716; 127 716; 126 715; 125 715; 124 714; 123 714; 119 710; 119 709; 114 704; 114 703; 113 702; 113 701; 114 700; 114 697; 108 697; 107 696; 106 696; 100 690; 100 689; 97 686
113; 921 713; 920 714; 920 716; 921 717; 921 718; 922 719; 922 720; 923 721; 923 722; 924 723; 924 725; 925 726; 925 729; 926 730; 926 732; 927 733; 927 735; 928 736; 928 739; 930 741; 930 742; 931 743; 931 744; 932 745; 932 747; 933 748; 933 749; 934 750; 934 752; 935 753; 935 754; 936 755; 936 758; 939 758; 941 756; 941 755; 944 752; 944 751; 946 749; 946 748; 948 746; 948 745; 951 742; 952 742; 954 740; 955 740; 955 739; 957 737; 957 735; 960 732; 960 731; 962 729; 962 727; 963 726; 963 725; 964 724; 964 723; 965 722; 965 719; 964 718; 961 718; 957 714; 957 713; 956 713; 955 714; 954 714; 954 715; 952 717; 948 717; 947 716; 946 716; 945 715; 940 715; 939 716; 937 716; 936 715; 929 715; 928 714; 926 714; 925 713
114; 882 706; 882 709; 881 710; 881 725; 880 726; 880 727; 877 730; 877 743; 876 744; 876 748; 875 749; 875 754; 878 754; 879 753; 880 753; 882 751; 883 751; 884 750; 886 750; 887 749; 889 749; 890 748; 891 748; 892 747; 896 747; 897 746; 899 746; 901 744; 902 744; 903 743; 904 743; 905 742; 907 742; 908 741; 909 741; 910 740; 912 740; 913 739; 916 739; 917 738; 919 738; 919 734; 918 733; 917 733; 915 731; 914 731; 912 729; 911 729; 907 725; 906 725; 901 720; 901 719; 895 713; 894 713; 893 712; 892 712; 886 706
115; 797 704; 797 709; 796 710; 796 713; 795 714; 795 715; 794 716; 794 717; 793 718; 793 719; 792 720; 792 721; 791 722; 791 723; 790 724; 790 725; 789 726; 789 727; 788 728; 788 729; 786 731; 786 732; 785 733; 785 735; 784 736; 784 737; 783 738; 783 740; 782 741; 782 742; 781 743; 781 744; 779 746; 779 750; 780 751; 789 751; 790 750; 795 750; 796 749; 801 749; 802 750; 804 750; 805 749; 808 749; 809 748; 813 748; 814 747; 816 747; 817 748; 818 748; 819 749; 819 750; 820 751; 822 751; 826 747; 826 744; 825 743; 825 742; 824 741; 824 740; 823 739; 823 738; 821 736; 821 735; 820 734; 820 733; 818 731; 818 729; 817 728; 817 726; 816 725; 816 724; 815 724; 810 719; 810 718; 805 713; 805 712; 803 710; 803 709; 802 708; 802 707; 801 706; 801 705; 800 705; 799 704
116; 184 720; 184 724; 185 725; 187 725; 191 729; 191 730; 192 731; 192 732; 193 733; 193 736; 194 737; 194 738; 196 740; 196 745; 197 746; 197 747; 198 748; 198 749; 200 751; 200 752; 202 754; 202 755; 203 756; 203 757; 204 758; 204 760; 205 761; 205 763; 207 763; 207 762; 209 760; 209 759; 211 757; 211 756; 213 754; 213 753; 220 746; 220 744; 221 743; 221 742; 225 738; 225 737; 227 735; 227 734; 229 732; 229 731; 230 730; 230 729; 233 726; 233 724; 232 723; 227 723; 226 722; 221 722; 220 721; 190 721; 189 720
117; 376 724; 376 727; 375 728; 375 731; 374 732; 374 735; 373 736; 373 738; 372 739; 372 743; 371 744; 371 747; 370 748; 370 750; 369 751; 369 754; 368 755; 368 761; 367 762; 367 764; 366 765; 366 766; 365 767; 365 771; 367 771; 368 770; 369 770; 370 769; 371 769; 372 768; 374 768; 375 767; 378 767; 379 766; 381 766; 382 765; 386 765; 387 766; 393 766; 394 765; 394 764; 396 762; 397 762; 398 761; 399 761; 400 760; 402 760; 403 759; 404 759; 405 758; 407 758; 408 757; 409 757; 410 756; 410 754; 409 753; 407 753; 406 752; 405 752; 403 750; 402 750; 396 744; 396 743; 395 742; 395 740; 389 734; 388 734; 385 731; 384 731; 381 728; 381 727; 380 726; 380 725; 379 724
118; 769 735; 767 737; 766 737; 765 738; 763 738; 761 740; 760 740; 759 741; 758 741; 757 742; 756 742; 755 743; 754 743; 752 745; 751 745; 750 746; 748 746; 747 747; 746 747; 741 752; 740 752; 739 753; 738 753; 737 754; 735 754; 729 760; 728 760; 726 762; 726 763; 725 764; 725 767; 726 768; 729 768; 730 767; 735 767; 736 768; 737 768; 738 769; 739 769; 740 770; 741 770; 742 771; 743 771; 744 772; 745 772; 747 774; 748 774; 749 775; 750 775; 752 777; 753 777; 754 778; 755 778; 756 779; 757 779; 761 783; 762 783; 763 784; 764 784; 765 785; 768 785; 769 784; 769 781; 768 780; 768 765; 769 764; 769 763; 771 761; 771 759; 770 758; 770 756; 769 755; 769 746; 770 745; 770 742; 771 741; 771 740; 772 739; 772 735
119; 31 746; 30 747; 29 747; 28 748; 22 748; 21 749; 20 749; 19 750; 17 750; 16 751; 14 751; 13 752; 12 752; 9 755; 8 755; 7 756; 5 756; 4 757; 2 757; 1 758; 0 758; 0 774; 1 774; 7 780; 8 780; 11 783; 12 783; 22 793; 25 793; 26 792; 28 792; 28 785; 29 784; 29 781; 30 780; 30 778; 32 776; 34 776; 34 770; 33 769; 33 760; 34 759; 34 754; 35 753; 35 751; 36 750; 36 747; 35 746
120; 835 735; 834 736; 834 737; 833 738; 833 747; 832 748; 832 751; 831 752; 831 755; 830 756; 830 758; 827 761; 827 762; 826 763; 826 765; 827 766; 827 770; 826 771; 826 775; 825 776; 825 779; 824 780; 824 783; 825 784; 827 784; 828 783; 829 783; 830 782; 835 782; 837 780; 838 780; 839 779; 840 779; 841 778; 845 778; 846 779; 848 779; 850 777; 851 777; 853 775; 855 775; 856 774; 860 774; 861 773; 863 773; 865 771; 866 771; 867 770; 870 770; 871 769; 871 767; 869 767; 868 766; 867 766; 865 764; 864 764; 859 759; 859 758; 856 755; 855 755; 840 740; 840 739; 839 738; 839 737; 837 735
121; 530 746; 529 747; 529 749; 530 750; 530 751; 531 752; 531 758; 532 759; 532 765; 531 766; 531 773; 532 774; 532 776; 533 777; 533 783; 534 784; 534 786; 533 787; 533 789; 532 790; 532 794; 536 794; 541 789; 542 789; 544 787; 545 787; 546 786; 547 786; 550 783; 553 783; 554 782; 555 782; 557 780; 557 779; 559 777; 560 777; 562 775; 564 775; 565 774; 566 774; 571 769; 572 769; 573 768; 573 765; 572 764; 570 764; 569 763; 568 763; 567 762; 566 762; 565 761; 564 761; 563 760; 562 760; 561 759; 560 759; 559 758; 558 758; 556 756; 555 756; 554 755; 552 755; 551 754; 549 754; 548 753; 547 753; 546 752; 545 752; 543 750; 542 750; 541 749; 540 749; 539 748; 538 748; 537 747; 536 747; 535 746
122; 69 745; 68 746; 68 747; 63 752; 62 752; 58 756; 57 756; 49 764; 48 764; 45 767; 44 767; 42 769; 41 769; 39 771; 38 771; 37 772; 35 772; 35 776; 37 778; 39 778; 40 779; 42 779; 43 780; 44 780; 45 781; 46 781; 47 782; 49 782; 50 783; 51 783; 52 784; 54 784; 58 788; 60 788; 61 789; 63 789; 64 790; 66 790; 67 791; 70 791; 72 793; 73 793; 74 794; 77 794; 78 793; 78 788; 77 787; 77 784; 76 783; 76 780; 75 779; 75 777; 76 776; 76 774; 78 772; 79 772; 79 764; 76 764; 74 762; 74 761; 73 760; 73 757; 72 756; 72 745
123; 818 751; 817 752; 816 752; 815 753; 814 753; 813 754; 808 754; 807 755; 802 755; 801 756; 798 756; 797 757; 795 757; 794 758; 790 758; 789 759; 782 759; 781 760; 775 760; 774 761; 774 763; 780 769; 780 770; 783 773; 783 774; 786 777; 786 778; 787 779; 787 780; 788 781; 788 782; 790 784; 790 785; 791 785; 793 787; 793 788; 794 789; 794 790; 796 792; 796 794; 797 795; 797 796; 798 797; 798 798; 799 798; 800 799; 804 799; 808 795; 808 794; 810 792; 812 792; 812 789; 810 787; 810 784; 811 783; 811 782; 813 780; 813 779; 814 778; 814 773; 815 772; 815 770; 816 769; 816 766; 817 765; 817 762; 818 761; 818 760; 819 759; 819 758; 820 757; 820 756; 821 755; 821 752; 820 752; 819 751
124; 885 788; 866 779; 864 790; 872 804; 878 803; 876 797; 877 794; 884 796
125; 884 796; 887 804; 890 804; 894 798; 910 796; 913 787; 913 780; 916 774; 913 762; 916 752; 914 746; 900 751; 893 758; 880 765; 872 767; 872 770; 878 772; 887 779; 891 786; 890 788; 885 788
126; 80 764; 80 773; 81 774; 81 778; 82 779; 82 788; 83 789; 83 794; 84 795; 84 798; 85 799; 85 802; 86 803; 86 804; 85 805; 85 809; 86 810; 88 810; 92 806; 93 806; 101 798; 102 798; 104 796; 105 796; 106 795; 107 795; 110 792; 110 791; 111 790; 111 789; 113 787; 114 787; 114 786; 117 783; 118 783; 121 780; 121 778; 120 778; 119 777; 117 777; 116 776; 114 776; 113 775; 112 775; 111 774; 110 774; 108 772; 107 772; 104 769; 98 769; 97 768; 94 768; 93 767; 91 767; 90 766; 89 766; 88 765; 85 765; 84 764
127; 340 773; 340 778; 341 779; 341 782; 342 783; 342 784; 341 785; 341 788; 342 789; 342 793; 343 794; 343 798; 344 799; 344 803; 345 804; 345 809; 346 810; 346 812; 345 813; 345 819; 346 820; 348 820; 353 815; 354 815; 356 813; 358 813; 359 812; 360 812; 361 811; 361 810; 362 809; 363 809; 366 806; 367 806; 374 799; 375 799; 378 796; 379 796; 381 794; 382 794; 383 793; 383 791; 379 787; 379 786; 378 785; 378 784; 377 783; 375 783; 374 784; 369 784; 368 783; 367 783; 365 781; 360 781; 359 780; 357 780; 356 779; 354 779; 353 778; 352 778; 351 777; 350 777; 349 776; 347 776; 346 775; 345 775; 344 774; 343 774; 342 773
128; 472 766; 472 775; 470 777; 469 777; 466 780; 466 781; 467 781; 468 782; 469 782; 471 780; 474 780; 477 783; 477 784; 480 787; 480 788; 481 789; 481 790; 482 791; 482 792; 483 793; 483 796; 481 798; 479 798; 478 799; 474 799; 473 800; 472 800; 472 803; 471 804; 471 807; 474 810; 479 810; 480 809; 481 809; 482 808; 483 808; 484 809; 485 809; 489 813; 490 813; 491 814; 495 814; 495 812; 494 811; 494 810; 492 808; 490 808; 489 807; 488 807; 487 806; 488 805; 492 805; 493 804; 496 804; 497 803; 497 800; 493 796; 493 795; 491 793; 491 792; 490 791; 490 790; 489 789; 489 788; 488 787; 488 786; 487 785; 487 784; 483 780; 483 779; 481 777; 481 776; 479 774; 479 773; 477 771; 477 770; 476 769; 476 768; 474 766
129; 465 782; 464 783; 463 783; 462 784; 459 784; 458 785; 457 785; 456 786; 456 793; 455 794; 455 795; 454 796; 454 797; 453 798; 453 799; 452 800; 452 803; 451 804; 451 806; 450 807; 450 809; 451 810; 453 810; 454 809; 455 809; 456 808; 457 808; 458 807; 470 807; 470 804; 471 803; 471 799; 463 799; 462 798; 462 797; 463 796; 463 794; 464 793; 464 792; 465 791; 465 789; 466 788; 466 787; 467 786; 467 785; 468 784; 468 783; 467 782
130; 26 793; 25 794; 23 794; 23 796; 22 797; 22 798; 21 799; 20 799; 18 801; 17 801; 15 803; 14 803; 12 805; 11 805; 10 806; 9 806; 8 807; 7 807; 5 809; 4 809; 3 810; 2 810; 1 811; 0 811; 0 822; 1 822; 2 821; 3 821; 4 820; 5 820; 6 819; 7 819; 11 815; 12 815; 13 814; 14 814; 15 813; 17 815; 17 820; 18 821; 17 822; 21 822; 22 823; 27 823; 28 822; 29 822; 29 820; 28 820; 26 818; 26 817; 25 816; 25 804; 28 801; 28 800; 29 799; 29 793
131; 974 787; 974 788; 973 789; 973 791; 972 792; 972 793; 971 794; 971 799; 972 800; 972 803; 971 804; 971 806; 970 807; 970 808; 968 810; 968 815; 969 816; 969 821; 968 822; 968 825; 967 826; 967 831; 968 832; 972 832; 974 830; 975 830; 976 829; 977 829; 978 828; 980 828; 981 827; 982 827; 983 826; 984 826; 985 825; 986 825; 987 824; 988 824; 989 823; 990 823; 991 822; 993 822; 994 821; 995 821; 996 820; 997 820; 999 818; 1000 818; 1002 816; 1003 816; 1004 815; 1008 815; 1009 814; 1010 814; 1010 812; 1009 811; 1008 811; 1007 810; 1006 810; 1005 809; 1004 809; 1001 806; 1000 806; 992 798; 991 798; 987 794; 986 794; 984 792; 983 792; 981 790; 980 790; 977 787
132; 332 791; 327 796; 326 796; 323 799; 322 799; 320 801; 319 801; 317 803; 316 803; 315 804; 314 804; 312 806; 311 806; 309 808; 308 808; 305 811; 304 811; 302 813; 301 813; 300 814; 298 814; 297 815; 295 815; 294 816; 294 818; 295 819; 296 819; 297 820; 300 820; 301 821; 303 821; 304 822; 305 822; 307 824; 308 824; 310 826; 311 826; 314 829; 315 829; 317 831; 318 831; 319 832; 321 832; 322 833; 323 833; 324 834; 325 834; 326 835; 327 835; 328 836; 329 836; 331 838; 332 838; 333 839; 335 839; 336 838; 336 823; 337 822; 337 819; 336 818; 336 816; 335 815; 335 807; 334 806; 334 797; 335 796; 335 791
133; 853 836; 856 839; 845 846; 850 853; 858 849; 859 843; 868 843; 878 836; 891 836; 893 826; 883 829; 866 828
134; 826 831; 819 821; 816 822; 818 827; 816 837; 823 851; 830 850; 833 844
135; 845 836; 853 836; 866 828; 874 820; 871 813; 858 802; 847 797
136; 847 797; 838 784; 834 784; 828 829; 826 831; 833 844; 845 836
137; 614 813; 613 814; 612 814; 611 815; 610 815; 609 816; 607 816; 606 817; 602 817; 601 818; 598 818; 597 819; 596 819; 595 818; 592 818; 590 820; 589 820; 587 822; 586 822; 585 823; 583 823; 582 824; 580 824; 579 825; 577 825; 576 826; 571 826; 571 830; 578 837; 579 837; 582 840; 582 841; 590 849; 591 849; 602 860; 602 861; 604 863; 606 863; 606 861; 607 860; 607 850; 608 849; 608 846; 609 845; 609 843; 610 842; 610 841; 613 838; 613 828; 614 827; 614 823; 615 822; 615 821; 616 820; 616 819; 617 818; 617 814; 616 813
138; 534 850; 534 870; 539 871; 545 869; 547 871; 547 877; 551 877; 554 875; 554 859
139; 554 859; 557 856; 564 854; 570 849; 577 847; 578 844; 562 833; 543 817; 539 818; 537 824; 535 823; 533 818; 531 818; 529 829; 529 849; 534 850
140; 17 823; 17 830; 15 832; 12 832; 11 831; 10 831; 8 829; 7 829; 6 828; 5 828; 2 825; 0 825; 0 836; 2 836; 4 838; 5 838; 6 839; 7 839; 8 840; 9 840; 10 841; 11 841; 12 842; 13 842; 15 844; 15 847; 12 850; 11 850; 10 851; 10 854; 11 855; 15 855; 18 852; 19 852; 23 848; 24 848; 24 847; 25 846; 25 840; 24 839; 24 835; 25 834; 25 826; 26 825; 26 824; 22 824; 21 823
141; 1021 823; 1020 824; 1018 824; 1017 825; 1016 825; 1016 826; 1015 827; 1015 829; 1010 834; 1009 834; 1008 835; 1008 836; 1005 839; 1005 840; 998 847; 997 847; 996 848; 996 851; 998 851; 999 852; 1003 852; 1004 853; 1008 853; 1009 854; 1014 854; 1015 855; 1016 855; 1018 857; 1019 857; 1020 858; 1023 858; 1023 850; 1019 850; 1018 849; 1013 849; 1012 848; 1011 848; 1009 846; 1009 844; 1012 841; 1015 841; 1017 843; 1018 843; 1019 844; 1023 844; 1023 838; 1021 838; 1020 837; 1019 837; 1018 836; 1018 834; 1021 831; 1022 831; 1023 830; 1023 823
142; 808 836; 805 839; 804 839; 802 841; 801 841; 798 844; 798 845; 791 852; 790 852; 790 856; 796 856; 797 857; 800 857; 801 858; 803 858; 804 859; 808 859; 809 860; 811 860; 813 862; 818 862; 819 863; 824 863; 825 864; 828 864; 829 865; 830 865; 831 866; 834 866; 835 865; 835 862; 834 861; 834 860; 833 859; 833 858; 832 857; 832 854; 831 853; 831 851; 827 851; 826 852; 823 852; 823 853; 821 855; 819 855; 818 854; 815 854; 814 853; 813 853; 810 850; 810 848; 812 846; 812 845; 814 843; 814 842; 815 841; 815 839; 816 838; 815 837; 814 837; 813 836
143; 748 827; 747 828; 747 830; 746 831; 746 833; 745 834; 745 836; 744 837; 744 839; 743 840; 743 841; 742 842; 742 843; 738 847; 738 854; 737 855; 737 856; 736 857; 736 858; 735 859; 735 860; 734 861; 734 863; 733 864; 733 866; 732 867; 732 872; 737 872; 738 871; 741 871; 742 870; 748 870; 749 869; 754 869; 755 868; 763 868; 764 867; 766 867; 767 866; 770 866; 771 865; 774 865; 775 864; 778 864; 779 863; 779 859; 777 857; 776 857; 766 847; 766 846; 765 845; 765 842; 764 841; 764 840; 763 839; 762 839; 761 838; 760 838; 754 832; 754 831; 750 827
144; 677 837; 672 842; 671 842; 670 843; 669 843; 668 844; 667 844; 664 847; 664 848; 656 856; 655 856; 653 858; 652 858; 650 860; 649 860; 646 863; 645 863; 642 866; 642 868; 643 869; 644 869; 645 870; 649 870; 650 871; 652 871; 653 872; 654 872; 655 873; 656 873; 657 874; 658 874; 660 876; 661 876; 662 877; 666 877; 667 876; 668 876; 669 877; 671 877; 672 878; 673 878; 674 879; 675 879; 676 880; 677 880; 678 881; 680 881; 681 882; 683 882; 684 883; 688 883; 688 882; 689 881; 689 879; 688 878; 688 877; 686 875; 686 873; 685 872; 685 860; 687 858; 687 855; 685 855; 682 852; 682 851; 681 850; 681 837
145; 122 840; 121 841; 121 843; 120 844; 120 846; 119 847; 119 849; 118 850; 118 852; 117 853; 117 854; 116 855; 116 856; 113 859; 113 865; 112 866; 112 867; 111 868; 111 869; 110 870; 110 871; 109 872; 109 873; 108 874; 108 875; 107 876; 107 877; 106 878; 106 879; 104 881; 104 886; 106 886; 110 882; 113 882; 114 881; 118 881; 119 880; 129 880; 130 879; 135 879; 136 878; 139 878; 140 877; 143 877; 144 876; 147 876; 148 875; 150 875; 151 874; 151 872; 149 870; 148 870; 146 868; 146 867; 144 865; 144 864; 141 861; 141 860; 139 858; 139 856; 138 855; 138 854; 137 853; 136 853; 135 852; 134 852; 128 846; 128 845; 127 844; 127 843; 126 842; 126 841; 125 840
146; 884 854; 883 855; 883 857; 882 858; 882 863; 881 864; 881 868; 880 869; 880 871; 879 872; 879 873; 878 874; 878 875; 876 877; 876 878; 875 879; 875 882; 876 883; 876 887; 875 888; 875 891; 874 892; 874 900; 875 900; 877 902; 878 902; 884 896; 885 896; 886 895; 888 895; 889 894; 891 894; 892 893; 893 893; 894 892; 896 892; 897 891; 903 891; 904 890; 906 890; 907 891; 908 891; 910 893; 913 893; 913 890; 917 886; 917 883; 915 881; 914 881; 905 872; 905 871; 903 869; 903 868; 900 865; 899 865; 898 864; 897 864; 891 858; 891 857; 888 854
147; 959 864; 959 866; 962 869; 962 870; 964 872; 964 873; 965 874; 965 877; 966 878; 966 882; 967 883; 967 885; 968 886; 968 888; 969 889; 969 890; 971 892; 971 893; 972 894; 972 897; 971 898; 975 898; 976 899; 981 899; 982 898; 983 898; 990 891; 991 891; 992 890; 993 890; 995 888; 995 887; 996 886; 996 885; 998 883; 998 882; 1000 880; 1000 879; 1002 877; 1002 876; 1005 873; 1005 869; 1001 869; 1000 870; 998 870; 997 869; 993 869; 992 868; 991 868; 990 867; 989 867; 988 866; 978 866; 977 865; 971 865; 970 864
148; 515 868; 515 872; 516 873; 516 874; 517 875; 517 878; 518 879; 518 884; 519 885; 519 888; 518 889; 518 892; 519 893; 519 894; 521 896; 521 899; 522 900; 522 904; 523 905; 523 912; 524 913; 524 915; 528 915; 529 914; 529 913; 534 908; 536 908; 537 907; 538 907; 539 906; 539 905; 541 903; 541 902; 546 897; 547 897; 549 895; 550 895; 552 893; 553 893; 555 891; 556 891; 558 889; 559 889; 560 888; 561 888; 562 887; 562 884; 561 883; 555 883; 554 882; 552 882; 549 879; 549 878; 543 878; 542 877; 541 877; 540 876; 539 876; 538 875; 537 875; 535 873; 535 872; 534 871; 533 871; 532 872; 524 872; 523 871; 522 871; 520 869; 519 869; 518 868
149; 762 872; 761 873; 760 873; 758 875; 753 875; 752 876; 751 876; 749 878; 748 878; 747 879; 743 879; 742 878; 736 878; 735 879; 735 880; 732 883; 730 883; 729 884; 727 884; 726 885; 724 885; 723 886; 720 886; 719 887; 718 887; 717 888; 717 890; 720 893; 721 893; 729 901; 729 902; 732 905; 733 905; 734 906; 735 906; 745 916; 745 917; 746 918; 746 919; 748 921; 751 921; 752 920; 752 913; 753 912; 753 910; 754 909; 754 907; 755 906; 755 903; 756 902; 756 899; 757 898; 757 897; 758 896; 758 895; 759 894; 759 892; 760 891; 760 889; 761 888; 761 887; 762 886; 762 884; 763 883; 763 881; 764 880; 764 878; 766 876; 766 874; 764 872
150; 830 870; 829 871; 828 871; 828 879; 827 880; 827 892; 826 893; 826 911; 825 912; 825 917; 828 917; 831 914; 832 914; 833 913; 834 913; 835 912; 837 912; 838 911; 840 911; 841 910; 842 910; 843 909; 844 909; 845 908; 846 908; 847 907; 848 907; 849 906; 850 906; 851 905; 852 905; 853 904; 854 904; 855 903; 856 903; 857 902; 858 902; 859 901; 860 901; 861 900; 865 900; 865 897; 860 892; 859 892; 853 886; 852 886; 849 883; 849 882; 848 881; 847 881; 846 880; 844 880; 843 879; 842 879; 841 878; 840 878; 838 876; 837 876; 836 875; 836 874; 835 873; 835 872; 833 870
151; 587 877; 586 878; 586 882; 587 883; 587 894; 585 896; 585 901; 586 902; 586 913; 585 914; 585 917; 584 918; 584 922; 585 923; 587 923; 588 922; 589 922; 591 920; 592 920; 593 919; 594 919; 595 918; 596 918; 597 917; 598 917; 599 916; 600 916; 601 915; 602 915; 603 914; 604 914; 605 913; 606 913; 608 911; 610 911; 611 910; 613 910; 614 909; 615 909; 616 908; 617 908; 619 906; 620 906; 621 905; 622 905; 623 904; 625 904; 626 903; 627 903; 627 901; 626 900; 625 900; 624 899; 623 899; 622 898; 621 898; 619 896; 618 896; 615 893; 615 892; 613 890; 612 890; 611 889; 610 889; 609 888; 607 888; 606 887; 605 887; 604 886; 603 886; 601 884; 600 884; 599 883; 598 883; 596 881; 595 881; 594 880; 593 880; 591 878; 590 878; 589 877
152; 658 889; 658 893; 659 894; 659 895; 660 896; 660 897; 661 898; 661 899; 662 900; 662 901; 664 903; 664 904; 665 905; 665 906; 666 907; 666 908; 668 910; 668 912; 669 913; 669 914; 670 915; 670 916; 671 917; 671 918; 672 919; 672 920; 673 921; 673 922; 674 923; 674 931; 675 932; 678 932; 679 931; 679 930; 680 929; 680 928; 683 925; 683 924; 687 920; 687 919; 689 917; 690 917; 691 916; 692 916; 693 915; 693 910; 694 909; 694 908; 697 905; 697 904; 705 896; 705 893; 700 893; 699 892; 690 892; 689 891; 672 891; 671 890; 666 890; 665 889
153; 181 890; 180 891; 179 891; 178 892; 176 892; 175 893; 163 893; 162 894; 153 894; 152 895; 147 895; 146 896; 139 896; 139 898; 141 900; 142 900; 144 902; 144 903; 146 905; 146 906; 148 908; 148 909; 150 911; 150 918; 151 919; 153 919; 154 920; 155 920; 157 922; 157 923; 158 924; 158 925; 160 927; 160 928; 161 929; 161 931; 162 932; 165 932; 165 929; 166 928; 166 926; 168 924; 168 923; 169 922; 169 921; 172 918; 173 918; 174 917; 175 917; 175 915; 174 914; 174 910; 175 909; 175 908; 176 907; 176 906; 178 904; 178 903; 179 902; 179 901; 180 900; 180 899; 181 898; 181 897; 182 896; 182 895; 184 893; 184 891; 183 890
154; 471 891; 471 896; 472 897; 472 899; 473 900; 473 902; 474 903; 474 914; 475 915; 475 925; 476 926; 476 936; 479 936; 486 929; 487 929; 488 928; 489 928; 490 927; 491 927; 492 926; 493 926; 495 924; 495 923; 501 917; 502 917; 504 915; 505 915; 507 913; 508 913; 509 912; 510 912; 512 910; 513 910; 513 907; 512 906; 511 906; 510 905; 509 905; 507 903; 506 903; 505 902; 500 902; 499 901; 498 901; 497 900; 495 900; 494 899; 493 899; 492 898; 490 898; 489 897; 486 897; 485 896; 484 896; 483 895; 482 895; 480 893; 479 893; 478 892; 476 892; 475 891
155; 16 903; 20 908; 20 916; 25 922; 29 939; 33 940; 36 932; 45 924; 48 917; 59 905; 60 900; 52 902; 20 895
156; 20 895; 17 893; 15 885; 11 884; 7 889; 0 890; 0 898; 6 901; 5 915; 0 916; 0 925; 6 929; 0 930; 0 941; 10 936; 17 937; 19 935; 13 928; 13 908; 16 903
157; 883 904; 882 905; 881 905; 881 909; 883 911; 883 912; 884 913; 884 915; 885 916; 885 917; 886 918; 886 919; 887 920; 887 924; 889 926; 889 927; 890 928; 890 930; 891 931; 891 932; 893 934; 893 935; 894 936; 894 937; 895 938; 895 939; 896 940; 896 941; 897 942; 900 942; 901 941; 901 940; 903 938; 903 937; 910 930; 911 930; 914 927; 914 923; 915 922; 915 920; 918 917; 918 916; 919 915; 919 914; 923 910; 923 907; 920 907; 919 906; 916 906; 915 905; 891 905; 890 904
158; 571 899; 567 903; 566 903; 565 904; 564 904; 563 905; 562 905; 561 906; 560 906; 559 907; 556 907; 555 908; 553 908; 552 909; 550 909; 549 910; 548 910; 547 911; 545 911; 544 912; 542 912; 541 913; 539 913; 538 914; 537 914; 536 915; 535 915; 534 916; 534 918; 536 920; 537 920; 539 922; 540 922; 544 926; 545 926; 554 935; 555 935; 557 937; 558 937; 559 938; 560 938; 561 939; 563 939; 566 942; 571 942; 571 941; 572 940; 572 936; 573 935; 573 932; 574 931; 574 930; 575 929; 575 927; 576 926; 576 920; 575 919; 575 917; 574 916; 574 907; 575 906; 575 904; 576 903; 576 899
159; 216 900; 209 907; 208 907; 206 909; 204 909; 203 910; 201 910; 200 911; 199 911; 193 917; 192 917; 190 919; 189 919; 185 923; 184 923; 183 924; 182 924; 180 926; 180 928; 188 928; 190 930; 192 930; 193 931; 195 931; 196 932; 197 932; 198 933; 199 933; 201 935; 202 935; 207 940; 215 940; 216 941; 218 941; 219 942; 221 942; 221 941; 222 940; 222 929; 221 928; 221 922; 220 921; 220 920; 219 919; 219 916; 218 915; 218 900
160; 958 918; 957 919; 950 918; 950 923; 953 931; 953 939; 957 947; 959 957; 963 958; 970 948; 991 929; 992 925; 988 917; 982 911
161; 982 911; 979 904; 980 900; 975 899; 964 900; 961 898; 954 897; 951 899; 951 902; 957 910; 958 918
162; 872 901; 871 902; 870 902; 870 903; 868 905; 867 905; 865 907; 864 907; 863 908; 862 908; 860 910; 859 910; 858 911; 856 911; 855 912; 853 912; 845 920; 844 920; 842 922; 841 922; 840 923; 839 923; 838 924; 835 924; 833 926; 833 928; 834 928; 835 929; 836 929; 837 930; 838 930; 841 933; 842 933; 843 934; 844 934; 845 935; 847 935; 848 936; 849 936; 850 937; 851 937; 852 938; 853 938; 854 939; 855 939; 856 940; 858 940; 859 941; 860 941; 861 942; 862 942; 864 944; 865 944; 866 945; 867 945; 868 946; 872 946; 873 945; 873 929; 874 928; 874 927; 875 926; 875 923; 874 922; 874 921; 873 920; 873 919; 872 918; 872 916; 873 915; 873 912; 874 911; 874 910; 875 909; 876 909; 877 908; 877 903; 875 901
163; 112 914; 111 915; 110 915; 109 916; 108 916; 107 917; 105 917; 104 918; 102 918; 101 919; 99 919; 98 920; 97 920; 96 921; 95 921; 94 922; 93 922; 92 923; 91 923; 90 924; 89 924; 88 925; 87 925; 86 926; 85 926; 84 927; 83 927; 82 928; 81 928; 80 929; 78 929; 77 930; 76 930; 75 931; 75 933; 76 934; 77 934; 80 937; 81 937; 83 939; 84 939; 85 940; 86 940; 87 941; 88 941; 91 944; 91 945; 94 948; 96 948; 97 949; 98 949; 99 950; 100 950; 104 954; 104 955; 106 957; 108 957; 109 956; 109 955; 110 954; 110 949; 111 948; 111 947; 112 946; 112 945; 113 944; 113 943; 114 942; 114 938; 115 937; 115 933; 114 932; 114 925; 115 924; 115 919; 116 918; 116 914
164; 130 912; 129 913; 129 919; 128 920; 128 922; 127 923; 127 925; 126 926; 126 928; 125 929; 125 930; 124 931; 124 932; 123 933; 123 934; 122 935; 122 941; 121 942; 121 943; 120 944; 120 946; 119 947; 119 948; 118 949; 118 953; 123 953; 124 952; 127 952; 128 951; 130 951; 131 950; 139 950; 140 949; 141 949; 143 947; 144 947; 145 946; 147 946; 148 945; 150 945; 151 944; 153 944; 154 943; 156 943; 157 942; 159 942; 160 943; 161 943; 162 942; 162 941; 161 940; 161 938; 158 935; 157 935; 145 923; 144 923; 142 921; 141 921; 138 918; 137 918; 135 916; 135 915; 132 912
165; 531 926; 529 928; 529 929; 517 941; 516 941; 515 942; 514 942; 513 943; 512 943; 511 944; 511 945; 509 947; 509 948; 507 950; 507 951; 505 953; 505 954; 500 959; 500 962; 508 962; 509 963; 513 963; 514 964; 516 964; 517 965; 533 965; 534 966; 537 966; 538 967; 542 967; 543 968; 546 968; 546 964; 545 963; 545 962; 544 961; 544 954; 543 953; 543 952; 541 950; 541 949; 540 948; 540 947; 539 946; 539 945; 538 944; 538 943; 537 942; 537 940; 536 939; 536 937; 535 936; 535 932; 534 931; 534 928; 533 927; 533 926
166; 232 929; 231 930; 231 933; 233 935; 233 936; 234 937; 234 947; 233 948; 233 953; 234 954; 234 958; 235 959; 235 972; 234 973; 234 976; 235 977; 235 978; 237 978; 243 972; 244 972; 246 970; 247 970; 250 967; 251 967; 252 966; 254 966; 255 965; 256 965; 258 963; 258 962; 261 959; 262 959; 264 957; 265 957; 267 955; 268 955; 269 954; 271 954; 272 953; 272 950; 271 950; 270 949; 269 949; 268 948; 267 948; 266 947; 265 947; 264 946; 263 946; 261 944; 260 944; 257 941; 256 941; 255 940; 254 940; 253 939; 252 939; 251 938; 245 938; 244 937; 242 937; 241 936; 240 936; 238 934; 238 933; 237 932; 237 931; 236 930; 236 929
167; 183 938; 179 942; 178 942; 177 943; 174 943; 173 944; 164 944; 163 943; 162 943; 161 944; 161 946; 160 947; 159 947; 158 948; 155 948; 154 949; 153 949; 152 950; 151 950; 150 951; 149 951; 148 952; 147 952; 146 953; 144 953; 143 954; 142 954; 141 955; 141 957; 142 957; 143 958; 145 958; 154 967; 155 967; 159 971; 159 972; 160 973; 161 973; 163 975; 164 975; 167 978; 167 979; 169 981; 169 982; 171 984; 175 984; 175 979; 176 978; 176 975; 177 974; 177 972; 178 971; 178 969; 179 968; 179 967; 180 966; 180 965; 181 964; 181 958; 183 956; 183 951; 182 950; 182 947; 183 946; 183 944; 184 943; 184 941; 185 940; 185 938
168; 672 937; 670 939; 670 941; 671 942; 671 950; 670 951; 670 961; 671 962; 671 966; 670 967; 670 978; 669 979; 669 983; 671 985; 673 985; 678 980; 679 980; 680 979; 681 979; 682 978; 684 978; 685 977; 686 977; 687 976; 688 976; 689 975; 690 975; 692 973; 693 973; 694 972; 695 972; 697 970; 698 970; 700 968; 701 968; 702 967; 703 967; 704 966; 705 966; 706 965; 713 965; 713 961; 712 960; 711 960; 710 959; 707 959; 706 958; 705 958; 704 957; 703 957; 693 947; 692 947; 691 946; 688 946; 687 945; 686 945; 684 943; 683 943; 682 942; 681 942; 680 941; 679 941; 677 939; 676 939; 674 937
169; 424 940; 423 941; 422 941; 421 942; 420 942; 419 943; 417 943; 416 944; 415 944; 414 945; 412 945; 411 946; 409 946; 408 947; 407 947; 404 950; 403 950; 402 951; 398 951; 397 952; 396 952; 392 956; 390 956; 389 957; 387 957; 386 958; 385 958; 385 960; 386 961; 387 961; 388 962; 389 962; 391 964; 392 964; 396 968; 397 968; 398 969; 399 969; 401 971; 402 971; 404 973; 405 973; 408 976; 409 976; 411 978; 412 978; 415 981; 416 981; 421 986; 423 986; 424 985; 424 980; 423 979; 423 974; 424 973; 424 968; 425 967; 425 964; 426 963; 426 960; 425 959; 425 955; 426 954; 426 946; 427 945; 427 944; 428 943; 428 940
170; 634 936; 633 937; 632 937; 630 939; 629 939; 628 940; 627 940; 626 941; 624 941; 623 942; 622 942; 622 943; 620 945; 620 946; 611 955; 611 956; 602 965; 601 965; 598 968; 598 970; 599 970; 600 971; 606 971; 607 972; 609 972; 610 973; 612 973; 613 974; 616 974; 617 975; 618 975; 620 977; 622 977; 623 978; 630 978; 631 979; 634 979; 635 980; 637 980; 638 981; 643 981; 643 977; 642 976; 642 971; 641 970; 641 966; 640 965; 640 963; 639 962; 639 960; 640 959; 640 954; 639 953; 639 951; 641 949; 641 947; 640 946; 639 946; 638 945; 638 943; 637 942; 637 940; 636 939; 636 936
171; 74 943; 70 947; 69 947; 67 949; 66 949; 64 951; 63 951; 61 953; 60 953; 58 955; 57 955; 56 956; 55 956; 53 958; 52 958; 48 962; 47 962; 46 963; 45 963; 44 964; 39 964; 39 967; 41 969; 42 969; 44 971; 45 971; 47 973; 48 973; 49 974; 50 974; 52 976; 53 976; 56 979; 57 979; 58 980; 62 980; 63 981; 64 981; 65 982; 66 982; 67 983; 69 983; 71 985; 72 985; 75 988; 80 988; 80 980; 79 979; 79 960; 80 959; 80 951; 79 950; 79 948; 78 947; 78 943
172; 878 956; 877 957; 876 957; 875 958; 871 958; 870 959; 863 959; 862 958; 857 958; 857 961; 858 962; 858 963; 860 965; 860 966; 861 967; 861 968; 863 970; 863 971; 864 972; 864 974; 866 976; 866 977; 867 978; 867 979; 870 982; 870 983; 872 985; 872 986; 873 987; 873 988; 875 990; 875 993; 876 994; 876 996; 877 997; 881 997; 882 996; 882 995; 885 992; 885 991; 886 990; 886 989; 887 988; 887 986; 888 985; 888 984; 889 983; 889 982; 890 981; 890 980; 891 979; 891 978; 895 974; 895 973; 896 972; 896 970; 897 969; 897 968; 898 967; 898 966; 900 964; 900 963; 901 962; 901 960; 902 959; 902 956; 900 956; 899 957; 897 957; 896 958; 894 958; 893 959; 887 959; 886 958; 884 958; 883 957; 882 957; 881 956
173; 223 953; 219 957; 218 957; 217 958; 216 958; 215 959; 214 959; 213 960; 212 960; 211 961; 210 961; 209 962; 207 962; 206 963; 205 963; 204 964; 202 964; 201 965; 200 965; 199 966; 197 966; 196 967; 195 967; 194 968; 193 968; 192 969; 191 969; 190 970; 188 970; 187 971; 186 971; 186 974; 187 975; 188 975; 191 978; 191 979; 192 980; 192 981; 193 981; 194 982; 197 982; 198 983; 199 983; 204 988; 205 988; 206 989; 207 989; 208 990; 209 990; 211 992; 212 992; 215 995; 216 995; 218 997; 221 997; 221 988; 222 987; 222 983; 223 982; 223 980; 224 979; 224 966; 225 965; 225 959; 226 958; 226 953
174; 773 965; 772 966; 772 969; 773 970; 773 975; 774 976; 774 977; 775 978; 776 978; 777 979; 777 980; 778 981; 778 982; 779 983; 779 984; 778 985; 778 987; 779 988; 779 989; 784 994; 784 995; 785 996; 785 997; 786 998; 786 999; 787 1000; 787 1002; 788 1003; 788 1004; 790 1006; 792 1006; 794 1004; 794 1003; 796 1001; 796 1000; 798 998; 798 997; 799 996; 799 995; 801 993; 801 992; 804 989; 805 989; 807 987; 807 986; 809 984; 809 983; 811 981; 811 980; 818 973; 818 970; 817 970; 816 969; 803 969; 802 968; 797 968; 796 967; 793 967; 792 966; 776 966; 775 965
175; 504 971; 504 974; 505 975; 505 977; 506 978; 506 983; 508 985; 508 986; 510 988; 510 990; 511 991; 511 994; 515 998; 515 999; 516 1000; 516 1001; 517 1002; 517 1003; 518 1004; 518 1005; 519 1006; 519 1008; 520 1009; 520 1011; 521 1012; 521 1013; 523 1013; 525 1011; 525 1010; 527 1008; 527 1007; 528 1006; 528 1005; 535 998; 535 997; 536 996; 536 995; 537 994; 537 993; 540 990; 540 989; 550 979; 550 975; 549 974; 543 974; 542 975; 525 975; 524 974; 519 974; 518 973; 513 973; 512 972; 509 972; 508 971
176; 923 974; 918 979; 917 979; 916 980; 915 980; 913 982; 912 982; 911 983; 910 983; 909 984; 908 984; 907 985; 906 985; 905 986; 904 986; 898 992; 897 992; 895 994; 894 994; 893 995; 888 995; 888 996; 887 997; 887 999; 889 1001; 890 1001; 891 1002; 892 1002; 893 1003; 896 1003; 897 1004; 899 1004; 900 1005; 901 1005; 902 1006; 903 1006; 904 1007; 905 1007; 906 1008; 907 1008; 908 1009; 909 1009; 910 1010; 911 1010; 912 1011; 913 1011; 914 1012; 915 1012; 916 1013; 922 1013; 924 1015; 925 1015; 926 1016; 927 1016; 928 1017; 930 1017; 930 1007; 929 1006; 929 999; 930 998; 930 994; 929 993; 929 991; 928 990; 928 986; 927 985; 927 978; 926 977; 926 974
177; 292 985; 291 986; 289 986; 288 987; 273 987; 272 986; 268 986; 267 987; 266 987; 265 988; 259 988; 258 989; 254 989; 253 988; 251 988; 250 989; 249 989; 249 992; 254 997; 254 998; 255 999; 255 1000; 256 1001; 256 1002; 257 1003; 257 1006; 264 1013; 264 1014; 265 1015; 265 1016; 266 1017; 266 1018; 268 1020; 268 1023; 275 1023; 275 1022; 276 1021; 276 1020; 277 1019; 277 1018; 278 1017; 278 1016; 280 1014; 280 1013; 283 1010; 283 1008; 284 1007; 284 1006; 285 1005; 285 1004; 286 1003; 286 1002; 287 1001; 287 1000; 288 999; 288 998; 289 997; 289 996; 290 995; 290 994; 291 993; 291 992; 293 990; 293 989; 294 988; 294 985
178; 137 984; 136 985; 136 987; 137 988; 137 1016; 138 1017; 138 1023; 147 1023; 147 1022; 149 1020; 150 1020; 151 1019; 152 1019; 154 1017; 155 1017; 156 1016; 160 1016; 161 1015; 163 1015; 165 1013; 165 1012; 167 1010; 167 1009; 169 1007; 170 1007; 171 1006; 172 1006; 173 1005; 174 1005; 176 1003; 176 1001; 175 1001; 174 1000; 173 1000; 171 998; 170 998; 167 995; 166 995; 164 993; 164 989; 161 989; 160 990; 159 990; 158 991; 155 991; 154 990; 152 990; 151 989; 149 989; 148 988; 147 988; 146 987; 145 987; 143 985; 142 985; 141 984
