0; 722 0; 721 1; 721 9; 720 10; 720 11; 719 12; 719 13; 718 14; 718 19; 719 20; 719 30; 718 31; 718 33; 717 34; 717 36; 719 38; 723 38; 728 33; 729 33; 730 32; 731 32; 732 31; 733 31; 734 30; 736 30; 737 29; 739 29; 740 28; 741 28; 742 27; 743 27; 744 26; 745 26; 747 24; 748 24; 750 22; 751 22; 753 20; 754 20; 755 19; 756 19; 757 18; 759 18; 760 17; 761 17; 762 16; 765 16; 765 12; 764 11; 763 11; 762 10; 761 10; 760 9; 758 9; 757 8; 756 8; 755 7; 755 6; 753 4; 753 1; 752 0
1; 100 0; 100 9; 99 10; 99 18; 100 19; 100 26; 101 27; 101 36; 105 36; 114 27; 115 27; 116 26; 120 26; 121 25; 122 25; 125 22; 125 21; 128 18; 129 18; 131 16; 132 16; 136 12; 137 12; 138 11; 139 11; 140 10; 141 10; 142 9; 143 9; 144 8; 145 8; 146 7; 146 5; 145 4; 145 3; 140 3; 139 2; 137 2; 136 1; 136 0; 118 0; 118 1; 120 3; 121 3; 122 4; 123 4; 126 7; 125 8; 125 9; 123 11; 122 11; 118 15; 117 15; 116 16; 115 16; 113 18; 110 18; 109 17; 109 4; 110 3; 110 0
2; 258 14; 257 15; 257 16; 256 17; 256 21; 257 22; 257 23; 256 24; 256 33; 255 34; 255 35; 254 36; 253 36; 252 37; 252 42; 255 45; 255 50; 254 51; 254 62; 255 63; 255 64; 256 65; 258 65; 259 64; 260 64; 261 63; 262 63; 264 61; 265 61; 267 59; 268 59; 269 58; 270 58; 271 57; 272 57; 274 55; 275 55; 279 51; 280 51; 282 49; 283 49; 284 48; 285 48; 287 46; 288 46; 289 45; 290 45; 291 44; 292 44; 293 43; 295 43; 296 42; 297 42; 298 41; 299 41; 299 36; 297 34; 296 34; 294 32; 293 32; 292 31; 289 31; 288 30; 287 30; 286 29; 285 29; 279 23; 278 23; 277 22; 270 22; 269 21; 268 21; 264 17; 264 16; 262 14
3; 205 23; 205 45; 206 46; 206 48; 207 49; 207 54; 208 55; 208 59; 209 60; 209 62; 210 63; 210 65; 209 66; 209 72; 210 73; 214 73; 215 72; 215 71; 218 68; 218 67; 220 65; 221 65; 223 63; 224 63; 225 62; 226 62; 229 59; 230 59; 231 58; 236 58; 238 56; 238 54; 239 53; 239 52; 247 44; 248 44; 249 43; 251 43; 251 37; 250 36; 241 36; 240 35; 236 35; 235 34; 233 34; 232 33; 231 33; 230 32; 229 32; 228 31; 226 31; 225 30; 221 30; 220 29; 216 29; 215 28; 214 28; 209 23
4; 683 31; 682 32; 681 32; 681 33; 679 35; 679 36; 678 37; 678 39; 675 42; 674 42; 672 44; 671 44; 662 53; 662 55; 661 56; 661 58; 654 65; 653 65; 652 66; 651 66; 651 67; 650 68; 650 71; 651 72; 655 72; 656 71; 660 71; 661 72; 663 72; 664 73; 666 73; 667 74; 670 74; 671 75; 674 75; 675 76; 691 76; 692 77; 694 77; 695 78; 701 78; 701 75; 699 73; 699 72; 697 70; 697 69; 696 68; 696 66; 697 65; 697 60; 693 56; 693 55; 692 54; 692 52; 691 51; 691 48; 690 47; 690 45; 689 44; 689 43; 688 42; 688 41; 687 40; 687 39; 686 38; 686 33; 685 32; 685 31
5; 147 46; 146 47; 146 50; 147 51; 147 52; 148 53; 148 56; 149 57; 149 59; 150 60; 150 62; 149 63; 149 67; 150 68; 150 69; 152 71; 152 73; 153 74; 153 77; 154 78; 154 93; 155 94; 155 95; 158 95; 159 94; 160 94; 163 91; 164 91; 168 87; 169 87; 170 86; 171 86; 172 85; 173 85; 174 84; 180 84; 184 80; 185 80; 186 81; 189 81; 191 79; 191 76; 193 74; 195 74; 196 73; 197 73; 198 72; 199 72; 199 70; 198 69; 198 68; 197 67; 196 67; 194 65; 193 65; 189 61; 189 59; 190 58; 191 58; 194 55; 195 55; 196 54; 196 51; 195 51; 194 50; 192 50; 190 52; 184 52; 183 51; 181 51; 180 50; 171 50; 170 49; 162 49; 161 48; 155 48; 154 47; 152 47; 151 46
6; 351 50; 349 52; 349 54; 350 55; 350 56; 351 57; 351 58; 352 59; 352 60; 353 61; 353 68; 354 69; 354 71; 355 72; 355 74; 354 75; 354 80; 359 85; 359 92; 358 93; 358 95; 359 96; 359 99; 362 99; 363 98; 363 97; 371 89; 372 89; 378 83; 379 83; 382 80; 385 80; 386 79; 387 79; 388 78; 388 74; 389 73; 389 72; 392 69; 393 69; 394 68; 395 68; 396 67; 398 67; 399 66; 399 62; 397 62; 396 61; 389 61; 388 60; 387 60; 386 59; 384 59; 383 58; 382 58; 381 57; 378 57; 377 56; 371 56; 370 55; 367 55; 366 54; 365 54; 364 53; 363 53; 362 52; 357 52; 356 51; 355 51; 354 50
7; 87 68; 85 70; 84 70; 83 71; 80 71; 79 72; 75 72; 74 71; 73 71; 72 70; 71 70; 70 69; 66 69; 66 74; 68 76; 68 77; 69 78; 69 79; 70 80; 70 81; 71 82; 71 83; 72 84; 72 85; 74 87; 74 88; 76 90; 76 91; 79 94; 79 95; 80 96; 80 97; 82 99; 82 100; 83 101; 83 102; 84 103; 84 105; 85 106; 85 110; 86 111; 86 114; 87 115; 87 116; 88 117; 90 117; 92 115; 92 113; 93 112; 93 110; 94 109; 94 108; 96 106; 97 106; 98 105; 99 105; 101 107; 103 107; 103 99; 104 98; 104 95; 108 91; 108 86; 110 84; 110 82; 112 80; 112 79; 115 76; 115 75; 116 74; 116 71; 115 70; 110 70; 109 71; 105 71; 104 70; 100 70; 99 69; 94 69; 93 68
8; 133 66; 132 67; 132 68; 131 69; 131 70; 129 72; 129 73; 119 83; 119 84; 114 89; 113 89; 112 90; 111 90; 110 91; 109 91; 105 95; 105 98; 104 99; 104 107; 105 108; 110 108; 111 109; 113 109; 115 111; 116 111; 117 112; 123 112; 124 111; 139 111; 140 112; 142 112; 143 113; 145 113; 146 114; 147 114; 148 115; 150 115; 151 114; 151 112; 150 111; 150 110; 148 108; 148 107; 147 106; 147 105; 146 104; 146 103; 145 102; 145 99; 144 98; 144 93; 143 92; 143 85; 142 84; 142 83; 138 79; 138 77; 137 76; 137 68; 136 67; 136 66
9; 191 80; 189 82; 187 82; 188 83; 188 86; 189 87; 189 89; 190 90; 190 91; 191 92; 191 93; 192 94; 192 102; 193 103; 193 104; 194 105; 194 106; 195 107; 195 109; 196 110; 196 112; 197 113; 197 129; 199 129; 200 128; 201 128; 201 127; 205 123; 206 123; 208 121; 208 120; 209 119; 210 119; 210 118; 213 115; 216 115; 218 113; 218 112; 220 110; 221 110; 221 109; 224 106; 225 106; 226 105; 227 105; 228 104; 228 101; 229 100; 229 99; 231 97; 232 97; 233 96; 234 96; 236 94; 236 92; 234 90; 222 90; 221 89; 220 89; 219 88; 218 88; 217 87; 216 87; 215 86; 214 86; 213 85; 211 85; 210 84; 206 84; 205 83; 201 83; 200 82; 196 82; 195 81; 194 81; 193 80
10; 947 79; 946 80; 945 80; 944 81; 943 81; 941 83; 940 83; 939 84; 931 84; 928 87; 927 87; 926 88; 925 88; 924 89; 923 89; 922 90; 921 90; 920 91; 918 91; 917 92; 915 92; 914 93; 910 93; 909 94; 908 94; 906 96; 905 96; 904 97; 904 99; 905 100; 906 100; 910 104; 910 105; 912 107; 912 108; 915 111; 916 111; 917 112; 917 113; 918 114; 918 116; 920 118; 922 118; 923 119; 925 119; 926 120; 927 120; 930 123; 931 123; 933 125; 933 126; 934 127; 934 128; 936 130; 939 130; 939 129; 940 128; 940 127; 941 126; 941 118; 942 117; 942 115; 943 114; 943 111; 944 110; 944 108; 945 107; 945 105; 946 104; 946 101; 947 100; 947 98; 948 97; 948 95; 949 94; 949 87; 950 86; 950 85; 951 84; 951 80; 950 79
11; 35 85; 35 91; 34 92; 34 94; 33 95; 33 96; 32 97; 32 102; 31 103; 31 107; 30 108; 30 110; 29 111; 29 113; 28 114; 28 118; 29 119; 29 120; 30 121; 30 123; 29 124; 29 126; 28 127; 28 129; 27 130; 27 135; 28 136; 34 136; 37 133; 38 133; 40 131; 41 131; 42 130; 43 130; 44 129; 45 129; 47 127; 48 127; 49 126; 50 126; 51 125; 56 125; 57 124; 58 124; 59 123; 60 123; 64 119; 65 119; 67 117; 68 117; 69 116; 72 116; 73 115; 75 115; 77 113; 77 111; 73 107; 71 107; 70 106; 69 106; 68 105; 67 105; 62 100; 62 99; 59 96; 58 96; 56 94; 55 94; 54 93; 52 93; 51 92; 50 92; 49 91; 48 91; 47 90; 46 90; 45 89; 44 89; 43 88; 42 88; 39 85
12; 478 92; 477 93; 477 97; 479 99; 479 100; 480 101; 480 102; 481 103; 481 105; 480 106; 480 113; 481 114; 481 115; 482 116; 482 117; 483 118; 483 120; 484 121; 484 123; 486 125; 486 127; 487 128; 487 138; 488 139; 488 140; 489 141; 491 141; 492 140; 492 139; 493 138; 493 137; 499 131; 500 131; 501 130; 502 130; 509 123; 511 123; 512 122; 514 122; 515 121; 515 118; 516 117; 516 115; 517 114; 517 113; 520 110; 520 109; 524 105; 525 105; 525 104; 526 103; 526 101; 525 100; 522 100; 521 101; 513 101; 512 100; 511 100; 510 99; 506 99; 505 98; 503 98; 502 97; 501 97; 500 96; 488 96; 487 95; 486 95; 485 94; 484 94; 483 93; 482 93; 481 92
13; 611 94; 610 95; 609 95; 608 96; 607 96; 606 97; 594 97; 593 98; 588 98; 587 99; 584 99; 583 100; 580 100; 579 101; 575 101; 574 102; 573 101; 567 101; 567 104; 568 105; 568 106; 570 108; 570 109; 572 111; 572 112; 573 113; 573 114; 574 115; 574 117; 577 120; 578 120; 581 123; 581 124; 583 126; 583 127; 584 128; 584 129; 586 131; 586 132; 587 133; 587 134; 588 135; 588 136; 590 138; 590 140; 592 142; 595 142; 597 140; 597 138; 598 137; 598 135; 599 134; 599 132; 600 131; 600 129; 601 128; 601 126; 603 124; 603 123; 606 120; 607 120; 607 119; 609 117; 609 116; 610 115; 610 114; 611 113; 611 109; 612 108; 612 105; 613 104; 613 102; 615 100; 615 99; 617 97; 617 95; 616 94
14; 447 98; 442 103; 441 103; 439 105; 438 105; 437 106; 435 106; 434 107; 433 107; 431 109; 430 109; 428 111; 427 111; 426 112; 426 113; 424 115; 423 115; 420 118; 419 118; 412 125; 411 125; 410 126; 409 126; 408 127; 407 127; 406 128; 406 131; 407 132; 411 132; 412 133; 413 133; 415 135; 416 135; 417 136; 418 136; 420 138; 421 138; 422 139; 422 140; 423 141; 428 141; 429 140; 434 140; 435 141; 438 141; 439 142; 440 142; 442 144; 443 144; 446 147; 447 147; 448 148; 452 148; 453 147; 453 142; 452 141; 452 140; 451 139; 451 133; 450 132; 450 121; 451 120; 451 119; 452 118; 452 115; 449 112; 449 111; 448 110; 448 106; 449 105; 449 102; 450 101; 450 98
15; 560 114; 558 116; 557 116; 556 117; 554 117; 552 119; 551 119; 550 120; 549 120; 547 122; 546 122; 545 123; 543 123; 542 124; 535 124; 534 125; 533 125; 531 127; 531 128; 530 129; 529 129; 528 130; 526 130; 525 131; 521 131; 520 132; 519 132; 517 134; 517 136; 518 137; 518 138; 519 138; 526 145; 527 145; 528 146; 530 146; 532 148; 533 148; 535 150; 536 150; 538 152; 539 152; 540 153; 541 153; 544 156; 545 156; 549 160; 550 160; 553 163; 554 163; 556 165; 559 165; 559 164; 560 163; 560 161; 559 160; 559 153; 560 152; 560 148; 561 147; 561 146; 564 143; 564 139; 563 138; 563 137; 562 136; 562 133; 563 132; 563 126; 564 125; 564 121; 565 120; 565 119; 566 118; 566 115; 565 114
16; 212 128; 211 129; 210 129; 209 130; 208 130; 205 133; 204 133; 202 135; 201 135; 200 136; 199 136; 198 137; 196 137; 195 138; 194 138; 192 140; 191 140; 188 143; 187 143; 186 144; 185 144; 184 145; 183 145; 181 147; 180 147; 178 149; 177 149; 176 150; 172 150; 171 151; 170 151; 169 152; 169 156; 172 159; 174 159; 175 160; 177 160; 179 162; 180 162; 183 165; 184 165; 186 167; 186 168; 187 169; 187 171; 190 171; 191 172; 197 172; 198 173; 199 173; 200 174; 201 174; 206 179; 207 179; 209 181; 211 181; 211 171; 212 170; 212 164; 213 163; 213 159; 214 158; 214 152; 213 151; 213 141; 214 140; 214 137; 215 136; 215 129; 214 128
17; 734 136; 734 137; 732 139; 732 140; 724 148; 723 148; 722 149; 721 149; 718 152; 718 153; 717 154; 716 154; 714 156; 714 157; 712 159; 712 160; 711 161; 711 162; 704 169; 704 170; 703 171; 703 172; 702 173; 702 177; 704 179; 708 179; 709 178; 712 178; 713 177; 714 177; 715 178; 718 178; 719 179; 720 179; 721 180; 722 180; 725 183; 725 184; 729 184; 730 183; 733 183; 734 182; 741 182; 742 183; 743 183; 744 184; 745 184; 747 186; 750 186; 752 184; 752 182; 751 181; 751 179; 750 178; 750 177; 749 176; 749 175; 747 173; 747 172; 746 171; 746 169; 745 168; 745 160; 744 159; 744 157; 743 156; 743 155; 742 154; 742 152; 741 151; 741 150; 739 148; 739 146; 738 145; 738 136
18; 145 156; 144 157; 144 166; 145 167; 144 168; 144 190; 143 191; 143 195; 142 196; 142 200; 141 201; 141 207; 142 208; 142 209; 146 209; 149 206; 150 206; 152 204; 153 204; 155 202; 157 202; 158 201; 165 201; 166 200; 166 199; 167 198; 167 197; 170 194; 171 194; 173 192; 174 192; 179 187; 180 187; 181 186; 184 186; 185 185; 189 185; 190 184; 190 180; 188 178; 187 178; 186 177; 185 177; 184 176; 180 176; 179 175; 178 175; 176 173; 175 173; 173 171; 172 171; 170 169; 169 169; 167 167; 166 167; 165 166; 164 166; 163 165; 160 165; 159 164; 158 164; 157 163; 156 163; 154 161; 153 161; 152 160; 152 159; 149 156
19; 329 169; 328 170; 327 170; 327 171; 325 173; 325 174; 324 175; 324 176; 321 179; 320 179; 318 181; 317 181; 315 183; 315 184; 314 185; 311 185; 310 186; 309 186; 309 189; 308 190; 308 191; 304 195; 304 196; 299 201; 299 202; 297 204; 296 204; 293 207; 293 210; 294 210; 295 211; 306 211; 307 212; 310 212; 311 213; 313 213; 314 214; 316 214; 317 215; 319 215; 320 216; 323 216; 324 217; 326 217; 327 218; 329 218; 330 217; 338 217; 339 218; 340 218; 341 219; 343 219; 344 218; 344 214; 343 213; 343 211; 342 210; 342 209; 341 208; 341 203; 340 202; 340 198; 339 197; 339 195; 338 194; 338 193; 337 192; 337 190; 336 189; 336 187; 335 186; 335 185; 334 184; 334 182; 333 181; 333 174; 332 173; 332 169
20; 164 206; 162 208; 162 219; 163 220; 163 223; 162 224; 162 231; 161 232; 161 238; 162 239; 162 241; 163 242; 163 244; 164 245; 164 247; 165 248; 165 249; 164 250; 164 251; 163 252; 163 253; 162 254; 162 260; 166 260; 170 256; 171 256; 173 254; 174 254; 179 249; 180 249; 183 246; 184 246; 185 245; 186 245; 187 244; 188 244; 189 243; 190 243; 191 242; 193 242; 195 240; 196 240; 199 237; 200 237; 202 235; 203 235; 204 234; 205 234; 207 232; 207 227; 206 227; 205 226; 203 226; 202 225; 201 225; 200 224; 199 224; 195 220; 195 219; 194 219; 192 217; 188 217; 187 218; 186 218; 185 217; 183 217; 182 216; 181 216; 178 213; 177 213; 176 212; 175 212; 174 211; 172 211; 171 210; 170 210; 169 209; 168 209; 167 208; 167 207; 166 206
21; 309 221; 307 223; 307 225; 308 226; 308 228; 309 229; 309 249; 310 250; 310 260; 311 261; 311 273; 314 273; 318 269; 319 269; 320 268; 320 267; 325 262; 326 262; 327 261; 328 261; 329 260; 336 260; 337 259; 338 259; 338 258; 343 253; 343 252; 347 248; 348 248; 350 246; 351 246; 352 245; 353 245; 354 244; 354 240; 353 240; 352 239; 348 239; 347 238; 346 238; 345 237; 344 237; 343 236; 342 236; 341 235; 340 235; 339 234; 338 234; 337 233; 336 233; 335 232; 334 232; 331 229; 329 229; 328 228; 324 228; 323 227; 322 227; 321 226; 319 226; 318 225; 317 225; 313 221
22; 215 228; 215 229; 213 231; 213 233; 207 239; 206 239; 191 254; 190 254; 188 256; 187 256; 180 263; 179 263; 179 266; 180 267; 182 267; 183 268; 186 268; 187 269; 188 269; 189 270; 190 270; 194 274; 195 274; 196 275; 199 275; 200 274; 204 274; 205 275; 208 275; 209 276; 211 276; 212 277; 213 277; 214 278; 215 278; 216 279; 217 279; 218 280; 219 280; 220 281; 227 281; 228 280; 228 276; 224 272; 224 271; 223 270; 223 261; 222 260; 222 259; 223 258; 223 256; 224 255; 224 250; 223 249; 223 246; 222 245; 222 240; 221 239; 221 237; 220 236; 220 229; 219 228
23; 850 243; 848 245; 848 248; 849 249; 849 250; 853 254; 853 255; 854 256; 854 269; 856 271; 857 271; 858 272; 858 273; 860 275; 860 277; 861 278; 861 281; 862 282; 862 284; 863 285; 863 286; 864 287; 864 290; 865 291; 865 292; 866 293; 869 293; 872 290; 872 289; 873 288; 873 287; 874 286; 874 285; 875 284; 875 281; 876 280; 876 279; 878 277; 878 276; 881 273; 881 272; 884 269; 884 268; 889 263; 889 262; 892 259; 892 258; 893 257; 893 256; 899 250; 899 248; 898 247; 892 247; 891 248; 887 248; 886 247; 884 247; 883 246; 882 246; 881 245; 879 245; 878 244; 864 244; 863 245; 862 245; 861 246; 857 246; 856 245; 855 245; 854 244; 853 244; 852 243
24; 574 243; 572 245; 572 246; 571 247; 570 247; 569 248; 568 248; 567 247; 566 247; 564 245; 559 245; 558 246; 558 249; 559 250; 559 251; 560 252; 560 255; 561 256; 561 257; 562 258; 562 259; 564 261; 564 263; 565 264; 565 267; 566 268; 566 269; 568 271; 568 272; 571 275; 571 276; 573 278; 573 279; 574 280; 574 281; 575 282; 575 284; 576 285; 576 286; 577 287; 577 288; 578 289; 578 290; 579 291; 579 292; 580 293; 582 293; 583 292; 583 291; 584 290; 584 289; 585 288; 585 285; 586 284; 586 282; 587 281; 587 280; 588 279; 588 278; 591 275; 591 274; 592 273; 593 273; 595 271; 601 271; 601 268; 599 266; 599 265; 598 264; 599 263; 599 260; 600 259; 600 258; 602 256; 602 255; 603 254; 603 253; 606 250; 606 249; 607 248; 607 245; 606 245; 605 244; 602 244; 601 245; 597 245; 596 246; 582 246; 581 245; 580 245; 578 243
25; 946 235; 944 237; 943 237; 943 238; 941 240; 941 241; 939 243; 938 243; 932 249; 931 249; 930 250; 928 250; 927 251; 926 251; 923 254; 922 254; 919 257; 919 258; 918 259; 917 259; 916 260; 915 260; 914 261; 913 261; 908 266; 908 269; 909 269; 910 270; 914 270; 915 271; 916 271; 917 272; 918 272; 919 273; 920 273; 922 275; 923 275; 929 281; 929 282; 935 282; 938 279; 938 278; 939 277; 939 276; 940 275; 940 274; 944 270; 946 270; 947 269; 949 269; 950 268; 951 268; 952 267; 952 266; 954 264; 954 261; 955 260; 955 258; 954 257; 954 255; 953 254; 953 252; 952 251; 952 236; 951 235
26; 366 259; 366 268; 365 269; 365 271; 364 272; 364 273; 363 274; 363 275; 362 276; 362 277; 361 278; 361 279; 360 280; 360 281; 359 282; 359 283; 357 285; 357 286; 355 288; 355 289; 353 291; 353 295; 352 296; 352 298; 351 299; 351 300; 350 301; 350 304; 349 305; 349 306; 348 307; 348 311; 349 311; 350 312; 353 312; 354 311; 356 311; 357 310; 358 310; 360 308; 362 308; 363 307; 368 307; 369 306; 377 306; 380 303; 381 303; 382 302; 383 302; 384 301; 386 301; 387 300; 390 300; 391 299; 397 299; 398 298; 399 298; 399 294; 398 293; 397 293; 395 291; 394 291; 391 288; 391 287; 390 286; 390 284; 391 283; 391 279; 389 277; 388 277; 387 276; 383 276; 382 275; 381 275; 377 271; 377 270; 376 269; 376 268; 375 267; 375 266; 374 265; 374 264; 369 259
27; 292 273; 291 274; 290 274; 287 277; 286 277; 285 278; 284 278; 283 279; 282 279; 281 280; 279 280; 278 281; 275 281; 274 282; 273 282; 272 283; 270 283; 269 284; 268 284; 267 285; 266 285; 262 289; 261 289; 260 290; 259 290; 258 291; 255 291; 254 292; 251 292; 248 295; 248 298; 249 298; 250 299; 252 299; 253 300; 254 300; 259 305; 260 305; 269 314; 269 315; 271 317; 272 317; 273 318; 276 318; 277 319; 278 319; 279 320; 281 320; 287 326; 290 326; 290 325; 291 324; 291 322; 292 321; 292 314; 291 313; 291 312; 292 311; 292 307; 293 306; 293 305; 295 303; 295 299; 294 298; 294 286; 293 285; 294 284; 294 279; 295 278; 295 274; 294 273
28; 857 299; 851 305; 850 305; 849 306; 848 306; 847 307; 843 307; 842 308; 841 308; 839 310; 838 310; 837 311; 836 311; 833 314; 832 314; 831 315; 830 315; 828 317; 826 317; 823 320; 822 320; 820 322; 819 322; 818 323; 817 323; 816 324; 816 327; 820 331; 821 331; 822 332; 823 332; 824 333; 825 333; 826 334; 827 334; 828 335; 829 335; 830 336; 831 336; 835 340; 835 341; 836 342; 836 343; 837 344; 838 344; 839 345; 845 345; 846 346; 847 346; 850 349; 851 349; 852 350; 852 351; 853 352; 853 353; 857 353; 858 352; 859 352; 860 351; 859 350; 859 347; 858 346; 858 336; 859 335; 859 331; 864 326; 864 322; 861 319; 861 315; 862 314; 862 304; 863 303; 863 301; 861 299
29; 611 327; 611 331; 612 332; 612 338; 611 339; 611 349; 610 350; 610 352; 609 353; 609 369; 610 370; 610 374; 609 375; 609 378; 608 379; 608 383; 607 384; 610 384; 611 385; 614 385; 614 382; 615 381; 615 380; 616 379; 616 378; 618 376; 619 376; 621 374; 622 374; 623 373; 624 373; 625 372; 626 372; 628 370; 629 370; 630 369; 631 369; 633 367; 634 367; 635 366; 636 366; 638 364; 639 364; 642 361; 643 361; 647 357; 648 357; 649 356; 650 356; 651 355; 652 355; 655 352; 655 349; 654 348; 651 348; 650 347; 648 347; 646 345; 645 345; 641 341; 640 341; 639 340; 637 340; 636 339; 633 339; 632 338; 630 338; 629 337; 628 337; 627 336; 626 336; 625 335; 624 335; 623 334; 622 334; 615 327
30; 428 339; 426 341; 426 347; 427 348; 427 353; 426 354; 426 360; 427 361; 427 388; 426 389; 426 395; 429 395; 430 394; 431 394; 437 388; 438 388; 440 386; 443 386; 444 385; 445 385; 451 379; 452 379; 455 376; 456 376; 458 374; 459 374; 460 373; 461 373; 463 371; 464 371; 468 367; 469 367; 470 366; 471 366; 472 365; 472 362; 471 361; 470 361; 469 360; 467 360; 466 359; 465 359; 464 358; 463 358; 460 355; 460 354; 459 353; 459 352; 458 351; 458 350; 454 346; 450 346; 449 347; 445 347; 444 346; 443 346; 442 345; 441 345; 440 344; 436 344; 433 341; 432 341; 430 339
31; 380 336; 376 340; 376 341; 373 344; 372 344; 371 345; 369 345; 368 346; 367 346; 366 347; 365 347; 364 348; 363 348; 362 349; 361 349; 360 350; 359 350; 358 351; 354 351; 353 352; 352 352; 351 353; 351 354; 346 359; 345 359; 344 360; 343 360; 342 361; 340 361; 338 363; 338 366; 346 374; 347 374; 348 375; 351 375; 352 376; 353 376; 354 377; 354 378; 355 378; 358 381; 359 381; 360 382; 362 382; 363 383; 365 383; 366 384; 367 384; 368 385; 369 385; 370 386; 371 386; 373 388; 373 389; 376 392; 378 392; 380 390; 380 379; 381 378; 381 374; 382 373; 382 372; 383 371; 383 369; 384 368; 384 366; 383 365; 383 363; 382 362; 382 358; 381 357; 381 352; 382 351; 382 348; 383 347; 383 343; 384 342; 384 337; 383 336
32; 860 352; 859 353; 858 353; 857 354; 854 354; 855 355; 855 356; 858 359; 858 361; 859 362; 859 370; 858 371; 858 374; 856 376; 856 377; 855 378; 855 380; 856 381; 856 385; 855 386; 855 387; 853 389; 853 391; 854 392; 854 393; 855 394; 855 395; 856 395; 857 396; 858 396; 859 397; 860 397; 861 398; 861 402; 860 403; 860 407; 863 407; 866 404; 867 404; 871 400; 872 400; 873 399; 874 399; 875 398; 877 398; 878 397; 879 397; 881 395; 881 394; 883 392; 884 392; 885 391; 886 391; 888 389; 889 389; 889 388; 893 384; 894 384; 896 382; 897 382; 898 381; 899 381; 902 378; 902 376; 901 375; 900 375; 899 374; 898 374; 897 373; 896 373; 895 372; 894 372; 893 371; 892 371; 891 370; 890 370; 887 367; 886 367; 885 366; 884 366; 883 365; 882 365; 881 364; 878 364; 877 363; 876 363; 875 362; 874 362; 873 361; 872 361; 871 360; 870 360; 867 357; 866 357; 861 352
33; 607 385; 606 386; 606 387; 603 390; 602 390; 601 391; 600 391; 598 393; 596 393; 595 394; 594 394; 593 395; 587 395; 573 409; 572 409; 571 410; 570 410; 566 414; 566 416; 568 418; 570 418; 571 419; 572 419; 573 420; 574 420; 577 423; 578 423; 580 425; 581 425; 582 426; 583 426; 585 428; 586 428; 591 433; 592 433; 593 434; 595 434; 598 437; 598 438; 601 441; 603 441; 603 434; 602 433; 602 431; 603 430; 604 430; 607 433; 607 434; 608 435; 611 435; 611 424; 612 423; 612 412; 611 411; 611 404; 610 403; 610 397; 611 396; 611 392; 612 391; 612 388; 613 387; 613 386; 611 386; 610 385
34; 526 399; 525 400; 525 401; 524 402; 524 405; 525 406; 525 413; 524 414; 524 416; 523 417; 523 419; 522 420; 522 423; 521 424; 521 427; 520 428; 520 430; 519 431; 519 432; 518 433; 518 443; 517 444; 517 445; 516 446; 516 455; 517 456; 519 456; 520 455; 521 455; 525 451; 526 451; 528 449; 529 449; 530 448; 532 448; 533 447; 541 447; 545 443; 546 443; 551 438; 552 438; 553 437; 554 437; 555 436; 557 436; 558 435; 561 435; 562 434; 564 434; 565 433; 565 429; 564 429; 563 428; 562 428; 561 427; 558 427; 547 416; 547 415; 545 413; 545 412; 543 410; 542 410; 541 409; 538 409; 537 408; 536 408; 533 405; 533 404; 532 403; 532 402; 530 400; 529 400; 528 399
35; 750 401; 750 402; 749 403; 749 406; 748 407; 748 408; 747 409; 747 410; 746 411; 746 412; 745 413; 745 414; 743 416; 743 417; 737 423; 737 424; 736 425; 736 427; 735 428; 735 430; 734 431; 734 432; 732 434; 732 435; 731 436; 731 438; 730 439; 730 440; 725 445; 725 446; 724 447; 724 450; 725 451; 731 451; 732 450; 733 450; 734 449; 736 449; 737 450; 739 450; 740 451; 744 451; 745 450; 748 450; 749 449; 751 449; 752 448; 756 448; 757 447; 768 447; 769 448; 770 448; 770 444; 771 443; 771 441; 772 440; 772 438; 770 436; 770 435; 769 434; 769 433; 768 432; 768 431; 767 430; 767 422; 766 422; 765 421; 763 421; 760 418; 760 417; 759 416; 759 415; 758 414; 758 413; 757 412; 757 405; 756 404; 756 403; 754 401
36; 345 420; 343 422; 343 423; 342 424; 342 425; 336 431; 335 431; 334 432; 333 432; 330 435; 330 436; 321 445; 320 445; 318 447; 317 447; 317 448; 312 453; 311 453; 310 454; 309 454; 308 455; 308 458; 309 459; 310 459; 312 461; 313 461; 315 463; 316 463; 317 464; 318 464; 320 466; 321 466; 322 467; 323 467; 324 468; 327 468; 329 470; 329 471; 331 473; 333 473; 334 472; 335 472; 336 471; 345 471; 350 476; 354 476; 355 475; 355 472; 354 471; 354 469; 353 468; 353 465; 354 464; 354 454; 353 453; 353 448; 352 447; 352 444; 351 443; 351 441; 350 440; 350 437; 349 436; 349 430; 350 429; 350 427; 351 426; 351 424; 350 423; 350 421; 349 421; 348 420
37; 813 506; 816 500; 815 486; 763 461; 757 462; 752 470; 748 485; 771 495; 777 503; 789 507
38; 816 455; 819 446; 817 440; 809 440; 792 433; 786 435; 780 441; 773 440; 770 449; 772 453; 763 461; 815 486; 819 474
39; 697 456; 695 458; 695 459; 694 460; 694 462; 693 463; 693 465; 692 466; 692 467; 691 468; 691 469; 686 474; 685 474; 684 475; 683 475; 683 476; 682 477; 682 482; 681 483; 681 484; 679 486; 679 487; 677 489; 677 490; 676 491; 676 492; 674 494; 674 495; 673 496; 673 497; 672 498; 672 499; 670 501; 670 502; 669 503; 669 505; 670 506; 673 506; 674 505; 675 505; 676 504; 678 504; 679 503; 685 503; 686 504; 688 504; 689 505; 706 505; 707 504; 714 504; 715 505; 719 505; 720 504; 720 501; 719 500; 719 499; 717 497; 717 495; 716 494; 716 490; 715 489; 715 488; 716 487; 716 485; 715 484; 715 483; 714 482; 714 481; 710 477; 710 476; 709 475; 709 474; 708 473; 708 472; 707 471; 707 470; 706 469; 706 468; 704 466; 704 465; 703 464; 703 463; 702 462; 702 461; 701 460; 701 458; 700 457; 700 456
40; 736 512; 735 513; 735 516; 736 517; 736 519; 737 520; 737 522; 738 523; 738 525; 739 526; 739 530; 740 531; 740 534; 741 535; 741 538; 742 539; 742 543; 743 544; 743 547; 744 548; 744 550; 745 551; 745 553; 746 554; 746 555; 747 556; 747 557; 748 558; 748 559; 749 560; 749 568; 750 569; 752 569; 755 566; 755 565; 756 564; 756 562; 757 561; 757 560; 758 559; 758 558; 761 555; 761 554; 765 550; 767 550; 768 549; 772 549; 772 542; 773 541; 773 539; 774 538; 774 537; 778 533; 778 532; 781 529; 782 529; 785 526; 785 522; 784 521; 782 521; 781 520; 777 520; 776 519; 773 519; 772 518; 766 518; 765 517; 751 517; 750 518; 748 518; 747 517; 745 517; 742 514; 741 514; 739 512
41; 473 502; 465 510; 464 510; 460 514; 460 515; 459 516; 459 517; 455 521; 454 521; 453 522; 452 522; 447 527; 446 527; 444 529; 443 529; 438 534; 437 534; 436 535; 435 535; 434 536; 433 536; 432 537; 432 539; 433 540; 434 540; 435 541; 437 541; 438 542; 439 542; 440 543; 441 543; 442 544; 443 544; 444 545; 446 545; 447 546; 448 546; 449 547; 450 547; 454 551; 454 553; 451 556; 451 558; 452 559; 452 560; 455 560; 456 559; 456 556; 457 555; 457 554; 458 553; 461 553; 462 554; 465 554; 466 555; 468 555; 470 557; 471 557; 472 558; 474 558; 476 560; 480 560; 481 559; 481 556; 480 555; 480 554; 479 553; 479 551; 478 550; 479 549; 479 539; 480 538; 480 532; 479 531; 479 527; 478 526; 478 522; 477 521; 477 517; 476 516; 476 509; 477 508; 477 503; 476 502
42; 686 511; 685 512; 685 513; 684 514; 684 515; 683 516; 683 517; 682 518; 682 519; 681 520; 680 520; 680 521; 670 531; 670 532; 667 535; 667 536; 660 543; 660 544; 658 546; 658 547; 657 548; 657 549; 651 555; 651 558; 662 558; 665 561; 666 561; 667 562; 670 562; 671 561; 676 561; 677 562; 680 562; 681 563; 685 563; 686 564; 690 564; 691 565; 693 565; 694 566; 699 566; 700 565; 700 562; 699 561; 699 555; 698 554; 698 549; 697 548; 697 540; 696 539; 696 538; 695 537; 695 536; 694 535; 694 531; 692 529; 692 528; 691 527; 691 526; 690 525; 690 512; 689 511
43; 820 521; 819 522; 818 522; 816 524; 815 524; 814 525; 812 525; 811 524; 810 525; 809 525; 808 526; 806 526; 807 527; 807 528; 803 532; 802 532; 799 535; 798 535; 795 538; 794 538; 792 540; 791 540; 787 544; 786 544; 785 545; 784 545; 783 546; 782 546; 781 547; 780 547; 779 548; 777 548; 776 549; 775 549; 775 551; 778 554; 779 554; 781 556; 782 556; 785 559; 786 559; 788 561; 788 562; 790 564; 790 566; 792 568; 800 568; 802 570; 803 570; 804 571; 805 571; 811 577; 812 577; 813 578; 814 578; 815 579; 817 579; 818 578; 818 565; 819 564; 819 558; 820 557; 820 553; 821 552; 821 549; 822 548; 822 546; 821 545; 821 542; 820 541; 821 540; 821 536; 822 535; 822 533; 823 532; 823 530; 824 529; 824 523; 822 521
44; 718 568; 717 569; 716 569; 713 572; 712 572; 711 573; 699 573; 698 574; 697 574; 696 573; 694 573; 693 572; 689 572; 688 573; 687 573; 686 574; 686 575; 684 577; 683 577; 682 578; 679 578; 678 579; 675 579; 674 578; 672 578; 670 580; 670 582; 673 585; 673 586; 676 589; 676 590; 678 592; 678 594; 679 595; 679 596; 681 598; 681 599; 684 602; 684 604; 685 605; 685 606; 693 614; 693 615; 694 616; 694 617; 695 618; 695 619; 696 620; 696 621; 697 622; 697 623; 698 624; 700 624; 702 622; 702 613; 703 612; 703 611; 704 610; 704 609; 705 608; 705 607; 707 605; 707 604; 709 602; 709 601; 711 599; 712 599; 713 598; 713 596; 714 595; 714 592; 715 591; 715 588; 716 587; 716 584; 717 583; 717 582; 718 581; 718 580; 719 579; 719 577; 721 575; 721 569; 720 568
45; 658 567; 655 570; 655 571; 654 572; 654 573; 653 574; 653 575; 652 576; 652 577; 646 583; 646 584; 644 586; 644 587; 641 590; 640 590; 639 591; 639 596; 638 597; 638 598; 637 599; 637 600; 635 602; 635 603; 632 606; 631 606; 629 608; 629 609; 628 610; 628 611; 626 613; 626 617; 627 618; 629 618; 630 617; 643 617; 644 618; 651 618; 652 619; 653 619; 654 620; 660 620; 662 618; 670 618; 671 619; 675 619; 676 618; 676 615; 675 614; 675 613; 673 611; 673 610; 672 609; 672 607; 671 606; 671 600; 670 599; 670 598; 669 597; 669 596; 668 595; 668 594; 667 593; 667 592; 666 591; 666 589; 665 588; 665 586; 664 585; 664 583; 663 582; 663 577; 662 576; 662 573; 661 572; 661 567
46; 938 570; 937 571; 937 572; 935 574; 935 575; 934 576; 934 577; 933 578; 933 580; 931 582; 930 582; 928 584; 927 584; 926 585; 926 586; 925 587; 925 588; 922 591; 922 592; 920 594; 920 596; 919 597; 919 598; 918 599; 918 600; 917 601; 917 602; 915 604; 915 605; 911 609; 910 609; 909 610; 908 610; 907 611; 906 611; 906 616; 907 616; 908 617; 916 617; 917 618; 920 618; 921 619; 922 619; 923 620; 925 620; 927 622; 927 627; 928 628; 930 628; 931 627; 931 626; 933 624; 934 624; 935 623; 941 623; 942 624; 944 624; 945 625; 947 625; 948 626; 954 626; 955 625; 955 620; 953 618; 953 617; 952 616; 952 615; 951 614; 951 603; 950 602; 950 595; 949 594; 949 592; 948 591; 948 590; 947 589; 947 588; 946 587; 946 586; 945 585; 945 584; 944 583; 944 582; 943 581; 943 572; 941 570
47; 834 578; 833 579; 832 579; 828 583; 827 583; 826 584; 825 584; 824 585; 821 585; 820 586; 819 586; 817 588; 817 589; 810 596; 809 596; 808 597; 807 597; 798 606; 797 606; 796 607; 795 607; 794 608; 793 608; 791 610; 791 612; 795 616; 796 616; 799 619; 801 619; 802 620; 803 620; 804 621; 805 621; 809 625; 809 626; 811 628; 817 628; 818 629; 819 629; 820 630; 821 630; 822 631; 823 631; 824 632; 825 632; 826 633; 827 633; 832 638; 837 638; 838 637; 838 633; 836 631; 836 630; 835 629; 835 627; 834 626; 834 622; 835 621; 835 619; 836 618; 836 605; 837 604; 837 578
48; 1021 595; 1020 596; 1018 596; 1017 597; 1016 597; 1015 598; 1014 598; 1013 599; 1009 599; 1006 596; 1002 596; 1000 598; 1000 599; 998 601; 997 601; 996 602; 989 602; 988 603; 986 603; 984 605; 982 605; 981 606; 980 605; 978 605; 977 604; 973 604; 972 605; 972 609; 973 610; 973 611; 979 617; 979 618; 980 619; 980 621; 981 622; 981 624; 982 625; 982 628; 981 629; 981 635; 982 635; 983 636; 986 636; 991 641; 991 642; 992 643; 992 644; 993 645; 993 647; 994 648; 994 650; 995 651; 995 652; 997 654; 1000 654; 1001 653; 1001 650; 1002 649; 1002 645; 1003 644; 1003 642; 1004 641; 1004 639; 1005 638; 1005 637; 1006 636; 1006 635; 1007 634; 1007 633; 1008 632; 1008 630; 1009 629; 1009 627; 1010 626; 1010 624; 1011 623; 1011 621; 1012 620; 1012 619; 1014 617; 1014 616; 1015 615; 1015 614; 1016 613; 1016 611; 1017 610; 1017 609; 1018 608; 1018 607; 1019 606; 1019 604; 1022 601; 1023 601; 1023 595
49; 333 597; 324 606; 323 606; 321 608; 320 608; 317 611; 316 611; 315 612; 314 612; 313 613; 311 613; 310 612; 307 612; 306 613; 305 613; 305 614; 303 616; 303 618; 299 622; 297 622; 296 623; 295 623; 293 625; 292 625; 290 627; 290 632; 294 636; 296 636; 297 637; 298 637; 299 638; 300 638; 301 639; 303 639; 304 640; 305 640; 306 641; 307 641; 308 642; 309 642; 310 643; 311 643; 312 644; 313 644; 314 645; 315 645; 316 646; 317 646; 318 647; 319 647; 320 648; 321 648; 324 651; 325 651; 330 656; 330 657; 331 657; 332 658; 334 658; 334 657; 335 656; 335 644; 334 643; 334 637; 335 636; 335 630; 339 626; 339 624; 337 622; 337 621; 336 620; 336 609; 335 608; 335 606; 336 605; 336 597
50; 1022 629; 1020 631; 1019 631; 1019 632; 1018 633; 1018 634; 1017 635; 1017 636; 1015 638; 1015 639; 1013 641; 1013 642; 1009 646; 1009 647; 1008 648; 1008 649; 1007 650; 1007 651; 1005 653; 1005 654; 1004 655; 1004 656; 1003 657; 1003 662; 1002 663; 1002 664; 1000 666; 1000 667; 999 668; 999 669; 996 672; 995 672; 992 675; 992 676; 988 680; 988 683; 990 685; 991 685; 992 684; 994 684; 995 683; 996 683; 997 682; 1000 682; 1001 681; 1002 681; 1003 682; 1006 682; 1007 683; 1008 683; 1009 684; 1010 684; 1012 686; 1014 686; 1016 684; 1017 684; 1018 683; 1023 683; 1023 672; 1012 672; 1010 670; 1010 668; 1011 667; 1011 666; 1012 665; 1012 664; 1013 663; 1013 661; 1014 660; 1014 657; 1015 656; 1015 655; 1016 654; 1017 654; 1018 653; 1019 653; 1020 654; 1023 654; 1023 629
51; 737 662; 732 667; 732 668; 729 671; 729 672; 727 674; 726 674; 724 676; 723 676; 722 677; 721 677; 718 680; 717 680; 715 682; 715 683; 713 685; 713 686; 702 697; 701 697; 699 699; 698 699; 697 700; 696 700; 695 701; 695 705; 698 708; 704 708; 707 711; 707 712; 708 713; 710 713; 711 714; 716 714; 719 717; 720 717; 721 718; 726 718; 727 719; 729 719; 730 720; 731 720; 733 722; 733 723; 735 725; 737 725; 738 724; 738 723; 739 722; 739 719; 740 718; 740 708; 739 707; 739 699; 740 698; 740 696; 741 695; 741 694; 742 693; 742 688; 741 687; 741 686; 740 685; 740 680; 739 679; 739 662
52; 1022 691; 1021 692; 1020 692; 1019 693; 1018 693; 1017 694; 1016 694; 1014 696; 1013 696; 1012 697; 1011 697; 1010 698; 1009 698; 1008 699; 1006 699; 1005 700; 1000 700; 999 701; 997 701; 996 702; 995 702; 994 703; 993 703; 991 705; 991 707; 992 708; 993 708; 994 709; 995 709; 998 712; 998 713; 999 714; 999 715; 1000 716; 1000 717; 1001 718; 1001 719; 1003 721; 1003 723; 1004 724; 1004 726; 1006 728; 1007 728; 1008 729; 1009 729; 1017 737; 1017 738; 1018 739; 1018 740; 1021 743; 1023 743; 1023 724; 1020 724; 1017 721; 1017 720; 1014 717; 1013 717; 1009 713; 1009 710; 1012 707; 1013 707; 1014 706; 1015 706; 1016 705; 1017 705; 1018 704; 1019 704; 1020 703; 1021 703; 1022 702; 1023 702; 1023 691
53; 987 681; 986 682; 985 682; 984 683; 983 683; 981 685; 980 685; 978 687; 977 687; 976 688; 975 688; 974 689; 973 689; 972 690; 971 690; 970 691; 968 691; 967 692; 966 692; 965 693; 964 693; 962 695; 961 695; 959 697; 958 697; 955 700; 954 700; 952 702; 951 702; 950 703; 947 703; 943 699; 940 699; 940 702; 943 705; 943 708; 940 711; 939 711; 939 714; 942 714; 943 715; 945 715; 946 716; 947 716; 950 719; 950 721; 951 722; 951 723; 952 724; 953 724; 954 725; 956 725; 957 726; 958 726; 961 729; 962 729; 966 733; 967 733; 968 734; 968 735; 971 738; 971 739; 974 742; 977 742; 977 741; 978 740; 978 738; 979 737; 979 735; 980 734; 980 726; 981 725; 981 721; 982 720; 982 718; 983 717; 983 716; 984 715; 984 714; 985 713; 985 712; 986 711; 986 709; 985 708; 985 699; 986 698; 986 696; 987 695; 987 692; 988 691; 988 688; 989 687; 989 685; 987 683
54; 411 692; 407 696; 407 697; 406 698; 406 699; 405 700; 405 704; 404 705; 404 707; 403 708; 403 709; 401 711; 401 712; 398 715; 398 716; 397 717; 397 718; 396 719; 396 721; 395 722; 395 723; 394 724; 394 725; 393 726; 393 727; 391 729; 391 730; 385 736; 385 737; 384 738; 384 739; 382 741; 382 742; 380 744; 380 748; 381 748; 382 749; 384 749; 385 748; 386 748; 387 747; 391 747; 392 746; 393 747; 395 747; 397 749; 398 749; 399 750; 401 750; 402 749; 403 749; 404 748; 405 748; 406 747; 408 747; 409 746; 413 746; 414 745; 419 745; 420 744; 426 744; 427 745; 429 745; 430 746; 433 746; 433 741; 432 740; 432 739; 431 738; 431 737; 429 735; 429 734; 427 732; 427 731; 426 730; 426 728; 425 727; 425 725; 424 724; 424 715; 421 712; 421 711; 417 707; 417 706; 416 705; 416 704; 415 703; 415 693; 414 692
55; 298 716; 295 719; 295 720; 292 723; 292 724; 291 725; 291 726; 290 727; 290 728; 289 729; 289 730; 281 738; 281 739; 278 742; 278 743; 274 747; 273 747; 271 749; 271 750; 269 752; 269 753; 268 754; 267 754; 267 755; 266 756; 265 756; 264 757; 264 758; 262 760; 262 764; 272 764; 273 765; 274 765; 276 767; 277 767; 278 768; 279 768; 280 769; 285 769; 286 770; 289 770; 290 771; 293 771; 294 772; 301 772; 302 773; 304 773; 305 774; 306 774; 307 775; 311 775; 311 770; 310 769; 310 766; 309 765; 309 752; 308 751; 308 747; 309 746; 309 737; 308 736; 308 734; 305 731; 305 730; 303 728; 303 726; 302 725; 302 718; 301 717; 301 716
56; 914 736; 912 738; 912 740; 913 741; 913 743; 914 744; 914 752; 913 753; 913 758; 912 759; 912 767; 913 768; 913 770; 914 771; 914 777; 915 778; 915 792; 914 793; 914 795; 916 797; 918 797; 919 796; 920 796; 928 788; 929 788; 930 787; 931 787; 932 786; 933 786; 934 785; 934 784; 939 779; 940 779; 941 778; 942 778; 944 776; 945 776; 946 775; 946 774; 947 773; 947 771; 948 770; 948 768; 953 763; 954 763; 956 761; 958 761; 959 760; 959 759; 960 758; 960 756; 958 754; 957 754; 956 753; 954 753; 953 752; 948 752; 947 751; 946 751; 942 747; 941 747; 938 744; 937 744; 936 743; 934 743; 933 742; 930 742; 929 741; 928 741; 927 740; 925 740; 924 739; 922 739; 921 738; 920 738; 918 736
57; 583 758; 582 759; 579 759; 578 760; 570 760; 569 761; 565 761; 564 760; 562 760; 561 759; 556 759; 555 760; 555 764; 556 765; 556 767; 557 768; 557 769; 558 770; 558 772; 560 774; 560 775; 561 776; 561 780; 562 781; 562 787; 561 788; 561 789; 560 790; 560 791; 559 792; 559 794; 560 795; 562 795; 563 796; 564 796; 567 799; 567 800; 568 801; 568 802; 569 803; 569 813; 570 814; 582 814; 583 813; 594 813; 594 812; 593 811; 593 809; 592 808; 592 804; 591 803; 591 797; 590 796; 590 794; 589 793; 589 792; 590 791; 590 788; 591 787; 591 786; 592 785; 592 784; 595 781; 595 780; 598 777; 598 776; 600 774; 600 772; 601 771; 601 770; 603 768; 603 767; 605 765; 605 764; 606 763; 606 761; 605 760; 603 760; 602 761; 600 761; 599 762; 594 762; 590 758
58; 243 740; 241 742; 241 744; 240 745; 240 747; 239 748; 239 749; 237 751; 237 752; 231 758; 231 759; 229 761; 229 762; 222 769; 222 770; 221 771; 221 772; 220 773; 220 774; 219 775; 219 776; 218 777; 218 778; 209 787; 209 790; 212 790; 213 791; 221 791; 222 792; 224 792; 225 793; 227 793; 228 794; 234 794; 235 795; 246 795; 247 796; 249 796; 250 797; 251 797; 252 798; 258 798; 259 797; 259 792; 257 790; 257 789; 256 788; 256 787; 255 786; 255 784; 254 783; 254 781; 253 780; 253 769; 254 768; 254 764; 251 761; 251 760; 250 759; 250 758; 249 757; 249 755; 248 754; 248 744; 247 743; 247 741; 246 741; 245 740
59; 326 781; 324 783; 324 784; 319 789; 319 790; 316 793; 315 793; 314 794; 309 794; 308 795; 307 795; 305 797; 305 798; 304 799; 304 800; 300 804; 299 804; 298 805; 298 806; 291 813; 290 813; 289 814; 288 814; 286 816; 285 816; 284 817; 284 821; 285 822; 286 822; 287 823; 289 823; 290 824; 291 824; 292 825; 293 825; 295 827; 296 827; 299 830; 300 830; 307 837; 308 837; 309 838; 312 838; 313 839; 314 839; 316 841; 317 841; 323 847; 325 847; 327 845; 327 840; 326 839; 326 838; 325 837; 325 827; 326 826; 326 816; 327 815; 327 795; 328 794; 328 790; 329 789; 329 786; 330 785; 330 782; 329 781
60; 141 802; 140 803; 140 810; 141 811; 141 831; 140 832; 140 833; 135 838; 135 840; 136 841; 136 842; 137 843; 137 844; 138 845; 138 846; 137 847; 137 850; 136 851; 136 859; 138 859; 138 858; 139 857; 139 856; 140 855; 140 854; 141 853; 142 853; 144 855; 144 863; 145 864; 145 865; 147 865; 149 863; 149 862; 151 860; 151 859; 154 856; 155 856; 158 853; 158 852; 162 848; 168 848; 168 844; 169 843; 169 841; 170 840; 170 839; 177 832; 178 832; 184 826; 185 826; 186 825; 187 825; 189 823; 189 821; 188 820; 188 819; 187 819; 186 818; 185 818; 184 817; 183 817; 181 815; 180 815; 179 814; 176 814; 175 813; 174 813; 173 812; 172 812; 170 810; 168 810; 167 809; 163 809; 162 808; 160 808; 159 807; 156 807; 155 806; 153 806; 152 807; 151 806; 148 806; 147 805; 146 805; 143 802
61; 583 814; 582 815; 570 815; 573 818; 573 820; 572 821; 572 822; 571 823; 571 824; 569 826; 569 827; 566 830; 566 831; 564 833; 564 834; 563 835; 563 836; 561 838; 561 840; 560 841; 560 842; 559 843; 558 843; 556 845; 556 846; 555 847; 555 851; 556 852; 559 852; 560 853; 565 853; 566 852; 567 852; 568 851; 570 851; 571 852; 572 852; 575 855; 575 856; 576 857; 576 858; 579 858; 580 857; 581 857; 582 856; 583 856; 584 855; 587 855; 588 854; 592 854; 593 853; 595 853; 596 852; 598 852; 599 853; 600 853; 601 854; 602 854; 603 855; 605 855; 606 854; 606 849; 605 848; 605 847; 604 846; 604 845; 603 844; 603 843; 602 842; 602 841; 601 840; 601 836; 600 835; 600 827; 599 826; 599 825; 598 824; 598 823; 597 822; 597 821; 596 820; 596 818; 595 817; 595 815; 594 814
62; 89 796; 88 797; 88 798; 83 803; 82 803; 82 804; 80 806; 80 808; 79 809; 79 810; 78 811; 78 812; 76 814; 76 815; 70 821; 70 822; 67 825; 67 826; 66 827; 66 828; 64 830; 64 831; 53 842; 53 843; 52 844; 52 848; 53 849; 55 849; 56 850; 58 850; 59 851; 61 851; 62 850; 64 850; 69 855; 74 855; 75 854; 76 855; 77 855; 78 856; 85 856; 86 855; 90 855; 91 856; 95 856; 96 857; 101 857; 101 854; 100 853; 100 851; 99 850; 99 849; 98 848; 98 840; 97 839; 97 830; 98 829; 98 828; 100 826; 100 824; 99 823; 99 822; 98 821; 97 821; 96 820; 96 819; 95 818; 95 816; 94 815; 94 807; 93 806; 93 804; 92 803; 92 796
63; 447 823; 445 825; 445 826; 444 827; 444 828; 442 830; 442 831; 441 832; 441 833; 440 834; 440 835; 436 839; 435 839; 434 840; 434 841; 433 842; 433 843; 432 844; 432 845; 431 846; 431 847; 430 848; 430 849; 429 850; 429 851; 420 860; 420 861; 419 862; 419 863; 418 864; 418 866; 417 867; 417 868; 416 869; 416 870; 414 872; 414 873; 412 875; 412 876; 411 877; 411 878; 410 879; 413 879; 414 880; 416 880; 417 881; 418 880; 419 880; 420 879; 421 880; 425 880; 426 881; 427 881; 428 882; 433 882; 434 881; 441 881; 442 882; 444 882; 445 883; 447 883; 448 884; 454 884; 455 885; 462 885; 462 882; 461 881; 461 878; 460 877; 460 876; 459 875; 459 874; 458 873; 458 869; 457 868; 457 859; 456 858; 456 854; 457 853; 457 852; 458 851; 458 848; 457 847; 457 846; 456 845; 456 844; 452 840; 452 839; 451 838; 451 826; 450 825; 450 824; 449 823
64; 393 846; 391 848; 391 849; 390 850; 389 850; 389 851; 388 852; 387 852; 382 857; 381 857; 380 858; 379 858; 374 863; 373 863; 368 868; 368 869; 363 874; 362 874; 359 877; 358 877; 356 879; 355 879; 354 880; 353 880; 352 881; 351 881; 350 882; 350 886; 351 887; 351 888; 352 888; 353 889; 357 889; 358 890; 359 890; 361 892; 362 892; 365 895; 366 895; 368 897; 369 897; 370 898; 371 898; 373 900; 374 900; 375 901; 376 901; 377 902; 380 902; 381 903; 382 903; 383 904; 384 904; 390 910; 390 911; 391 912; 394 912; 396 910; 397 910; 397 908; 396 907; 396 901; 395 900; 395 898; 394 897; 394 892; 395 891; 395 889; 396 888; 396 885; 397 884; 397 883; 398 882; 398 878; 397 877; 397 876; 396 875; 396 873; 395 872; 395 868; 394 867; 394 860; 395 859; 395 851; 396 850; 396 847; 395 846
65; 183 848; 182 849; 182 853; 181 854; 181 858; 180 859; 180 863; 179 864; 179 866; 178 867; 178 868; 177 869; 177 871; 176 872; 176 874; 175 875; 175 876; 174 877; 174 878; 173 879; 173 884; 174 885; 174 887; 173 888; 173 893; 172 894; 172 895; 171 896; 171 900; 170 901; 170 904; 169 905; 169 908; 168 909; 168 911; 167 912; 167 916; 170 916; 173 913; 174 913; 178 909; 179 909; 180 908; 181 908; 182 907; 184 907; 185 906; 186 906; 187 905; 188 905; 189 904; 190 904; 191 903; 193 903; 194 902; 197 902; 199 900; 200 900; 201 899; 202 899; 204 897; 205 897; 207 895; 208 895; 209 894; 211 894; 212 893; 214 893; 215 892; 216 892; 217 891; 218 891; 218 890; 219 889; 219 887; 218 886; 218 885; 217 885; 211 879; 211 878; 202 869; 201 869; 198 866; 198 865; 197 864; 196 864; 190 858; 190 857; 188 855; 188 854; 187 853; 187 852; 186 851; 186 849; 185 848
66; 410 880; 410 889; 409 890; 409 893; 408 894; 408 895; 407 896; 407 897; 406 898; 406 899; 405 900; 405 901; 404 902; 404 904; 403 905; 403 907; 402 908; 402 909; 400 911; 399 911; 398 910; 397 911; 396 911; 394 913; 391 913; 396 918; 396 920; 395 921; 395 922; 394 923; 394 924; 393 925; 393 926; 392 927; 392 929; 391 930; 391 932; 390 933; 390 934; 389 935; 389 936; 388 937; 388 938; 385 941; 385 942; 384 943; 384 947; 385 948; 388 948; 389 947; 390 947; 393 944; 395 944; 396 943; 413 943; 414 942; 415 942; 417 940; 418 940; 419 939; 420 939; 421 938; 428 938; 429 937; 431 937; 432 936; 436 936; 437 935; 437 932; 436 931; 436 930; 434 928; 434 927; 432 925; 432 924; 431 923; 431 919; 432 918; 432 915; 431 914; 431 913; 429 911; 428 911; 423 906; 423 905; 421 903; 421 902; 420 901; 420 900; 419 899; 419 896; 418 895; 418 891; 417 890; 417 887; 416 886; 416 881; 414 881; 413 880
67; 232 904; 230 906; 230 907; 225 912; 225 913; 220 918; 219 918; 213 924; 207 924; 207 932; 204 935; 204 936; 198 942; 197 942; 192 947; 191 947; 190 948; 190 952; 191 953; 192 953; 193 954; 196 954; 197 955; 200 955; 201 956; 204 956; 205 957; 206 957; 207 958; 209 958; 214 963; 215 963; 216 964; 221 964; 222 965; 223 965; 225 967; 226 967; 227 968; 231 968; 232 969; 236 969; 236 968; 237 967; 237 964; 236 963; 236 955; 235 954; 235 950; 237 948; 237 947; 238 946; 238 941; 237 940; 237 936; 236 935; 236 926; 235 925; 235 911; 236 910; 236 905; 235 904
68; 275 940; 273 942; 273 946; 274 947; 274 948; 275 949; 275 950; 276 951; 276 958; 275 959; 275 966; 274 967; 274 977; 273 978; 273 980; 272 981; 272 988; 273 989; 273 990; 274 991; 274 998; 273 999; 273 1008; 274 1009; 276 1009; 279 1006; 279 1005; 280 1004; 280 1003; 287 996; 287 995; 290 992; 291 992; 294 989; 295 989; 296 988; 297 988; 299 986; 299 985; 301 983; 301 982; 304 979; 304 978; 309 973; 309 972; 316 965; 317 965; 321 961; 321 956; 315 956; 314 955; 312 955; 310 953; 309 953; 308 952; 307 952; 306 951; 306 950; 305 949; 304 949; 302 947; 299 947; 298 946; 296 946; 295 945; 294 945; 293 944; 282 944; 281 943; 280 943; 277 940
69; 14 976; 13 977; 13 983; 14 984; 14 990; 13 991; 13 1000; 12 1001; 12 1003; 11 1004; 11 1005; 10 1006; 10 1007; 9 1008; 9 1012; 11 1014; 11 1016; 12 1017; 12 1023; 20 1023; 20 1016; 19 1015; 20 1014; 20 1006; 21 1005; 21 991; 22 990; 23 990; 24 991; 25 991; 26 992; 27 992; 28 993; 29 993; 31 995; 32 995; 34 997; 35 997; 36 998; 37 998; 41 1002; 41 1004; 40 1005; 40 1006; 37 1009; 37 1010; 31 1016; 31 1017; 30 1018; 30 1019; 27 1022; 27 1023; 37 1023; 38 1022; 38 1021; 39 1020; 42 1020; 43 1019; 45 1019; 45 1018; 46 1017; 46 1012; 47 1011; 47 1009; 49 1007; 49 1006; 51 1004; 52 1004; 53 1003; 54 1003; 55 1002; 56 1002; 57 1001; 58 1001; 60 999; 60 998; 61 997; 61 994; 60 993; 60 992; 59 992; 58 991; 48 991; 47 990; 45 990; 42 987; 41 987; 38 984; 37 984; 34 981; 32 981; 31 980; 30 980; 29 979; 27 979; 26 978; 21 978; 20 977; 19 977; 18 976
70; 915 986; 914 987; 914 988; 913 989; 913 995; 914 996; 914 1004; 913 1005; 913 1011; 912 1012; 912 1014; 911 1015; 911 1016; 910 1017; 910 1019; 908 1021; 908 1023; 918 1023; 918 1020; 919 1019; 919 1017; 920 1016; 920 1014; 921 1013; 921 1010; 922 1009; 922 1008; 924 1006; 928 1006; 929 1007; 930 1007; 932 1009; 933 1009; 934 1010; 935 1010; 936 1011; 938 1011; 941 1014; 941 1016; 939 1018; 939 1019; 938 1020; 937 1020; 937 1021; 936 1022; 936 1023; 948 1023; 948 1022; 951 1019; 952 1019; 953 1018; 954 1018; 958 1014; 958 1013; 959 1012; 959 1009; 958 1008; 958 1007; 956 1007; 955 1006; 952 1006; 949 1003; 949 999; 948 998; 948 997; 947 996; 941 996; 940 997; 937 997; 936 996; 935 996; 934 995; 933 995; 932 994; 929 994; 928 993; 925 993; 924 992; 923 992; 920 989; 920 988; 918 986
71; 395 988; 393 990; 392 990; 391 991; 390 991; 378 1003; 377 1003; 371 1009; 370 1009; 360 1019; 359 1019; 357 1021; 357 1023; 370 1023; 371 1022; 371 1021; 377 1015; 378 1015; 382 1011; 385 1011; 387 1013; 387 1014; 386 1015; 386 1017; 385 1018; 385 1019; 384 1020; 384 1023; 397 1023; 397 1020; 393 1016; 393 1014; 394 1013; 394 1007; 395 1006; 395 1002; 396 1001; 396 999; 397 998; 397 997; 399 995; 399 988
