0; 116 0; 116 1; 109 8; 108 8; 105 11; 105 13; 106 14; 107 14; 108 15; 110 15; 111 16; 113 16; 114 17; 120 17; 121 18; 124 18; 125 19; 126 19; 128 21; 129 21; 130 22; 137 22; 138 23; 140 23; 141 24; 143 24; 144 25; 148 25; 149 26; 152 26; 153 25; 153 21; 152 20; 152 19; 151 18; 151 17; 150 16; 150 14; 149 13; 149 8; 148 7; 148 0; 140 0; 140 1; 141 2; 141 6; 142 7; 142 14; 141 15; 135 15; 134 14; 131 14; 130 13; 128 13; 127 12; 125 12; 124 11; 123 11; 122 10; 121 10; 120 9; 120 8; 124 4; 125 4; 126 3; 127 3; 128 2; 128 0
1; 203 6; 213 7; 250 21; 246 0; 239 0; 240 5; 238 8; 224 5; 220 0; 204 0; 200 5
2; 200 5; 189 5; 182 3; 180 0; 153 0; 171 43; 177 40; 183 28; 203 6
3; 383 0; 383 1; 385 3; 387 3; 388 4; 391 4; 392 5; 394 5; 395 6; 396 6; 397 7; 398 7; 399 8; 400 8; 401 9; 402 9; 403 10; 404 10; 405 11; 406 11; 407 12; 408 12; 409 13; 410 13; 411 14; 412 14; 413 15; 416 15; 417 16; 419 16; 420 17; 421 17; 423 19; 424 19; 425 20; 428 20; 429 19; 429 16; 428 15; 428 12; 427 11; 427 8; 426 7; 426 0; 419 0; 419 6; 418 7; 417 7; 416 8; 415 8; 414 7; 412 7; 411 6; 410 6; 409 5; 407 5; 406 4; 405 4; 402 1; 402 0
4; 911 0; 911 1; 914 4; 914 5; 916 7; 916 9; 917 10; 917 11; 918 12; 918 13; 919 14; 919 15; 920 16; 920 18; 921 19; 921 22; 922 23; 922 24; 923 24; 924 25; 925 25; 928 28; 928 29; 930 31; 930 32; 931 33; 931 35; 932 36; 932 37; 933 38; 933 39; 934 40; 934 41; 935 42; 938 42; 939 41; 939 39; 940 38; 940 34; 941 33; 941 32; 944 29; 944 28; 947 25; 947 24; 952 19; 952 16; 953 15; 953 13; 954 12; 954 11; 960 5; 960 4; 961 3; 961 0
5; 533 0; 533 2; 534 3; 534 4; 535 5; 535 6; 536 7; 536 9; 537 10; 537 14; 538 15; 538 17; 537 18; 537 21; 536 22; 536 24; 537 25; 537 26; 540 29; 540 30; 541 31; 541 33; 542 34; 542 49; 543 50; 547 50; 550 47; 550 46; 551 45; 551 44; 553 42; 553 41; 559 35; 560 35; 565 30; 566 30; 575 21; 576 21; 577 20; 579 20; 580 19; 581 19; 582 18; 582 16; 581 16; 580 15; 578 15; 577 14; 576 14; 575 13; 574 13; 573 12; 571 12; 570 11; 568 11; 567 10; 565 10; 564 9; 562 9; 561 8; 559 8; 558 7; 556 7; 555 6; 551 6; 550 5; 547 5; 546 4; 544 4; 543 3; 541 3; 539 1; 539 0
6; 967 19; 966 20; 966 22; 969 25; 969 26; 971 28; 971 29; 972 30; 972 33; 973 34; 973 36; 974 37; 974 38; 975 39; 975 40; 976 41; 976 42; 977 43; 977 44; 979 46; 979 47; 981 49; 981 50; 982 51; 982 52; 983 53; 983 54; 984 55; 984 59; 985 60; 985 61; 986 62; 989 62; 991 60; 991 59; 992 58; 992 57; 995 54; 995 53; 998 50; 998 49; 1003 44; 1003 43; 1005 41; 1005 40; 1012 33; 1012 31; 1013 30; 1013 28; 1016 25; 1016 23; 1015 23; 1014 22; 1012 22; 1011 23; 1000 23; 999 22; 996 22; 995 21; 994 21; 993 20; 992 20; 991 19; 982 19; 981 20; 973 20; 972 19
7; 208 22; 208 26; 209 27; 209 31; 210 32; 210 35; 211 36; 211 40; 212 41; 212 49; 213 50; 213 54; 214 55; 214 58; 215 59; 215 61; 216 62; 216 67; 217 68; 217 69; 221 69; 230 60; 231 60; 234 57; 235 57; 236 56; 236 55; 243 48; 244 48; 247 45; 248 45; 251 42; 252 42; 254 40; 254 38; 252 36; 248 36; 247 35; 246 35; 245 34; 244 34; 239 29; 237 29; 236 28; 227 28; 226 27; 223 27; 222 26; 220 26; 219 25; 216 25; 215 24; 214 24; 213 23; 212 23; 211 22
8; 526 63; 525 64; 525 67; 526 68; 526 70; 527 71; 527 78; 526 79; 526 83; 527 84; 527 86; 528 87; 528 89; 527 90; 527 92; 526 93; 526 96; 527 97; 527 100; 526 101; 526 102; 525 103; 525 106; 524 107; 524 111; 528 111; 529 110; 530 110; 531 109; 533 109; 534 108; 536 108; 537 107; 538 107; 539 106; 540 106; 541 105; 542 105; 543 104; 544 104; 546 102; 547 102; 548 101; 549 101; 551 99; 552 99; 554 97; 555 97; 556 96; 557 96; 559 94; 560 94; 561 93; 562 93; 563 92; 564 92; 565 91; 567 91; 568 90; 571 90; 572 89; 573 89; 573 86; 572 85; 569 85; 568 84; 566 84; 565 83; 564 83; 563 82; 562 82; 560 80; 559 80; 552 73; 549 73; 548 72; 545 72; 544 71; 543 71; 542 70; 541 70; 540 69; 539 69; 537 67; 536 67; 534 65; 533 65; 532 64; 531 64; 530 63
9; 647 93; 645 95; 645 96; 644 97; 644 98; 641 101; 640 101; 639 102; 638 102; 636 104; 634 104; 633 105; 629 105; 628 106; 626 106; 622 110; 621 110; 620 111; 618 111; 617 112; 616 112; 613 115; 611 115; 610 116; 608 116; 606 118; 606 121; 607 121; 608 122; 609 122; 610 123; 612 123; 613 124; 614 124; 615 125; 616 125; 617 126; 618 126; 623 131; 624 131; 626 133; 627 133; 629 135; 630 135; 631 136; 632 136; 634 138; 635 138; 638 141; 639 141; 642 144; 642 145; 643 146; 644 146; 645 147; 647 147; 648 146; 648 137; 649 136; 649 130; 650 129; 650 128; 653 125; 653 122; 651 120; 651 119; 650 118; 650 114; 651 113; 651 94; 650 93
10; 319 114; 318 115; 316 115; 315 116; 313 116; 312 117; 306 117; 305 116; 302 116; 301 117; 300 117; 297 120; 296 120; 295 121; 285 121; 284 122; 283 122; 281 124; 280 124; 279 125; 278 125; 277 126; 277 129; 278 130; 279 130; 300 151; 301 151; 309 159; 309 160; 310 161; 314 161; 315 160; 315 156; 316 155; 316 154; 318 152; 319 152; 319 148; 317 146; 317 142; 318 141; 318 139; 319 138; 319 136; 320 135; 320 125; 321 124; 321 122; 322 121; 322 120; 323 119; 323 118; 324 117; 324 115; 323 114
11; 134 111; 131 114; 131 115; 129 117; 128 117; 125 120; 124 120; 121 123; 120 123; 119 124; 117 124; 115 122; 113 122; 113 124; 115 126; 115 127; 114 128; 114 129; 111 132; 110 132; 109 133; 107 133; 106 134; 105 134; 100 139; 100 142; 102 144; 106 144; 107 145; 109 145; 110 146; 111 146; 112 147; 113 147; 114 148; 115 148; 116 149; 118 149; 119 150; 121 150; 122 151; 124 151; 125 152; 127 152; 128 153; 130 153; 131 154; 134 154; 135 155; 137 155; 138 156; 140 156; 141 157; 143 157; 144 158; 147 158; 148 157; 149 157; 149 154; 147 152; 147 151; 146 150; 146 149; 145 148; 145 146; 144 145; 144 141; 143 140; 143 136; 142 135; 142 132; 141 131; 141 129; 140 128; 140 126; 139 125; 139 123; 138 122; 138 114; 137 113; 137 112; 136 111
12; 790 128; 789 129; 789 130; 788 131; 788 138; 787 139; 787 142; 786 143; 786 149; 785 150; 785 156; 784 157; 784 161; 783 162; 783 168; 782 169; 782 177; 783 178; 785 178; 786 177; 787 177; 788 176; 789 176; 790 175; 791 175; 792 174; 795 174; 797 176; 797 177; 802 177; 805 174; 805 173; 806 172; 806 171; 808 169; 809 169; 810 168; 812 168; 813 167; 814 167; 815 166; 816 166; 817 165; 819 165; 820 164; 823 164; 824 163; 826 163; 827 162; 828 162; 829 161; 829 159; 828 158; 827 158; 826 157; 825 157; 823 155; 822 155; 817 150; 816 150; 810 144; 810 143; 808 141; 808 140; 807 140; 806 139; 804 139; 803 138; 802 138; 800 136; 800 135; 799 134; 799 129; 794 129; 793 128
13; 530 135; 529 136; 529 142; 530 143; 530 145; 529 146; 529 151; 528 152; 528 153; 527 154; 527 155; 526 156; 526 157; 525 158; 525 160; 526 161; 526 169; 525 170; 525 171; 524 172; 524 175; 525 176; 525 181; 527 183; 529 183; 530 182; 531 182; 533 180; 535 180; 536 179; 538 179; 539 178; 540 178; 541 177; 542 177; 543 176; 544 176; 545 175; 546 175; 547 174; 548 174; 549 173; 550 173; 551 172; 552 172; 553 171; 554 171; 555 170; 556 170; 558 168; 559 168; 560 167; 561 167; 562 166; 565 166; 566 165; 570 165; 571 164; 572 164; 573 163; 573 161; 572 160; 571 160; 570 159; 569 159; 568 158; 567 158; 566 157; 565 157; 564 156; 563 156; 558 151; 557 151; 555 149; 554 149; 553 148; 551 148; 550 147; 549 147; 548 146; 547 146; 545 144; 544 144; 541 141; 540 141; 535 136; 534 136; 533 135
14; 199 167; 198 168; 198 171; 197 172; 195 172; 194 171; 192 171; 191 172; 190 172; 190 177; 191 178; 191 179; 192 180; 192 181; 193 182; 193 183; 194 184; 194 189; 195 190; 195 195; 196 196; 196 197; 199 200; 199 201; 200 202; 200 203; 201 204; 201 205; 202 206; 202 207; 203 208; 203 210; 204 211; 204 213; 205 214; 205 217; 206 218; 209 218; 212 215; 212 214; 218 208; 219 208; 220 207; 222 207; 222 202; 223 201; 223 200; 228 195; 229 195; 231 193; 232 193; 235 190; 235 189; 237 187; 237 184; 236 183; 233 183; 232 182; 228 182; 227 181; 223 181; 222 180; 217 180; 216 179; 213 179; 212 178; 209 178; 208 177; 206 177; 205 176; 202 176; 201 175; 200 175; 199 174; 200 173; 203 173; 204 174; 207 174; 208 173; 209 173; 210 172; 210 170; 208 168; 203 168; 202 167
15; 160 171; 158 173; 157 173; 155 175; 153 175; 152 176; 150 176; 149 177; 148 177; 147 178; 146 178; 144 180; 141 180; 140 181; 136 181; 135 182; 135 183; 134 184; 134 185; 130 189; 129 189; 127 191; 126 191; 125 192; 124 192; 123 193; 122 193; 122 197; 124 197; 125 198; 126 198; 128 200; 129 200; 131 202; 131 203; 132 203; 134 205; 136 205; 137 206; 138 206; 140 208; 142 208; 143 209; 147 209; 148 210; 150 210; 151 211; 152 211; 155 214; 156 214; 159 217; 159 218; 162 221; 164 221; 164 220; 165 219; 165 217; 164 216; 164 212; 163 211; 163 200; 164 199; 164 195; 163 194; 163 184; 162 183; 162 180; 163 179; 163 177; 164 176; 164 172; 163 171
16; 80 213; 99 234; 106 240; 108 240; 111 233; 111 226; 115 217; 114 208; 121 197; 121 193; 117 193; 114 187
17; 114 187; 101 180; 93 173; 88 173; 71 166; 69 170; 72 175; 74 193; 72 196; 74 202; 73 208; 80 213
18; 260 181; 258 183; 257 183; 251 189; 250 189; 249 190; 248 190; 243 195; 242 195; 239 198; 238 198; 232 204; 231 204; 230 205; 229 205; 228 206; 226 206; 225 207; 224 207; 224 209; 225 210; 226 210; 228 212; 229 212; 230 213; 231 213; 232 214; 233 214; 234 215; 235 215; 236 216; 237 216; 238 217; 239 217; 240 218; 241 218; 244 221; 247 221; 248 222; 250 222; 251 223; 253 223; 254 224; 256 224; 257 225; 259 225; 261 227; 262 227; 265 230; 267 230; 269 228; 269 226; 268 225; 268 223; 267 222; 267 214; 268 213; 268 208; 267 207; 267 206; 266 205; 266 201; 265 200; 265 193; 264 192; 264 184; 263 183; 263 182; 262 181
19; 173 199; 173 203; 172 204; 172 210; 171 211; 171 218; 170 219; 170 220; 168 222; 168 223; 167 224; 167 228; 168 229; 168 239; 167 240; 167 242; 166 243; 166 245; 167 246; 169 246; 170 245; 171 245; 172 244; 173 244; 174 243; 175 243; 176 242; 177 242; 178 241; 189 241; 194 236; 195 236; 196 235; 198 235; 199 234; 200 234; 201 233; 203 233; 204 232; 210 232; 211 231; 211 229; 206 224; 206 223; 204 221; 203 221; 202 220; 201 220; 198 217; 197 217; 191 211; 191 210; 190 209; 190 208; 189 207; 189 206; 188 206; 187 205; 184 205; 183 204; 182 204; 181 203; 180 203; 176 199
20; 924 206; 923 207; 922 207; 919 210; 918 210; 916 212; 915 212; 914 213; 912 213; 911 214; 908 214; 907 215; 903 215; 901 213; 899 213; 899 215; 900 216; 900 217; 897 220; 896 220; 895 221; 893 221; 891 223; 890 223; 889 224; 885 224; 884 223; 882 223; 881 224; 880 224; 879 225; 879 228; 881 230; 887 230; 888 231; 889 231; 890 232; 891 232; 894 235; 895 235; 897 237; 898 237; 900 239; 901 239; 902 240; 903 240; 904 241; 905 241; 906 242; 907 242; 908 243; 909 243; 910 244; 911 244; 916 249; 917 249; 920 252; 921 252; 923 254; 925 254; 926 253; 926 249; 927 248; 927 236; 928 235; 928 233; 929 232; 929 231; 930 230; 930 224; 929 223; 929 222; 928 221; 928 219; 927 218; 927 213; 928 212; 928 207; 927 206
21; 981 218; 980 219; 980 222; 982 224; 982 225; 984 227; 984 228; 985 229; 985 230; 986 231; 986 233; 987 234; 987 236; 991 240; 991 241; 993 243; 993 244; 995 246; 995 247; 997 249; 997 250; 998 251; 998 252; 999 253; 999 254; 1000 255; 1000 257; 1001 258; 1001 260; 1002 261; 1005 261; 1006 260; 1006 259; 1007 258; 1007 256; 1008 255; 1008 253; 1010 251; 1010 250; 1013 247; 1013 246; 1018 241; 1018 239; 1019 238; 1019 236; 1020 235; 1020 234; 1022 232; 1023 232; 1023 219; 999 219; 998 218; 995 218; 994 219; 986 219; 985 218
22; 464 211; 460 215; 460 216; 456 220; 455 220; 452 223; 451 223; 447 227; 446 227; 445 228; 444 228; 443 229; 442 229; 440 231; 440 232; 438 234; 438 235; 437 236; 436 236; 435 237; 434 237; 431 240; 431 242; 432 242; 433 243; 435 243; 436 244; 438 244; 439 245; 441 245; 442 246; 443 246; 444 247; 445 247; 450 252; 456 252; 457 253; 460 253; 461 254; 464 254; 465 255; 466 255; 467 256; 468 256; 472 260; 472 261; 474 261; 475 260; 476 260; 477 259; 477 253; 476 252; 476 251; 475 250; 475 248; 474 247; 474 242; 473 241; 473 235; 472 234; 472 230; 471 229; 471 226; 470 225; 470 223; 469 222; 469 218; 468 217; 468 212; 467 211
23; 10 224; 8 226; 8 235; 9 236; 9 250; 10 251; 10 256; 11 257; 11 259; 10 260; 10 266; 11 267; 11 268; 12 269; 12 270; 15 270; 16 269; 17 269; 22 264; 23 264; 25 262; 26 262; 28 260; 29 260; 30 259; 32 259; 33 258; 34 258; 36 256; 36 255; 40 251; 41 251; 42 250; 43 250; 44 249; 45 249; 46 248; 47 248; 48 247; 49 247; 50 246; 50 243; 49 242; 48 242; 47 241; 46 241; 45 240; 44 240; 43 239; 42 239; 40 237; 39 237; 33 231; 33 230; 32 229; 29 229; 29 234; 28 235; 28 236; 27 237; 26 237; 25 238; 24 238; 24 240; 26 240; 27 239; 29 239; 30 240; 32 240; 35 243; 35 246; 30 251; 29 251; 27 253; 26 253; 25 254; 24 254; 23 255; 22 255; 19 252; 19 251; 18 250; 18 246; 19 245; 19 242; 18 241; 18 235; 17 234; 17 233; 15 231; 15 225; 14 225; 13 224
24; 226 229; 224 231; 224 232; 221 235; 220 235; 219 236; 217 236; 216 237; 215 237; 213 239; 212 239; 211 240; 210 240; 209 241; 208 241; 207 242; 206 242; 204 244; 203 244; 201 246; 200 246; 197 249; 196 249; 194 251; 192 251; 191 252; 189 252; 188 253; 188 257; 189 257; 190 258; 194 258; 195 259; 196 259; 197 260; 198 260; 199 261; 200 261; 202 263; 203 263; 205 265; 207 265; 208 266; 209 266; 211 268; 212 268; 214 270; 215 270; 216 271; 217 271; 218 272; 219 272; 220 273; 221 273; 223 275; 224 275; 226 277; 227 277; 228 278; 230 278; 231 277; 231 273; 230 272; 230 269; 231 268; 231 265; 232 264; 232 263; 233 262; 233 260; 232 259; 232 256; 233 255; 233 254; 234 253; 234 252; 235 251; 236 251; 237 250; 238 250; 238 246; 235 246; 234 247; 233 247; 231 245; 231 244; 230 243; 230 237; 231 236; 231 230; 230 229
25; 270 228; 267 231; 266 231; 267 232; 267 235; 264 238; 263 238; 259 242; 259 243; 258 244; 257 244; 256 245; 251 245; 249 247; 249 248; 248 249; 248 251; 245 254; 244 254; 243 255; 242 255; 241 256; 240 256; 239 257; 238 257; 236 259; 236 263; 237 264; 239 264; 240 265; 241 265; 242 266; 243 266; 244 267; 246 267; 247 268; 249 268; 250 269; 252 269; 253 270; 254 270; 255 271; 258 271; 259 272; 261 272; 262 273; 264 273; 265 274; 268 274; 269 275; 270 275; 271 276; 273 276; 275 278; 276 278; 277 279; 278 279; 279 280; 281 280; 282 279; 282 275; 281 274; 281 273; 280 272; 280 270; 279 269; 279 264; 280 263; 280 259; 279 258; 279 257; 278 256; 278 255; 277 254; 277 252; 276 251; 276 248; 275 247; 275 242; 274 241; 274 233; 273 232; 273 231
26; 470 262; 469 263; 468 263; 464 267; 460 267; 459 268; 454 268; 453 267; 451 267; 450 266; 449 266; 448 265; 444 265; 444 269; 448 273; 448 274; 450 276; 450 277; 451 278; 451 279; 452 280; 452 281; 453 282; 453 283; 455 285; 455 286; 456 287; 456 288; 457 289; 457 291; 458 292; 458 293; 460 295; 460 296; 463 299; 463 300; 465 302; 465 303; 466 304; 466 307; 467 308; 467 309; 468 310; 471 310; 474 307; 475 307; 477 305; 477 300; 478 299; 478 298; 479 297; 479 296; 481 294; 481 293; 484 290; 485 290; 486 289; 486 284; 487 283; 487 281; 489 279; 489 278; 491 276; 492 276; 493 275; 494 275; 494 274; 495 273; 495 271; 494 270; 493 270; 492 269; 489 269; 488 270; 485 270; 484 269; 480 269; 479 268; 476 268; 473 265; 473 263; 472 262
27; 506 258; 506 259; 505 260; 505 261; 504 262; 504 263; 503 264; 503 265; 502 266; 502 267; 500 269; 500 270; 499 271; 498 271; 497 272; 496 272; 496 273; 495 274; 495 280; 494 281; 494 282; 493 283; 493 285; 492 286; 492 287; 491 288; 491 289; 490 290; 490 291; 489 292; 489 294; 488 295; 488 296; 486 298; 486 302; 487 303; 487 305; 486 306; 486 310; 487 311; 488 311; 489 312; 491 312; 493 310; 493 307; 492 306; 492 305; 491 304; 494 301; 496 301; 497 300; 507 300; 508 301; 509 301; 510 302; 519 302; 521 300; 522 300; 523 299; 534 299; 534 298; 535 297; 535 294; 540 289; 540 286; 538 284; 535 284; 534 285; 533 285; 531 287; 529 287; 526 284; 526 283; 524 281; 524 280; 523 279; 523 278; 515 270; 515 269; 513 267; 513 265; 512 264; 512 263; 511 262; 511 260; 510 259; 510 258
28; 654 263; 653 264; 652 264; 650 266; 649 266; 648 267; 647 267; 646 268; 644 268; 643 269; 642 269; 641 270; 640 270; 639 271; 638 271; 637 272; 636 272; 635 273; 634 273; 633 274; 632 274; 631 275; 630 275; 628 277; 627 277; 625 279; 624 279; 623 280; 622 280; 621 281; 620 281; 619 282; 618 282; 617 283; 615 283; 614 284; 613 284; 613 287; 614 288; 615 288; 616 289; 617 289; 618 290; 619 290; 620 291; 621 291; 623 293; 624 293; 629 298; 629 299; 631 301; 633 301; 634 302; 636 302; 638 304; 639 304; 640 305; 641 305; 642 306; 643 306; 645 308; 646 308; 651 313; 655 313; 656 312; 656 307; 655 306; 655 304; 656 303; 656 293; 657 292; 657 290; 659 288; 662 288; 663 287; 663 284; 662 284; 661 283; 660 283; 658 281; 658 280; 657 279; 657 278; 656 277; 656 269; 657 268; 657 264; 656 263
29; 855 271; 854 272; 854 275; 855 276; 855 277; 858 280; 858 281; 859 282; 859 283; 860 284; 860 285; 861 286; 861 287; 862 288; 862 293; 864 295; 865 295; 868 298; 868 299; 869 300; 869 301; 870 302; 870 303; 872 305; 872 307; 873 308; 873 312; 874 313; 874 314; 876 316; 878 316; 880 314; 880 313; 881 312; 881 309; 882 308; 882 307; 883 306; 883 305; 887 301; 887 300; 889 298; 889 297; 891 295; 891 294; 892 293; 892 292; 894 290; 894 289; 896 287; 896 286; 897 285; 897 284; 898 283; 898 282; 900 280; 900 279; 902 277; 902 274; 901 273; 887 273; 886 272; 861 272; 860 271
30; 369 272; 367 274; 366 274; 365 275; 362 275; 361 276; 356 276; 355 277; 351 277; 350 278; 347 278; 346 279; 339 279; 338 280; 337 280; 336 281; 334 281; 333 282; 332 282; 331 283; 327 283; 326 284; 324 284; 323 285; 323 289; 324 289; 326 291; 327 291; 332 296; 332 297; 333 298; 333 299; 334 300; 334 301; 335 302; 336 302; 337 303; 338 303; 340 305; 341 305; 343 307; 344 307; 348 311; 349 311; 353 315; 353 316; 356 319; 359 319; 360 318; 360 317; 361 316; 361 315; 362 314; 362 309; 361 308; 361 307; 362 306; 362 304; 363 303; 363 302; 364 301; 364 300; 367 297; 367 291; 368 290; 368 288; 369 287; 369 280; 370 279; 370 277; 371 276; 371 272
31; 1012 299; 1011 300; 1008 300; 1007 301; 997 301; 996 302; 991 302; 990 303; 987 303; 986 304; 983 304; 982 305; 978 305; 977 306; 974 306; 973 305; 971 305; 970 304; 968 304; 967 305; 966 305; 965 306; 965 309; 968 312; 969 312; 975 318; 975 319; 976 320; 976 321; 977 322; 977 323; 978 324; 978 325; 980 327; 980 328; 981 328; 984 331; 985 331; 991 337; 991 338; 992 339; 992 341; 993 342; 993 343; 994 344; 994 345; 996 345; 998 343; 998 342; 999 341; 999 339; 1000 338; 1000 337; 1001 336; 1001 335; 1004 332; 1005 332; 1006 331; 1007 331; 1008 330; 1009 330; 1010 329; 1010 326; 1006 322; 1006 320; 1007 319; 1007 317; 1008 316; 1008 314; 1009 313; 1009 311; 1010 310; 1010 309; 1012 307; 1012 306; 1015 303; 1015 300; 1014 299
32; 722 296; 721 297; 721 300; 722 301; 722 306; 721 307; 721 311; 720 312; 720 316; 719 317; 719 326; 718 327; 718 338; 717 339; 717 340; 716 341; 715 341; 714 342; 713 342; 712 343; 712 347; 713 348; 717 348; 718 347; 719 347; 721 345; 723 345; 724 344; 725 344; 726 343; 728 343; 729 342; 731 342; 732 341; 740 341; 745 336; 746 336; 747 335; 748 335; 749 334; 750 334; 751 333; 753 333; 754 332; 758 332; 759 331; 761 331; 762 330; 762 328; 759 325; 758 325; 754 321; 753 321; 750 318; 749 318; 745 314; 744 314; 742 312; 741 312; 737 308; 736 308; 724 296
33; 532 304; 526 310; 525 310; 524 311; 523 311; 521 313; 520 313; 518 315; 517 315; 515 317; 513 317; 512 318; 511 318; 508 321; 508 322; 500 330; 500 331; 499 332; 499 336; 501 338; 501 339; 502 338; 504 338; 505 337; 506 338; 507 338; 508 339; 509 339; 510 340; 511 340; 512 341; 513 341; 515 343; 516 343; 517 344; 518 344; 519 345; 521 345; 522 346; 525 346; 526 347; 528 347; 529 348; 530 348; 531 349; 532 349; 533 350; 534 350; 536 352; 537 352; 538 353; 540 353; 541 352; 541 346; 540 345; 540 342; 539 341; 539 330; 540 329; 540 326; 539 325; 539 324; 537 322; 537 313; 536 312; 536 308; 535 307; 535 305; 534 304
34; 838 313; 838 317; 839 318; 839 320; 840 321; 840 323; 842 325; 842 327; 843 328; 843 329; 844 330; 844 332; 845 333; 845 334; 846 335; 846 338; 847 339; 847 341; 848 342; 848 343; 849 344; 849 345; 851 347; 851 348; 852 349; 852 350; 853 351; 853 353; 854 354; 854 358; 855 359; 858 359; 860 357; 860 356; 863 353; 863 352; 865 350; 866 350; 870 346; 870 345; 871 344; 871 343; 877 337; 877 336; 879 334; 879 333; 883 329; 884 329; 885 328; 887 328; 889 326; 889 324; 888 323; 886 323; 885 322; 883 322; 882 321; 881 321; 880 320; 879 320; 878 319; 871 319; 870 318; 869 318; 868 317; 867 317; 866 316; 863 316; 862 315; 860 315; 859 316; 854 316; 853 315; 852 315; 851 314; 849 314; 848 313
35; 233 317; 232 318; 232 327; 231 328; 231 332; 230 333; 230 336; 229 337; 229 348; 228 349; 228 358; 227 359; 227 361; 226 362; 226 364; 227 365; 230 365; 231 364; 232 364; 233 363; 234 363; 236 361; 237 361; 238 360; 240 360; 241 359; 244 359; 245 358; 251 358; 253 356; 254 356; 257 353; 259 353; 260 352; 262 352; 263 351; 270 351; 271 350; 271 348; 270 347; 269 347; 267 345; 266 345; 260 339; 260 338; 258 336; 257 336; 254 333; 253 333; 252 332; 252 331; 250 329; 250 328; 249 327; 248 327; 247 326; 245 326; 244 325; 243 325; 239 321; 239 320; 236 317
36; 631 323; 629 325; 629 326; 625 330; 624 330; 623 331; 621 331; 620 332; 619 332; 615 336; 614 336; 613 337; 612 337; 611 338; 610 338; 608 340; 607 340; 604 343; 603 343; 601 345; 600 345; 599 346; 598 346; 597 347; 596 347; 595 348; 595 351; 596 352; 597 352; 598 353; 599 353; 600 354; 601 354; 603 356; 604 356; 605 357; 606 357; 607 358; 608 358; 612 362; 612 363; 613 364; 613 365; 615 365; 616 364; 619 364; 620 365; 622 365; 623 366; 624 366; 625 367; 626 367; 627 368; 628 368; 630 370; 631 370; 632 371; 633 371; 636 374; 639 374; 640 373; 640 370; 639 369; 639 367; 638 366; 638 365; 637 364; 637 362; 636 361; 636 338; 635 337; 635 325; 634 324; 634 323
37; 477 326; 477 327; 476 328; 476 331; 475 332; 475 340; 474 341; 474 343; 473 344; 473 345; 472 346; 472 347; 471 348; 471 349; 470 350; 470 351; 469 352; 469 356; 470 357; 470 360; 469 361; 469 367; 468 368; 468 370; 467 371; 467 375; 470 375; 472 373; 473 373; 474 372; 475 372; 476 371; 477 371; 478 370; 480 370; 481 369; 484 369; 485 368; 486 368; 487 367; 488 367; 489 366; 490 366; 491 365; 493 365; 494 364; 495 364; 496 363; 498 363; 499 362; 502 362; 503 361; 513 361; 513 357; 499 343; 499 341; 500 340; 500 338; 498 336; 498 333; 497 333; 494 336; 492 336; 491 335; 490 335; 489 334; 488 334; 487 333; 486 333; 483 330; 483 329; 481 327; 480 327; 479 326
38; 158 325; 154 329; 154 330; 153 331; 152 331; 148 335; 147 335; 145 337; 144 337; 142 339; 141 339; 135 345; 134 345; 130 349; 129 349; 128 350; 127 350; 126 351; 125 351; 124 352; 123 352; 122 353; 122 356; 123 357; 126 357; 127 358; 130 358; 131 359; 132 359; 133 360; 134 360; 138 364; 139 364; 140 365; 142 365; 143 366; 145 366; 146 367; 148 367; 149 368; 150 368; 151 369; 153 369; 154 370; 155 370; 156 371; 158 371; 160 373; 161 373; 163 375; 165 375; 166 374; 166 369; 165 368; 165 365; 164 364; 164 356; 165 355; 165 350; 164 349; 164 348; 163 347; 163 346; 162 345; 162 340; 161 339; 162 338; 162 327; 160 325
39; 708 354; 707 355; 704 355; 703 356; 697 356; 696 355; 693 355; 692 356; 689 356; 689 363; 694 363; 695 364; 696 364; 698 366; 698 367; 697 368; 697 370; 696 371; 696 373; 695 374; 695 375; 694 376; 694 377; 690 381; 690 383; 691 384; 691 387; 692 388; 692 393; 691 394; 691 397; 695 397; 696 396; 696 395; 697 394; 697 392; 698 391; 698 390; 699 389; 699 386; 700 385; 700 383; 702 381; 702 380; 705 377; 705 370; 706 369; 706 366; 707 365; 707 364; 708 363; 708 362; 709 361; 709 360; 710 359; 710 358; 711 357; 711 355; 710 354
40; 8 343; 6 345; 6 346; 3 349; 2 349; 1 350; 0 350; 0 360; 1 360; 3 358; 4 358; 6 356; 8 356; 11 359; 11 362; 12 363; 12 368; 13 369; 13 373; 10 376; 8 376; 5 373; 4 373; 3 372; 0 372; 0 382; 3 382; 4 383; 6 383; 7 384; 8 384; 9 385; 10 385; 12 387; 19 387; 20 388; 22 388; 23 389; 25 389; 25 387; 24 386; 24 385; 23 384; 23 383; 22 382; 22 381; 21 380; 21 378; 20 377; 21 376; 21 371; 22 370; 23 370; 25 368; 26 368; 26 365; 24 365; 23 364; 20 364; 19 363; 18 363; 13 358; 13 357; 12 356; 12 355; 11 354; 11 343
41; 333 357; 332 358; 332 364; 331 365; 331 368; 332 369; 332 370; 336 374; 336 375; 337 376; 337 378; 338 379; 338 381; 339 382; 339 385; 340 386; 340 387; 341 388; 341 390; 342 391; 342 395; 343 396; 343 403; 344 404; 348 404; 350 402; 350 401; 361 390; 361 389; 365 385; 366 385; 367 384; 369 384; 371 382; 371 381; 372 380; 372 378; 375 375; 377 375; 378 374; 379 374; 380 373; 380 370; 379 369; 378 369; 377 368; 374 368; 373 367; 372 367; 371 366; 368 366; 367 365; 364 365; 363 364; 362 364; 361 363; 360 363; 358 361; 357 361; 356 360; 354 360; 353 361; 352 361; 351 360; 347 360; 346 359; 344 359; 343 358; 339 358; 338 357
42; 981 359; 981 363; 982 364; 982 370; 983 371; 983 378; 980 381; 980 383; 984 387; 984 388; 985 389; 985 393; 986 394; 986 401; 987 402; 987 406; 988 407; 991 407; 992 406; 992 405; 997 400; 998 400; 1000 398; 1001 398; 1003 396; 1004 396; 1008 392; 1009 392; 1011 390; 1012 390; 1013 389; 1014 389; 1019 384; 1020 384; 1021 383; 1023 383; 1023 376; 1022 375; 1019 375; 1018 374; 1017 374; 1016 373; 1015 373; 1014 372; 1013 372; 1012 371; 1011 371; 1010 370; 1008 370; 1007 369; 1005 369; 1004 368; 1002 368; 1001 367; 1000 367; 999 366; 998 366; 997 365; 996 365; 995 364; 994 364; 993 363; 991 363; 989 361; 988 361; 987 360; 986 360; 985 359
43; 311 373; 310 374; 309 374; 306 377; 306 378; 305 379; 305 380; 298 387; 298 388; 297 389; 297 391; 296 392; 296 393; 293 396; 293 397; 292 398; 292 399; 291 400; 291 401; 289 403; 289 404; 288 405; 288 406; 284 410; 284 414; 285 415; 289 415; 290 414; 296 414; 297 415; 299 415; 300 416; 301 416; 302 417; 319 417; 320 418; 324 418; 325 419; 329 419; 330 418; 330 416; 329 415; 329 414; 328 413; 328 411; 327 410; 327 408; 326 407; 326 406; 325 405; 325 403; 324 402; 324 401; 323 400; 323 398; 322 397; 322 396; 321 395; 321 394; 320 393; 320 392; 319 391; 319 389; 318 388; 318 387; 316 385; 316 384; 315 383; 315 381; 314 380; 314 375; 313 374; 313 373
44; 970 381; 963 388; 962 388; 960 390; 959 390; 958 391; 957 391; 956 392; 952 392; 950 394; 950 395; 948 397; 948 398; 946 400; 945 400; 940 405; 939 405; 938 406; 937 406; 936 407; 935 407; 933 409; 933 411; 934 412; 935 412; 936 413; 937 413; 939 415; 940 415; 941 416; 943 416; 944 417; 947 417; 948 418; 950 418; 951 419; 953 419; 954 420; 955 420; 956 421; 957 421; 959 423; 960 423; 961 424; 963 424; 964 425; 965 425; 966 426; 967 426; 968 427; 969 427; 971 429; 972 429; 974 431; 977 431; 978 430; 978 426; 977 425; 977 422; 976 421; 976 397; 975 396; 975 392; 974 391; 974 388; 973 387; 973 382; 972 381
45; 254 384; 249 389; 248 389; 245 392; 244 392; 241 395; 240 395; 233 402; 232 402; 226 408; 226 409; 218 417; 218 423; 219 424; 222 424; 224 422; 224 421; 227 418; 230 418; 231 419; 233 419; 234 420; 235 420; 236 421; 237 421; 238 422; 239 422; 240 423; 241 423; 243 425; 244 425; 245 426; 248 426; 249 427; 251 427; 252 428; 254 428; 255 429; 256 429; 257 430; 258 430; 259 431; 260 431; 261 432; 265 432; 265 428; 264 427; 264 426; 263 425; 263 423; 262 422; 262 413; 263 412; 263 408; 262 407; 262 406; 261 405; 261 404; 260 403; 260 398; 259 397; 259 392; 258 391; 258 385; 257 384
46; 6 392; 4 394; 4 400; 5 401; 5 409; 4 410; 4 413; 3 414; 3 418; 4 419; 4 436; 3 437; 3 440; 4 441; 4 442; 7 442; 9 440; 10 440; 11 439; 12 439; 13 438; 14 438; 16 436; 17 436; 18 435; 20 435; 21 434; 31 434; 34 431; 34 430; 35 429; 36 429; 37 428; 38 428; 39 427; 41 427; 46 422; 46 420; 45 419; 44 419; 42 417; 41 417; 38 414; 37 414; 33 410; 33 409; 31 407; 30 407; 29 406; 27 406; 26 405; 25 405; 23 403; 22 403; 19 400; 18 400; 16 398; 15 398; 10 393; 10 392
47; 533 392; 531 394; 531 399; 530 400; 530 401; 528 403; 528 408; 529 409; 529 412; 530 413; 530 429; 529 430; 529 433; 528 434; 528 437; 527 438; 527 439; 530 442; 533 442; 538 437; 539 437; 540 436; 541 436; 542 435; 544 435; 545 434; 546 435; 551 435; 551 434; 556 429; 557 429; 558 428; 559 428; 560 427; 561 427; 562 426; 563 426; 565 424; 566 424; 567 423; 569 423; 570 422; 571 422; 571 418; 570 418; 569 417; 568 417; 566 415; 565 415; 563 413; 562 413; 558 409; 557 409; 556 408; 555 408; 554 407; 553 407; 551 405; 550 405; 544 399; 543 399; 537 393; 536 393; 535 392
48; 604 406; 604 412; 605 413; 605 415; 606 416; 606 422; 607 423; 607 432; 608 433; 608 436; 609 437; 609 439; 610 440; 610 443; 611 444; 611 454; 612 455; 617 455; 618 454; 618 453; 619 452; 619 451; 626 444; 627 444; 629 442; 630 442; 631 441; 633 441; 636 438; 636 437; 640 433; 640 432; 646 426; 647 426; 648 425; 649 425; 650 424; 650 421; 649 421; 648 420; 643 420; 642 419; 639 419; 638 418; 637 418; 636 417; 635 417; 634 416; 633 416; 632 415; 630 415; 629 414; 627 414; 626 413; 625 413; 624 412; 618 412; 617 411; 615 411; 614 410; 613 410; 612 409; 611 409; 608 406
49; 209 408; 207 410; 206 410; 200 416; 199 416; 198 417; 197 417; 196 418; 195 418; 194 419; 191 419; 190 420; 189 420; 187 422; 186 422; 184 424; 183 424; 182 425; 179 425; 178 426; 177 426; 174 429; 173 429; 172 430; 171 430; 170 431; 170 434; 171 434; 172 435; 173 435; 174 436; 175 436; 176 437; 177 437; 179 439; 180 439; 182 441; 183 441; 185 443; 186 443; 189 446; 190 446; 192 448; 193 448; 194 449; 195 449; 197 451; 199 451; 200 452; 201 452; 202 453; 203 453; 205 455; 206 455; 210 459; 213 459; 213 452; 212 451; 212 448; 211 447; 211 444; 212 443; 212 422; 211 421; 211 417; 212 416; 212 414; 213 413; 213 410; 212 409; 212 408
50; 484 428; 484 433; 485 434; 485 436; 486 437; 486 443; 487 444; 487 449; 488 450; 488 456; 489 457; 489 459; 490 460; 490 462; 491 463; 491 464; 492 465; 492 476; 491 477; 490 477; 489 478; 488 478; 487 479; 486 479; 486 483; 487 484; 492 484; 493 483; 493 480; 496 477; 497 477; 498 476; 498 475; 500 473; 500 472; 503 469; 504 469; 506 467; 507 467; 508 466; 509 466; 510 465; 512 465; 513 464; 514 464; 514 463; 515 462; 515 461; 516 460; 516 459; 522 453; 523 453; 531 445; 531 444; 532 443; 530 443; 527 440; 519 440; 518 439; 517 439; 516 438; 514 438; 513 437; 511 437; 510 436; 508 436; 507 435; 506 435; 505 434; 503 434; 502 433; 499 433; 498 432; 495 432; 494 431; 493 431; 492 430; 491 430; 490 429; 489 429; 488 428
51; 50 430; 50 431; 49 432; 49 435; 48 436; 48 437; 47 438; 47 439; 44 442; 43 442; 42 443; 41 443; 40 444; 38 444; 37 445; 37 446; 36 447; 36 452; 35 453; 35 454; 34 455; 34 456; 32 458; 32 459; 28 463; 28 464; 25 467; 25 471; 35 471; 36 472; 40 472; 41 473; 51 473; 52 474; 55 474; 56 475; 57 475; 59 477; 69 477; 70 478; 72 478; 73 477; 73 475; 72 474; 72 473; 71 472; 71 471; 70 470; 70 468; 69 467; 69 466; 68 465; 68 464; 67 463; 67 461; 66 460; 66 458; 65 457; 65 454; 64 453; 64 452; 63 451; 63 450; 62 449; 62 448; 61 447; 61 445; 60 444; 60 441; 56 437; 56 436; 55 435; 55 434; 54 433; 54 431; 53 430
52; 890 457; 889 458; 888 458; 887 459; 887 461; 891 465; 891 466; 892 467; 892 468; 893 469; 893 472; 894 473; 894 477; 895 478; 895 481; 896 482; 896 483; 897 484; 897 485; 898 486; 898 488; 899 489; 899 490; 900 491; 900 492; 901 493; 901 496; 902 497; 902 504; 901 505; 901 510; 904 510; 906 508; 906 507; 907 506; 907 504; 910 501; 910 500; 917 493; 917 492; 936 473; 936 470; 935 469; 928 469; 927 468; 925 468; 924 467; 922 467; 921 466; 920 466; 917 463; 916 463; 915 462; 907 462; 906 461; 904 461; 903 460; 902 460; 900 458; 899 458; 898 457
53; 673 454; 670 457; 669 457; 668 458; 667 458; 665 460; 663 460; 662 461; 660 461; 659 462; 657 462; 656 463; 655 463; 654 464; 653 464; 652 465; 650 465; 649 466; 647 466; 646 467; 645 467; 642 470; 641 470; 640 471; 638 471; 637 472; 635 472; 634 473; 633 473; 632 474; 632 476; 634 478; 635 478; 636 479; 637 479; 640 482; 640 483; 642 485; 643 485; 645 487; 646 487; 647 488; 648 488; 649 489; 650 489; 652 491; 653 491; 654 492; 655 492; 657 494; 658 494; 663 499; 664 499; 666 501; 667 501; 669 503; 672 503; 673 502; 673 492; 674 491; 674 486; 675 485; 675 483; 676 482; 676 480; 675 479; 675 468; 676 467; 676 466; 677 465; 677 464; 678 463; 678 462; 679 461; 679 457; 678 456; 678 455; 677 454
54; 798 463; 794 467; 785 467; 784 466; 776 466; 775 467; 775 469; 777 471; 777 472; 779 474; 779 475; 780 476; 780 477; 781 478; 781 479; 782 480; 782 481; 783 482; 783 483; 784 484; 784 486; 785 487; 785 488; 786 489; 786 490; 787 491; 787 492; 788 493; 788 494; 789 495; 789 496; 790 497; 790 498; 792 500; 792 501; 793 502; 793 503; 794 504; 794 506; 795 507; 795 508; 796 509; 796 510; 797 511; 797 512; 800 512; 801 511; 801 508; 802 507; 802 505; 803 504; 803 503; 804 502; 804 501; 806 499; 806 498; 809 495; 809 494; 814 489; 815 489; 816 488; 817 488; 817 487; 818 486; 818 482; 819 481; 819 480; 820 479; 820 478; 821 477; 821 476; 823 474; 823 473; 824 472; 824 469; 823 468; 808 468; 807 467; 806 467; 803 464; 803 463
55; 261 467; 260 468; 260 471; 259 472; 259 476; 258 477; 258 480; 257 481; 257 482; 256 483; 256 484; 255 485; 255 486; 254 487; 254 496; 253 497; 253 498; 252 499; 252 500; 251 501; 251 508; 250 509; 250 511; 249 512; 249 516; 251 516; 252 515; 253 515; 255 513; 256 513; 257 512; 261 512; 262 511; 266 511; 267 510; 269 510; 270 509; 273 509; 274 508; 275 508; 276 507; 279 507; 280 506; 281 506; 282 505; 284 505; 285 504; 287 504; 288 503; 290 503; 291 502; 294 502; 295 501; 295 498; 292 495; 291 495; 276 480; 275 480; 271 476; 270 476; 267 473; 267 472; 266 471; 266 470; 263 467
56; 89 471; 87 473; 86 473; 83 476; 82 476; 80 478; 75 478; 74 477; 72 479; 72 480; 73 481; 72 482; 72 483; 68 487; 67 487; 64 490; 63 490; 60 493; 59 493; 57 495; 56 495; 53 498; 53 501; 54 501; 55 502; 61 502; 62 503; 64 503; 66 505; 67 505; 69 507; 71 507; 72 508; 74 508; 75 509; 76 509; 77 510; 79 510; 80 511; 81 511; 82 512; 83 512; 84 513; 85 513; 86 514; 87 514; 89 516; 90 516; 92 518; 93 518; 94 519; 96 519; 96 518; 97 517; 97 515; 98 514; 98 512; 97 511; 97 509; 96 508; 96 507; 95 506; 95 496; 96 495; 96 492; 95 491; 95 490; 94 489; 94 488; 93 487; 93 484; 92 483; 92 479; 93 478; 93 473; 91 471
57; 346 484; 345 485; 345 488; 344 489; 344 493; 343 494; 343 496; 342 497; 342 499; 341 500; 341 502; 340 503; 340 504; 339 505; 339 506; 336 509; 335 509; 335 510; 334 511; 334 516; 335 517; 335 518; 334 519; 334 524; 333 525; 333 527; 332 528; 332 531; 333 532; 335 532; 336 531; 338 531; 339 530; 341 530; 342 529; 345 529; 346 528; 349 528; 350 527; 353 527; 354 526; 356 526; 357 525; 361 525; 362 524; 366 524; 367 523; 368 523; 369 522; 370 522; 371 521; 375 521; 376 520; 379 520; 379 517; 360 498; 360 497; 351 488; 351 487; 350 486; 350 485; 349 484
58; 401 491; 399 493; 398 493; 398 494; 397 495; 397 497; 398 498; 400 498; 401 499; 402 499; 404 501; 404 502; 405 503; 405 509; 404 510; 404 513; 403 514; 403 518; 404 519; 404 520; 405 521; 405 522; 406 523; 406 531; 405 532; 405 537; 406 538; 406 540; 407 541; 407 542; 408 543; 410 543; 411 542; 412 542; 412 539; 413 538; 413 537; 414 536; 415 536; 418 533; 419 533; 421 531; 422 531; 424 529; 425 529; 428 526; 429 526; 430 525; 433 525; 434 524; 435 524; 442 517; 443 517; 444 516; 445 516; 446 515; 446 512; 445 511; 443 511; 442 510; 441 510; 440 509; 439 509; 438 508; 437 508; 435 506; 434 506; 432 504; 431 504; 430 503; 429 503; 427 501; 425 501; 424 500; 423 500; 422 499; 421 499; 420 498; 419 498; 418 497; 417 497; 416 496; 415 496; 414 495; 413 495; 412 494; 411 494; 410 493; 408 493; 407 492; 406 492; 405 491
59; 928 491; 927 492; 927 496; 928 497; 928 498; 929 499; 929 500; 930 501; 930 508; 931 509; 931 510; 930 511; 930 517; 932 519; 932 520; 933 521; 933 523; 934 524; 934 536; 933 537; 933 540; 934 541; 938 541; 943 536; 944 536; 956 524; 957 524; 961 520; 962 520; 965 517; 966 517; 968 515; 970 515; 971 514; 972 514; 973 513; 973 510; 972 509; 971 509; 970 508; 969 508; 968 507; 967 507; 966 506; 965 506; 963 504; 961 504; 960 503; 958 503; 957 502; 955 502; 954 501; 952 501; 951 500; 950 500; 949 499; 948 499; 946 497; 945 497; 944 496; 942 496; 941 495; 940 495; 939 494; 938 494; 937 493; 936 493; 935 492; 932 492; 931 491
60; 318 502; 316 504; 315 504; 314 505; 312 505; 311 506; 309 506; 308 507; 307 507; 305 509; 304 509; 303 510; 302 510; 300 512; 299 512; 298 513; 297 513; 296 514; 295 514; 294 515; 292 515; 290 517; 289 517; 288 518; 287 518; 286 519; 285 519; 284 520; 282 520; 281 521; 279 521; 278 522; 278 525; 279 525; 280 526; 281 526; 282 527; 283 527; 284 528; 285 528; 293 536; 294 536; 296 538; 297 538; 298 539; 299 539; 300 540; 301 540; 303 542; 304 542; 305 543; 306 543; 307 544; 308 544; 309 545; 310 545; 315 550; 315 551; 314 552; 314 556; 318 556; 318 555; 319 554; 319 551; 320 550; 320 540; 319 539; 319 537; 320 536; 320 532; 323 529; 323 527; 322 526; 322 525; 321 524; 321 509; 322 508; 322 507; 323 506; 323 502
61; 1004 506; 1003 507; 1002 507; 994 515; 993 515; 992 516; 991 516; 990 517; 987 517; 985 519; 985 520; 980 525; 979 525; 978 526; 977 526; 975 528; 974 528; 972 530; 971 530; 970 531; 967 531; 966 532; 965 532; 965 535; 966 536; 968 536; 969 537; 972 537; 973 538; 974 538; 975 539; 976 539; 977 540; 979 540; 980 541; 981 541; 982 542; 983 542; 984 543; 985 543; 986 544; 987 544; 988 545; 990 545; 991 546; 992 546; 993 547; 994 547; 995 548; 996 548; 997 549; 998 549; 999 550; 1000 550; 1001 551; 1003 551; 1004 552; 1005 552; 1006 553; 1007 553; 1008 554; 1009 554; 1011 556; 1012 556; 1015 553; 1014 552; 1014 550; 1013 549; 1013 547; 1012 546; 1012 540; 1015 537; 1015 533; 1012 530; 1012 529; 1011 528; 1011 526; 1010 525; 1010 523; 1009 522; 1009 520; 1008 519; 1008 514; 1007 513; 1007 506
62; 432 541; 431 542; 430 542; 429 543; 424 543; 423 544; 417 544; 416 543; 414 543; 413 542; 412 543; 411 543; 410 544; 408 544; 408 545; 409 546; 409 547; 415 553; 415 554; 416 555; 416 556; 418 558; 418 559; 420 561; 420 562; 421 563; 421 564; 422 565; 422 567; 423 568; 423 569; 424 570; 424 572; 427 575; 427 576; 432 581; 432 582; 433 583; 433 584; 435 586; 437 586; 439 584; 440 584; 441 583; 443 583; 444 584; 444 580; 445 579; 445 572; 446 571; 446 570; 447 569; 447 568; 448 567; 448 566; 449 565; 449 563; 452 560; 453 560; 454 559; 457 559; 457 556; 456 555; 456 554; 457 553; 457 551; 458 550; 458 549; 460 547; 460 545; 458 543; 453 543; 452 544; 447 544; 446 543; 441 543; 440 542; 438 542; 437 541
63; 207 546; 206 547; 204 547; 203 548; 190 548; 189 547; 186 547; 185 548; 185 552; 188 555; 188 556; 190 558; 190 559; 191 560; 191 561; 192 562; 192 563; 193 564; 193 565; 194 566; 194 567; 195 568; 195 569; 196 570; 196 571; 197 572; 197 573; 198 574; 198 575; 200 577; 200 578; 201 579; 201 580; 202 581; 202 582; 203 583; 203 584; 205 586; 205 588; 206 589; 206 592; 207 593; 208 593; 211 590; 211 589; 212 588; 212 587; 213 586; 213 585; 214 584; 214 583; 215 582; 215 581; 216 580; 216 579; 225 570; 225 566; 226 565; 226 564; 227 563; 227 561; 228 560; 228 559; 229 558; 229 557; 232 554; 233 554; 234 553; 234 550; 233 550; 232 549; 215 549; 214 548; 213 548; 211 546
64; 472 544; 472 545; 471 546; 471 549; 470 550; 470 551; 468 553; 468 554; 463 559; 462 559; 461 560; 458 560; 458 563; 457 564; 457 565; 455 567; 455 568; 448 575; 446 575; 446 579; 445 580; 445 585; 451 585; 452 586; 455 586; 456 587; 459 587; 460 588; 467 588; 468 589; 471 589; 472 590; 473 590; 474 591; 484 591; 485 592; 486 592; 487 593; 492 593; 492 589; 490 587; 490 586; 489 585; 489 584; 488 583; 488 580; 487 579; 487 575; 486 574; 486 572; 485 571; 485 569; 484 568; 484 567; 483 566; 483 565; 482 564; 482 563; 481 562; 481 560; 480 559; 480 557; 479 556; 479 554; 478 553; 478 551; 477 550; 477 548; 476 547; 476 546; 475 545; 475 544
65; 1015 554; 1012 557; 1013 558; 1012 559; 1012 560; 1010 562; 1009 562; 1007 564; 1006 564; 1002 568; 1001 568; 1000 569; 999 569; 998 570; 996 570; 995 571; 994 571; 993 572; 992 572; 991 573; 991 576; 992 577; 994 577; 995 578; 996 578; 997 579; 998 579; 999 580; 1000 580; 1001 581; 1002 581; 1004 583; 1005 583; 1006 584; 1007 584; 1008 585; 1009 585; 1011 587; 1012 587; 1013 588; 1014 588; 1015 589; 1016 589; 1017 590; 1018 590; 1019 591; 1020 591; 1021 592; 1023 592; 1023 584; 1022 583; 1021 583; 1017 579; 1016 579; 1011 574; 1011 573; 1012 572; 1012 571; 1014 569; 1015 569; 1018 566; 1019 566; 1020 565; 1021 565; 1022 564; 1023 564; 1023 554; 1021 554; 1020 555; 1017 555; 1016 554
66; 114 548; 113 549; 111 549; 108 552; 107 552; 103 556; 103 557; 99 561; 98 561; 91 568; 90 568; 90 569; 86 573; 85 573; 84 574; 83 574; 82 575; 79 575; 78 576; 78 580; 79 580; 80 581; 81 581; 82 582; 83 582; 84 583; 87 583; 88 584; 90 584; 91 585; 93 585; 94 586; 95 586; 97 588; 98 588; 99 589; 100 589; 102 591; 108 591; 109 592; 113 592; 114 593; 115 593; 116 594; 117 594; 118 595; 119 595; 120 596; 124 596; 124 591; 123 590; 123 588; 122 587; 122 581; 121 580; 122 579; 122 572; 120 570; 120 569; 119 568; 119 566; 118 565; 118 562; 117 561; 117 553; 118 552; 118 549; 117 549; 116 548
67; 267 551; 266 552; 265 552; 263 554; 262 554; 261 555; 260 555; 259 556; 258 556; 257 557; 256 557; 255 558; 254 558; 253 559; 252 559; 250 561; 249 561; 247 563; 246 563; 245 564; 244 564; 242 566; 241 566; 240 567; 239 567; 237 569; 235 569; 234 570; 232 570; 231 571; 228 571; 227 572; 227 574; 229 576; 230 576; 232 578; 233 578; 234 579; 235 579; 236 580; 237 580; 239 582; 240 582; 243 585; 243 586; 244 587; 244 588; 248 588; 249 589; 251 589; 252 590; 253 590; 254 591; 255 591; 257 593; 258 593; 259 594; 260 594; 265 599; 265 600; 268 603; 271 600; 271 598; 270 597; 270 589; 269 588; 269 583; 270 582; 270 578; 271 577; 271 563; 272 562; 272 552; 271 551
68; 344 571; 343 572; 342 572; 340 574; 339 574; 338 575; 337 575; 336 576; 335 576; 330 581; 329 581; 326 584; 325 584; 323 586; 322 586; 320 588; 319 588; 315 592; 314 592; 312 594; 311 594; 310 595; 309 595; 308 596; 307 596; 306 597; 306 600; 308 600; 309 601; 312 601; 313 602; 315 602; 316 603; 317 603; 318 604; 319 604; 320 605; 321 605; 323 607; 324 607; 327 610; 328 610; 329 611; 335 611; 336 612; 337 612; 338 613; 339 613; 341 615; 342 615; 345 618; 346 618; 347 619; 350 619; 350 606; 351 605; 351 598; 352 597; 352 594; 351 593; 351 591; 350 590; 350 589; 349 588; 349 587; 348 586; 348 574; 347 573; 347 572; 346 571
69; 509 572; 508 573; 508 576; 507 577; 507 580; 506 581; 506 582; 505 583; 505 584; 502 587; 502 588; 500 590; 500 591; 499 592; 499 593; 497 595; 497 596; 496 597; 496 599; 495 600; 495 601; 494 602; 494 604; 493 605; 493 606; 492 607; 492 608; 491 609; 491 610; 490 611; 490 612; 489 613; 489 615; 490 616; 493 616; 494 615; 498 615; 499 614; 504 614; 505 615; 509 615; 510 616; 512 616; 513 617; 515 617; 516 616; 518 616; 519 615; 536 615; 536 611; 535 610; 535 609; 533 607; 533 606; 532 605; 532 604; 531 603; 531 602; 529 600; 529 599; 527 597; 527 596; 526 595; 526 594; 525 593; 525 592; 523 590; 523 589; 521 587; 521 586; 520 585; 520 581; 519 580; 519 579; 518 579; 515 576; 515 575; 512 572
70; 766 580; 765 581; 765 582; 764 583; 764 585; 763 586; 763 587; 762 588; 762 589; 761 590; 761 591; 760 592; 760 593; 759 594; 759 595; 757 597; 757 598; 755 600; 754 600; 752 602; 752 610; 751 611; 751 613; 749 615; 749 616; 745 620; 745 621; 744 622; 744 626; 746 626; 747 625; 749 625; 750 624; 757 624; 758 625; 764 625; 765 624; 769 624; 770 623; 774 623; 775 624; 779 624; 780 623; 782 623; 783 622; 789 622; 790 623; 792 623; 793 622; 793 618; 790 615; 790 614; 788 612; 788 611; 786 609; 786 608; 785 607; 785 605; 783 603; 783 602; 782 601; 782 600; 780 598; 780 597; 779 596; 779 595; 773 589; 773 588; 771 586; 771 585; 770 584; 770 583; 769 582; 769 581; 768 580
71; 73 596; 72 597; 71 597; 70 598; 68 598; 67 599; 66 599; 64 601; 62 601; 61 602; 60 602; 59 603; 57 603; 56 604; 55 604; 54 605; 52 605; 51 606; 48 606; 47 607; 46 607; 42 611; 39 611; 38 612; 36 612; 35 611; 34 611; 33 610; 32 610; 31 609; 29 609; 28 610; 28 612; 30 614; 31 614; 32 615; 33 615; 35 617; 36 617; 42 623; 43 623; 48 628; 49 628; 55 634; 55 637; 56 637; 57 638; 62 638; 67 643; 71 643; 71 642; 72 641; 72 639; 71 638; 71 632; 72 631; 72 628; 73 627; 73 624; 74 623; 74 622; 75 621; 75 620; 76 619; 76 616; 75 615; 75 607; 76 606; 76 603; 77 602; 77 600; 78 599; 78 597; 77 596
72; 205 593; 205 594; 203 596; 203 597; 197 603; 197 604; 192 609; 192 610; 189 613; 184 613; 183 614; 183 625; 184 626; 184 634; 186 636; 187 635; 190 635; 191 634; 194 634; 195 635; 198 635; 199 636; 200 636; 201 637; 203 637; 204 638; 205 638; 206 639; 207 639; 208 640; 209 640; 210 641; 211 641; 212 642; 213 642; 214 643; 218 643; 218 638; 217 637; 217 636; 216 635; 216 632; 215 631; 215 619; 214 618; 214 617; 212 615; 212 614; 211 613; 211 611; 210 610; 210 605; 209 604; 209 601; 208 600; 208 597; 207 596; 208 595; 208 594; 207 594; 206 593
73; 272 600; 269 603; 269 604; 272 607; 272 608; 274 610; 274 611; 275 612; 275 613; 276 614; 276 618; 277 619; 277 621; 278 622; 278 625; 277 626; 277 629; 276 630; 276 633; 277 634; 277 635; 278 635; 280 637; 280 638; 281 639; 281 644; 285 648; 288 648; 290 646; 290 645; 292 643; 292 642; 305 629; 306 629; 308 627; 308 626; 309 625; 309 622; 314 617; 315 617; 317 615; 317 612; 316 612; 315 611; 311 611; 310 610; 309 610; 308 609; 306 609; 305 608; 302 608; 301 607; 294 607; 293 606; 290 606; 289 605; 285 605; 284 604; 280 604; 279 603; 277 603; 276 602; 275 602; 274 601; 273 601
74; 659 596; 658 597; 657 597; 657 598; 644 611; 644 612; 640 616; 640 617; 637 620; 637 621; 629 629; 629 630; 627 632; 627 634; 628 635; 629 635; 630 636; 634 636; 635 635; 637 635; 638 636; 640 636; 641 637; 643 637; 644 638; 645 638; 649 642; 652 642; 653 641; 657 641; 658 642; 660 642; 661 643; 668 643; 669 644; 670 644; 674 648; 678 648; 679 647; 679 645; 678 644; 678 643; 677 642; 676 642; 674 640; 674 639; 673 638; 673 637; 672 636; 672 635; 671 634; 671 632; 670 631; 670 625; 669 624; 669 622; 668 621; 668 619; 667 618; 667 615; 666 614; 666 613; 664 611; 664 609; 663 608; 663 606; 664 605; 664 601; 663 600; 663 598; 662 597; 662 596
75; 182 614; 181 615; 179 615; 178 616; 176 616; 175 617; 164 617; 162 619; 162 620; 161 621; 161 622; 158 625; 157 625; 156 626; 155 626; 154 627; 153 627; 152 628; 151 628; 150 629; 149 629; 148 630; 146 630; 145 631; 143 631; 142 632; 142 635; 143 636; 144 636; 145 637; 146 637; 147 638; 148 638; 156 646; 157 646; 158 647; 160 647; 161 648; 162 648; 164 650; 165 650; 166 651; 167 651; 168 652; 169 652; 173 656; 173 657; 176 660; 177 660; 178 661; 181 661; 181 660; 182 659; 182 646; 183 645; 183 641; 184 640; 184 638; 185 637; 185 636; 183 634; 183 626; 182 625
76; 260 609; 257 612; 256 612; 255 613; 255 614; 254 615; 254 617; 253 618; 253 619; 252 620; 252 621; 246 627; 246 628; 244 630; 244 631; 241 634; 241 635; 232 644; 232 645; 231 646; 231 649; 233 649; 234 648; 239 648; 240 649; 244 649; 245 650; 247 650; 248 651; 249 651; 250 652; 251 652; 252 653; 271 653; 272 654; 273 654; 274 655; 275 655; 276 656; 279 656; 280 655; 280 651; 279 650; 279 649; 278 648; 278 645; 277 644; 277 642; 276 641; 276 639; 275 638; 275 637; 276 636; 276 634; 275 633; 275 632; 273 632; 271 630; 271 629; 270 628; 270 627; 269 626; 269 625; 268 624; 268 623; 267 622; 267 613; 263 609
77; 456 625; 455 626; 453 626; 452 627; 450 627; 449 628; 446 628; 445 629; 445 631; 447 633; 447 634; 448 635; 448 638; 447 639; 447 640; 446 641; 446 642; 445 643; 445 644; 444 645; 444 646; 443 647; 443 650; 445 650; 446 649; 451 649; 455 653; 459 653; 460 652; 461 652; 462 651; 464 651; 465 650; 474 650; 475 651; 476 651; 477 652; 479 652; 480 651; 481 651; 482 650; 490 650; 491 649; 491 646; 488 643; 488 642; 483 637; 483 636; 482 635; 482 634; 481 633; 481 632; 480 631; 473 631; 472 632; 470 632; 469 633; 468 633; 466 635; 465 635; 464 636; 462 636; 461 635; 461 633; 462 632; 462 631; 463 630; 463 627; 461 625
78; 1002 641; 1001 642; 1000 642; 999 643; 998 643; 997 644; 996 644; 995 645; 994 645; 993 646; 984 646; 983 647; 982 647; 980 649; 979 649; 978 650; 972 650; 971 651; 968 651; 967 652; 961 652; 960 653; 959 653; 958 654; 958 657; 959 657; 968 666; 969 666; 971 668; 971 669; 973 671; 974 671; 980 677; 981 677; 986 682; 986 683; 989 686; 989 687; 990 688; 990 689; 992 691; 995 691; 997 689; 997 688; 998 687; 998 684; 997 683; 997 680; 998 679; 998 676; 999 675; 999 674; 1000 673; 1000 672; 1001 671; 1001 668; 1002 667; 1002 664; 1003 663; 1003 651; 1004 650; 1004 648; 1005 647; 1005 646; 1006 645; 1006 641
79; 630 640; 630 641; 628 643; 628 644; 623 649; 622 649; 618 653; 617 653; 612 658; 612 659; 603 668; 602 668; 598 672; 598 675; 599 676; 603 676; 604 677; 608 677; 609 678; 611 678; 612 679; 614 679; 615 680; 617 680; 618 681; 621 681; 622 682; 626 682; 627 683; 629 683; 630 684; 632 684; 633 685; 634 685; 636 687; 637 687; 638 688; 639 688; 640 689; 646 689; 647 688; 647 685; 646 684; 646 683; 644 681; 644 680; 643 679; 643 678; 642 677; 642 674; 641 673; 641 670; 642 669; 642 664; 641 663; 641 662; 639 660; 639 659; 638 658; 638 657; 637 656; 637 653; 636 652; 636 650; 635 649; 635 644; 634 643; 634 641; 633 640
80; 54 638; 54 640; 53 641; 53 643; 52 644; 52 645; 51 646; 51 647; 47 651; 47 652; 46 653; 46 654; 45 655; 45 659; 44 660; 44 661; 42 663; 42 665; 41 666; 41 669; 40 670; 40 672; 38 674; 38 675; 37 676; 37 677; 36 678; 36 679; 35 680; 35 684; 41 684; 42 683; 60 683; 61 682; 65 682; 66 681; 69 681; 70 680; 73 680; 74 679; 82 679; 83 678; 83 674; 82 673; 81 673; 80 672; 79 672; 74 667; 74 666; 73 665; 73 664; 72 663; 72 662; 71 661; 71 659; 62 650; 62 649; 60 647; 60 646; 59 645; 59 643; 58 642; 58 639; 57 639; 56 638
81; 440 650; 440 657; 439 658; 439 661; 436 664; 435 664; 434 665; 433 665; 432 664; 429 664; 429 669; 430 670; 430 671; 431 672; 431 673; 432 674; 432 675; 433 676; 433 678; 434 679; 434 682; 433 683; 433 688; 435 690; 435 691; 436 692; 436 695; 437 696; 437 700; 438 701; 438 704; 439 705; 439 709; 440 710; 451 710; 454 707; 454 706; 455 705; 455 704; 456 703; 456 702; 461 697; 461 686; 462 685; 462 682; 463 681; 463 676; 459 672; 459 671; 458 670; 458 669; 457 668; 456 668; 455 667; 454 667; 449 662; 449 661; 448 660; 448 659; 444 655; 444 654; 442 652; 442 650
82; 199 658; 199 659; 198 660; 198 664; 197 665; 197 668; 196 669; 196 670; 195 671; 195 673; 194 674; 194 675; 193 676; 193 677; 192 678; 192 681; 191 682; 191 683; 190 684; 190 686; 189 687; 189 689; 188 690; 188 692; 187 693; 187 695; 186 696; 186 698; 185 699; 185 700; 184 701; 184 704; 186 706; 188 706; 189 705; 190 705; 191 704; 192 704; 193 703; 194 703; 195 702; 204 702; 205 701; 209 701; 210 700; 213 700; 214 699; 216 699; 217 698; 220 698; 221 697; 226 697; 227 698; 231 698; 232 697; 233 697; 233 695; 230 692; 230 691; 221 682; 221 681; 220 680; 220 679; 219 678; 219 677; 205 663; 205 662; 203 660; 203 659; 202 658
83; 117 703; 115 705; 115 707; 116 708; 116 709; 119 712; 119 713; 121 715; 121 716; 122 717; 122 718; 123 719; 123 722; 120 725; 120 728; 122 728; 123 729; 127 729; 128 730; 129 730; 130 731; 131 731; 132 732; 133 732; 135 734; 136 734; 140 738; 140 744; 144 744; 144 738; 145 737; 145 735; 146 734; 146 730; 144 728; 142 728; 141 727; 140 727; 138 725; 138 722; 140 720; 140 719; 141 718; 141 713; 140 712; 140 711; 139 710; 139 709; 136 706; 135 706; 134 705; 129 705; 128 704; 125 704; 124 703
84; 654 713; 654 717; 655 718; 655 719; 656 720; 656 722; 657 723; 657 724; 658 725; 658 727; 659 728; 659 730; 660 731; 660 734; 661 735; 661 739; 662 740; 662 742; 663 743; 663 747; 662 748; 662 752; 664 754; 664 755; 666 757; 666 759; 667 760; 667 762; 669 764; 671 764; 673 762; 673 761; 674 760; 674 759; 679 754; 680 754; 681 753; 682 753; 683 752; 684 752; 688 748; 689 748; 690 747; 691 747; 696 742; 697 742; 698 741; 697 740; 697 738; 702 733; 703 733; 704 732; 704 728; 703 727; 702 727; 701 726; 693 726; 692 725; 691 725; 690 724; 689 724; 688 723; 687 723; 681 717; 669 717; 668 716; 666 716; 665 715; 662 715; 661 714; 660 714; 659 713
85; 716 722; 713 725; 713 726; 712 727; 712 728; 707 733; 707 734; 706 735; 706 736; 701 741; 699 741; 698 742; 698 743; 699 744; 699 748; 698 749; 698 750; 697 751; 697 752; 696 753; 696 754; 695 755; 695 756; 688 763; 688 766; 701 766; 702 767; 713 767; 714 768; 723 768; 724 767; 727 767; 728 768; 733 768; 734 769; 737 769; 738 768; 739 768; 739 765; 737 763; 737 762; 735 760; 735 759; 734 758; 734 757; 733 756; 733 755; 732 754; 732 751; 731 750; 731 749; 729 747; 729 746; 728 745; 728 744; 726 742; 726 741; 725 740; 725 739; 723 737; 723 736; 722 735; 722 733; 721 732; 721 724; 720 723; 719 723; 718 722
86; 34 740; 33 741; 33 753; 32 754; 32 756; 31 757; 31 765; 30 766; 30 770; 29 771; 29 775; 28 776; 28 779; 27 780; 27 781; 26 782; 26 786; 31 786; 32 785; 34 785; 35 784; 39 784; 40 783; 45 783; 46 782; 48 782; 49 783; 53 783; 54 782; 55 782; 58 779; 60 779; 61 778; 62 778; 63 777; 66 777; 67 776; 68 777; 73 777; 75 775; 75 772; 74 771; 71 771; 70 770; 68 770; 67 769; 66 769; 55 758; 55 757; 47 749; 46 749; 37 740
87; 329 743; 329 747; 330 748; 330 753; 331 754; 331 763; 332 764; 332 771; 331 772; 331 781; 332 782; 332 783; 333 784; 333 786; 334 787; 334 793; 337 793; 338 792; 339 792; 342 789; 343 789; 345 787; 346 787; 347 786; 348 786; 349 785; 350 785; 351 784; 352 784; 353 783; 354 783; 356 781; 357 781; 358 780; 359 780; 360 779; 361 779; 362 778; 363 778; 368 773; 369 773; 370 772; 371 772; 372 771; 373 771; 374 770; 374 766; 373 766; 372 765; 369 765; 368 764; 366 764; 365 763; 364 763; 363 762; 362 762; 360 760; 359 760; 353 754; 352 754; 351 753; 351 752; 350 751; 342 751; 341 750; 340 750; 333 743
88; 756 750; 754 752; 754 753; 753 754; 753 755; 752 756; 752 757; 751 758; 751 759; 747 763; 747 764; 745 766; 745 767; 743 769; 743 770; 742 771; 742 772; 740 774; 740 775; 739 776; 739 780; 738 781; 738 783; 735 786; 735 787; 733 789; 733 792; 744 792; 745 793; 780 793; 780 791; 779 790; 779 789; 775 785; 775 784; 774 783; 774 781; 773 780; 773 778; 772 777; 772 771; 767 766; 767 765; 766 764; 766 763; 765 762; 765 761; 763 759; 763 758; 761 756; 761 754; 760 753; 760 752; 759 751; 759 750
89; 656 755; 656 756; 655 757; 655 759; 653 761; 653 762; 651 764; 650 764; 649 765; 648 765; 647 766; 641 766; 633 774; 632 774; 631 775; 630 775; 629 776; 628 776; 627 777; 626 777; 625 778; 621 778; 620 779; 619 779; 619 782; 621 784; 622 784; 623 785; 625 785; 626 786; 627 786; 629 788; 630 788; 633 791; 634 791; 636 793; 637 793; 638 794; 639 794; 640 795; 641 795; 642 796; 643 796; 645 798; 646 798; 647 799; 649 799; 650 800; 651 800; 652 801; 653 801; 655 803; 656 803; 660 807; 663 807; 663 803; 662 802; 662 792; 661 791; 662 790; 662 787; 663 786; 663 785; 664 784; 665 784; 666 783; 666 780; 662 776; 662 771; 661 770; 661 756; 660 755
90; 150 759; 150 767; 151 768; 151 769; 150 770; 150 776; 149 777; 149 783; 150 784; 150 785; 151 786; 151 802; 150 803; 150 807; 153 807; 154 806; 155 806; 157 804; 158 804; 159 803; 160 803; 161 802; 162 802; 163 801; 164 801; 165 800; 167 800; 168 799; 169 799; 171 797; 172 797; 175 794; 176 794; 177 793; 178 793; 180 791; 181 791; 182 790; 183 790; 184 789; 185 789; 186 788; 188 788; 189 787; 190 787; 190 785; 189 784; 188 784; 187 783; 186 783; 185 782; 184 782; 181 779; 180 779; 177 776; 176 776; 174 774; 173 774; 171 772; 170 772; 167 769; 166 769; 165 768; 164 768; 162 766; 161 766; 158 763; 157 763; 153 759
91; 989 752; 988 753; 988 759; 989 760; 989 763; 988 764; 988 765; 987 766; 987 767; 986 768; 986 769; 976 779; 975 779; 974 780; 974 782; 973 783; 973 784; 972 785; 972 786; 971 787; 971 789; 970 790; 970 791; 968 793; 968 794; 967 795; 967 796; 966 797; 966 798; 964 800; 964 801; 963 802; 963 807; 964 808; 964 809; 965 810; 967 810; 970 807; 971 807; 970 806; 970 804; 972 802; 978 802; 979 803; 981 803; 982 804; 987 804; 988 805; 990 805; 991 806; 995 806; 996 805; 999 805; 1000 806; 1003 806; 1004 807; 1005 807; 1006 808; 1010 808; 1011 807; 1011 804; 1010 803; 1010 802; 1007 799; 1007 798; 1005 796; 1005 794; 1004 793; 1004 790; 1003 789; 1003 787; 1002 786; 1002 785; 1001 784; 1001 783; 1000 782; 1000 779; 999 778; 999 776; 998 775; 998 774; 997 773; 997 772; 996 771; 996 770; 995 769; 995 766; 994 765; 994 763; 993 762; 994 761; 994 759; 995 758; 995 754; 993 752
92; 790 770; 789 771; 789 776; 790 777; 790 782; 789 783; 789 785; 788 786; 788 794; 787 795; 787 809; 786 810; 786 812; 785 813; 785 814; 784 815; 784 817; 785 818; 788 818; 789 817; 791 817; 792 816; 794 816; 795 815; 796 815; 797 814; 798 814; 799 813; 804 813; 805 814; 806 814; 807 815; 809 815; 812 812; 812 808; 813 807; 813 804; 817 800; 817 799; 816 798; 816 796; 817 795; 817 794; 818 793; 818 789; 813 784; 812 784; 810 782; 809 782; 808 781; 807 781; 804 778; 804 777; 802 775; 802 774; 801 774; 800 773; 797 773; 795 771; 794 771; 793 770
93; 719 773; 718 774; 717 774; 713 778; 712 778; 710 780; 708 780; 707 781; 704 781; 703 782; 702 782; 701 783; 700 783; 699 784; 698 784; 697 785; 695 785; 694 786; 691 786; 690 787; 689 787; 687 789; 686 789; 684 791; 682 791; 681 792; 680 792; 679 793; 679 795; 680 796; 681 796; 682 797; 683 797; 684 798; 685 798; 688 801; 689 801; 694 806; 695 806; 696 807; 696 808; 699 811; 700 811; 701 812; 702 812; 703 813; 704 813; 705 814; 706 814; 712 820; 712 821; 719 821; 719 807; 720 806; 720 786; 721 785; 721 779; 722 778; 722 775; 721 774; 721 773
94; 468 781; 467 782; 467 786; 468 787; 468 788; 469 789; 469 791; 470 792; 470 794; 471 795; 471 815; 472 816; 472 820; 473 821; 473 825; 472 826; 472 828; 473 829; 475 829; 476 828; 477 828; 486 819; 487 819; 489 817; 491 817; 492 816; 494 816; 502 808; 503 808; 505 806; 506 806; 507 805; 508 805; 509 804; 510 804; 512 802; 512 800; 510 800; 509 799; 507 799; 506 798; 505 798; 504 797; 503 797; 502 796; 501 796; 500 795; 499 795; 497 793; 496 793; 494 791; 493 791; 492 790; 491 790; 490 789; 489 789; 488 788; 487 788; 486 787; 485 787; 484 786; 482 786; 481 785; 479 785; 478 784; 476 784; 475 783; 473 783; 472 782; 471 782; 470 781
95; 81 783; 80 784; 79 784; 77 786; 76 786; 75 787; 74 787; 73 788; 72 788; 71 789; 70 789; 69 790; 68 790; 67 791; 66 791; 65 792; 64 792; 63 793; 62 793; 61 794; 60 794; 59 795; 57 795; 56 796; 55 796; 50 801; 49 801; 48 802; 47 802; 46 803; 45 803; 45 806; 46 806; 47 807; 48 807; 51 810; 52 810; 54 812; 55 812; 57 814; 58 814; 63 819; 65 819; 66 820; 67 820; 68 821; 69 821; 70 822; 71 822; 72 823; 73 823; 74 824; 75 824; 80 829; 83 829; 83 821; 82 820; 82 816; 83 815; 83 809; 82 808; 82 798; 81 797; 81 795; 82 794; 82 792; 83 791; 83 789; 84 788; 84 783
96; 381 784; 379 786; 378 786; 377 787; 376 787; 375 788; 374 788; 373 789; 372 789; 371 790; 370 790; 369 791; 368 791; 367 792; 366 792; 365 793; 364 793; 363 794; 362 794; 361 795; 360 795; 359 796; 358 796; 357 797; 356 797; 355 798; 353 798; 352 799; 351 799; 350 800; 349 800; 348 801; 347 801; 346 802; 345 802; 344 803; 343 803; 343 806; 344 807; 345 807; 347 809; 348 809; 351 812; 352 812; 355 815; 356 815; 357 816; 358 816; 360 818; 361 818; 363 820; 364 820; 365 821; 366 821; 368 823; 369 823; 371 825; 372 825; 378 831; 382 831; 382 815; 383 814; 383 813; 384 812; 384 806; 383 805; 383 797; 384 796; 384 788; 385 787; 385 785; 384 784
97; 829 781; 829 782; 828 783; 828 787; 827 788; 827 790; 825 792; 825 793; 823 795; 823 796; 822 797; 822 798; 819 801; 818 800; 814 804; 814 807; 813 808; 813 812; 809 816; 810 817; 810 820; 809 821; 809 824; 810 825; 810 826; 812 826; 813 825; 815 825; 816 824; 825 824; 826 825; 831 825; 832 824; 845 824; 846 823; 858 823; 858 820; 857 819; 857 818; 852 813; 852 812; 851 811; 851 807; 844 800; 844 799; 842 797; 842 796; 841 795; 841 794; 838 791; 838 790; 836 788; 836 787; 835 786; 835 784; 834 783; 834 782; 833 781
98; 27 795; 26 796; 25 796; 24 797; 23 797; 20 800; 19 800; 18 801; 17 801; 15 803; 14 803; 11 806; 10 806; 9 807; 8 807; 7 808; 6 808; 6 809; 4 811; 3 811; 2 812; 0 812; 0 828; 1 828; 2 829; 3 829; 9 835; 9 843; 10 844; 11 844; 12 845; 13 845; 15 847; 15 844; 19 840; 18 839; 21 836; 23 836; 24 835; 24 828; 25 827; 25 823; 26 822; 26 817; 27 816; 27 814; 28 813; 28 809; 29 808; 29 805; 30 804; 30 801; 31 800; 31 796; 30 795
99; 193 794; 191 796; 190 796; 187 799; 186 799; 184 801; 183 801; 182 802; 181 802; 179 804; 178 804; 177 805; 176 805; 174 807; 173 807; 170 810; 169 810; 165 814; 164 814; 162 816; 161 816; 160 817; 159 817; 158 818; 158 820; 159 821; 162 821; 164 823; 165 823; 168 826; 169 826; 171 828; 172 828; 174 830; 175 830; 176 831; 177 831; 179 833; 180 833; 181 834; 184 834; 185 835; 188 835; 189 836; 190 836; 191 837; 192 837; 194 839; 195 839; 196 840; 197 840; 198 841; 202 841; 202 838; 201 837; 201 835; 200 834; 200 832; 199 831; 199 827; 198 826; 198 818; 197 817; 197 813; 196 812; 196 807; 195 806; 195 800; 196 799; 196 794
100; 276 792; 275 793; 275 797; 276 798; 276 803; 275 804; 275 823; 274 824; 274 835; 273 836; 273 842; 277 842; 282 837; 283 837; 285 835; 286 835; 287 834; 288 834; 289 833; 290 833; 291 832; 295 832; 296 831; 299 831; 303 827; 304 827; 306 825; 307 825; 308 824; 309 824; 311 822; 312 822; 313 821; 315 821; 316 820; 316 818; 315 817; 314 817; 313 816; 312 816; 310 814; 309 814; 307 812; 306 812; 304 810; 303 810; 301 808; 300 808; 298 806; 297 806; 295 804; 294 804; 292 802; 291 802; 290 801; 289 801; 287 799; 286 799; 284 797; 283 797; 278 792
101; 970 808; 967 811; 966 811; 968 813; 968 814; 969 815; 969 822; 970 823; 970 824; 973 827; 973 829; 974 830; 974 837; 975 838; 975 839; 980 844; 980 845; 981 846; 981 847; 982 848; 982 851; 983 852; 983 853; 984 854; 987 854; 988 853; 988 851; 989 850; 989 849; 990 848; 990 847; 997 840; 997 839; 999 837; 999 836; 1006 829; 1006 828; 1008 826; 1009 826; 1010 825; 1010 824; 1011 823; 1011 822; 1013 820; 1013 819; 1014 818; 1014 816; 1008 816; 1007 815; 1003 815; 1002 814; 999 814; 998 813; 996 813; 995 812; 994 812; 992 810; 989 810; 988 811; 982 811; 981 810; 976 810; 975 809; 973 809; 972 808
102; 763 808; 762 809; 761 809; 760 810; 758 810; 757 811; 756 811; 755 812; 753 812; 752 813; 750 813; 749 814; 748 814; 747 815; 745 815; 744 816; 742 816; 741 817; 740 817; 739 818; 738 818; 737 819; 735 819; 734 820; 732 820; 731 821; 730 821; 729 822; 728 822; 727 823; 725 823; 724 824; 723 824; 723 831; 726 834; 726 835; 727 836; 727 837; 728 838; 728 839; 731 842; 732 842; 733 843; 736 843; 737 844; 739 844; 742 847; 743 847; 745 849; 746 849; 748 851; 749 851; 754 856; 754 857; 758 857; 759 856; 759 851; 758 850; 758 848; 759 847; 759 844; 760 843; 760 842; 761 841; 761 838; 762 837; 762 835; 763 834; 763 833; 764 832; 765 832; 766 831; 766 828; 762 824; 762 823; 761 822; 761 819; 762 818; 762 816; 763 815; 763 814; 764 813; 764 812; 765 811; 765 808
103; 21 853; 19 856; 5 852; 0 846; 0 880; 12 893; 9 899; 0 902; 0 911; 8 910; 22 899; 29 897; 29 894; 19 886; 25 884; 25 873; 30 859
104; 30 859; 36 859; 54 870; 59 869; 55 859; 56 822; 47 824; 16 844; 16 848; 21 853
105; 713 822; 713 827; 712 828; 712 830; 711 831; 711 832; 710 833; 710 834; 702 842; 701 842; 699 844; 699 845; 698 846; 698 847; 697 848; 697 849; 694 852; 694 853; 693 854; 692 854; 690 856; 688 856; 687 857; 686 857; 685 858; 684 858; 684 859; 683 860; 683 864; 685 866; 687 866; 688 865; 692 865; 693 866; 695 866; 696 867; 697 867; 698 868; 700 868; 701 869; 704 869; 705 870; 708 870; 709 871; 712 871; 713 872; 720 872; 721 873; 723 873; 724 874; 726 874; 727 875; 728 875; 729 876; 732 876; 733 875; 733 872; 731 870; 731 869; 730 868; 730 867; 729 866; 729 864; 728 863; 728 861; 727 860; 727 857; 726 856; 726 853; 725 852; 725 850; 724 849; 724 847; 723 846; 723 844; 722 843; 722 841; 721 840; 721 838; 720 837; 720 835; 719 834; 719 833; 722 830; 722 824; 720 822
106; 844 828; 844 829; 843 830; 843 835; 844 836; 844 838; 843 839; 843 840; 842 841; 842 842; 841 843; 841 844; 839 846; 839 847; 832 854; 832 855; 831 856; 831 857; 830 858; 830 859; 829 860; 829 861; 826 864; 826 865; 824 867; 824 871; 825 872; 828 872; 829 871; 830 871; 831 870; 833 870; 834 869; 835 869; 836 870; 839 870; 840 871; 841 871; 842 872; 846 872; 847 873; 850 873; 851 874; 859 874; 860 875; 863 875; 864 876; 866 876; 867 877; 868 877; 869 878; 873 878; 875 876; 875 874; 869 868; 869 867; 868 866; 868 864; 867 863; 867 859; 866 858; 866 852; 861 847; 861 846; 860 845; 860 842; 859 841; 859 838; 858 837; 858 834; 857 833; 857 832; 856 831; 856 830; 855 829; 848 829; 847 828
107; 652 841; 649 844; 638 844; 637 843; 636 843; 635 842; 633 842; 631 844; 631 848; 634 851; 634 852; 635 853; 635 854; 636 855; 636 856; 637 857; 637 858; 638 859; 638 861; 639 862; 639 863; 640 864; 640 865; 642 867; 642 868; 643 869; 643 871; 642 872; 643 873; 643 874; 644 875; 644 877; 645 876; 646 877; 647 877; 650 880; 650 882; 651 883; 651 885; 652 886; 652 888; 654 890; 656 890; 657 889; 657 888; 658 887; 658 885; 659 884; 659 883; 660 882; 660 881; 661 880; 661 879; 663 877; 663 876; 665 874; 665 873; 666 872; 666 871; 668 869; 668 868; 669 867; 669 865; 670 864; 670 863; 671 862; 671 861; 672 860; 672 859; 673 858; 673 857; 674 856; 674 855; 675 854; 675 853; 676 852; 676 851; 678 849; 678 845; 672 845; 671 846; 664 846; 663 845; 658 845; 654 841
108; 325 827; 325 833; 326 834; 326 835; 321 840; 320 840; 317 843; 316 843; 314 845; 313 845; 312 846; 311 846; 310 847; 304 847; 302 849; 302 850; 300 852; 299 852; 291 860; 290 860; 289 861; 288 861; 287 862; 286 862; 284 864; 284 868; 285 869; 293 869; 294 870; 295 870; 296 871; 297 871; 298 872; 299 872; 300 873; 301 873; 303 875; 304 875; 307 878; 312 878; 313 879; 315 879; 316 880; 317 880; 324 887; 327 887; 328 886; 328 872; 329 871; 329 864; 327 862; 327 860; 326 859; 326 847; 327 846; 327 844; 329 842; 329 837; 328 836; 328 834; 330 832; 330 827
109; 598 854; 598 858; 599 859; 599 862; 600 863; 600 865; 599 866; 599 878; 600 879; 600 882; 601 883; 601 887; 602 888; 602 899; 601 900; 601 904; 602 905; 605 905; 606 904; 607 904; 609 902; 610 902; 613 899; 614 899; 616 897; 617 897; 620 894; 621 894; 622 893; 623 893; 624 892; 625 892; 626 891; 628 891; 630 889; 630 888; 631 887; 631 886; 636 881; 637 881; 639 879; 640 879; 641 878; 642 878; 643 877; 643 875; 642 874; 642 873; 638 873; 637 872; 634 872; 633 871; 632 871; 631 870; 630 870; 629 869; 628 869; 621 862; 616 862; 615 861; 613 861; 612 860; 611 860; 610 859; 609 859; 606 856; 605 856; 604 855; 603 855; 602 854
110; 1002 871; 999 874; 999 875; 993 881; 992 881; 971 902; 971 906; 972 907; 975 907; 976 908; 980 908; 981 909; 983 909; 985 911; 986 911; 987 912; 991 912; 992 913; 994 913; 995 914; 997 914; 998 915; 1001 915; 1002 916; 1004 916; 1005 917; 1007 917; 1008 918; 1009 918; 1010 919; 1011 919; 1012 920; 1017 920; 1018 919; 1018 917; 1017 916; 1017 914; 1016 913; 1016 910; 1015 909; 1015 907; 1014 906; 1014 896; 1013 895; 1013 894; 1011 892; 1011 891; 1010 890; 1010 887; 1009 886; 1009 877; 1008 876; 1008 875; 1007 874; 1007 873; 1005 871
111; 527 879; 526 880; 525 880; 524 881; 524 882; 523 883; 523 887; 524 888; 524 889; 526 891; 526 895; 524 897; 524 898; 519 903; 518 903; 516 905; 514 905; 513 906; 512 906; 512 907; 511 908; 511 909; 510 910; 510 911; 505 916; 504 916; 502 918; 501 918; 500 919; 499 919; 497 921; 497 925; 498 926; 499 926; 500 927; 505 927; 506 928; 508 928; 509 929; 510 929; 511 930; 512 930; 513 931; 514 931; 515 932; 517 932; 518 933; 520 933; 521 934; 523 934; 524 935; 527 935; 528 936; 532 936; 533 937; 535 937; 538 940; 539 940; 541 942; 542 942; 543 943; 545 943; 547 941; 547 938; 546 937; 546 936; 545 935; 545 934; 543 932; 543 931; 542 930; 542 927; 541 926; 541 923; 540 922; 540 918; 539 917; 539 912; 538 911; 538 904; 537 903; 537 899; 536 898; 536 897; 535 896; 535 895; 534 894; 534 893; 533 892; 533 891; 531 889; 531 881; 529 879
112; 469 894; 468 895; 467 895; 467 896; 465 898; 465 899; 463 901; 463 902; 459 906; 458 906; 457 907; 456 907; 452 911; 452 912; 437 927; 437 930; 438 931; 440 931; 441 932; 447 932; 448 933; 450 933; 451 934; 452 934; 453 935; 455 935; 456 936; 458 936; 459 937; 462 937; 463 938; 464 938; 465 939; 468 939; 469 940; 471 940; 472 941; 473 941; 474 942; 475 942; 477 944; 478 944; 479 945; 483 945; 483 940; 482 939; 482 936; 481 935; 481 930; 480 929; 480 924; 479 923; 479 920; 478 919; 478 917; 477 916; 477 914; 476 913; 476 910; 475 909; 475 906; 474 905; 474 901; 473 900; 473 898; 472 897; 472 895; 471 894
113; 772 896; 772 897; 771 898; 771 900; 772 901; 772 916; 771 917; 771 920; 772 921; 772 940; 771 941; 771 946; 772 947; 776 947; 778 945; 779 945; 781 943; 783 943; 784 942; 787 942; 788 941; 789 941; 792 938; 794 938; 795 937; 796 937; 802 931; 803 931; 804 930; 805 930; 806 929; 808 929; 809 928; 813 928; 814 927; 815 927; 816 926; 816 923; 814 921; 813 921; 812 920; 811 920; 809 918; 808 918; 804 914; 803 914; 801 912; 800 912; 799 911; 798 911; 797 910; 796 910; 795 909; 793 909; 791 907; 790 907; 788 905; 787 905; 785 903; 784 903; 779 898; 778 898; 776 896
114; 391 922; 390 923; 390 925; 392 927; 392 928; 393 929; 393 934; 394 935; 394 937; 395 938; 395 939; 396 940; 396 944; 394 946; 393 946; 392 947; 391 947; 390 948; 390 952; 391 953; 392 953; 394 951; 395 951; 398 954; 398 956; 399 957; 399 962; 400 963; 400 973; 401 974; 404 974; 407 971; 408 971; 409 970; 410 970; 411 969; 411 968; 412 967; 412 966; 421 957; 422 957; 425 954; 426 954; 427 953; 428 953; 434 947; 435 947; 436 946; 439 946; 440 945; 441 945; 441 940; 440 940; 439 939; 436 939; 435 938; 433 938; 432 937; 430 937; 429 936; 428 936; 427 935; 426 935; 425 934; 424 934; 423 933; 422 933; 420 931; 419 931; 418 930; 416 930; 415 929; 412 929; 411 928; 410 928; 409 927; 408 927; 407 926; 405 926; 404 925; 403 925; 402 924; 400 924; 399 923; 398 923; 397 922
115; 203 918; 202 919; 202 920; 201 921; 201 924; 200 925; 200 927; 199 928; 199 929; 197 931; 197 932; 195 934; 195 935; 194 936; 194 937; 193 938; 193 939; 191 941; 191 942; 188 945; 188 946; 186 948; 185 948; 182 951; 182 952; 181 953; 181 954; 180 955; 180 956; 179 957; 179 961; 180 961; 181 962; 196 962; 197 963; 211 963; 212 964; 221 964; 222 965; 224 965; 226 963; 229 963; 229 962; 226 959; 226 958; 223 955; 223 954; 222 953; 222 951; 221 950; 221 948; 220 947; 220 946; 219 945; 219 938; 217 936; 216 936; 214 934; 214 933; 213 932; 213 931; 212 930; 212 929; 211 928; 211 927; 210 926; 210 925; 209 924; 209 923; 208 922; 208 921; 207 920; 207 919; 206 918
116; 103 961; 103 966; 106 969; 106 970; 107 971; 107 972; 108 973; 108 975; 109 976; 109 977; 110 978; 110 979; 111 980; 111 981; 112 982; 112 983; 113 984; 113 985; 114 986; 114 987; 115 988; 115 989; 116 990; 116 991; 117 992; 117 994; 116 995; 115 995; 114 996; 112 996; 111 997; 111 999; 113 1001; 116 1001; 117 1000; 119 1000; 122 1003; 122 1004; 123 1005; 123 1008; 124 1009; 124 1010; 127 1013; 129 1013; 132 1010; 132 1005; 131 1004; 132 1003; 132 1000; 133 999; 133 997; 134 996; 134 995; 136 993; 136 992; 141 987; 141 983; 142 982; 142 981; 143 980; 143 979; 144 978; 144 977; 146 975; 146 974; 147 973; 147 972; 149 970; 149 969; 151 967; 151 964; 150 963; 136 963; 135 962; 127 962; 126 963; 113 963; 112 962; 109 962; 108 961
117; 703 957; 702 958; 701 958; 701 962; 702 963; 702 964; 703 965; 703 968; 704 969; 704 972; 705 973; 705 975; 706 976; 706 979; 707 980; 707 987; 708 988; 708 991; 709 992; 709 994; 710 995; 710 1002; 711 1003; 711 1009; 712 1010; 712 1011; 713 1012; 715 1012; 717 1010; 717 1009; 718 1008; 718 1007; 721 1004; 721 1003; 728 996; 729 996; 730 995; 731 995; 732 994; 733 994; 734 993; 735 993; 736 992; 736 991; 739 988; 739 987; 742 984; 743 984; 749 978; 749 974; 748 973; 747 973; 746 972; 744 972; 743 971; 741 971; 740 970; 738 970; 737 969; 735 969; 734 968; 732 968; 731 967; 730 967; 729 966; 727 966; 726 965; 724 965; 723 964; 722 964; 721 963; 718 963; 717 962; 715 962; 714 961; 712 961; 711 960; 710 960; 709 959; 708 959; 707 958; 706 958; 705 957
118; 389 953; 389 954; 388 955; 387 955; 385 957; 384 957; 383 958; 382 958; 382 959; 381 960; 381 961; 379 963; 379 964; 372 971; 371 971; 370 972; 369 972; 367 974; 367 975; 366 976; 366 978; 365 979; 365 980; 364 981; 364 982; 363 983; 363 984; 361 986; 361 987; 356 992; 355 992; 354 993; 351 993; 349 991; 346 991; 345 992; 345 994; 347 996; 350 996; 352 998; 363 998; 364 999; 369 999; 370 1000; 373 1000; 374 1001; 376 1001; 377 1002; 380 1002; 381 1003; 385 1003; 386 1004; 392 1004; 393 1005; 395 1005; 396 1006; 397 1006; 398 1007; 399 1007; 400 1008; 402 1008; 404 1006; 404 1004; 403 1003; 403 1002; 402 1001; 402 1000; 400 998; 400 997; 399 996; 399 995; 398 994; 398 991; 397 990; 397 987; 396 986; 396 984; 395 983; 395 982; 394 981; 394 979; 393 978; 393 976; 392 975; 392 973; 391 972; 391 970; 390 969; 390 966; 389 965; 390 964; 390 961; 391 960; 391 954; 390 953
119; 167 985; 164 988; 163 988; 162 989; 161 989; 153 997; 152 997; 151 998; 150 998; 145 993; 142 993; 140 995; 140 998; 141 999; 141 1000; 142 1001; 142 1004; 140 1006; 140 1007; 137 1010; 136 1010; 135 1011; 134 1011; 133 1010; 129 1014; 128 1014; 129 1015; 129 1016; 130 1017; 130 1018; 132 1020; 133 1020; 134 1021; 135 1021; 136 1022; 136 1023; 158 1023; 158 1022; 156 1020; 155 1020; 154 1019; 151 1019; 150 1018; 149 1018; 147 1016; 147 1015; 146 1014; 146 1013; 147 1012; 147 1011; 152 1006; 153 1006; 155 1004; 156 1004; 157 1003; 158 1003; 160 1001; 163 1001; 164 1002; 164 1003; 165 1004; 165 1021; 166 1022; 166 1023; 173 1023; 173 1002; 172 1001; 172 998; 171 997; 171 996; 172 995; 172 987; 171 986; 171 985
120; 226 964; 224 966; 223 966; 224 967; 224 970; 223 971; 223 972; 212 983; 210 983; 209 984; 209 987; 208 988; 208 989; 207 990; 207 991; 205 993; 205 994; 200 999; 200 1000; 198 1002; 198 1003; 197 1004; 197 1007; 198 1008; 207 1008; 208 1009; 211 1009; 212 1010; 214 1010; 215 1011; 217 1011; 218 1012; 219 1012; 225 1018; 231 1018; 233 1020; 233 1023; 237 1023; 237 1022; 239 1020; 242 1020; 243 1019; 244 1019; 244 1013; 242 1011; 242 1010; 241 1009; 241 1008; 240 1007; 240 1003; 239 1002; 239 999; 238 998; 238 996; 237 995; 237 992; 236 991; 236 989; 235 988; 235 985; 234 984; 234 983; 233 982; 233 980; 232 979; 232 977; 231 976; 231 969; 230 968; 230 964
121; 524 991; 523 992; 522 992; 520 994; 519 994; 516 997; 515 997; 513 999; 512 999; 510 1001; 509 1001; 506 1004; 505 1004; 504 1005; 503 1005; 502 1006; 501 1006; 499 1008; 498 1008; 496 1010; 495 1010; 493 1012; 492 1012; 491 1013; 490 1013; 489 1014; 488 1014; 487 1015; 486 1015; 483 1018; 483 1023; 502 1023; 502 1021; 503 1020; 503 1019; 505 1017; 506 1017; 506 1016; 510 1012; 511 1012; 514 1009; 517 1009; 518 1010; 518 1011; 519 1012; 519 1018; 520 1019; 520 1023; 531 1023; 531 1017; 530 1016; 530 1015; 528 1013; 528 1011; 527 1010; 527 1006; 526 1005; 526 998; 527 997; 527 992; 526 991
