0; 253 0; 253 3; 257 7; 258 7; 259 8; 260 8; 262 10; 263 10; 264 11; 265 11; 269 15; 270 15; 275 20; 278 20; 279 19; 279 14; 280 13; 280 9; 281 8; 281 5; 282 4; 282 1; 281 0; 272 0; 272 1; 270 3; 268 3; 266 1; 266 0
1; 881 0; 881 1; 880 2; 880 3; 879 4; 879 7; 880 8; 882 8; 883 9; 887 9; 888 10; 891 10; 892 11; 893 11; 894 12; 895 12; 896 13; 897 13; 900 16; 901 16; 902 17; 906 17; 907 18; 911 18; 912 19; 913 19; 914 20; 915 20; 918 23; 919 23; 921 25; 925 25; 927 23; 927 19; 926 18; 926 17; 925 16; 925 13; 924 12; 924 7; 923 6; 923 0; 915 0; 915 5; 911 9; 905 9; 904 8; 903 8; 899 4; 899 0
2; 620 27; 620 32; 616 36; 618 41; 633 41; 638 44; 655 41; 663 44; 668 42; 648 0; 639 0; 637 7; 630 12; 622 26
3; 622 26; 618 18; 617 0; 608 0; 607 11; 596 9; 591 4; 591 0; 571 1; 572 6; 583 9; 598 20; 620 27
4; 994 26; 992 28; 992 30; 993 31; 993 32; 996 35; 996 37; 997 38; 997 44; 998 45; 998 46; 999 47; 999 53; 1002 56; 1002 57; 1003 58; 1003 60; 1004 61; 1004 64; 1005 65; 1005 71; 1006 72; 1006 73; 1007 74; 1009 74; 1010 73; 1011 73; 1012 72; 1012 71; 1014 69; 1014 68; 1019 63; 1020 63; 1022 61; 1023 61; 1023 50; 1021 50; 1019 52; 1018 52; 1014 56; 1013 56; 1010 53; 1010 52; 1009 51; 1009 48; 1008 47; 1008 45; 1006 43; 1006 41; 1005 40; 1008 37; 1009 37; 1010 38; 1013 38; 1014 39; 1017 39; 1018 40; 1023 40; 1023 31; 1014 31; 1013 30; 1010 30; 1009 29; 1006 29; 1005 28; 1000 28; 999 27; 997 27; 996 26
5; 344 16; 341 19; 340 19; 339 20; 338 20; 337 21; 336 21; 335 22; 333 22; 332 23; 330 23; 327 26; 326 26; 325 27; 324 27; 323 28; 322 28; 320 30; 320 31; 318 33; 317 33; 314 36; 313 36; 312 37; 311 37; 310 38; 309 38; 308 39; 307 39; 306 40; 306 43; 308 45; 309 45; 310 46; 311 46; 312 47; 314 47; 315 48; 317 48; 318 49; 319 49; 320 50; 321 50; 326 55; 327 55; 328 56; 331 56; 332 57; 335 57; 336 58; 338 58; 339 59; 340 59; 341 60; 342 60; 345 63; 347 63; 348 62; 349 62; 350 61; 352 61; 352 60; 351 59; 351 55; 352 54; 352 51; 351 50; 351 40; 352 39; 352 37; 351 36; 351 32; 350 31; 350 19; 349 18; 349 17; 348 16
6; 124 50; 115 59; 115 60; 110 65; 109 65; 103 71; 102 71; 98 75; 98 76; 92 82; 91 82; 91 87; 95 87; 96 88; 104 88; 105 89; 106 89; 107 90; 108 90; 111 93; 119 93; 120 94; 123 94; 124 95; 126 95; 127 96; 130 96; 131 97; 136 97; 137 98; 139 98; 140 97; 141 97; 141 93; 140 92; 140 91; 138 89; 138 87; 137 86; 137 83; 136 82; 136 77; 135 76; 135 73; 136 72; 136 67; 134 65; 133 65; 132 64; 132 63; 131 62; 131 60; 130 59; 130 57; 129 56; 129 52; 128 51; 128 50
7; 350 62; 349 63; 348 63; 347 64; 347 66; 345 68; 343 68; 342 69; 340 69; 339 68; 336 68; 335 67; 333 67; 332 68; 331 68; 330 69; 330 72; 332 74; 332 75; 334 77; 335 77; 339 81; 339 82; 340 83; 340 84; 341 85; 341 87; 342 88; 342 90; 344 92; 345 92; 357 104; 357 105; 358 106; 358 107; 360 109; 363 109; 364 108; 364 106; 365 105; 365 102; 366 101; 366 100; 367 99; 367 98; 368 97; 368 96; 369 95; 369 94; 370 93; 370 90; 371 89; 371 88; 372 87; 372 86; 374 84; 375 84; 376 83; 376 82; 377 81; 377 79; 378 78; 378 73; 379 72; 379 71; 382 68; 382 63; 381 63; 380 62; 378 62; 377 63; 374 63; 373 64; 360 64; 359 63; 355 63; 354 62
8; 39 76; 38 77; 37 77; 37 81; 40 84; 40 85; 41 86; 41 95; 45 99; 45 100; 46 101; 46 102; 47 103; 47 105; 48 106; 48 108; 49 109; 49 110; 50 111; 50 112; 51 113; 51 114; 52 115; 52 116; 53 117; 53 120; 54 121; 56 121; 62 115; 62 114; 64 112; 64 111; 69 106; 76 106; 77 105; 77 99; 78 98; 78 97; 79 96; 79 95; 80 94; 80 93; 81 92; 81 91; 83 89; 84 89; 85 88; 87 88; 88 87; 90 87; 90 82; 89 82; 88 81; 81 81; 80 82; 72 82; 71 81; 68 81; 67 80; 65 80; 64 79; 60 79; 59 78; 58 78; 57 77; 51 77; 50 78; 45 78; 44 77; 42 77; 41 76
9; 773 94; 771 96; 770 96; 769 97; 759 97; 758 98; 757 98; 756 99; 754 99; 753 98; 751 98; 750 97; 746 97; 744 99; 741 99; 740 100; 739 100; 738 101; 737 101; 736 102; 728 102; 726 104; 726 106; 733 113; 734 113; 740 119; 740 120; 743 123; 743 124; 744 125; 744 126; 745 127; 745 128; 747 130; 748 130; 749 131; 750 131; 754 135; 754 136; 755 137; 755 138; 757 140; 760 140; 761 139; 761 138; 762 137; 762 135; 763 134; 763 133; 764 132; 764 131; 765 130; 765 129; 766 128; 766 126; 768 124; 768 123; 769 122; 769 118; 770 117; 770 115; 771 114; 771 113; 773 111; 773 110; 774 109; 774 108; 775 107; 775 102; 779 98; 779 95; 778 94
10; 863 89; 862 90; 862 95; 863 96; 863 97; 864 98; 864 102; 863 103; 863 104; 862 105; 862 106; 861 107; 861 110; 862 111; 862 121; 863 122; 863 128; 862 129; 862 137; 863 138; 866 138; 867 137; 868 137; 869 136; 870 136; 873 133; 874 133; 876 131; 877 131; 878 130; 879 130; 880 129; 883 129; 884 128; 888 128; 890 126; 890 125; 893 122; 894 122; 896 120; 897 120; 898 119; 900 119; 901 118; 904 118; 905 117; 906 117; 908 115; 908 113; 907 112; 906 112; 905 111; 903 111; 902 110; 900 110; 899 109; 898 109; 896 107; 895 107; 893 105; 892 105; 891 104; 890 104; 884 98; 883 98; 882 97; 879 97; 878 96; 876 96; 875 95; 874 95; 873 94; 872 94; 868 90; 867 90; 866 89
11; 404 95; 404 99; 405 100; 405 101; 406 102; 406 112; 407 113; 407 116; 408 117; 408 121; 409 122; 409 125; 410 126; 410 128; 411 129; 411 133; 412 134; 412 141; 413 142; 417 142; 421 138; 422 138; 427 133; 428 133; 429 132; 431 132; 432 131; 433 131; 434 130; 434 129; 444 119; 445 119; 446 118; 447 118; 448 117; 449 117; 451 115; 451 114; 453 112; 453 107; 451 107; 450 106; 446 106; 445 105; 439 105; 438 104; 435 104; 433 102; 433 101; 430 98; 428 98; 427 99; 425 99; 424 100; 420 100; 419 99; 416 99; 415 98; 413 98; 412 97; 411 97; 410 96; 409 96; 408 95
12; 706 99; 703 102; 703 104; 702 105; 702 106; 701 107; 701 108; 699 110; 698 110; 698 111; 696 113; 696 115; 695 116; 695 117; 694 118; 694 120; 693 121; 693 122; 691 124; 691 125; 690 126; 690 127; 689 128; 689 129; 686 132; 686 133; 681 138; 681 142; 682 143; 685 143; 686 142; 689 142; 690 141; 691 142; 693 142; 694 143; 695 143; 696 144; 702 144; 703 143; 722 143; 723 144; 731 144; 732 143; 732 140; 728 136; 728 135; 726 133; 726 132; 724 130; 724 129; 723 128; 723 127; 722 126; 722 124; 721 123; 721 116; 720 115; 719 115; 718 114; 717 114; 713 110; 713 109; 712 108; 712 107; 711 106; 711 104; 710 103; 710 102; 709 101; 709 100; 708 99
13; 390 107; 388 109; 387 109; 384 112; 383 112; 382 113; 381 113; 380 114; 375 114; 374 115; 373 115; 370 118; 369 118; 368 119; 367 119; 365 121; 363 121; 362 122; 361 122; 360 123; 359 123; 358 124; 357 124; 356 125; 355 125; 354 126; 353 126; 352 127; 350 127; 348 129; 348 131; 349 132; 350 132; 351 133; 352 133; 353 134; 354 134; 355 135; 356 135; 357 136; 358 136; 359 137; 360 137; 361 138; 362 138; 367 143; 367 144; 368 144; 370 146; 371 146; 372 147; 373 147; 374 148; 375 148; 376 149; 377 149; 378 150; 380 150; 387 157; 392 157; 393 156; 393 151; 392 150; 392 148; 391 147; 391 146; 392 145; 392 136; 393 135; 393 121; 392 120; 392 115; 393 114; 393 113; 394 112; 394 108; 393 107
14; 959 113; 958 114; 958 121; 957 122; 957 123; 956 124; 956 128; 957 129; 957 131; 956 132; 956 135; 955 136; 955 143; 956 144; 956 162; 960 162; 964 158; 965 158; 966 157; 968 157; 969 156; 971 156; 972 155; 973 155; 974 154; 975 154; 976 153; 977 153; 978 152; 979 152; 980 151; 981 151; 983 149; 984 149; 985 148; 986 148; 987 147; 988 147; 990 145; 991 145; 992 144; 993 144; 994 143; 995 143; 997 141; 999 141; 1000 140; 1000 135; 999 135; 998 134; 995 134; 994 133; 992 133; 991 132; 991 131; 988 128; 987 128; 986 127; 983 127; 982 126; 981 126; 979 124; 977 124; 976 123; 974 123; 972 121; 971 121; 963 113
15; 0 153; 0 203; 3 203; 4 202; 5 202; 9 198; 10 198; 12 196; 15 196; 16 195; 18 195; 25 188; 26 188; 27 187; 28 187; 28 186; 29 185; 30 185; 34 181; 35 181; 36 180; 39 180; 40 179; 42 179; 43 178; 46 178; 46 175; 43 172; 41 172; 40 171; 39 171; 38 170; 37 170; 36 169; 34 169; 32 167; 31 167; 27 163; 26 163; 24 161; 21 161; 20 160; 19 160; 18 159; 16 159; 15 158; 13 158; 12 157; 11 157; 10 156; 8 156; 7 155; 5 155; 3 153
16; 43 179; 42 180; 40 180; 39 181; 39 183; 38 184; 38 185; 36 187; 35 187; 34 188; 31 188; 30 189; 29 189; 28 190; 28 191; 27 192; 27 195; 26 196; 26 197; 25 198; 25 199; 23 201; 23 202; 15 210; 14 210; 12 212; 11 212; 11 216; 12 217; 19 217; 20 218; 22 218; 23 219; 26 219; 27 220; 29 220; 30 221; 31 221; 32 222; 37 222; 38 223; 47 223; 48 224; 49 224; 50 225; 51 225; 52 226; 54 226; 55 227; 58 227; 59 226; 59 221; 58 220; 58 219; 57 218; 57 216; 56 215; 56 212; 55 211; 55 208; 54 207; 54 206; 53 205; 53 203; 52 202; 52 198; 51 197; 51 195; 50 194; 50 193; 49 192; 49 190; 48 189; 48 185; 47 184; 47 179
17; 990 188; 989 189; 987 189; 986 190; 983 190; 982 191; 979 191; 978 192; 977 192; 976 193; 975 193; 974 194; 972 194; 971 195; 970 195; 969 196; 968 196; 967 197; 964 197; 963 198; 961 198; 960 199; 958 199; 957 200; 952 200; 951 201; 949 201; 947 203; 947 205; 948 206; 948 207; 949 207; 957 215; 958 215; 961 218; 961 219; 963 221; 964 221; 966 223; 967 223; 968 224; 969 224; 981 236; 981 237; 984 237; 984 235; 985 234; 985 232; 986 231; 986 225; 987 224; 987 222; 988 221; 988 219; 989 218; 989 217; 990 216; 990 206; 991 205; 991 203; 992 202; 992 199; 993 198; 993 194; 994 193; 994 188
18; 129 202; 126 205; 124 205; 123 206; 120 206; 119 205; 112 205; 112 209; 111 210; 111 211; 110 212; 110 214; 109 215; 109 219; 108 220; 108 221; 107 222; 107 226; 106 227; 106 230; 108 230; 109 229; 113 229; 114 228; 115 228; 116 227; 116 226; 118 224; 119 224; 121 222; 122 222; 123 221; 125 221; 127 219; 128 219; 129 218; 131 218; 134 215; 134 210; 132 208; 132 203; 131 202
19; 855 195; 854 196; 854 200; 856 202; 856 203; 857 204; 857 207; 858 208; 858 215; 859 216; 859 218; 860 219; 860 226; 861 227; 861 229; 863 231; 863 232; 864 233; 864 234; 865 235; 865 243; 866 244; 868 244; 870 242; 870 241; 876 235; 877 235; 882 230; 883 230; 886 227; 886 226; 895 217; 896 217; 899 214; 900 214; 902 212; 902 209; 901 208; 898 208; 897 207; 890 207; 888 205; 887 205; 886 204; 885 204; 884 203; 883 203; 882 202; 881 202; 880 201; 869 201; 868 200; 866 200; 865 199; 864 199; 863 198; 862 198; 861 197; 860 197; 859 196; 858 196; 857 195
20; 713 208; 712 209; 711 209; 711 218; 710 219; 710 221; 709 222; 709 226; 708 227; 708 228; 711 228; 712 229; 715 229; 716 228; 716 227; 718 225; 721 225; 723 227; 724 227; 732 235; 732 237; 734 237; 735 236; 736 236; 737 235; 740 238; 740 240; 742 242; 744 240; 747 240; 748 239; 749 239; 749 236; 745 232; 744 232; 740 228; 740 227; 738 225; 734 225; 733 224; 732 224; 730 222; 729 222; 727 220; 726 220; 725 219; 724 219; 720 215; 720 214; 719 213; 719 212; 718 211; 718 210; 717 209; 716 209; 715 208
21; 490 209; 489 210; 489 211; 485 215; 484 215; 483 216; 471 216; 470 217; 469 217; 467 219; 467 220; 466 221; 466 222; 465 223; 465 224; 463 226; 468 226; 469 227; 472 227; 473 228; 474 228; 475 227; 476 227; 480 231; 480 232; 482 234; 482 235; 484 237; 484 238; 486 240; 487 240; 498 251; 498 252; 499 253; 499 254; 500 255; 502 255; 503 254; 503 252; 504 251; 504 246; 505 245; 505 244; 510 239; 510 233; 511 232; 511 230; 512 229; 512 228; 513 227; 513 223; 514 222; 514 219; 515 218; 515 217; 517 215; 517 214; 518 213; 518 209; 509 209; 508 210; 507 210; 505 212; 503 212; 502 213; 495 213; 492 210; 492 209
22; 641 201; 639 203; 639 206; 638 207; 638 214; 637 215; 637 216; 632 221; 632 225; 633 226; 633 230; 632 231; 632 232; 631 233; 631 235; 630 236; 630 240; 629 241; 629 243; 628 244; 628 246; 629 246; 630 247; 633 247; 634 246; 637 246; 638 245; 645 245; 646 244; 650 244; 651 243; 660 243; 663 240; 664 240; 665 239; 675 239; 676 238; 676 236; 663 223; 663 222; 662 221; 661 221; 652 212; 652 211; 650 209; 650 208; 647 205; 647 204; 644 201
23; 298 209; 296 211; 296 212; 295 213; 295 219; 294 220; 294 223; 293 224; 293 227; 292 228; 292 229; 288 233; 287 233; 286 234; 286 237; 287 238; 287 239; 288 240; 288 241; 289 242; 288 243; 288 245; 287 246; 287 247; 286 248; 286 249; 285 250; 285 251; 284 252; 284 255; 285 256; 290 256; 291 255; 293 255; 294 254; 296 254; 297 253; 300 253; 301 252; 306 252; 307 251; 308 251; 309 250; 311 250; 312 249; 314 249; 315 248; 317 248; 318 247; 320 247; 321 246; 327 246; 328 247; 331 247; 332 246; 334 246; 334 244; 333 243; 332 243; 325 236; 325 232; 324 231; 324 230; 323 229; 322 229; 320 227; 319 227; 312 220; 311 220; 310 219; 309 219; 307 217; 306 217; 303 214; 303 212; 302 211; 302 210; 301 209
24; 339 219; 338 220; 338 221; 337 222; 337 224; 338 225; 338 228; 339 229; 339 233; 340 234; 340 239; 339 240; 339 241; 338 242; 338 243; 337 244; 335 244; 335 246; 337 246; 339 248; 339 250; 340 251; 339 252; 339 269; 340 270; 342 270; 343 269; 344 269; 346 267; 347 267; 351 263; 358 263; 359 262; 359 261; 360 260; 360 259; 364 255; 365 255; 366 254; 367 254; 368 253; 369 253; 377 245; 378 245; 379 244; 380 244; 380 242; 379 241; 378 241; 376 239; 375 239; 374 238; 373 238; 372 237; 370 237; 369 236; 368 236; 364 232; 364 231; 363 230; 363 229; 362 228; 362 227; 361 227; 360 226; 358 226; 357 227; 356 227; 355 226; 352 226; 351 225; 349 225; 348 224; 347 224; 342 219
25; 708 229; 708 230; 706 232; 706 233; 705 234; 705 237; 706 238; 706 239; 707 240; 707 243; 706 244; 706 245; 705 246; 705 250; 706 251; 706 253; 705 254; 705 257; 706 258; 708 258; 709 257; 710 257; 712 255; 713 255; 714 254; 719 254; 721 256; 721 257; 722 258; 722 260; 723 261; 723 262; 725 264; 727 264; 728 265; 729 265; 732 268; 736 268; 738 266; 738 265; 739 264; 739 261; 737 259; 736 259; 735 258; 733 258; 731 256; 731 255; 735 251; 735 250; 739 246; 739 245; 741 243; 741 242; 739 240; 738 241; 734 241; 733 240; 733 239; 732 238; 719 238; 718 237; 717 237; 716 236; 716 235; 715 234; 715 230; 712 230; 711 229
26; 462 227; 455 234; 454 234; 452 236; 452 237; 448 241; 448 242; 444 246; 443 246; 435 254; 435 257; 436 257; 437 258; 440 258; 441 259; 443 259; 444 260; 446 260; 447 261; 448 261; 450 263; 451 263; 452 264; 454 264; 455 265; 461 265; 462 264; 464 264; 465 265; 470 265; 471 266; 473 266; 474 267; 475 267; 476 268; 477 268; 478 269; 482 269; 483 268; 483 266; 482 265; 482 263; 481 262; 481 261; 480 260; 480 259; 479 258; 479 257; 478 256; 478 253; 477 252; 477 249; 476 248; 476 243; 475 242; 475 241; 474 240; 474 238; 473 237; 473 235; 472 234; 472 230; 473 229; 472 228; 469 228; 468 227
27; 906 223; 905 224; 904 224; 901 227; 900 227; 898 229; 897 229; 888 238; 887 238; 886 239; 884 239; 883 240; 882 240; 881 241; 881 242; 876 247; 872 247; 871 248; 870 248; 870 251; 871 251; 872 252; 873 252; 878 257; 879 257; 880 258; 881 258; 882 259; 883 259; 884 260; 885 260; 887 262; 890 262; 891 263; 895 263; 896 264; 898 264; 899 265; 900 265; 901 266; 903 266; 904 267; 905 267; 906 268; 907 268; 909 270; 910 270; 911 271; 915 271; 915 266; 913 264; 913 263; 912 262; 912 253; 913 252; 913 250; 912 249; 912 246; 911 245; 911 243; 910 242; 910 225; 908 223
28; 19 234; 18 235; 18 237; 19 238; 19 239; 20 240; 20 242; 21 243; 21 244; 22 245; 22 247; 21 248; 21 256; 22 257; 22 259; 23 260; 23 262; 24 263; 24 266; 23 267; 23 273; 24 274; 24 278; 25 279; 28 279; 28 278; 29 277; 29 273; 30 272; 30 271; 32 269; 33 269; 34 268; 40 268; 41 267; 43 267; 44 266; 49 266; 50 265; 52 265; 54 263; 55 263; 57 261; 58 261; 60 259; 61 259; 64 256; 64 253; 63 252; 58 252; 57 251; 56 251; 55 250; 53 250; 52 249; 49 249; 48 248; 46 248; 43 245; 43 244; 41 242; 36 242; 35 241; 32 241; 31 240; 30 240; 28 238; 27 238; 26 237; 25 237; 23 235; 22 235; 21 234
29; 170 241; 169 242; 168 242; 165 245; 163 245; 162 246; 149 246; 149 250; 150 250; 153 253; 153 254; 154 255; 154 257; 155 258; 155 259; 157 261; 157 262; 159 264; 159 265; 161 267; 161 268; 162 269; 162 272; 163 273; 163 274; 164 275; 165 275; 166 276; 167 276; 170 279; 170 281; 171 282; 171 285; 173 287; 177 287; 178 286; 178 284; 179 283; 179 282; 180 281; 180 280; 181 279; 181 278; 182 277; 182 276; 183 275; 183 274; 184 273; 184 272; 185 271; 185 270; 186 269; 186 267; 187 266; 187 264; 188 263; 188 262; 189 261; 189 259; 190 258; 190 257; 192 255; 192 254; 194 252; 194 246; 195 245; 195 243; 194 242; 191 242; 190 243; 177 243; 176 242; 175 242; 174 241
30; 962 239; 961 240; 959 240; 958 241; 956 241; 955 242; 950 242; 949 243; 948 243; 947 244; 945 244; 944 245; 943 245; 942 246; 939 246; 938 247; 936 247; 935 248; 932 248; 931 249; 929 249; 928 248; 925 248; 924 249; 924 251; 927 254; 928 254; 933 259; 933 260; 937 264; 937 265; 939 267; 940 267; 947 274; 948 274; 951 277; 951 278; 952 279; 952 280; 954 282; 954 283; 955 284; 955 285; 956 286; 963 286; 964 287; 966 287; 967 286; 968 286; 968 280; 967 279; 967 275; 964 275; 963 274; 963 269; 964 268; 964 266; 965 265; 965 264; 966 263; 966 261; 967 260; 967 249; 968 248; 968 245; 970 243; 970 239
31; 766 245; 766 248; 767 249; 767 250; 769 252; 769 253; 770 254; 770 256; 771 257; 771 259; 774 262; 775 262; 776 263; 776 264; 777 265; 777 266; 778 267; 778 270; 776 272; 775 272; 775 274; 776 275; 776 276; 779 279; 779 280; 780 281; 780 288; 783 291; 785 291; 788 288; 788 287; 791 284; 791 283; 793 281; 793 280; 795 278; 795 277; 797 275; 798 275; 801 272; 804 272; 805 271; 805 266; 806 265; 806 264; 807 263; 807 262; 808 261; 808 260; 813 255; 813 254; 814 253; 814 251; 803 251; 802 250; 799 250; 798 249; 791 249; 790 248; 787 248; 786 247; 778 247; 777 248; 776 248; 775 247; 773 247; 772 246; 771 246; 770 245
32; 982 238; 982 239; 981 240; 981 242; 980 243; 980 248; 979 249; 979 250; 978 251; 978 252; 977 253; 977 254; 976 255; 976 256; 974 258; 974 259; 973 260; 973 261; 972 262; 972 265; 971 266; 971 267; 969 269; 969 270; 968 271; 968 272; 967 273; 967 274; 968 275; 968 279; 969 280; 969 285; 970 285; 971 284; 978 284; 979 285; 981 285; 982 284; 983 284; 985 282; 986 282; 987 281; 1000 281; 1001 280; 1006 280; 1007 279; 1010 279; 1011 278; 1012 278; 1012 274; 1007 269; 1006 269; 1004 267; 1004 266; 999 261; 999 260; 998 259; 998 256; 997 256; 996 255; 995 255; 993 253; 992 253; 991 252; 991 251; 985 245; 985 240; 984 239; 984 238
33; 550 243; 549 244; 549 246; 548 247; 548 251; 546 253; 546 256; 545 257; 545 259; 544 260; 543 260; 541 262; 540 262; 540 263; 539 264; 539 270; 538 271; 538 274; 537 275; 537 277; 536 278; 536 279; 533 282; 533 283; 532 284; 532 288; 534 290; 535 290; 536 291; 538 291; 539 290; 541 290; 542 289; 543 289; 544 288; 553 288; 554 287; 557 287; 558 286; 559 286; 560 287; 563 287; 564 288; 567 288; 568 287; 569 287; 571 285; 579 285; 580 284; 583 284; 584 283; 584 279; 579 274; 579 273; 575 269; 575 268; 574 267; 573 267; 571 265; 570 265; 558 253; 558 252; 555 249; 555 246; 554 245; 554 244; 553 243
34; 99 313; 97 315; 97 316; 96 317; 96 318; 94 320; 94 322; 93 323; 93 324; 92 325; 92 326; 91 327; 91 328; 90 329; 90 331; 89 332; 89 333; 85 337; 85 344; 84 345; 84 346; 83 347; 83 349; 82 350; 82 355; 81 356; 81 359; 82 360; 85 360; 86 359; 88 359; 89 358; 99 358; 100 357; 104 357; 105 356; 108 356; 109 355; 112 355; 113 354; 121 354; 122 353; 130 353; 131 352; 131 349; 127 345; 126 345; 124 343; 124 342; 123 341; 123 335; 122 334; 121 334; 120 333; 118 333; 107 322; 107 321; 105 319; 105 318; 104 317; 104 316; 101 313
35; 622 326; 621 327; 620 327; 619 328; 617 328; 616 329; 615 329; 614 330; 612 330; 611 331; 608 331; 607 330; 602 330; 602 331; 601 332; 601 333; 600 334; 600 335; 599 336; 598 336; 597 337; 595 337; 594 338; 593 338; 592 339; 589 339; 588 340; 583 340; 582 341; 580 341; 579 342; 579 343; 578 344; 578 346; 580 348; 581 348; 582 349; 583 349; 584 350; 585 350; 587 352; 588 352; 597 361; 598 361; 602 365; 603 365; 604 366; 606 366; 607 367; 608 367; 610 369; 610 370; 615 375; 616 375; 617 376; 619 376; 621 374; 621 360; 622 359; 622 357; 623 356; 623 353; 624 352; 624 350; 625 349; 625 343; 626 342; 626 334; 627 333; 627 332; 628 331; 628 326
36; 344 343; 342 345; 342 351; 341 352; 341 353; 339 355; 339 356; 336 359; 336 360; 335 361; 335 367; 334 368; 334 369; 333 370; 333 373; 331 375; 331 376; 328 379; 328 381; 327 382; 327 387; 326 388; 326 391; 327 392; 331 392; 332 391; 334 391; 335 390; 339 390; 340 389; 351 389; 352 390; 356 390; 357 389; 358 389; 360 387; 361 387; 362 386; 371 386; 372 385; 375 385; 376 384; 376 381; 374 379; 374 378; 371 375; 371 374; 370 373; 370 372; 369 371; 369 370; 362 363; 362 362; 360 360; 360 359; 353 352; 353 351; 351 349; 351 348; 350 347; 350 346; 349 345; 349 344; 348 343
37; 798 355; 797 356; 795 356; 794 357; 780 357; 779 358; 775 358; 774 359; 772 359; 771 360; 769 360; 768 361; 767 361; 766 362; 765 362; 764 363; 763 363; 762 364; 753 364; 751 366; 751 368; 754 371; 755 371; 759 375; 759 376; 760 377; 760 380; 761 381; 761 382; 763 384; 765 384; 766 385; 767 385; 768 386; 769 386; 772 389; 772 390; 774 392; 774 393; 779 398; 779 399; 782 402; 786 402; 787 401; 787 400; 788 399; 788 394; 789 393; 789 389; 790 388; 790 387; 791 386; 791 385; 795 381; 795 375; 796 374; 796 371; 797 370; 797 367; 798 366; 798 365; 799 364; 799 363; 801 361; 801 360; 802 359; 802 355
38; 226 345; 223 348; 223 350; 222 351; 222 353; 221 354; 221 355; 220 356; 220 357; 219 358; 219 359; 217 361; 217 363; 216 364; 216 365; 215 366; 215 367; 214 368; 214 369; 213 370; 213 372; 212 373; 212 376; 211 377; 211 379; 209 381; 209 382; 203 388; 203 390; 204 391; 204 394; 205 393; 211 393; 213 391; 214 391; 215 390; 222 390; 224 392; 225 392; 226 393; 229 393; 231 391; 242 391; 243 390; 247 390; 248 389; 249 389; 250 388; 252 388; 253 387; 254 387; 255 386; 255 384; 251 380; 251 379; 248 376; 248 375; 247 374; 247 373; 246 372; 246 371; 241 366; 241 365; 240 364; 240 362; 239 361; 239 360; 238 359; 237 359; 236 358; 235 358; 232 355; 232 353; 231 352; 231 348; 230 347; 230 346; 229 345
39; 508 362; 506 364; 506 369; 508 371; 508 377; 507 378; 507 384; 506 385; 506 389; 507 390; 507 391; 508 392; 508 404; 507 405; 507 407; 506 408; 506 411; 508 413; 511 413; 512 412; 513 412; 515 410; 516 410; 517 409; 518 409; 519 408; 520 408; 521 407; 523 407; 524 406; 528 406; 529 405; 532 405; 536 401; 537 401; 538 400; 539 400; 540 399; 540 398; 543 395; 544 395; 545 394; 546 394; 547 393; 548 393; 549 392; 550 392; 551 391; 552 391; 553 390; 553 387; 552 386; 551 386; 550 385; 549 385; 548 384; 546 384; 545 383; 544 383; 542 381; 541 381; 540 380; 539 380; 538 379; 537 379; 536 378; 535 378; 534 377; 533 377; 532 376; 531 376; 530 375; 528 375; 524 371; 523 371; 520 368; 519 368; 517 366; 516 366; 514 364; 513 364; 511 362
40; 202 388; 201 389; 199 389; 198 390; 196 390; 195 391; 187 391; 186 390; 179 390; 178 389; 172 389; 171 390; 160 390; 159 389; 153 389; 152 390; 152 392; 153 393; 153 394; 157 398; 157 399; 158 400; 158 403; 157 404; 157 406; 158 407; 158 408; 166 416; 166 417; 167 418; 167 419; 168 420; 168 421; 170 423; 170 424; 171 425; 171 427; 172 428; 172 429; 174 431; 174 432; 175 432; 176 433; 179 433; 181 431; 181 430; 182 429; 182 427; 183 426; 183 424; 184 423; 184 422; 185 421; 185 420; 191 414; 192 414; 193 413; 193 412; 194 411; 194 409; 197 406; 197 404; 198 403; 198 401; 199 400; 199 399; 200 398; 200 397; 202 395; 203 395; 203 391; 202 390
41; 709 386; 704 391; 704 392; 699 397; 698 397; 695 400; 694 400; 693 401; 692 401; 688 405; 687 405; 686 406; 685 406; 683 408; 682 408; 677 413; 676 413; 673 416; 673 418; 674 419; 675 419; 676 420; 681 420; 682 421; 684 421; 685 422; 687 422; 688 423; 689 423; 691 425; 692 425; 694 427; 698 427; 699 428; 701 428; 702 429; 703 429; 704 430; 705 430; 706 431; 713 431; 714 432; 715 432; 717 434; 718 434; 719 435; 721 435; 722 434; 722 430; 721 429; 721 422; 720 421; 720 419; 719 418; 719 409; 720 408; 720 407; 721 406; 721 403; 717 399; 717 398; 715 396; 715 394; 714 393; 715 392; 715 389; 714 388; 714 386
42; 915 398; 913 400; 913 403; 912 404; 912 407; 911 408; 911 415; 910 416; 910 418; 909 419; 909 421; 908 422; 908 423; 905 426; 905 431; 906 432; 906 436; 905 437; 905 439; 904 440; 904 447; 905 448; 908 448; 909 447; 910 447; 911 446; 912 446; 913 445; 915 445; 916 444; 918 444; 919 443; 921 443; 922 442; 928 442; 929 441; 932 441; 933 440; 935 440; 936 439; 937 439; 938 438; 940 438; 941 437; 943 437; 944 436; 947 436; 948 435; 949 435; 950 434; 951 434; 952 433; 952 430; 949 427; 948 427; 947 426; 946 426; 938 418; 938 415; 937 414; 936 414; 935 413; 934 413; 933 412; 932 412; 923 403; 923 402; 920 399; 919 399; 918 398
43; 801 410; 799 412; 798 412; 795 415; 794 415; 793 416; 792 416; 791 417; 790 417; 789 418; 785 418; 784 419; 783 419; 782 420; 781 420; 780 421; 776 421; 771 426; 770 426; 769 427; 765 427; 764 428; 762 428; 760 430; 760 432; 762 434; 763 434; 764 435; 765 435; 770 440; 771 440; 774 443; 775 443; 777 445; 779 445; 780 446; 781 446; 782 447; 783 447; 785 449; 786 449; 787 450; 788 450; 790 452; 791 452; 795 456; 795 457; 797 459; 800 459; 801 458; 803 458; 803 456; 802 455; 802 448; 803 447; 803 443; 807 439; 807 435; 805 433; 805 432; 804 431; 804 421; 805 420; 805 417; 806 416; 806 410
44; 482 409; 482 410; 481 411; 481 414; 480 415; 480 418; 479 419; 479 424; 478 425; 478 426; 477 427; 477 428; 476 429; 476 431; 475 432; 475 440; 474 441; 474 444; 473 445; 473 447; 471 449; 471 450; 469 452; 469 453; 468 454; 468 456; 470 458; 474 458; 475 457; 477 457; 478 456; 480 456; 481 455; 490 455; 491 456; 492 456; 493 457; 496 457; 496 453; 497 452; 498 452; 499 451; 501 451; 502 450; 506 450; 507 449; 508 449; 509 450; 513 450; 514 449; 516 449; 517 448; 518 448; 519 447; 519 443; 518 443; 512 437; 512 435; 511 434; 511 433; 510 433; 509 432; 508 432; 507 431; 506 431; 501 426; 501 425; 500 424; 500 423; 489 412; 489 411; 487 409
45; 17 413; 16 414; 16 415; 15 416; 15 420; 14 421; 14 422; 13 423; 13 424; 12 425; 12 428; 11 429; 11 432; 10 433; 10 434; 9 435; 9 436; 5 440; 5 445; 6 446; 6 448; 5 449; 5 450; 4 451; 4 452; 3 453; 3 454; 2 455; 1 455; 0 456; 0 463; 4 463; 5 462; 6 462; 7 461; 8 461; 9 460; 21 460; 22 459; 24 459; 25 458; 29 458; 30 457; 33 457; 34 456; 36 456; 37 455; 38 455; 39 454; 40 454; 41 453; 42 453; 43 452; 44 452; 45 453; 51 453; 52 452; 52 447; 51 446; 50 446; 49 445; 48 445; 44 441; 44 440; 43 439; 43 437; 40 434; 40 433; 39 432; 39 431; 37 429; 35 429; 34 428; 33 428; 30 425; 29 425; 26 422; 26 421; 22 417; 22 416; 21 415; 21 414; 20 413
46; 834 443; 828 449; 827 449; 826 450; 825 450; 823 452; 822 452; 821 453; 820 453; 818 455; 816 455; 815 456; 814 456; 813 457; 812 457; 811 458; 810 458; 808 460; 805 460; 804 459; 801 459; 800 460; 798 460; 798 463; 795 466; 793 466; 792 467; 792 469; 793 470; 793 472; 797 472; 798 473; 799 473; 800 474; 802 474; 803 475; 804 475; 806 477; 807 477; 811 481; 812 481; 813 482; 813 483; 814 484; 814 485; 817 485; 818 484; 819 485; 821 485; 822 486; 823 486; 824 487; 825 487; 826 488; 827 488; 831 492; 832 492; 835 495; 838 495; 839 494; 839 467; 840 466; 840 460; 839 459; 839 458; 838 457; 838 451; 839 450; 839 444; 838 443
47; 1004 445; 1003 446; 1003 462; 1002 463; 1002 464; 1001 465; 1001 466; 1000 467; 1000 468; 999 469; 999 473; 1001 475; 1001 486; 1000 487; 1000 488; 999 489; 999 494; 1000 495; 1003 495; 1004 494; 1005 494; 1010 489; 1011 489; 1012 488; 1013 488; 1014 487; 1016 487; 1017 486; 1019 486; 1020 485; 1023 485; 1023 478; 1019 478; 1018 479; 1015 479; 1014 480; 1011 480; 1009 478; 1009 468; 1010 467; 1010 465; 1014 461; 1015 461; 1016 462; 1018 462; 1020 464; 1021 464; 1022 465; 1023 465; 1023 456; 1022 456; 1021 455; 1020 455; 1019 454; 1018 454; 1016 452; 1015 452; 1014 451; 1013 451; 1007 445
48; 366 465; 364 467; 364 470; 365 471; 365 472; 367 474; 367 475; 368 476; 368 477; 369 478; 369 479; 370 480; 370 481; 371 482; 371 485; 372 486; 372 488; 373 489; 373 491; 374 492; 374 493; 375 494; 375 495; 377 497; 377 498; 379 500; 379 501; 381 503; 381 504; 382 505; 382 506; 383 507; 383 509; 384 510; 384 512; 385 513; 387 513; 388 514; 390 514; 391 513; 391 511; 392 510; 392 508; 393 507; 393 506; 394 505; 394 504; 397 501; 397 500; 400 497; 401 497; 402 496; 403 496; 405 494; 405 487; 406 486; 406 485; 410 481; 410 480; 412 478; 412 477; 414 475; 414 474; 415 473; 415 471; 414 470; 414 469; 409 469; 408 470; 400 470; 399 469; 390 469; 388 467; 387 467; 385 465; 381 465; 379 467; 378 467; 377 468; 374 468; 373 467; 371 467; 370 466; 369 466; 368 465
49; 789 467; 788 468; 786 468; 785 469; 783 469; 782 470; 777 470; 776 471; 772 471; 771 472; 769 472; 768 473; 767 473; 766 474; 762 474; 761 475; 757 475; 756 476; 753 476; 752 477; 750 477; 748 479; 745 479; 744 480; 742 480; 741 481; 741 483; 745 487; 746 487; 749 490; 749 491; 751 493; 751 494; 752 495; 752 496; 756 500; 757 500; 763 506; 764 506; 767 509; 768 509; 769 510; 769 511; 771 513; 771 514; 772 515; 772 516; 773 517; 774 517; 775 518; 777 518; 779 516; 779 506; 780 505; 780 504; 781 503; 781 502; 782 501; 782 500; 785 497; 785 496; 786 495; 786 493; 787 492; 787 479; 788 478; 788 476; 792 472; 792 470; 791 469; 791 467
50; 654 461; 653 462; 653 463; 652 464; 652 466; 650 468; 650 469; 647 472; 646 472; 644 474; 644 475; 641 478; 641 479; 640 480; 639 480; 635 484; 635 488; 634 489; 634 490; 633 491; 633 492; 632 493; 632 494; 631 495; 631 496; 627 500; 627 504; 628 505; 631 505; 632 506; 653 506; 654 507; 666 507; 667 508; 672 508; 673 507; 678 507; 678 503; 677 502; 677 501; 673 497; 673 496; 672 495; 672 493; 673 492; 673 488; 666 481; 666 480; 664 478; 664 477; 663 476; 663 473; 662 472; 662 470; 661 469; 661 468; 660 467; 660 465; 659 464; 659 463; 657 461
51; 283 469; 282 470; 280 470; 279 471; 277 471; 276 472; 275 472; 272 475; 271 475; 270 476; 269 476; 268 477; 267 477; 265 479; 264 479; 262 481; 261 481; 259 483; 257 483; 256 484; 255 484; 254 485; 251 485; 250 486; 249 486; 247 488; 245 488; 244 489; 243 489; 243 493; 244 494; 245 494; 246 495; 249 495; 250 496; 251 496; 252 497; 253 497; 259 503; 259 504; 262 507; 266 507; 267 508; 268 508; 269 509; 270 509; 271 510; 272 510; 274 512; 275 512; 277 514; 279 514; 280 515; 281 515; 282 516; 283 516; 284 517; 287 517; 288 516; 288 509; 287 508; 287 498; 288 497; 288 491; 289 490; 289 483; 288 482; 288 479; 289 478; 289 475; 290 474; 290 470; 289 469
52; 171 493; 169 495; 169 499; 170 500; 170 501; 171 502; 171 506; 172 507; 172 514; 171 515; 171 519; 172 520; 173 520; 174 521; 174 522; 175 523; 175 525; 176 526; 176 529; 177 530; 177 531; 178 532; 178 533; 179 534; 179 536; 178 537; 178 543; 179 544; 181 544; 182 543; 183 543; 189 537; 190 537; 192 535; 193 535; 199 529; 200 529; 201 528; 204 528; 205 527; 206 527; 207 526; 208 526; 208 525; 209 524; 209 521; 213 517; 214 517; 216 515; 217 515; 219 513; 219 509; 218 509; 217 508; 214 508; 213 507; 211 507; 210 506; 208 506; 207 505; 205 505; 204 504; 203 504; 202 503; 201 503; 200 502; 199 502; 198 501; 196 501; 195 500; 194 500; 193 499; 192 499; 190 497; 188 497; 187 496; 182 496; 181 495; 179 495; 178 494; 176 494; 175 493
53; 329 500; 327 502; 326 502; 326 503; 325 504; 324 504; 322 506; 321 506; 320 507; 319 507; 318 508; 314 508; 313 509; 308 509; 308 512; 307 513; 307 514; 305 516; 304 516; 303 517; 302 517; 301 518; 299 518; 298 519; 297 519; 296 520; 295 520; 291 524; 290 524; 287 527; 287 529; 288 530; 289 530; 291 532; 292 532; 293 533; 298 533; 299 534; 300 534; 301 535; 302 535; 303 536; 304 536; 305 537; 306 537; 307 538; 308 538; 311 541; 311 542; 312 543; 312 544; 313 545; 317 545; 318 544; 319 544; 320 545; 322 545; 323 546; 324 546; 327 549; 327 550; 328 551; 332 551; 333 550; 333 540; 332 539; 332 533; 333 532; 333 514; 332 513; 332 501; 331 500
54; 986 514; 984 516; 984 518; 983 519; 983 525; 984 526; 984 530; 983 531; 983 534; 982 535; 982 541; 981 542; 981 544; 980 545; 980 553; 979 554; 979 556; 978 557; 978 558; 977 559; 977 563; 978 564; 981 564; 982 563; 983 563; 985 561; 986 561; 987 560; 989 560; 990 559; 993 559; 994 558; 997 558; 998 557; 1000 557; 1001 556; 1002 556; 1003 555; 1004 555; 1005 554; 1006 554; 1007 553; 1008 553; 1009 552; 1011 552; 1012 551; 1013 551; 1014 550; 1016 550; 1017 549; 1020 549; 1021 548; 1023 548; 1023 543; 1022 543; 1021 542; 1020 542; 1017 539; 1017 538; 1006 527; 1004 527; 1003 526; 1002 526; 1001 525; 1000 525; 991 516; 991 515; 990 515; 989 514
55; 385 514; 384 515; 384 516; 378 522; 377 522; 372 527; 371 527; 369 529; 368 529; 367 530; 366 530; 364 532; 363 532; 362 533; 361 533; 360 534; 359 534; 356 537; 355 537; 354 538; 353 538; 352 539; 351 539; 350 540; 348 540; 347 541; 346 541; 346 545; 347 546; 349 546; 350 547; 351 547; 352 548; 353 548; 359 554; 359 555; 360 556; 363 556; 364 557; 368 557; 369 558; 370 558; 371 559; 372 559; 373 560; 374 560; 375 561; 377 561; 378 562; 380 562; 382 564; 383 564; 386 567; 387 567; 388 568; 391 568; 393 566; 393 560; 392 559; 392 558; 391 557; 391 556; 390 555; 390 544; 391 543; 391 542; 392 541; 392 537; 390 535; 390 533; 389 532; 389 526; 390 525; 390 523; 391 522; 391 517; 390 516; 390 515; 388 515; 387 514
56; 396 523; 395 524; 395 528; 396 529; 396 530; 397 531; 397 538; 399 540; 399 544; 400 545; 400 547; 401 548; 401 549; 402 550; 402 554; 403 555; 403 561; 404 562; 404 565; 405 566; 405 567; 406 568; 406 570; 407 571; 407 572; 408 573; 412 573; 415 570; 415 569; 425 559; 425 558; 428 555; 429 555; 430 554; 432 554; 433 553; 433 552; 434 551; 434 550; 435 549; 435 548; 439 544; 440 544; 443 541; 444 541; 444 540; 445 539; 445 537; 443 535; 434 535; 433 534; 431 534; 430 533; 428 533; 427 532; 426 532; 425 531; 424 531; 423 530; 422 530; 420 528; 417 528; 416 527; 413 527; 412 526; 403 526; 402 525; 401 525; 400 524; 399 524; 398 523
57; 265 529; 264 530; 261 530; 260 531; 250 531; 249 532; 248 532; 247 533; 236 533; 235 534; 235 539; 236 540; 236 541; 237 542; 237 543; 245 551; 245 552; 247 554; 247 555; 251 559; 251 560; 254 563; 254 564; 256 566; 256 567; 258 569; 258 570; 259 571; 259 572; 260 573; 260 574; 261 575; 265 575; 265 574; 266 573; 266 569; 267 568; 267 567; 268 566; 268 565; 270 563; 270 562; 271 561; 271 560; 272 559; 272 558; 275 555; 275 554; 276 553; 276 550; 277 549; 277 546; 278 545; 278 544; 279 543; 279 542; 280 541; 280 540; 281 539; 281 538; 282 537; 282 535; 283 534; 283 533; 284 532; 284 529
58; 290 538; 289 539; 289 557; 288 558; 288 560; 287 561; 287 566; 288 567; 288 571; 289 572; 289 586; 291 588; 294 588; 295 587; 296 587; 297 586; 298 586; 300 584; 301 584; 304 581; 305 581; 306 580; 307 580; 308 579; 309 579; 311 577; 312 577; 313 576; 319 576; 319 575; 324 570; 325 570; 327 568; 328 568; 329 567; 330 567; 331 566; 332 566; 334 564; 334 561; 333 560; 332 560; 331 559; 330 559; 329 558; 328 558; 325 555; 324 555; 323 554; 322 554; 321 553; 320 553; 318 551; 317 551; 316 550; 315 550; 313 548; 312 548; 311 547; 308 547; 307 546; 306 546; 305 545; 303 545; 302 544; 301 544; 300 543; 299 543; 294 538
59; 701 562; 700 563; 699 563; 698 564; 683 564; 682 563; 672 563; 671 564; 657 564; 656 565; 656 567; 657 568; 657 569; 659 571; 659 572; 660 573; 660 574; 661 575; 661 576; 662 577; 662 578; 663 579; 663 580; 664 581; 664 582; 666 584; 666 585; 672 591; 672 592; 674 594; 674 595; 676 597; 676 598; 677 599; 677 600; 678 601; 678 602; 679 603; 679 604; 680 605; 680 606; 681 607; 681 608; 685 608; 686 607; 686 606; 687 605; 687 604; 688 603; 688 602; 689 601; 689 600; 690 599; 690 598; 692 596; 692 595; 693 594; 693 593; 697 589; 699 589; 700 588; 701 588; 701 585; 700 584; 700 579; 701 578; 701 577; 702 576; 702 575; 703 574; 703 573; 704 572; 704 571; 705 570; 705 569; 707 567; 707 562
60; 1021 568; 1020 569; 1018 569; 1016 571; 1015 571; 1014 572; 1013 572; 1012 573; 1011 573; 1010 574; 1005 574; 1004 575; 1003 575; 1002 576; 1001 576; 1000 577; 999 577; 997 579; 996 579; 994 581; 993 581; 992 582; 991 582; 989 584; 988 584; 987 585; 986 585; 985 586; 983 586; 982 587; 979 587; 978 588; 977 588; 976 589; 976 593; 978 595; 979 595; 980 596; 981 596; 982 597; 983 597; 985 599; 986 599; 988 601; 989 601; 993 605; 993 606; 994 607; 997 607; 998 608; 1000 608; 1005 613; 1006 613; 1007 614; 1008 614; 1009 615; 1011 615; 1013 617; 1014 617; 1015 618; 1018 618; 1018 617; 1019 616; 1019 611; 1018 610; 1018 607; 1019 606; 1019 598; 1020 597; 1020 593; 1021 592; 1021 591; 1022 590; 1023 590; 1023 586; 1021 584; 1021 580; 1023 578; 1023 568
61; 319 578; 317 580; 317 581; 314 584; 314 585; 313 586; 313 587; 310 590; 310 591; 309 592; 308 592; 305 595; 303 595; 302 596; 301 596; 299 598; 299 600; 298 601; 298 603; 297 604; 297 605; 288 614; 288 615; 287 616; 287 618; 289 620; 297 620; 298 621; 299 621; 300 622; 302 622; 303 623; 316 623; 317 624; 321 624; 322 625; 323 625; 324 626; 332 626; 333 627; 337 627; 338 626; 338 620; 337 619; 337 618; 336 617; 336 615; 335 614; 335 608; 333 606; 333 605; 330 602; 330 600; 329 599; 329 598; 328 597; 328 596; 327 595; 327 594; 326 593; 326 592; 325 591; 325 590; 324 589; 324 586; 323 585; 323 579; 322 578
62; 774 595; 773 596; 773 598; 774 599; 774 604; 775 605; 775 608; 776 609; 776 610; 777 611; 777 617; 776 618; 776 623; 777 624; 777 625; 778 626; 778 628; 779 629; 779 633; 780 634; 780 635; 779 636; 779 639; 780 640; 780 647; 782 649; 785 649; 786 648; 789 648; 788 647; 788 644; 794 638; 794 637; 800 631; 801 631; 802 630; 803 630; 804 629; 805 629; 809 625; 810 625; 812 623; 812 622; 816 618; 817 618; 818 617; 820 617; 822 615; 822 613; 820 611; 819 611; 818 610; 813 610; 812 609; 811 609; 809 607; 809 606; 806 603; 798 603; 797 602; 794 602; 793 601; 792 601; 791 600; 789 600; 788 599; 784 599; 782 597; 781 597; 779 595
63; 744 609; 743 610; 743 611; 742 612; 742 615; 741 616; 741 619; 740 620; 740 621; 739 622; 739 624; 738 625; 738 627; 737 628; 737 629; 736 630; 736 631; 735 632; 735 633; 734 634; 734 636; 733 637; 733 641; 732 642; 732 644; 731 645; 731 646; 730 647; 730 648; 727 651; 727 652; 726 653; 726 656; 727 657; 727 658; 731 658; 732 657; 733 657; 734 656; 735 656; 736 655; 738 655; 739 654; 742 654; 743 655; 745 655; 746 656; 747 656; 748 657; 752 657; 756 653; 758 653; 759 652; 762 652; 763 651; 766 651; 767 652; 774 652; 775 651; 775 647; 774 646; 774 644; 772 642; 772 641; 769 638; 769 637; 768 636; 768 635; 762 629; 762 628; 761 627; 761 626; 760 625; 760 624; 757 621; 756 621; 751 616; 751 615; 750 614; 750 613; 749 612; 749 611; 748 610; 748 609
64; 625 622; 624 623; 623 623; 622 624; 615 624; 614 625; 606 625; 605 624; 600 624; 598 626; 598 628; 599 629; 599 630; 602 633; 602 634; 603 635; 603 636; 604 637; 604 639; 605 640; 605 641; 606 642; 606 643; 609 646; 609 647; 610 648; 610 652; 611 653; 611 655; 612 656; 612 657; 615 660; 615 661; 616 662; 616 665; 617 666; 617 668; 620 671; 623 671; 626 668; 626 667; 627 666; 627 665; 632 660; 632 659; 633 658; 633 657; 634 656; 634 655; 635 654; 635 653; 636 652; 636 651; 638 649; 638 648; 641 645; 641 644; 642 643; 642 641; 643 640; 643 639; 644 638; 644 637; 650 631; 650 630; 651 629; 651 627; 649 625; 644 625; 643 626; 638 626; 637 627; 636 626; 632 626; 629 623; 628 623; 627 622
65; 675 631; 672 634; 672 635; 660 647; 659 647; 657 649; 657 652; 656 653; 656 654; 651 659; 650 659; 648 661; 648 662; 643 667; 643 671; 644 672; 645 672; 646 673; 659 673; 660 674; 664 674; 665 675; 666 675; 667 676; 669 676; 670 677; 679 677; 680 678; 684 678; 685 679; 687 679; 688 680; 693 680; 694 679; 694 677; 693 676; 693 675; 692 674; 692 673; 690 671; 690 670; 689 669; 689 660; 688 659; 688 658; 687 657; 687 656; 686 655; 686 654; 685 653; 685 652; 684 651; 684 647; 683 646; 683 645; 681 643; 681 642; 680 641; 680 639; 679 638; 679 633; 677 631
66; 786 649; 785 650; 783 650; 784 651; 784 658; 783 659; 783 666; 781 668; 781 669; 780 670; 780 672; 781 673; 781 674; 782 675; 782 682; 783 683; 783 684; 782 685; 782 688; 781 689; 781 690; 780 691; 780 693; 779 694; 779 697; 780 698; 784 698; 785 697; 786 697; 788 695; 789 695; 790 694; 792 694; 793 693; 797 693; 798 692; 799 692; 801 690; 803 690; 804 689; 809 689; 810 688; 811 688; 812 687; 812 686; 813 685; 813 684; 815 682; 816 682; 817 681; 818 681; 819 680; 823 680; 824 679; 825 679; 826 678; 826 676; 824 674; 823 674; 822 673; 821 673; 819 671; 818 671; 816 669; 815 669; 811 665; 810 665; 804 659; 803 659; 802 658; 800 658; 799 657; 798 657; 790 649
67; 723 660; 722 661; 721 661; 721 662; 720 663; 720 665; 721 666; 721 685; 720 686; 720 696; 721 697; 721 701; 720 702; 720 704; 719 705; 719 711; 723 711; 726 708; 727 708; 728 707; 729 707; 730 706; 732 706; 733 705; 742 705; 744 703; 745 703; 751 697; 752 697; 753 696; 754 696; 755 695; 757 695; 758 694; 759 694; 760 693; 761 693; 764 690; 764 686; 763 685; 761 685; 760 684; 759 684; 758 683; 757 683; 756 682; 755 682; 754 681; 753 681; 743 671; 743 670; 741 668; 735 668; 733 666; 732 666; 729 663; 728 663; 725 660
68; 879 670; 878 671; 878 672; 877 673; 877 675; 878 676; 878 677; 879 678; 879 680; 880 681; 880 691; 879 692; 879 700; 880 701; 880 706; 881 707; 881 712; 880 713; 880 719; 881 720; 881 722; 885 722; 888 719; 889 719; 889 718; 891 716; 892 716; 894 714; 895 714; 896 713; 897 713; 898 712; 899 712; 901 710; 902 710; 903 709; 909 709; 910 708; 911 708; 911 707; 912 706; 912 705; 913 704; 913 703; 918 698; 920 698; 921 697; 922 697; 924 695; 924 693; 923 693; 922 692; 921 692; 920 691; 918 691; 917 690; 915 690; 914 689; 913 689; 912 688; 911 688; 910 687; 909 687; 908 686; 907 686; 902 681; 900 681; 899 680; 897 680; 896 679; 895 679; 894 678; 892 678; 891 677; 890 677; 888 675; 887 675; 882 670
69; 1020 686; 1019 687; 1018 687; 1017 688; 1013 688; 1012 689; 1010 689; 1009 690; 1005 690; 1004 691; 1001 691; 1000 692; 997 692; 996 693; 994 693; 993 694; 991 694; 990 695; 988 695; 987 696; 984 696; 983 697; 976 697; 975 698; 975 700; 976 701; 976 702; 980 706; 983 706; 986 709; 986 710; 987 711; 987 712; 988 713; 988 714; 989 715; 989 716; 990 717; 991 717; 992 718; 993 718; 1002 727; 1002 728; 1003 729; 1003 730; 1006 733; 1007 733; 1009 735; 1012 735; 1014 733; 1014 730; 1013 729; 1013 723; 1014 722; 1014 721; 1015 720; 1015 719; 1021 713; 1023 713; 1023 711; 1021 709; 1021 707; 1022 706; 1022 705; 1023 704; 1023 702; 1022 701; 1022 699; 1023 698; 1023 686
70; 956 685; 955 686; 955 688; 954 689; 954 694; 953 695; 953 696; 952 697; 952 698; 949 701; 949 702; 947 704; 947 705; 946 706; 946 707; 945 708; 945 712; 944 713; 944 715; 943 716; 943 718; 942 719; 942 722; 941 723; 941 725; 940 726; 940 727; 939 728; 939 729; 938 730; 938 732; 939 733; 945 733; 946 732; 947 732; 948 731; 950 731; 951 730; 955 730; 956 729; 968 729; 969 728; 970 728; 971 727; 976 727; 977 726; 982 726; 983 725; 988 725; 989 724; 989 720; 988 720; 986 718; 985 718; 981 714; 981 713; 980 712; 980 707; 977 704; 975 704; 974 703; 973 703; 972 702; 972 701; 967 696; 967 695; 966 694; 965 694; 963 692; 963 691; 962 690; 962 689; 961 688; 961 687; 959 685
71; 111 685; 111 686; 110 687; 110 694; 109 695; 109 697; 108 698; 108 699; 107 700; 107 701; 106 702; 106 703; 104 705; 104 706; 103 707; 103 708; 102 709; 102 710; 100 712; 100 713; 99 714; 99 715; 97 717; 97 718; 91 724; 91 726; 90 727; 90 731; 91 732; 98 732; 99 731; 100 731; 101 730; 103 730; 104 729; 105 730; 109 730; 112 733; 112 734; 113 735; 115 735; 117 733; 117 732; 119 730; 141 730; 141 725; 137 721; 137 720; 136 719; 136 718; 135 717; 135 716; 134 715; 134 713; 133 712; 133 710; 131 708; 131 707; 130 706; 130 705; 129 704; 129 703; 128 702; 128 701; 127 700; 127 699; 126 699; 125 698; 124 698; 120 694; 120 691; 114 685
72; 556 710; 555 711; 554 711; 553 712; 552 712; 551 713; 546 713; 545 714; 541 714; 540 715; 530 715; 529 714; 525 714; 524 715; 524 719; 526 721; 527 721; 532 726; 532 727; 533 728; 533 730; 534 731; 534 734; 533 735; 533 738; 535 740; 539 740; 542 743; 542 744; 543 745; 543 746; 544 747; 544 748; 545 749; 546 749; 548 751; 548 752; 549 753; 549 755; 550 756; 550 758; 551 758; 552 759; 554 759; 555 758; 556 758; 556 757; 557 756; 557 754; 558 753; 558 749; 559 748; 559 747; 564 742; 564 741; 565 740; 565 739; 566 738; 566 737; 567 736; 567 732; 568 731; 568 729; 569 728; 569 726; 570 725; 570 722; 571 721; 571 720; 572 719; 572 718; 574 716; 574 715; 575 714; 575 711; 574 711; 573 710; 571 710; 570 711; 568 711; 567 712; 562 712; 561 711; 560 711; 559 710
73; 661 720; 661 724; 662 725; 662 726; 665 729; 665 730; 667 732; 667 733; 668 734; 668 736; 669 737; 669 739; 670 740; 670 748; 673 751; 674 751; 678 755; 678 756; 679 757; 679 760; 680 761; 680 763; 683 766; 688 766; 689 765; 690 765; 691 766; 692 766; 692 763; 693 762; 693 759; 692 759; 691 758; 691 756; 692 755; 692 754; 693 753; 693 752; 695 750; 695 749; 697 747; 698 747; 700 745; 700 744; 701 743; 701 741; 702 740; 702 739; 704 737; 704 736; 706 734; 706 733; 707 732; 707 731; 708 730; 708 729; 711 726; 711 722; 705 722; 704 723; 699 723; 698 722; 697 722; 696 721; 695 721; 694 720; 687 720; 686 721; 675 721; 674 722; 669 722; 668 721; 667 721; 666 720
74; 845 733; 844 734; 844 737; 845 738; 845 739; 846 740; 846 742; 847 743; 847 744; 848 745; 848 747; 849 748; 849 751; 850 752; 850 756; 851 757; 851 760; 852 761; 852 762; 854 764; 854 765; 856 767; 856 768; 857 769; 857 771; 858 772; 858 773; 859 774; 859 775; 860 776; 860 780; 861 781; 865 781; 865 780; 866 779; 866 778; 874 770; 874 769; 880 763; 880 762; 883 759; 884 759; 887 756; 887 754; 888 753; 888 752; 891 749; 891 748; 894 745; 894 742; 893 741; 891 741; 890 740; 882 740; 881 741; 880 741; 879 740; 875 740; 874 739; 870 739; 869 738; 867 738; 866 737; 865 737; 864 736; 858 736; 857 735; 855 735; 854 734; 849 734; 848 733
75; 722 727; 717 732; 717 733; 715 735; 715 736; 714 737; 714 738; 713 739; 713 740; 710 743; 709 743; 707 745; 705 745; 703 747; 703 751; 702 752; 702 753; 696 759; 694 759; 694 762; 693 763; 693 766; 695 766; 696 767; 699 767; 700 768; 702 768; 703 769; 705 769; 706 770; 717 770; 718 771; 722 771; 723 772; 727 772; 728 773; 733 773; 734 774; 738 774; 739 775; 741 775; 742 774; 742 770; 739 767; 739 765; 738 764; 738 761; 737 760; 737 758; 738 757; 738 754; 737 753; 737 752; 735 750; 735 749; 734 748; 734 747; 733 746; 733 741; 732 740; 732 739; 731 738; 731 737; 730 736; 730 735; 729 734; 729 733; 728 732; 728 731; 727 730; 727 728; 726 727
76; 100 736; 99 737; 99 744; 98 745; 98 746; 97 747; 97 748; 95 750; 95 751; 94 752; 94 753; 93 754; 93 757; 92 758; 92 759; 91 760; 91 764; 90 765; 90 768; 89 769; 89 771; 88 772; 88 774; 87 775; 87 777; 86 778; 86 779; 84 781; 84 786; 85 787; 88 787; 89 786; 91 786; 92 785; 93 785; 94 784; 97 784; 98 783; 101 783; 102 782; 104 782; 105 783; 108 783; 109 782; 110 782; 111 781; 113 781; 114 780; 120 780; 121 779; 122 779; 123 778; 124 778; 125 777; 134 777; 135 776; 135 772; 134 772; 133 771; 132 771; 124 763; 124 762; 123 761; 123 760; 121 758; 121 757; 118 754; 117 754; 116 753; 116 752; 112 748; 112 747; 111 746; 110 746; 106 742; 106 741; 105 740; 105 739; 102 736
77; 171 745; 170 746; 170 756; 166 760; 166 761; 165 762; 165 771; 164 772; 164 776; 163 777; 163 779; 162 780; 162 787; 160 789; 160 790; 159 791; 159 795; 160 796; 164 796; 165 795; 167 795; 168 794; 171 794; 172 793; 174 793; 175 792; 177 792; 178 791; 180 791; 181 790; 183 790; 184 791; 185 791; 186 792; 190 792; 190 791; 191 790; 191 789; 194 786; 196 786; 197 785; 200 785; 201 784; 203 784; 204 783; 208 783; 209 782; 209 779; 207 777; 206 777; 200 771; 200 770; 197 767; 197 766; 196 765; 195 765; 193 763; 192 763; 189 760; 189 759; 187 757; 187 756; 185 754; 184 754; 182 752; 181 752; 174 745
78; 610 765; 609 766; 607 766; 606 767; 605 767; 604 768; 603 768; 602 769; 601 769; 600 770; 598 770; 596 772; 594 772; 593 773; 591 773; 590 772; 587 772; 585 774; 585 775; 580 780; 579 780; 578 781; 576 781; 575 782; 570 782; 569 783; 568 783; 567 784; 567 787; 568 788; 569 788; 570 789; 571 789; 577 795; 578 795; 580 797; 581 797; 583 799; 584 799; 585 800; 586 800; 589 803; 590 803; 591 804; 592 804; 593 805; 594 805; 596 807; 597 807; 598 808; 599 808; 604 813; 604 814; 605 815; 606 815; 607 816; 609 816; 610 815; 610 814; 611 813; 611 810; 610 809; 610 802; 613 799; 613 794; 612 793; 612 776; 613 775; 613 772; 614 771; 614 769; 615 768; 615 766; 614 765
79; 350 800; 354 818; 357 822; 362 822; 363 818; 379 803; 382 795; 393 786; 393 783; 391 782; 381 782; 375 778
80; 375 778; 377 766; 375 762; 372 760; 365 760; 360 762; 354 761; 348 766; 349 772; 342 774; 342 777; 346 783; 345 793; 350 800
81; 32 766; 31 767; 30 767; 29 768; 28 768; 27 769; 26 769; 25 770; 24 770; 23 771; 22 771; 21 772; 20 772; 18 774; 17 774; 16 775; 13 775; 12 776; 9 776; 5 780; 4 780; 2 782; 0 782; 0 798; 1 798; 2 799; 3 799; 5 801; 6 801; 10 805; 11 805; 12 806; 13 806; 15 808; 16 808; 17 809; 18 809; 20 811; 21 811; 22 812; 23 812; 24 813; 25 813; 26 814; 27 814; 28 815; 30 815; 31 816; 32 816; 33 817; 37 813; 37 809; 38 808; 38 796; 34 792; 34 791; 33 790; 33 785; 34 784; 34 777; 35 776; 35 767; 34 766
82; 842 770; 842 771; 840 773; 840 774; 839 775; 839 780; 838 781; 838 782; 837 783; 837 784; 836 785; 836 786; 835 787; 835 788; 833 790; 833 791; 832 792; 832 793; 831 794; 830 794; 828 796; 828 797; 827 798; 827 803; 826 804; 826 806; 824 808; 824 809; 820 813; 820 815; 822 817; 827 817; 828 816; 834 816; 835 815; 849 815; 850 814; 856 814; 857 813; 864 813; 865 814; 869 814; 870 815; 871 815; 873 813; 873 810; 872 809; 872 808; 871 808; 869 806; 868 806; 866 804; 866 803; 865 802; 865 801; 864 800; 864 799; 863 798; 863 791; 862 791; 861 790; 859 790; 851 782; 851 781; 850 780; 850 776; 849 775; 849 774; 845 770
83; 684 795; 683 796; 681 796; 680 797; 670 797; 669 796; 662 796; 661 797; 656 797; 655 798; 647 798; 646 799; 645 799; 644 798; 642 798; 641 797; 635 797; 635 801; 639 805; 639 806; 643 810; 643 811; 644 812; 644 816; 645 817; 645 819; 646 820; 646 822; 647 823; 648 823; 652 827; 652 828; 653 829; 653 830; 654 831; 654 832; 655 833; 655 834; 656 835; 656 836; 658 838; 658 839; 660 841; 660 842; 661 843; 663 843; 663 842; 664 841; 664 840; 665 839; 665 838; 666 837; 666 836; 667 835; 667 834; 668 833; 668 832; 670 830; 670 829; 673 826; 674 826; 676 824; 676 822; 677 821; 677 820; 680 817; 680 816; 681 815; 681 814; 682 813; 682 808; 683 807; 683 806; 687 802; 687 801; 688 800; 688 796; 687 796; 686 795
84; 39 796; 39 808; 38 809; 38 813; 34 817; 34 818; 35 819; 35 824; 36 825; 36 831; 35 832; 35 835; 34 836; 34 841; 35 842; 35 848; 36 849; 40 849; 43 846; 44 846; 45 845; 46 845; 47 844; 48 844; 49 843; 50 843; 52 841; 56 841; 66 831; 66 830; 67 829; 67 828; 69 826; 69 825; 73 821; 71 819; 71 818; 68 815; 67 815; 66 814; 65 814; 64 813; 63 813; 62 812; 61 812; 60 811; 59 811; 58 810; 57 810; 53 806; 52 806; 49 803; 48 803; 45 800; 44 800; 41 797; 40 797
85; 874 811; 874 813; 872 815; 872 817; 874 819; 874 820; 875 821; 875 824; 876 825; 876 828; 877 829; 877 831; 878 832; 878 833; 879 834; 879 836; 880 837; 880 845; 883 848; 883 850; 884 851; 884 855; 887 858; 887 859; 888 860; 888 862; 889 863; 891 863; 893 861; 893 860; 894 859; 894 858; 900 852; 901 852; 904 849; 904 848; 905 847; 905 846; 906 845; 906 843; 907 842; 907 841; 908 840; 908 839; 913 834; 913 833; 916 830; 916 829; 919 826; 920 826; 921 825; 921 822; 920 821; 909 821; 908 820; 906 820; 905 819; 904 819; 903 818; 902 818; 901 817; 900 817; 899 816; 894 816; 893 817; 889 817; 888 816; 883 816; 882 815; 880 815; 879 814; 878 814; 876 812; 875 812
86; 395 815; 394 816; 393 816; 390 819; 388 819; 387 820; 374 820; 373 821; 370 821; 369 822; 368 822; 367 823; 366 823; 365 824; 365 826; 367 828; 367 829; 369 831; 369 832; 373 836; 373 837; 375 839; 375 840; 377 842; 377 843; 378 844; 378 845; 379 846; 379 848; 382 851; 383 851; 385 853; 386 853; 387 854; 387 855; 391 859; 391 861; 392 862; 392 863; 394 865; 396 865; 397 864; 398 864; 398 863; 399 862; 399 861; 400 860; 400 857; 402 855; 402 854; 403 853; 403 852; 404 851; 404 849; 405 848; 405 844; 406 843; 406 842; 409 839; 409 838; 410 837; 410 836; 411 835; 411 833; 412 832; 412 830; 413 829; 413 825; 414 824; 414 822; 415 821; 415 816; 408 816; 407 817; 401 817; 400 816; 398 816; 397 815
87; 73 822; 70 825; 70 826; 68 828; 68 829; 67 830; 67 831; 57 841; 57 843; 52 848; 52 851; 53 852; 53 853; 54 853; 57 856; 59 856; 60 857; 61 857; 66 862; 67 862; 68 863; 71 863; 72 864; 73 864; 74 865; 75 865; 76 866; 77 866; 78 867; 79 867; 84 872; 85 872; 86 873; 87 873; 89 875; 90 875; 92 877; 96 877; 96 871; 95 870; 95 867; 94 866; 94 858; 95 857; 95 854; 99 850; 99 849; 100 848; 100 846; 99 845; 99 844; 96 841; 96 832; 97 831; 97 830; 98 829; 98 825; 97 824; 94 824; 93 825; 92 825; 90 827; 89 827; 88 828; 87 828; 86 829; 83 829; 78 824; 76 824; 74 822
88; 978 827; 977 828; 976 828; 974 830; 973 830; 972 831; 963 831; 961 833; 960 833; 959 834; 958 834; 957 835; 955 835; 954 836; 952 836; 951 837; 949 837; 948 838; 946 838; 945 839; 943 839; 942 840; 940 840; 939 839; 936 839; 935 840; 935 843; 941 849; 941 850; 947 856; 947 857; 948 858; 948 859; 949 860; 949 861; 951 863; 952 863; 955 866; 956 866; 961 871; 961 872; 963 874; 963 875; 965 877; 966 877; 967 878; 970 878; 971 877; 971 870; 972 869; 972 867; 973 866; 973 864; 974 863; 974 861; 975 860; 975 857; 976 856; 976 854; 977 853; 977 848; 978 847; 978 844; 979 843; 979 838; 980 837; 980 836; 983 833; 983 829; 981 827
89; 595 855; 594 856; 593 856; 592 857; 581 857; 580 858; 566 858; 565 859; 565 861; 566 862; 566 863; 567 864; 567 865; 568 866; 568 867; 569 868; 569 869; 571 871; 571 872; 572 873; 572 874; 573 875; 573 876; 574 877; 574 878; 575 879; 575 882; 576 883; 576 884; 581 889; 581 890; 584 893; 584 894; 585 895; 585 898; 586 899; 586 900; 590 904; 592 904; 593 903; 593 902; 594 901; 594 899; 595 898; 595 897; 596 896; 596 895; 597 894; 597 893; 598 892; 598 891; 599 890; 599 889; 600 888; 600 887; 605 882; 605 880; 606 879; 606 877; 607 876; 607 875; 608 874; 608 873; 611 870; 611 869; 613 867; 613 866; 614 865; 614 864; 616 862; 616 857; 615 857; 614 856; 612 856; 611 857; 609 857; 608 858; 604 858; 603 857; 602 857; 601 856; 600 856; 599 855
90; 317 858; 316 859; 316 861; 317 862; 317 864; 318 865; 318 869; 319 870; 319 873; 320 874; 320 881; 321 882; 321 884; 322 885; 322 889; 323 890; 323 891; 324 892; 324 894; 325 895; 325 897; 326 898; 326 899; 327 900; 327 905; 328 906; 328 909; 329 910; 332 910; 337 905; 337 904; 351 890; 352 890; 356 886; 356 885; 361 880; 362 880; 363 879; 364 879; 366 877; 366 872; 365 872; 364 871; 363 871; 362 870; 360 870; 359 869; 356 869; 355 868; 352 868; 351 867; 348 867; 347 866; 346 866; 343 863; 329 863; 328 862; 326 862; 324 860; 323 860; 322 859; 321 859; 320 858
91; 495 882; 494 883; 494 887; 495 888; 495 889; 499 893; 499 894; 500 895; 500 898; 501 899; 501 900; 503 902; 503 903; 505 905; 505 907; 509 911; 509 912; 511 914; 511 915; 512 916; 512 917; 513 918; 513 921; 514 922; 514 923; 515 924; 515 925; 516 926; 516 927; 518 929; 520 929; 521 928; 521 926; 522 925; 522 923; 526 919; 526 918; 528 916; 528 915; 530 913; 530 912; 536 906; 537 906; 539 904; 539 903; 540 902; 540 899; 539 898; 539 896; 548 887; 548 885; 546 883; 543 883; 542 882; 539 882; 538 883; 537 883; 536 884; 518 884; 517 883; 514 883; 513 882
92; 878 880; 877 881; 877 882; 876 883; 876 885; 875 886; 875 887; 874 888; 874 889; 867 896; 867 897; 866 898; 866 899; 865 900; 865 901; 863 903; 862 903; 859 906; 859 907; 858 908; 858 910; 857 911; 857 912; 854 915; 854 916; 852 918; 852 919; 851 920; 851 922; 852 923; 856 923; 857 924; 859 924; 860 925; 861 925; 862 926; 863 926; 864 927; 867 927; 869 929; 873 929; 874 928; 875 928; 876 929; 882 929; 883 928; 890 928; 891 929; 892 929; 893 930; 894 930; 895 931; 898 931; 900 929; 900 927; 899 926; 899 925; 897 923; 897 922; 896 921; 896 919; 895 918; 895 908; 896 907; 896 904; 895 903; 894 903; 890 899; 890 898; 889 897; 889 894; 888 893; 888 892; 886 890; 886 889; 885 888; 885 887; 884 886; 884 885; 883 884; 883 882; 881 880
93; 238 899; 237 900; 236 900; 234 902; 233 902; 232 903; 231 903; 230 904; 225 904; 224 905; 223 905; 221 907; 218 907; 217 906; 214 906; 212 908; 212 909; 206 915; 205 915; 204 916; 202 916; 201 917; 196 917; 195 918; 195 923; 196 924; 198 924; 199 925; 201 925; 202 926; 203 926; 207 930; 207 931; 210 934; 211 934; 212 935; 213 935; 215 937; 216 937; 218 939; 219 939; 226 946; 227 946; 228 947; 229 947; 233 951; 237 951; 238 950; 238 937; 242 933; 242 928; 240 926; 240 925; 239 924; 240 923; 240 921; 241 920; 241 919; 242 918; 242 914; 241 913; 241 910; 242 909; 242 907; 243 906; 243 905; 244 904; 244 900; 243 899
94; 439 903; 438 904; 437 904; 436 905; 435 905; 434 906; 433 906; 432 907; 428 907; 427 908; 413 908; 409 912; 408 912; 407 913; 400 913; 399 914; 398 914; 396 916; 396 918; 398 920; 399 920; 403 924; 403 925; 409 931; 409 934; 412 937; 413 937; 414 938; 415 938; 426 949; 426 950; 428 952; 428 953; 430 955; 432 955; 435 952; 436 952; 436 942; 437 941; 437 938; 438 937; 438 935; 440 933; 440 932; 441 931; 441 922; 442 921; 442 917; 443 916; 443 914; 444 913; 444 912; 445 911; 445 910; 446 909; 446 908; 447 907; 447 905; 446 904; 446 903
95; 832 920; 829 923; 828 923; 827 924; 826 924; 825 925; 824 925; 823 926; 814 926; 813 925; 811 925; 809 927; 809 928; 808 929; 808 930; 805 933; 804 933; 803 934; 802 934; 801 935; 800 935; 799 936; 798 936; 797 937; 796 937; 795 938; 794 938; 793 939; 792 939; 791 940; 789 940; 788 941; 788 943; 790 945; 791 945; 792 946; 793 946; 797 950; 798 950; 802 954; 803 954; 807 958; 808 958; 813 963; 814 963; 818 967; 819 967; 824 972; 825 972; 826 973; 829 973; 830 972; 830 962; 831 961; 831 959; 832 958; 832 947; 833 946; 833 937; 834 936; 834 933; 835 932; 835 931; 837 929; 838 930; 838 928; 839 927; 839 925; 837 923; 837 922; 835 920
96; 840 925; 840 927; 839 928; 839 930; 841 932; 841 933; 842 934; 842 936; 843 937; 843 945; 844 946; 844 947; 845 948; 845 949; 846 950; 846 951; 847 952; 847 953; 848 954; 848 956; 849 957; 849 959; 850 960; 850 962; 851 963; 851 967; 852 968; 852 971; 853 972; 853 975; 854 976; 854 977; 855 978; 858 978; 860 976; 860 975; 861 974; 861 973; 862 972; 862 971; 863 970; 863 969; 865 967; 865 966; 868 963; 869 963; 872 960; 873 960; 874 959; 875 959; 876 958; 876 957; 877 956; 877 954; 878 953; 878 952; 879 951; 879 950; 880 949; 880 948; 885 943; 885 941; 886 940; 886 939; 887 938; 887 935; 886 934; 883 934; 882 933; 881 933; 879 931; 876 931; 875 932; 874 932; 872 930; 865 930; 864 929; 857 929; 856 930; 854 930; 853 929; 850 929; 849 928; 847 928; 846 927; 844 927; 843 926; 841 926
97; 735 920; 734 921; 734 923; 733 924; 733 929; 732 930; 732 937; 731 938; 731 939; 730 940; 730 941; 729 942; 729 945; 730 946; 730 947; 731 948; 731 951; 730 952; 730 967; 729 968; 729 974; 733 974; 737 970; 738 970; 740 968; 742 968; 743 967; 744 967; 745 966; 746 966; 747 965; 748 965; 749 964; 751 964; 752 963; 753 963; 754 962; 756 962; 757 961; 759 961; 760 960; 761 960; 761 959; 764 956; 765 956; 766 955; 769 955; 770 954; 773 954; 774 953; 775 953; 776 952; 776 949; 774 947; 773 947; 772 946; 769 946; 768 945; 767 945; 756 934; 756 933; 755 932; 754 932; 752 930; 751 930; 750 929; 749 929; 747 927; 746 927; 745 926; 744 926; 738 920
98; 457 922; 457 923; 456 924; 456 926; 455 927; 455 928; 454 929; 454 930; 451 933; 450 933; 449 934; 448 934; 447 935; 447 937; 446 938; 446 942; 445 943; 445 944; 443 946; 443 947; 442 948; 442 949; 440 951; 440 952; 439 953; 438 953; 437 952; 436 953; 435 953; 432 956; 431 956; 432 957; 432 961; 431 962; 431 965; 432 966; 434 966; 435 967; 444 967; 445 968; 448 968; 449 969; 450 969; 452 971; 452 972; 453 973; 456 973; 458 971; 460 971; 461 970; 465 970; 466 971; 467 971; 468 972; 470 972; 471 973; 473 973; 474 972; 482 972; 483 971; 483 967; 482 966; 482 965; 480 963; 480 962; 479 961; 479 960; 477 958; 477 957; 475 955; 475 954; 474 953; 474 951; 473 950; 473 949; 472 948; 472 947; 471 946; 471 944; 470 943; 470 942; 469 941; 469 940; 467 938; 467 937; 466 936; 466 935; 465 934; 465 933; 464 932; 464 930; 463 929; 463 927; 462 926; 462 924; 461 923; 461 922
99; 9 993; 19 991; 25 987; 43 981; 50 976; 48 972; 44 971; 40 967; 39 962; 36 959; 26 955; 12 941; 8 942; 8 947; 6 950; 0 951; 0 973; 3 974; 4 983
100; 721 961; 715 967; 714 967; 713 968; 712 968; 711 969; 709 969; 708 970; 707 970; 706 971; 705 971; 704 972; 704 973; 700 977; 699 977; 698 978; 694 978; 692 980; 692 981; 691 982; 691 983; 687 987; 686 987; 685 988; 683 988; 682 989; 680 989; 679 990; 679 995; 680 995; 681 996; 683 996; 684 997; 685 997; 686 998; 687 998; 688 999; 689 999; 690 1000; 692 1000; 693 1001; 695 1001; 696 1002; 697 1002; 698 1003; 699 1003; 700 1004; 702 1004; 703 1005; 704 1005; 706 1007; 708 1007; 709 1008; 710 1008; 711 1009; 713 1009; 715 1011; 716 1011; 717 1012; 718 1012; 721 1015; 722 1015; 723 1016; 725 1016; 727 1014; 727 1012; 726 1011; 726 993; 727 992; 727 987; 726 986; 726 984; 725 983; 725 978; 724 977; 724 973; 723 972; 723 971; 724 970; 724 961
101; 250 970; 249 971; 248 971; 242 977; 241 977; 240 978; 238 978; 237 979; 230 979; 229 980; 229 981; 228 982; 228 984; 223 989; 222 989; 221 990; 220 990; 217 993; 216 993; 214 995; 212 995; 210 997; 210 1000; 212 1002; 213 1002; 214 1003; 216 1003; 217 1004; 218 1004; 219 1005; 220 1005; 222 1007; 223 1007; 224 1008; 225 1008; 228 1011; 229 1011; 235 1017; 236 1017; 237 1018; 241 1018; 242 1019; 243 1019; 246 1022; 246 1023; 256 1023; 256 1020; 255 1019; 255 996; 254 995; 254 978; 255 977; 255 971; 254 970
