0; 4 0; 4 3; 5 4; 5 10; 4 11; 4 13; 3 14; 3 15; 1 17; 0 17; 0 28; 4 28; 5 27; 6 27; 7 26; 10 26; 11 25; 31 25; 32 26; 32 31; 35 34; 37 34; 39 32; 39 29; 38 28; 38 27; 37 26; 37 25; 39 23; 44 23; 45 24; 46 24; 47 25; 48 25; 49 26; 52 26; 53 25; 54 25; 55 24; 55 22; 54 21; 54 20; 53 19; 51 19; 50 18; 49 18; 48 17; 47 17; 45 15; 44 15; 42 13; 42 12; 41 11; 41 6; 39 6; 38 5; 37 5; 34 2; 34 0; 22 0; 22 1; 24 3; 24 4; 26 6; 26 7; 29 10; 29 11; 30 12; 30 13; 28 15; 27 15; 26 16; 24 16; 23 15; 21 15; 20 16; 16 16; 14 14; 14 11; 15 10; 15 8; 16 7; 16 6; 17 5; 17 4; 18 3; 18 2; 19 1; 19 0
1; 66 0; 66 1; 67 2; 67 3; 68 4; 68 5; 69 6; 69 7; 72 10; 72 11; 73 12; 73 13; 74 14; 75 14; 81 20; 81 21; 82 22; 82 23; 83 24; 83 25; 85 27; 89 27; 90 26; 90 24; 91 23; 91 19; 92 18; 92 17; 93 16; 93 15; 95 13; 95 11; 96 10; 96 4; 97 3; 97 0; 87 0; 87 3; 86 4; 86 5; 84 7; 83 6; 82 6; 80 4; 80 3; 79 2; 79 0
2; 141 0; 141 2; 143 4; 143 5; 144 6; 144 7; 145 8; 145 13; 144 14; 144 17; 145 18; 147 18; 148 19; 149 19; 153 23; 153 24; 154 25; 154 26; 155 27; 155 29; 156 30; 156 32; 158 34; 158 35; 160 37; 160 38; 161 39; 165 39; 166 38; 166 33; 167 32; 167 31; 168 30; 168 29; 169 28; 169 27; 170 26; 170 25; 172 23; 172 22; 173 21; 173 20; 176 17; 176 16; 179 13; 179 10; 180 9; 180 6; 183 3; 184 3; 185 2; 185 0
3; 379 0; 378 1; 378 2; 377 3; 377 4; 374 7; 374 8; 373 9; 373 11; 372 12; 372 13; 371 14; 371 16; 370 17; 370 19; 369 20; 369 21; 368 22; 368 23; 367 24; 367 25; 366 26; 366 28; 365 29; 365 31; 364 32; 364 35; 365 36; 367 36; 368 35; 369 35; 373 31; 382 31; 383 32; 385 32; 387 34; 387 35; 389 37; 390 37; 391 38; 394 38; 395 37; 395 36; 397 34; 397 33; 399 31; 412 31; 412 28; 406 22; 406 21; 405 20; 405 19; 404 18; 404 17; 403 16; 403 14; 402 13; 402 10; 401 9; 400 9; 399 8; 398 8; 395 5; 395 4; 394 3; 394 2; 393 1; 393 0
4; 551 0; 551 3; 552 4; 552 6; 553 7; 553 8; 560 15; 560 16; 562 18; 562 19; 564 21; 564 22; 566 24; 566 25; 568 27; 572 27; 573 26; 573 23; 574 22; 574 19; 580 13; 585 13; 586 12; 587 12; 589 10; 589 7; 588 6; 587 6; 586 5; 585 5; 584 4; 584 3; 583 2; 583 0; 576 0; 576 2; 575 3; 575 5; 574 6; 574 7; 570 11; 568 11; 567 10; 566 10; 564 8; 564 7; 561 4; 561 3; 560 2; 560 0
5; 918 0; 918 4; 919 5; 919 9; 924 14; 924 15; 928 19; 928 23; 933 28; 933 34; 934 35; 937 35; 938 34; 938 30; 937 29; 937 25; 938 24; 938 21; 939 20; 939 19; 943 15; 943 14; 944 13; 944 12; 946 10; 946 9; 949 6; 950 6; 953 3; 953 0; 941 0; 941 2; 940 3; 940 4; 938 6; 938 7; 937 8; 937 9; 936 10; 935 10; 934 11; 932 11; 929 8; 929 7; 928 6; 928 4; 927 3; 927 0
6; 425 0; 425 3; 426 4; 429 4; 430 3; 433 3; 437 7; 437 10; 438 11; 438 16; 437 17; 437 20; 436 21; 436 22; 435 23; 435 25; 434 26; 434 28; 433 29; 433 32; 432 33; 432 41; 431 42; 431 46; 430 47; 430 48; 429 49; 428 49; 427 50; 427 51; 426 52; 426 53; 427 54; 428 54; 429 55; 434 55; 435 54; 436 54; 438 52; 440 52; 441 51; 442 51; 443 50; 445 50; 446 49; 449 49; 450 48; 456 48; 458 46; 459 46; 460 45; 461 45; 462 44; 466 44; 467 43; 481 43; 482 42; 482 39; 480 37; 473 37; 472 36; 471 36; 466 31; 466 30; 463 27; 462 27; 460 25; 459 25; 456 22; 456 21; 452 17; 451 17; 443 9; 443 8; 442 7; 442 5; 443 4; 444 4; 445 3; 450 3; 451 2; 455 2; 456 1; 457 1; 457 0
7; 980 13; 978 15; 978 16; 977 17; 977 18; 976 19; 976 20; 970 26; 969 26; 967 28; 966 28; 956 38; 956 39; 947 48; 947 51; 952 51; 953 52; 956 52; 957 53; 958 53; 959 54; 960 54; 963 57; 964 57; 965 58; 978 58; 979 59; 981 59; 982 60; 983 60; 986 63; 992 63; 992 62; 993 61; 993 58; 992 57; 992 55; 991 54; 991 52; 990 51; 990 44; 989 43; 989 41; 987 39; 987 35; 986 34; 986 32; 983 29; 983 28; 982 27; 982 19; 983 18; 983 14; 982 13
8; 393 40; 392 41; 391 41; 390 42; 389 42; 388 43; 382 43; 381 42; 379 42; 378 41; 376 41; 374 43; 374 46; 380 52; 380 53; 381 54; 381 55; 382 56; 382 57; 383 58; 383 59; 384 60; 384 61; 385 62; 385 63; 386 64; 386 65; 387 66; 387 67; 388 68; 388 70; 389 71; 389 72; 390 73; 390 74; 391 75; 391 77; 392 78; 392 79; 393 80; 393 82; 394 83; 394 88; 395 89; 395 90; 397 90; 397 89; 398 88; 398 85; 399 84; 399 83; 400 82; 400 80; 401 79; 401 78; 408 71; 408 70; 410 68; 410 67; 411 66; 411 65; 412 64; 412 63; 413 62; 413 61; 414 60; 414 59; 416 57; 416 56; 418 54; 419 54; 420 53; 425 53; 425 52; 426 51; 426 50; 425 49; 424 49; 422 47; 420 47; 419 46; 417 46; 416 45; 413 45; 412 44; 405 44; 404 43; 401 43; 400 42; 399 42; 398 41; 397 41; 396 40
9; 309 44; 308 45; 306 45; 305 46; 279 46; 278 47; 277 47; 276 46; 273 46; 272 45; 268 45; 267 46; 267 49; 268 50; 268 51; 271 54; 271 55; 272 56; 272 57; 273 58; 273 59; 274 60; 274 62; 276 64; 276 65; 283 72; 283 73; 285 75; 285 76; 286 77; 286 79; 287 80; 287 83; 288 84; 288 86; 290 88; 294 88; 295 87; 295 86; 296 85; 296 82; 297 81; 297 78; 299 76; 299 75; 301 73; 301 72; 308 65; 308 59; 309 58; 309 57; 311 55; 311 54; 314 51; 314 50; 316 48; 316 45; 315 44
10; 559 36; 555 40; 555 41; 554 42; 554 44; 553 45; 553 47; 552 48; 552 49; 547 54; 546 54; 542 58; 542 59; 540 61; 540 62; 537 65; 537 66; 536 67; 536 68; 533 71; 533 72; 528 77; 528 79; 530 81; 534 81; 535 80; 539 80; 540 81; 542 81; 543 82; 552 82; 553 83; 561 83; 562 84; 567 84; 568 85; 572 85; 573 86; 575 86; 576 85; 577 85; 577 82; 576 81; 576 80; 573 77; 573 76; 572 75; 572 74; 571 73; 571 71; 570 70; 570 68; 569 67; 569 65; 568 64; 568 62; 567 61; 567 60; 566 59; 566 58; 564 56; 564 55; 563 54; 563 53; 562 52; 562 50; 561 49; 561 47; 566 42; 566 38; 564 36
11; 753 40; 752 41; 751 41; 751 42; 750 43; 750 45; 751 46; 751 47; 750 48; 750 50; 749 51; 749 52; 747 54; 747 55; 741 61; 741 62; 739 64; 739 65; 738 66; 738 67; 737 68; 737 69; 735 71; 735 72; 729 78; 729 80; 730 80; 731 81; 734 81; 735 80; 740 80; 741 81; 742 81; 743 82; 744 82; 745 83; 749 83; 750 84; 751 84; 752 85; 754 85; 757 82; 759 82; 760 81; 761 81; 762 82; 764 82; 765 83; 766 83; 767 84; 770 84; 771 83; 777 83; 779 81; 779 78; 774 73; 774 72; 773 71; 773 69; 772 68; 772 67; 771 66; 771 65; 770 64; 770 63; 768 61; 768 59; 767 58; 767 54; 764 51; 763 51; 761 49; 761 48; 760 47; 760 46; 759 45; 759 43; 758 42; 758 41; 757 40
12; 609 47; 607 49; 607 58; 606 59; 606 60; 604 62; 604 72; 603 73; 603 77; 602 78; 602 80; 600 82; 594 82; 592 84; 592 87; 593 88; 593 89; 596 92; 596 94; 595 95; 595 97; 596 98; 597 98; 599 100; 600 100; 601 101; 606 101; 607 100; 608 100; 608 99; 609 98; 609 94; 611 92; 612 92; 613 93; 614 93; 616 95; 620 95; 626 89; 627 89; 628 88; 631 88; 632 87; 634 87; 635 88; 636 88; 637 89; 638 89; 639 90; 641 90; 642 89; 643 89; 645 87; 645 84; 644 83; 643 83; 642 82; 641 82; 636 77; 636 76; 634 74; 634 73; 632 71; 632 70; 631 69; 631 68; 616 53; 616 52; 614 50; 614 49; 612 47
13; 894 84; 893 85; 893 89; 895 91; 895 92; 897 94; 897 95; 898 96; 898 97; 899 98; 899 100; 901 102; 901 103; 902 104; 902 105; 903 106; 903 107; 905 109; 905 110; 906 111; 906 112; 907 113; 907 114; 908 115; 908 117; 909 118; 909 121; 910 122; 910 123; 911 124; 911 125; 914 128; 916 128; 919 125; 919 124; 921 122; 921 121; 923 119; 923 118; 924 117; 924 116; 931 109; 934 109; 935 108; 938 108; 939 107; 940 107; 940 106; 942 104; 942 100; 941 99; 941 98; 940 97; 940 95; 941 94; 941 93; 942 92; 942 88; 941 87; 940 87; 939 86; 935 86; 934 87; 927 87; 926 86; 912 86; 911 85; 901 85; 900 84
14; 968 103; 967 104; 967 112; 966 113; 966 114; 965 115; 965 116; 963 118; 963 119; 962 120; 962 121; 961 122; 961 123; 960 124; 960 125; 959 126; 959 127; 958 128; 958 129; 957 130; 957 131; 956 132; 956 133; 955 134; 955 138; 954 139; 954 140; 953 141; 953 142; 950 145; 950 146; 949 147; 949 149; 955 149; 956 148; 957 148; 958 147; 964 147; 965 148; 971 148; 972 147; 973 147; 974 146; 976 146; 977 145; 983 145; 984 144; 987 144; 988 143; 998 143; 998 139; 996 137; 995 137; 993 135; 993 134; 991 132; 991 131; 990 130; 990 128; 989 127; 989 123; 988 122; 988 121; 977 110; 977 109; 975 107; 975 106; 972 103
15; 308 117; 307 118; 307 119; 306 120; 306 121; 305 122; 305 124; 304 125; 304 126; 303 127; 303 128; 300 131; 300 132; 299 133; 299 134; 298 135; 298 143; 297 144; 297 145; 296 146; 296 147; 295 148; 295 149; 294 150; 294 151; 293 152; 293 153; 292 154; 292 155; 291 156; 291 157; 290 158; 290 159; 289 160; 289 162; 294 162; 295 161; 301 161; 302 160; 306 160; 307 159; 316 159; 317 158; 322 158; 323 157; 330 157; 331 158; 334 158; 335 159; 337 159; 338 158; 338 155; 333 150; 333 149; 332 148; 332 147; 331 146; 331 145; 330 144; 330 142; 329 141; 329 140; 327 138; 327 137; 326 136; 325 136; 318 129; 318 128; 316 126; 316 124; 315 123; 315 121; 314 120; 314 119; 312 117
16; 370 126; 368 128; 368 131; 370 133; 370 134; 372 136; 372 137; 373 138; 373 146; 372 147; 372 153; 373 154; 373 155; 374 156; 374 157; 375 158; 375 161; 376 162; 376 163; 377 164; 377 167; 378 168; 378 174; 379 175; 383 175; 384 174; 386 174; 387 175; 388 175; 389 176; 389 174; 390 173; 390 172; 391 171; 391 169; 395 165; 395 164; 406 153; 407 153; 408 152; 409 152; 410 151; 412 151; 413 150; 415 150; 416 151; 417 151; 418 152; 422 152; 423 151; 424 151; 424 146; 423 146; 422 145; 419 145; 418 146; 413 146; 412 145; 411 145; 410 144; 409 144; 408 143; 407 143; 406 142; 405 142; 404 141; 403 141; 402 140; 401 140; 400 139; 399 139; 398 138; 397 138; 396 137; 395 137; 394 136; 393 136; 392 135; 390 135; 389 134; 388 134; 387 133; 386 133; 385 132; 384 132; 383 131; 382 131; 381 130; 380 130; 378 128; 377 128; 376 127; 375 127; 374 126
17; 662 171; 666 180; 669 180; 672 177; 672 172; 674 171; 684 183; 685 190; 689 189; 690 176; 692 172; 699 167; 699 157; 706 146; 706 143; 678 143
18; 678 143; 674 139; 676 132; 675 128; 653 135; 644 134; 638 140; 627 141; 627 143; 639 153; 644 160; 647 160; 662 171
19; 479 141; 478 142; 478 143; 474 147; 474 148; 473 149; 473 150; 466 157; 465 157; 464 158; 462 158; 458 162; 458 163; 456 165; 456 166; 453 169; 452 169; 448 173; 448 176; 449 177; 455 177; 456 178; 458 178; 459 179; 460 179; 461 180; 462 180; 463 181; 464 181; 465 182; 467 182; 468 183; 470 183; 471 184; 477 184; 478 185; 481 185; 482 186; 484 186; 485 187; 486 187; 487 188; 488 188; 489 189; 490 189; 491 190; 494 190; 494 186; 493 185; 493 184; 492 183; 492 181; 490 179; 490 176; 489 175; 489 173; 490 172; 490 168; 489 167; 489 164; 488 163; 488 162; 487 161; 487 157; 486 156; 486 154; 485 153; 485 152; 484 151; 484 150; 483 149; 483 148; 482 147; 482 142; 481 141
20; 432 165; 431 166; 429 166; 428 167; 417 167; 416 168; 414 168; 413 169; 411 169; 410 170; 407 170; 406 171; 403 171; 402 172; 394 172; 393 171; 392 171; 391 172; 391 173; 390 174; 390 177; 391 178; 392 178; 394 180; 395 180; 397 182; 397 183; 398 184; 398 185; 399 186; 399 187; 400 188; 400 189; 401 190; 402 190; 413 201; 413 202; 414 203; 414 208; 416 210; 421 210; 422 209; 422 208; 423 207; 423 204; 424 203; 424 202; 425 201; 425 199; 426 198; 426 197; 427 196; 427 195; 430 192; 431 192; 432 191; 434 191; 434 188; 433 187; 433 178; 434 177; 434 175; 435 174; 435 173; 437 171; 437 170; 438 169; 438 165
21; 928 177; 926 179; 925 179; 923 181; 916 181; 915 180; 913 180; 912 179; 908 179; 907 178; 897 178; 896 179; 885 179; 884 178; 878 178; 878 181; 879 182; 879 183; 885 189; 885 190; 887 192; 887 194; 888 195; 888 200; 894 206; 894 207; 895 208; 895 209; 896 210; 896 211; 897 212; 897 213; 898 214; 898 215; 899 216; 899 219; 900 220; 899 221; 899 224; 900 225; 900 226; 901 227; 904 227; 905 226; 906 226; 906 225; 907 224; 907 221; 906 220; 906 217; 907 216; 907 215; 912 210; 913 210; 914 209; 914 208; 916 206; 916 205; 917 204; 918 204; 919 203; 920 203; 921 202; 921 193; 923 191; 923 190; 925 188; 925 187; 928 184; 929 184; 932 181; 932 179; 930 177
22; 625 204; 621 211; 634 223; 650 232; 654 236; 656 242; 659 243; 661 241; 662 223; 665 219; 664 198; 666 191; 653 180
23; 653 180; 645 167; 644 161; 642 159; 637 159; 631 152; 628 152; 623 167; 615 175; 616 184; 609 197; 613 199; 621 196; 625 204
24; 715 184; 715 189; 714 190; 714 192; 713 193; 713 194; 711 196; 711 197; 704 204; 703 204; 700 207; 700 210; 699 211; 699 213; 698 214; 698 215; 696 217; 696 218; 693 221; 693 222; 692 223; 692 225; 707 225; 708 226; 717 226; 718 227; 722 227; 723 228; 738 228; 739 229; 743 229; 743 226; 738 221; 738 220; 737 219; 737 218; 736 217; 736 214; 735 213; 735 208; 734 207; 734 206; 733 205; 733 204; 728 199; 728 198; 725 195; 725 194; 724 193; 724 191; 723 190; 723 188; 722 187; 722 186; 720 184
25; 818 195; 818 196; 817 197; 817 198; 816 199; 816 201; 815 202; 815 203; 814 204; 814 207; 813 208; 813 209; 812 210; 812 212; 811 213; 811 216; 810 217; 810 223; 809 224; 809 228; 808 229; 808 231; 807 232; 807 233; 804 236; 804 240; 805 241; 816 241; 818 239; 819 239; 820 238; 822 238; 826 242; 826 243; 829 246; 829 247; 828 248; 828 252; 829 253; 830 253; 831 254; 832 254; 834 256; 835 256; 837 258; 836 259; 836 261; 838 261; 838 259; 840 257; 841 257; 843 255; 843 251; 840 248; 839 248; 836 245; 835 245; 833 243; 833 239; 834 238; 834 236; 836 234; 837 234; 838 233; 839 233; 840 232; 843 232; 844 231; 850 231; 851 230; 852 230; 852 228; 848 224; 847 224; 845 222; 845 221; 843 219; 843 218; 838 213; 838 212; 832 206; 831 206; 826 201; 826 198; 827 197; 828 197; 828 195; 826 195; 825 196; 824 195
26; 754 211; 754 214; 755 215; 755 216; 756 217; 756 218; 757 219; 757 220; 758 221; 758 222; 759 223; 759 225; 760 226; 760 227; 761 228; 761 229; 762 229; 767 234; 767 235; 768 236; 768 237; 770 239; 771 239; 779 247; 780 247; 781 248; 785 248; 791 242; 791 241; 792 240; 792 239; 793 238; 793 237; 794 236; 794 235; 798 231; 799 231; 801 229; 801 227; 800 226; 800 225; 799 224; 798 224; 797 223; 793 223; 792 222; 789 222; 788 221; 787 221; 786 220; 785 220; 784 219; 783 219; 782 218; 782 217; 781 216; 781 215; 778 212; 774 212; 773 213; 772 213; 771 214; 766 214; 765 213; 762 213; 761 212; 759 212; 758 211
27; 600 217; 597 220; 597 222; 596 223; 596 225; 595 226; 595 227; 593 229; 593 230; 591 232; 590 232; 588 234; 587 234; 586 235; 585 235; 582 238; 582 240; 581 241; 581 246; 580 247; 580 249; 579 250; 579 251; 578 252; 578 253; 573 258; 573 261; 591 261; 592 260; 597 260; 598 261; 605 261; 606 260; 615 260; 618 263; 618 264; 619 264; 620 265; 623 265; 624 264; 624 258; 621 255; 621 254; 620 253; 620 252; 619 251; 619 250; 618 249; 618 247; 617 246; 617 245; 616 244; 616 243; 615 242; 615 241; 614 240; 614 239; 613 238; 613 232; 612 231; 612 230; 608 226; 608 225; 607 224; 607 223; 604 220; 604 219; 602 217
28; 662 266; 661 267; 661 270; 662 271; 662 272; 663 273; 663 275; 664 276; 664 277; 665 278; 665 279; 668 282; 668 283; 669 284; 669 285; 671 287; 671 288; 672 289; 672 291; 673 292; 672 293; 672 299; 673 298; 676 298; 678 300; 678 301; 679 302; 679 304; 680 305; 680 308; 681 309; 681 310; 682 311; 686 311; 688 309; 688 303; 692 299; 693 299; 694 298; 700 298; 701 297; 701 288; 703 286; 703 285; 704 284; 704 283; 705 282; 705 281; 706 280; 706 279; 707 278; 707 277; 712 272; 713 272; 715 270; 715 266; 710 266; 709 267; 708 267; 706 269; 704 269; 703 270; 699 270; 698 269; 695 269; 694 268; 685 268; 684 267; 676 267; 675 268; 671 268; 670 267; 667 267; 666 266
29; 433 262; 432 263; 432 269; 426 275; 426 278; 425 279; 425 280; 424 281; 424 285; 425 286; 431 286; 433 288; 433 290; 434 291; 434 296; 435 297; 435 300; 436 301; 436 308; 435 309; 435 311; 436 312; 436 313; 439 313; 443 309; 444 309; 447 306; 451 306; 453 308; 453 309; 455 311; 459 311; 461 309; 461 307; 460 306; 460 303; 461 302; 462 302; 463 301; 464 301; 466 299; 466 298; 467 297; 467 296; 470 293; 473 293; 474 292; 477 292; 478 291; 480 291; 480 289; 479 288; 477 288; 476 287; 474 287; 473 286; 472 286; 471 285; 470 285; 468 283; 467 283; 464 280; 463 280; 462 279; 461 279; 460 278; 459 278; 457 276; 456 276; 455 275; 454 275; 452 273; 451 273; 450 272; 449 272; 448 271; 446 271; 445 270; 444 270; 443 269; 442 269; 439 266; 439 265; 436 262
30; 626 274; 626 275; 625 276; 625 282; 626 283; 626 287; 627 288; 627 290; 626 291; 626 302; 627 303; 627 307; 628 308; 628 316; 627 317; 627 322; 626 323; 626 329; 630 329; 630 328; 631 327; 631 325; 632 324; 632 323; 638 317; 639 317; 640 316; 641 316; 642 315; 644 315; 645 314; 646 314; 647 313; 648 313; 649 312; 650 312; 652 310; 653 310; 656 307; 657 307; 660 304; 661 304; 663 302; 664 302; 665 301; 668 301; 669 300; 671 300; 671 294; 667 294; 666 293; 662 293; 661 292; 660 292; 659 291; 658 291; 656 289; 655 289; 653 287; 651 287; 650 286; 649 286; 647 284; 646 284; 644 282; 643 282; 642 281; 641 281; 640 280; 638 280; 637 279; 636 279; 635 278; 634 278; 630 274
31; 87 282; 87 283; 86 284; 86 287; 87 288; 87 307; 88 308; 88 310; 87 311; 87 317; 88 318; 88 319; 89 320; 89 327; 88 328; 88 329; 85 332; 85 336; 87 338; 90 338; 91 337; 92 337; 92 336; 93 335; 93 332; 94 331; 94 330; 99 325; 100 325; 102 323; 104 323; 105 322; 106 322; 107 321; 108 321; 110 319; 111 319; 113 317; 114 317; 115 316; 116 316; 117 315; 118 315; 120 313; 121 313; 122 312; 123 312; 124 311; 126 311; 127 310; 128 310; 129 309; 130 309; 131 308; 132 308; 132 306; 131 306; 130 305; 127 305; 126 304; 124 304; 123 303; 122 303; 121 302; 120 302; 119 301; 118 301; 113 296; 113 295; 112 294; 112 293; 113 292; 113 291; 114 290; 114 288; 112 286; 109 286; 108 287; 108 288; 106 290; 102 290; 101 289; 100 289; 96 285; 95 285; 93 283; 92 283; 91 282
32; 241 285; 239 287; 239 292; 238 293; 238 295; 237 296; 237 297; 234 300; 234 301; 233 302; 233 320; 232 321; 232 323; 231 324; 231 325; 230 326; 230 331; 234 331; 235 330; 237 330; 238 329; 240 329; 241 328; 252 328; 253 327; 254 327; 255 326; 256 326; 257 325; 258 325; 259 324; 261 324; 262 323; 264 323; 265 322; 266 322; 267 321; 278 321; 279 320; 279 315; 277 315; 276 314; 274 314; 273 313; 271 313; 265 307; 264 307; 261 304; 261 303; 260 302; 260 301; 259 300; 259 297; 258 296; 258 295; 257 295; 254 292; 254 291; 253 290; 253 288; 252 287; 246 287; 245 286; 244 286; 243 285
33; 955 284; 953 286; 953 287; 951 289; 951 290; 950 291; 950 292; 949 293; 949 294; 948 295; 948 296; 947 297; 947 298; 945 300; 945 301; 944 302; 944 303; 942 305; 942 306; 940 308; 940 309; 939 310; 939 311; 938 312; 938 313; 936 315; 936 316; 935 317; 935 318; 934 319; 934 321; 932 323; 935 326; 936 326; 937 325; 940 325; 941 324; 943 324; 944 325; 946 325; 947 326; 949 326; 950 327; 955 327; 956 326; 962 326; 963 325; 970 325; 971 326; 973 326; 974 327; 975 327; 977 329; 977 330; 979 332; 983 332; 984 331; 984 327; 982 325; 979 325; 978 324; 977 324; 976 323; 976 322; 973 319; 973 317; 972 316; 972 314; 971 313; 971 312; 970 311; 970 310; 969 309; 969 308; 967 306; 967 305; 965 303; 965 302; 964 301; 964 300; 963 299; 963 298; 962 297; 962 296; 961 295; 961 293; 960 292; 960 289; 959 288; 959 285; 958 284
34; 409 295; 408 296; 407 296; 406 297; 405 297; 404 298; 400 298; 399 299; 397 299; 396 300; 394 300; 393 301; 387 301; 386 302; 382 302; 381 303; 375 303; 374 302; 373 302; 372 301; 371 301; 370 300; 369 300; 368 299; 363 299; 363 304; 365 306; 367 306; 368 307; 369 307; 372 310; 372 311; 374 313; 375 313; 376 314; 377 314; 386 323; 386 324; 388 326; 388 327; 390 329; 390 330; 391 331; 391 332; 392 333; 392 334; 395 337; 397 337; 398 338; 399 338; 401 340; 402 340; 403 341; 405 341; 407 339; 407 327; 408 326; 408 325; 409 324; 409 323; 411 321; 411 314; 412 313; 412 307; 413 306; 413 305; 414 304; 414 303; 419 298; 419 296; 418 295
35; 32 285; 31 286; 30 286; 30 287; 29 288; 29 289; 28 290; 28 292; 26 294; 26 295; 23 298; 22 298; 20 300; 19 300; 18 301; 17 301; 12 306; 11 306; 10 307; 9 307; 6 310; 5 310; 2 313; 0 313; 0 324; 3 324; 4 325; 6 325; 7 326; 8 326; 9 327; 10 327; 12 329; 13 329; 15 331; 16 331; 17 332; 18 332; 19 333; 21 333; 22 334; 23 334; 24 335; 26 335; 27 336; 28 336; 29 337; 30 337; 32 339; 37 339; 38 338; 41 338; 40 337; 40 336; 39 335; 39 333; 38 332; 38 331; 37 330; 37 321; 38 320; 38 315; 37 314; 37 312; 36 311; 36 309; 35 308; 35 303; 34 302; 34 297; 35 296; 35 293; 36 292; 36 291; 37 290; 37 288; 36 287; 36 286; 35 285
36; 326 310; 325 311; 309 311; 308 312; 305 312; 304 313; 302 313; 301 314; 298 314; 297 315; 295 315; 294 316; 287 316; 286 315; 280 315; 280 320; 281 321; 283 321; 287 325; 287 326; 288 327; 288 333; 289 334; 289 339; 288 340; 288 343; 289 344; 289 345; 290 346; 294 346; 295 345; 299 345; 300 346; 300 347; 301 348; 301 349; 302 349; 304 351; 305 351; 307 353; 311 353; 312 352; 312 350; 313 349; 313 346; 315 344; 315 343; 316 342; 317 342; 320 339; 320 331; 321 330; 321 329; 322 328; 322 327; 323 326; 323 320; 324 319; 324 318; 329 313; 329 310
37; 879 318; 879 324; 878 325; 876 325; 874 327; 874 330; 875 331; 879 331; 880 330; 882 330; 883 331; 883 333; 884 334; 884 336; 885 337; 885 338; 886 339; 886 340; 888 342; 888 344; 889 345; 889 346; 890 347; 890 348; 891 349; 891 350; 894 353; 894 355; 895 356; 895 363; 897 365; 899 365; 902 362; 902 361; 903 360; 903 356; 904 355; 904 354; 906 352; 906 351; 910 347; 911 347; 912 346; 913 346; 915 344; 915 342; 916 341; 916 340; 918 338; 918 337; 920 335; 920 334; 924 330; 929 330; 930 331; 932 331; 934 329; 934 328; 935 327; 932 324; 931 324; 930 325; 927 325; 926 324; 922 324; 921 325; 919 325; 918 324; 914 324; 913 323; 908 323; 907 322; 902 322; 901 321; 893 321; 892 320; 888 320; 887 319; 885 319; 884 318
38; 722 313; 722 314; 721 315; 721 320; 722 321; 721 322; 721 325; 720 326; 720 327; 719 328; 719 330; 718 331; 718 335; 717 336; 717 340; 716 341; 716 347; 715 348; 715 350; 714 351; 714 352; 712 354; 712 359; 713 359; 714 360; 716 360; 717 359; 718 359; 719 358; 720 358; 721 357; 722 357; 723 356; 725 356; 726 355; 733 355; 734 354; 736 354; 737 353; 739 353; 740 352; 743 352; 744 351; 750 351; 751 350; 752 350; 753 349; 754 349; 755 348; 757 348; 758 347; 758 345; 756 343; 755 343; 750 338; 750 337; 747 334; 747 333; 741 327; 740 327; 739 326; 738 326; 725 313
39; 196 316; 196 317; 194 319; 194 320; 193 321; 193 323; 187 329; 186 329; 185 330; 185 331; 184 332; 184 335; 183 336; 183 338; 182 339; 182 341; 181 342; 181 343; 179 345; 179 346; 177 348; 177 349; 172 354; 172 355; 171 356; 171 359; 175 359; 176 358; 178 358; 179 357; 180 357; 181 356; 188 356; 189 357; 197 357; 198 358; 201 358; 202 357; 208 357; 209 358; 216 358; 217 359; 218 359; 220 361; 220 358; 221 357; 221 354; 216 349; 216 348; 214 346; 214 345; 213 344; 213 343; 212 342; 212 339; 211 338; 211 336; 210 335; 210 334; 206 330; 206 329; 204 327; 204 326; 202 324; 202 322; 201 321; 201 318; 200 317; 200 316
40; 465 314; 463 316; 463 320; 462 321; 462 325; 459 328; 459 329; 456 332; 456 334; 455 335; 455 337; 454 338; 454 340; 453 341; 453 343; 452 344; 452 348; 448 352; 447 352; 445 354; 445 356; 446 357; 446 360; 447 361; 453 361; 454 360; 456 360; 457 359; 458 359; 460 357; 463 357; 468 362; 471 362; 472 361; 472 360; 473 359; 473 358; 475 356; 476 356; 477 355; 479 355; 480 354; 495 354; 495 349; 485 339; 485 338; 482 335; 482 334; 480 332; 480 331; 472 323; 472 322; 471 321; 471 317; 470 316; 470 315; 469 314
41; 38 339; 37 340; 33 340; 34 341; 34 345; 29 350; 28 350; 26 352; 25 352; 24 353; 23 353; 22 354; 20 354; 19 353; 16 353; 15 354; 15 358; 12 361; 9 361; 8 362; 7 362; 6 363; 5 363; 4 364; 4 365; 2 367; 2 368; 1 369; 0 369; 0 372; 2 372; 3 373; 6 373; 7 374; 10 374; 11 375; 12 375; 14 377; 15 377; 17 379; 18 379; 19 380; 20 380; 21 381; 23 381; 24 382; 25 382; 26 383; 27 383; 30 386; 31 386; 32 387; 39 387; 40 388; 41 388; 46 393; 50 393; 50 387; 49 386; 49 383; 48 382; 48 379; 47 378; 47 367; 46 366; 46 364; 45 363; 45 362; 44 361; 44 359; 43 358; 43 342; 42 341; 42 340; 41 339
42; 658 340; 655 343; 655 347; 654 348; 654 351; 653 352; 653 354; 647 360; 647 361; 646 362; 646 366; 645 367; 645 370; 644 371; 644 374; 643 375; 643 377; 642 378; 642 380; 640 382; 640 386; 643 389; 644 389; 645 390; 647 390; 649 388; 649 387; 652 384; 653 384; 654 383; 669 383; 670 382; 671 382; 672 383; 679 383; 680 382; 685 382; 686 383; 686 384; 689 387; 693 387; 695 385; 695 382; 693 380; 692 380; 691 379; 689 379; 685 375; 685 374; 682 371; 682 370; 680 368; 680 367; 679 366; 679 365; 678 364; 678 363; 674 359; 674 358; 670 354; 670 353; 664 347; 664 346; 663 345; 663 343; 660 340
43; 270 354; 269 355; 265 355; 264 356; 243 356; 242 357; 234 357; 233 358; 229 358; 228 357; 226 357; 225 356; 224 356; 223 355; 222 355; 222 357; 221 358; 221 361; 222 362; 223 362; 224 363; 225 363; 233 371; 233 372; 234 373; 234 375; 235 376; 235 378; 241 384; 241 385; 243 387; 243 388; 245 390; 245 391; 246 392; 246 393; 247 394; 247 395; 248 396; 248 397; 249 398; 254 398; 255 397; 255 395; 256 394; 256 390; 258 388; 258 387; 260 385; 260 384; 262 382; 262 381; 263 380; 263 378; 264 377; 264 376; 267 373; 268 373; 268 372; 269 371; 269 364; 270 363; 270 362; 271 361; 271 360; 273 358; 273 354
44; 311 374; 311 375; 310 376; 310 379; 309 380; 309 382; 308 383; 308 385; 307 386; 307 387; 303 391; 302 391; 301 392; 301 393; 298 396; 297 396; 296 397; 294 397; 293 398; 291 398; 291 400; 300 400; 301 399; 302 399; 303 398; 305 398; 306 397; 309 397; 314 392; 317 392; 320 395; 320 397; 321 398; 321 399; 322 399; 323 400; 327 400; 329 398; 329 392; 328 391; 328 390; 319 381; 319 380; 317 378; 317 377; 316 376; 316 375; 315 374
45; 952 364; 950 366; 950 367; 949 368; 948 368; 947 369; 943 369; 942 370; 933 370; 932 371; 925 371; 924 370; 917 370; 916 371; 911 371; 910 370; 909 370; 908 369; 907 369; 906 368; 901 368; 899 370; 899 372; 905 378; 905 379; 906 380; 906 381; 907 382; 907 383; 908 384; 908 385; 909 386; 909 387; 910 388; 910 389; 911 390; 911 391; 917 397; 917 398; 920 401; 920 402; 921 403; 921 407; 922 408; 922 411; 923 412; 927 412; 928 411; 929 411; 929 410; 930 409; 930 408; 931 407; 931 406; 932 405; 932 403; 934 401; 934 400; 940 394; 940 393; 942 391; 942 385; 943 384; 943 382; 944 381; 944 379; 952 371; 954 371; 955 370; 956 370; 957 369; 957 365; 956 364
46; 736 379; 735 380; 735 383; 736 384; 736 385; 738 387; 738 392; 737 393; 737 394; 734 397; 734 398; 730 402; 730 409; 729 410; 729 412; 728 413; 728 414; 727 415; 727 416; 722 421; 722 423; 723 424; 730 424; 731 423; 733 423; 734 422; 749 422; 750 421; 763 421; 764 420; 770 420; 771 421; 772 421; 774 423; 775 423; 776 424; 778 424; 780 422; 780 418; 778 416; 776 416; 775 415; 774 415; 773 414; 772 414; 766 408; 766 407; 765 406; 765 404; 764 403; 764 402; 754 392; 753 392; 750 389; 750 388; 742 380; 741 380; 740 379
47; 839 400; 835 404; 833 404; 832 405; 828 405; 827 404; 824 404; 823 403; 820 403; 819 404; 818 404; 817 405; 817 408; 818 409; 819 409; 821 411; 822 411; 824 413; 824 414; 829 419; 829 420; 830 421; 830 422; 832 424; 832 425; 835 428; 835 429; 836 430; 836 432; 838 434; 838 435; 840 437; 840 438; 841 439; 841 440; 842 441; 842 442; 846 446; 849 446; 850 445; 850 444; 851 443; 851 442; 852 441; 852 440; 853 439; 853 438; 854 437; 854 436; 856 434; 856 432; 857 431; 857 430; 858 429; 858 428; 859 427; 859 426; 860 425; 860 422; 861 421; 861 419; 862 418; 862 416; 863 415; 863 413; 864 412; 864 411; 865 410; 865 409; 867 407; 867 406; 868 405; 868 401; 861 401; 860 402; 856 402; 855 403; 846 403; 844 401; 843 401; 842 400
48; 963 398; 961 400; 961 405; 963 407; 963 410; 962 411; 962 412; 960 414; 960 415; 959 416; 959 417; 954 422; 954 423; 952 425; 952 426; 950 428; 950 429; 948 431; 948 432; 946 434; 946 435; 944 437; 944 438; 942 440; 941 440; 939 442; 939 443; 938 444; 938 446; 939 447; 944 447; 945 448; 949 448; 950 449; 956 449; 957 450; 961 450; 962 451; 979 451; 980 452; 987 452; 988 451; 988 449; 987 448; 987 447; 986 446; 986 445; 985 444; 985 443; 983 441; 983 437; 984 436; 985 436; 986 435; 989 435; 989 432; 988 432; 987 431; 985 431; 984 430; 982 430; 981 429; 980 429; 979 428; 978 428; 975 425; 975 424; 973 422; 973 420; 972 419; 972 416; 971 415; 971 412; 970 411; 970 407; 972 405; 972 404; 973 403; 973 400; 971 398
49; 68 415; 65 418; 64 418; 61 421; 60 421; 59 422; 58 422; 57 423; 55 423; 54 424; 53 424; 52 425; 50 425; 49 426; 46 426; 45 425; 46 424; 46 419; 45 418; 45 417; 44 417; 43 416; 35 416; 33 418; 33 421; 35 423; 35 424; 36 425; 36 426; 37 427; 38 427; 40 429; 40 430; 37 433; 36 433; 33 436; 32 436; 31 437; 31 438; 28 441; 28 446; 33 446; 34 445; 36 445; 40 449; 40 450; 41 450; 43 452; 49 452; 50 453; 51 453; 52 454; 53 454; 54 455; 55 455; 56 456; 57 456; 58 457; 59 457; 60 458; 61 458; 63 460; 64 460; 67 463; 68 463; 69 464; 72 464; 73 465; 76 465; 76 462; 75 461; 75 460; 74 459; 74 457; 73 456; 73 452; 72 451; 72 448; 73 447; 73 446; 74 445; 75 445; 76 444; 78 444; 79 443; 80 443; 80 439; 78 437; 76 437; 74 435; 74 428; 73 427; 73 421; 74 420; 74 416; 73 415
50; 643 435; 642 436; 641 436; 638 439; 638 440; 637 441; 637 443; 636 444; 636 445; 632 449; 632 450; 630 452; 630 453; 625 458; 625 462; 624 463; 624 466; 623 467; 623 468; 622 469; 622 470; 620 472; 619 472; 617 470; 617 469; 616 468; 612 468; 612 472; 613 473; 614 473; 615 474; 616 474; 617 475; 617 479; 616 480; 616 483; 617 484; 621 484; 622 483; 624 483; 625 482; 633 482; 634 481; 646 481; 647 480; 650 480; 651 479; 656 479; 657 478; 666 478; 667 477; 667 475; 666 474; 666 473; 665 472; 665 471; 663 469; 663 460; 660 457; 659 457; 653 451; 653 450; 652 450; 651 449; 650 449; 647 446; 647 444; 646 443; 646 441; 648 439; 648 435
51; 930 460; 924 466; 923 466; 919 470; 918 470; 917 471; 916 471; 915 472; 914 472; 913 473; 910 473; 909 474; 908 474; 908 475; 907 476; 907 477; 906 478; 906 479; 905 480; 905 481; 899 487; 898 487; 896 489; 895 489; 893 491; 892 491; 891 492; 890 492; 890 494; 891 495; 897 495; 898 496; 902 496; 903 497; 905 497; 906 498; 907 498; 908 499; 909 499; 910 500; 912 500; 913 501; 914 501; 915 502; 917 502; 918 503; 921 503; 922 504; 925 504; 926 505; 928 505; 929 506; 930 506; 935 511; 938 511; 938 508; 939 507; 939 502; 940 501; 940 494; 939 493; 939 487; 938 487; 935 484; 935 483; 934 482; 934 480; 933 479; 933 474; 932 473; 932 472; 933 471; 933 467; 934 466; 934 462; 932 460
52; 949 462; 947 464; 947 465; 946 466; 946 469; 945 470; 939 470; 938 471; 938 475; 939 476; 939 480; 940 481; 940 493; 941 494; 941 500; 943 502; 943 504; 945 506; 945 507; 948 510; 948 516; 946 518; 945 518; 944 517; 942 517; 941 518; 941 520; 947 520; 949 522; 951 522; 951 521; 952 520; 952 519; 959 512; 960 512; 961 511; 962 511; 971 502; 971 501; 979 493; 980 493; 982 491; 983 491; 985 489; 986 489; 987 488; 989 488; 989 485; 988 484; 979 484; 978 483; 976 483; 975 482; 973 482; 972 481; 971 481; 970 480; 969 480; 968 479; 967 479; 966 478; 964 478; 963 477; 961 477; 960 476; 959 476; 958 475; 956 475; 955 474; 954 474; 952 472; 952 471; 953 470; 953 469; 955 467; 955 464; 953 462
53; 730 482; 729 483; 728 483; 727 484; 727 486; 728 487; 728 488; 730 490; 730 491; 731 492; 731 502; 734 505; 734 506; 735 507; 735 511; 740 516; 740 518; 741 519; 741 521; 742 522; 742 525; 743 526; 743 528; 742 529; 742 530; 740 532; 740 535; 744 535; 745 534; 745 533; 746 532; 746 530; 747 529; 747 528; 749 526; 749 525; 752 522; 752 521; 754 519; 755 519; 758 516; 759 516; 762 513; 762 512; 764 510; 764 509; 766 507; 766 506; 777 495; 777 493; 775 491; 765 491; 764 490; 761 490; 760 489; 757 489; 756 488; 753 488; 752 487; 749 487; 748 486; 741 486; 740 485; 738 485; 737 484; 736 484; 735 483; 733 483; 732 482
54; 670 485; 669 486; 669 487; 668 488; 668 492; 667 493; 667 495; 666 496; 666 497; 657 506; 657 507; 656 508; 656 509; 655 510; 655 513; 654 514; 654 516; 653 517; 653 519; 652 520; 652 521; 651 522; 651 523; 650 524; 650 528; 656 528; 657 527; 660 527; 661 528; 669 528; 670 527; 687 527; 688 528; 690 528; 691 529; 692 529; 693 530; 696 530; 696 527; 695 526; 695 524; 694 523; 694 522; 693 521; 693 520; 692 519; 692 518; 691 517; 691 515; 690 514; 690 512; 689 511; 689 509; 688 508; 688 505; 687 504; 687 503; 686 502; 685 502; 684 501; 684 500; 679 495; 679 494; 676 491; 676 490; 675 489; 675 488; 672 485
55; 416 488; 410 494; 410 500; 409 501; 409 504; 408 505; 408 507; 407 508; 407 509; 406 510; 406 511; 405 512; 405 513; 403 515; 403 516; 402 517; 402 519; 401 520; 401 524; 400 525; 400 529; 399 530; 399 531; 398 532; 398 533; 397 534; 397 535; 396 536; 396 541; 399 544; 401 544; 402 543; 403 543; 403 542; 404 541; 404 540; 405 539; 405 538; 407 536; 408 536; 409 535; 418 535; 419 536; 422 536; 424 534; 425 534; 426 533; 427 533; 428 532; 431 532; 432 531; 443 531; 444 530; 444 527; 441 524; 441 523; 440 522; 440 520; 438 518; 438 517; 437 517; 427 507; 427 506; 423 502; 423 501; 418 496; 418 488
56; 155 496; 154 497; 153 497; 146 504; 144 504; 143 505; 142 505; 133 514; 132 514; 130 516; 129 516; 122 523; 121 523; 120 524; 120 528; 121 529; 128 529; 129 530; 130 530; 131 531; 132 531; 136 535; 137 535; 138 536; 140 536; 141 537; 143 537; 144 538; 146 538; 147 539; 148 539; 149 540; 150 540; 151 541; 153 541; 154 542; 155 542; 156 543; 158 543; 162 547; 163 547; 164 548; 166 548; 166 542; 165 541; 165 536; 164 535; 164 534; 163 533; 163 531; 162 530; 162 524; 163 523; 163 518; 162 517; 162 516; 161 515; 161 513; 160 512; 160 511; 159 510; 159 499; 158 498; 158 497; 157 496
57; 541 503; 540 504; 539 504; 538 505; 536 505; 535 506; 533 506; 527 512; 526 512; 525 513; 524 513; 523 514; 521 514; 520 515; 519 515; 518 516; 517 516; 515 518; 514 518; 512 520; 511 520; 509 522; 508 522; 507 523; 506 523; 505 522; 504 522; 503 521; 502 521; 501 520; 498 520; 497 521; 497 522; 496 523; 496 525; 497 526; 498 526; 499 527; 500 527; 504 531; 504 534; 506 536; 508 536; 509 535; 511 535; 512 536; 513 536; 514 537; 514 538; 515 539; 515 541; 516 542; 516 543; 517 544; 525 544; 526 545; 527 545; 532 550; 533 550; 535 552; 536 552; 537 553; 541 553; 541 548; 540 547; 540 541; 541 540; 541 538; 542 537; 542 535; 543 534; 543 525; 544 524; 544 518; 543 517; 544 516; 544 510; 545 509; 545 507; 546 506; 546 504; 545 503
58; 196 506; 193 509; 193 512; 194 513; 194 515; 193 516; 193 518; 192 519; 192 520; 186 526; 186 527; 185 528; 185 529; 184 530; 184 531; 183 532; 183 533; 181 535; 181 536; 180 537; 180 538; 176 542; 176 543; 175 544; 175 547; 176 548; 191 548; 192 549; 204 549; 205 550; 213 550; 214 551; 217 551; 218 550; 222 550; 223 549; 223 546; 220 543; 220 542; 219 541; 219 531; 218 530; 217 530; 216 529; 215 529; 214 528; 213 528; 210 525; 210 524; 208 522; 208 521; 207 520; 207 519; 206 518; 206 517; 204 515; 204 514; 203 513; 203 512; 202 511; 202 510; 201 509; 201 508; 199 506
59; 278 525; 275 528; 275 529; 272 532; 272 533; 269 536; 269 537; 264 542; 263 542; 261 544; 261 546; 260 547; 260 550; 258 552; 258 554; 257 555; 257 561; 256 562; 256 563; 252 567; 252 570; 253 570; 259 576; 262 576; 263 575; 265 575; 266 574; 266 573; 268 571; 270 571; 271 570; 273 570; 274 571; 282 571; 283 570; 286 570; 287 569; 293 569; 294 570; 301 570; 301 567; 295 561; 295 560; 294 559; 294 558; 292 556; 292 554; 291 553; 291 549; 288 546; 287 546; 284 543; 284 542; 282 540; 282 539; 281 538; 281 536; 280 535; 280 534; 281 533; 281 532; 282 531; 282 530; 283 529; 283 527; 282 526; 282 525
60; 681 538; 680 539; 680 541; 679 542; 679 545; 678 546; 678 547; 676 549; 676 550; 672 554; 672 556; 671 557; 671 558; 670 559; 670 561; 669 562; 669 565; 668 566; 668 569; 667 570; 667 572; 662 577; 662 579; 661 580; 661 583; 666 583; 667 582; 668 582; 670 580; 675 580; 676 581; 677 581; 678 582; 681 582; 682 581; 684 581; 685 582; 687 582; 690 579; 691 579; 692 578; 698 578; 699 579; 709 579; 711 577; 711 575; 709 573; 708 573; 704 569; 704 568; 702 566; 702 565; 701 564; 701 563; 700 562; 700 560; 699 559; 699 558; 697 556; 697 555; 695 553; 695 552; 694 551; 694 550; 690 546; 690 545; 688 543; 688 542; 686 540; 686 539; 685 538
61; 889 548; 888 549; 888 552; 889 553; 889 554; 890 555; 890 556; 891 557; 891 559; 892 560; 892 562; 893 563; 893 568; 894 569; 894 582; 899 587; 899 589; 900 590; 900 594; 901 595; 900 596; 900 598; 899 599; 899 601; 900 602; 902 602; 904 600; 904 597; 905 596; 905 595; 907 593; 907 592; 909 590; 909 589; 911 587; 911 586; 913 584; 914 584; 917 581; 918 581; 920 579; 923 579; 924 578; 926 578; 927 577; 928 577; 929 576; 929 572; 930 571; 930 569; 932 567; 933 567; 937 563; 937 561; 935 559; 930 559; 929 560; 927 560; 926 559; 924 559; 923 558; 922 558; 921 557; 920 557; 919 556; 918 556; 917 555; 915 555; 914 554; 910 554; 909 553; 906 553; 905 552; 903 552; 902 551; 900 551; 899 550; 897 550; 896 549; 895 549; 894 548
62; 578 562; 576 564; 576 565; 575 566; 575 567; 574 568; 574 569; 573 570; 573 571; 571 573; 571 574; 568 577; 568 578; 563 583; 563 584; 558 589; 558 591; 557 592; 557 593; 552 598; 551 598; 551 601; 553 603; 564 603; 565 604; 568 604; 569 605; 571 605; 572 606; 573 606; 575 608; 579 608; 580 607; 581 607; 582 606; 586 606; 587 605; 590 605; 591 606; 593 606; 594 607; 596 607; 597 608; 599 608; 601 606; 601 604; 600 603; 600 602; 599 601; 599 600; 597 598; 597 597; 596 596; 596 592; 599 589; 599 583; 598 582; 598 581; 597 581; 596 580; 592 580; 586 574; 586 573; 584 571; 584 569; 583 568; 583 565; 582 564; 582 563; 581 562
63; 266 575; 265 576; 263 576; 262 577; 259 577; 260 578; 260 579; 261 580; 261 583; 262 584; 262 592; 263 593; 263 594; 264 595; 264 596; 267 599; 267 601; 268 602; 268 609; 269 610; 269 612; 270 613; 270 614; 271 615; 271 623; 273 625; 275 625; 279 621; 279 620; 280 619; 280 618; 281 617; 281 616; 282 615; 282 614; 284 612; 285 612; 291 606; 298 606; 300 604; 300 602; 299 601; 299 596; 300 595; 300 594; 305 589; 311 589; 312 588; 312 585; 311 585; 310 584; 296 584; 295 583; 292 583; 291 582; 290 582; 289 581; 287 581; 286 580; 285 580; 284 579; 283 579; 282 578; 280 578; 279 577; 275 577; 274 576; 269 576; 268 575
64; 332 583; 320 595; 319 595; 318 596; 313 596; 311 598; 311 603; 310 604; 310 605; 305 610; 304 610; 300 614; 300 617; 301 618; 310 618; 311 619; 313 619; 314 620; 315 620; 316 621; 318 621; 319 622; 321 622; 322 623; 326 623; 327 624; 330 624; 331 625; 333 625; 334 626; 336 626; 337 627; 338 627; 339 628; 340 628; 342 630; 343 630; 345 632; 346 632; 348 630; 349 630; 349 629; 348 628; 348 627; 346 625; 346 624; 345 623; 345 621; 344 620; 344 615; 345 614; 345 612; 344 611; 344 610; 343 609; 343 608; 341 606; 341 605; 340 604; 340 603; 339 602; 339 599; 338 598; 338 596; 337 595; 337 589; 336 588; 336 584; 335 583
65; 447 588; 446 589; 446 592; 442 596; 441 596; 440 597; 438 597; 437 598; 435 598; 434 599; 430 599; 429 600; 424 600; 423 599; 422 599; 421 598; 420 598; 419 597; 417 597; 416 598; 415 598; 414 599; 414 601; 417 604; 419 604; 421 606; 422 606; 429 613; 429 614; 432 617; 432 618; 433 619; 433 622; 434 623; 434 625; 435 626; 437 626; 438 625; 442 625; 443 626; 444 626; 449 631; 449 632; 451 634; 451 635; 452 636; 456 636; 457 635; 457 632; 458 631; 458 626; 459 625; 459 621; 460 620; 460 618; 461 617; 461 611; 462 610; 462 606; 463 605; 463 600; 464 599; 464 597; 465 596; 465 595; 466 594; 466 593; 467 592; 467 590; 466 589; 461 589; 460 590; 459 590; 458 591; 457 591; 456 592; 453 592; 449 588
66; 624 608; 623 609; 623 613; 628 618; 628 619; 630 621; 630 622; 631 623; 631 625; 632 626; 632 627; 634 629; 634 630; 636 632; 636 633; 638 635; 638 636; 640 638; 640 639; 641 640; 641 641; 643 643; 643 644; 644 645; 644 646; 646 648; 646 649; 647 650; 647 652; 648 653; 651 653; 651 652; 653 650; 653 648; 654 647; 654 645; 655 644; 655 643; 656 642; 656 641; 658 639; 658 638; 660 636; 660 635; 664 631; 664 630; 665 629; 665 628; 666 627; 666 626; 668 624; 668 623; 670 621; 670 620; 672 618; 672 614; 671 613; 661 613; 660 612; 657 612; 656 611; 654 611; 653 610; 649 610; 648 611; 640 611; 639 612; 637 612; 636 611; 633 611; 632 610; 631 610; 630 609; 628 609; 627 608
67; 80 603; 79 604; 78 604; 78 610; 79 611; 79 615; 76 618; 73 618; 72 619; 71 619; 70 620; 65 620; 64 619; 60 619; 59 620; 58 620; 58 624; 60 626; 60 627; 63 630; 63 631; 65 633; 65 634; 66 635; 66 638; 67 639; 67 640; 69 642; 70 642; 73 645; 73 646; 74 647; 74 648; 75 649; 75 650; 76 651; 76 652; 77 653; 77 654; 79 656; 79 657; 80 658; 80 660; 81 661; 81 662; 82 663; 85 663; 87 661; 87 660; 88 659; 88 656; 89 655; 89 654; 90 653; 92 653; 93 654; 97 650; 96 649; 96 648; 97 647; 97 642; 98 641; 98 640; 100 638; 100 637; 101 636; 101 635; 102 634; 102 631; 103 630; 103 629; 107 625; 108 625; 109 624; 110 624; 111 623; 112 623; 113 622; 113 617; 112 616; 107 616; 103 620; 91 620; 90 619; 87 619; 85 617; 85 615; 86 614; 86 613; 87 612; 87 611; 88 610; 88 607; 87 606; 87 605; 85 603
68; 604 621; 603 622; 602 622; 601 623; 600 623; 598 625; 593 625; 592 626; 586 626; 585 625; 580 625; 578 623; 577 623; 576 622; 574 622; 573 623; 572 623; 571 624; 570 624; 569 625; 560 625; 559 624; 554 624; 553 625; 553 628; 554 629; 554 630; 558 634; 558 635; 560 637; 560 638; 561 639; 561 640; 562 641; 562 642; 563 643; 563 644; 564 645; 564 647; 565 648; 565 650; 566 651; 566 652; 567 653; 568 653; 570 655; 570 656; 571 657; 571 659; 572 660; 572 664; 574 666; 576 666; 577 665; 577 664; 578 663; 578 662; 579 661; 579 660; 582 657; 582 656; 584 654; 584 653; 585 652; 585 651; 587 649; 587 648; 589 646; 589 645; 590 644; 590 643; 592 641; 592 640; 593 639; 593 638; 594 637; 594 636; 595 635; 595 634; 601 628; 608 628; 610 626; 610 623; 608 621
69; 691 622; 688 625; 688 626; 687 627; 687 628; 686 629; 686 632; 685 633; 685 634; 683 636; 683 637; 679 641; 679 642; 678 643; 678 650; 677 651; 677 653; 676 654; 676 655; 672 659; 672 660; 670 662; 670 665; 671 666; 675 666; 676 665; 679 665; 680 664; 699 664; 700 663; 710 663; 711 662; 718 662; 719 661; 719 659; 718 658; 718 657; 714 653; 714 652; 712 650; 712 649; 711 648; 711 647; 709 645; 709 644; 706 641; 706 640; 704 638; 704 637; 699 632; 699 631; 696 628; 696 627; 695 626; 695 624; 693 622
70; 218 623; 217 624; 217 626; 216 627; 216 640; 215 641; 215 643; 214 644; 214 645; 210 649; 209 649; 208 650; 208 655; 209 656; 209 657; 210 658; 210 659; 209 660; 209 661; 205 665; 204 665; 203 666; 203 668; 204 669; 210 669; 211 668; 213 668; 214 667; 217 667; 218 666; 223 666; 224 665; 227 665; 228 664; 230 664; 231 663; 233 663; 234 662; 235 662; 236 661; 239 661; 240 660; 242 660; 243 659; 253 659; 255 657; 255 655; 252 652; 250 652; 249 651; 248 651; 243 646; 243 645; 241 643; 241 642; 240 641; 240 639; 239 638; 238 638; 237 637; 234 637; 233 636; 232 636; 225 629; 225 628; 224 627; 224 626; 221 623
71; 173 638; 172 639; 170 639; 169 640; 160 640; 159 641; 151 641; 150 642; 149 642; 148 643; 147 643; 146 644; 145 644; 144 645; 141 645; 140 646; 126 646; 126 648; 127 649; 128 649; 129 650; 130 650; 131 651; 132 651; 134 653; 135 653; 138 656; 138 657; 140 659; 140 660; 143 663; 143 664; 146 667; 146 670; 147 671; 151 671; 152 672; 153 672; 156 675; 156 676; 157 677; 157 678; 158 679; 158 680; 161 683; 164 683; 166 681; 166 676; 167 675; 167 673; 168 672; 168 671; 169 670; 169 669; 170 668; 170 666; 171 665; 171 661; 172 660; 172 655; 173 654; 173 651; 174 650; 174 649; 175 648; 175 647; 178 644; 178 643; 179 642; 179 639; 178 638
72; 348 631; 346 633; 346 634; 347 635; 347 636; 348 637; 348 639; 349 640; 349 647; 348 648; 348 650; 347 651; 347 653; 344 656; 343 656; 341 658; 341 662; 342 663; 343 663; 345 665; 345 674; 344 675; 344 676; 343 677; 343 681; 344 682; 348 682; 349 681; 350 681; 351 680; 352 680; 353 679; 354 679; 355 678; 356 678; 357 677; 359 677; 360 676; 361 676; 362 675; 363 675; 364 674; 366 674; 367 673; 370 673; 371 672; 372 672; 373 671; 374 671; 376 669; 377 669; 379 667; 380 667; 382 665; 384 665; 385 664; 387 664; 388 663; 390 663; 391 662; 392 662; 394 660; 394 657; 393 656; 391 656; 389 654; 389 653; 385 649; 384 649; 382 647; 376 647; 375 648; 370 648; 365 643; 365 642; 364 642; 363 641; 361 641; 360 640; 359 640; 356 637; 356 636; 353 633; 352 633; 350 631
73; 97 651; 94 654; 94 656; 98 660; 98 661; 99 662; 99 664; 100 665; 100 667; 101 668; 101 670; 102 671; 102 675; 103 676; 103 681; 104 682; 104 686; 105 687; 105 689; 106 690; 106 692; 107 693; 107 702; 108 703; 108 704; 109 705; 113 705; 115 703; 115 702; 120 697; 121 697; 122 696; 124 696; 128 692; 128 691; 130 689; 131 689; 133 687; 133 686; 142 677; 143 677; 144 676; 145 676; 145 675; 146 674; 146 673; 147 672; 145 670; 138 670; 137 669; 135 669; 134 668; 133 668; 132 667; 131 667; 130 666; 129 666; 128 665; 127 665; 125 663; 124 663; 123 662; 114 662; 113 661; 110 661; 109 660; 108 660; 107 659; 106 659; 101 654; 101 653; 100 652; 99 652; 98 651
74; 604 688; 602 690; 602 692; 601 693; 601 701; 600 702; 600 704; 596 708; 595 708; 594 709; 594 713; 595 714; 595 715; 596 716; 596 724; 595 725; 595 726; 594 727; 594 728; 593 729; 593 730; 592 731; 592 734; 597 734; 598 733; 600 733; 601 732; 602 732; 603 731; 606 731; 607 730; 612 730; 613 729; 617 729; 618 728; 620 728; 621 727; 624 727; 625 726; 632 726; 633 727; 638 727; 638 723; 633 718; 633 717; 630 714; 630 710; 631 709; 631 708; 632 707; 632 705; 630 703; 623 703; 622 702; 621 702; 619 700; 618 700; 612 694; 612 693; 611 692; 611 691; 608 688
75; 41 686; 40 687; 40 688; 39 689; 39 693; 38 694; 38 696; 37 697; 37 698; 36 699; 36 700; 33 703; 33 704; 32 705; 32 706; 31 707; 31 710; 30 711; 30 714; 29 715; 29 718; 28 719; 28 721; 27 722; 27 723; 25 725; 25 726; 23 728; 23 730; 24 731; 46 731; 47 730; 50 730; 51 729; 58 729; 59 728; 62 728; 63 729; 64 729; 67 732; 69 732; 71 730; 71 726; 69 724; 69 723; 67 721; 67 720; 66 719; 66 718; 65 717; 65 716; 64 715; 64 712; 63 711; 63 710; 56 703; 56 702; 53 699; 53 698; 50 695; 50 694; 48 692; 48 691; 47 690; 47 689; 44 686
76; 664 744; 667 757; 687 757; 689 742; 694 738; 694 734; 686 730
77; 686 730; 686 722; 690 713; 690 708; 683 706; 675 713; 669 715; 666 713; 665 708; 663 706; 655 709; 641 709; 641 712; 649 721; 648 728; 664 744
78; 782 714; 782 716; 787 721; 787 722; 789 724; 789 725; 790 726; 790 728; 791 729; 791 731; 792 732; 792 733; 793 734; 793 735; 794 736; 794 737; 795 738; 795 739; 796 740; 796 743; 797 744; 797 745; 798 746; 799 746; 801 748; 801 749; 803 751; 803 753; 804 754; 804 756; 805 757; 805 758; 806 759; 809 759; 810 758; 810 757; 811 756; 811 754; 812 753; 812 751; 813 750; 813 749; 816 746; 816 745; 817 744; 817 743; 819 741; 819 740; 820 739; 820 738; 821 737; 821 736; 822 735; 822 733; 823 732; 823 730; 824 729; 824 728; 825 727; 825 726; 828 723; 828 722; 831 719; 831 717; 830 716; 822 716; 821 717; 816 717; 815 716; 810 716; 809 715; 798 715; 797 714
79; 385 719; 384 720; 366 720; 366 723; 367 724; 367 725; 369 727; 369 728; 370 729; 370 730; 371 731; 371 733; 372 734; 372 737; 373 738; 373 739; 374 740; 374 741; 375 742; 375 747; 376 748; 376 749; 378 751; 379 751; 380 752; 381 752; 382 753; 382 754; 383 755; 383 756; 384 757; 384 759; 385 760; 385 763; 386 764; 386 765; 390 765; 390 762; 391 761; 391 760; 392 759; 392 758; 393 757; 393 756; 394 755; 394 754; 396 752; 396 751; 397 750; 397 749; 399 747; 399 746; 400 745; 400 744; 401 743; 401 742; 402 741; 402 740; 403 739; 403 738; 405 736; 405 735; 406 734; 406 733; 408 731; 408 730; 410 728; 411 728; 414 725; 414 723; 413 722; 393 722; 392 721; 391 721; 390 720; 388 720; 387 719
80; 571 728; 568 731; 568 734; 569 735; 569 736; 570 737; 570 740; 571 741; 571 752; 572 753; 572 754; 573 754; 574 755; 576 755; 578 753; 578 752; 579 751; 579 745; 581 743; 582 743; 584 745; 584 746; 585 747; 585 749; 586 750; 586 751; 587 752; 592 752; 594 750; 594 747; 593 746; 593 745; 592 744; 592 743; 591 742; 591 736; 590 735; 582 735; 581 736; 579 734; 579 731; 576 728
81; 874 711; 874 712; 873 713; 873 716; 872 717; 872 721; 871 722; 871 724; 870 725; 870 726; 869 727; 869 728; 868 729; 868 730; 867 731; 867 732; 866 733; 866 735; 865 736; 865 744; 864 745; 864 747; 862 749; 862 750; 861 751; 860 751; 859 752; 859 753; 858 754; 858 755; 857 756; 857 757; 856 758; 853 758; 852 759; 852 761; 855 761; 856 760; 856 759; 857 758; 863 758; 864 757; 867 757; 868 756; 878 756; 880 758; 880 761; 881 762; 881 763; 882 764; 886 764; 888 762; 888 761; 889 760; 889 759; 890 758; 890 756; 891 755; 891 754; 893 752; 894 752; 895 751; 903 751; 904 750; 907 750; 908 749; 908 746; 907 745; 906 745; 905 744; 904 744; 895 735; 895 734; 889 728; 889 727; 888 726; 888 725; 885 722; 884 722; 881 719; 881 718; 880 717; 880 716; 879 715; 879 714; 878 713; 878 712; 877 711
82; 730 738; 730 740; 731 741; 731 742; 736 747; 736 748; 737 749; 737 750; 738 751; 738 753; 739 754; 739 756; 740 757; 740 758; 741 759; 741 760; 742 761; 742 762; 745 765; 745 766; 748 769; 748 770; 750 772; 750 773; 751 774; 751 776; 752 777; 752 780; 753 781; 753 785; 755 787; 756 787; 757 788; 758 788; 759 789; 760 789; 761 790; 762 790; 767 785; 767 782; 766 781; 766 780; 762 776; 762 774; 763 773; 763 772; 764 771; 764 770; 769 765; 769 764; 770 763; 770 762; 771 761; 771 759; 772 758; 772 757; 773 756; 773 755; 774 754; 774 753; 776 751; 776 750; 779 747; 780 747; 782 745; 782 742; 781 741; 776 741; 775 742; 772 742; 771 743; 767 743; 766 742; 760 742; 759 741; 756 741; 755 740; 747 740; 746 741; 745 741; 744 740; 740 740; 739 739; 737 739; 736 738
83; 619 742; 618 743; 613 743; 612 744; 611 744; 610 745; 608 745; 607 746; 605 746; 604 747; 603 747; 602 748; 601 748; 600 749; 600 752; 603 752; 604 753; 605 753; 607 755; 607 757; 608 758; 608 760; 614 766; 614 767; 613 768; 613 769; 611 771; 611 774; 613 776; 615 776; 616 775; 621 775; 622 776; 622 777; 623 778; 623 779; 624 780; 624 781; 629 786; 633 786; 634 785; 634 781; 633 780; 633 777; 634 776; 634 775; 635 774; 635 773; 636 772; 636 771; 637 770; 637 769; 638 768; 638 767; 639 766; 639 765; 640 764; 640 763; 641 762; 641 761; 642 760; 642 759; 643 758; 643 756; 644 755; 644 752; 645 751; 645 749; 647 747; 647 746; 648 745; 648 742; 639 742; 638 743; 625 743; 624 742
84; 678 758; 677 759; 668 759; 668 763; 669 764; 669 766; 670 767; 670 776; 671 777; 671 778; 672 779; 672 780; 673 781; 673 783; 674 784; 674 785; 675 786; 675 787; 676 788; 676 801; 679 801; 680 800; 681 800; 688 793; 689 793; 691 791; 692 791; 707 776; 708 776; 709 775; 710 775; 711 774; 712 774; 713 773; 715 773; 715 770; 714 769; 711 769; 710 768; 708 768; 707 767; 706 767; 705 766; 703 766; 701 764; 700 764; 699 763; 697 763; 696 762; 693 762; 692 761; 691 761; 688 758
85; 821 755; 820 756; 820 766; 819 767; 819 770; 818 771; 818 774; 817 775; 817 776; 816 777; 816 778; 815 779; 815 782; 816 783; 816 784; 817 785; 817 791; 816 792; 816 793; 815 794; 815 799; 816 800; 816 802; 817 803; 817 805; 819 805; 820 804; 822 804; 822 802; 825 799; 827 799; 829 801; 830 801; 831 802; 833 802; 836 799; 836 798; 839 795; 841 795; 843 797; 844 797; 845 798; 849 798; 850 797; 851 797; 851 796; 852 795; 852 788; 853 787; 854 787; 855 786; 858 786; 859 785; 860 785; 860 782; 859 781; 859 780; 858 779; 855 779; 854 778; 853 778; 852 777; 851 777; 848 774; 848 773; 847 772; 846 772; 841 767; 840 767; 837 764; 836 764; 834 762; 833 762; 831 760; 831 759; 827 755
86; 915 753; 914 754; 914 755; 913 756; 913 757; 912 758; 912 759; 910 761; 910 762; 903 769; 902 769; 901 770; 898 770; 896 772; 896 773; 895 774; 895 777; 894 778; 894 780; 893 781; 893 782; 892 783; 892 784; 889 787; 888 787; 886 789; 886 793; 888 793; 889 794; 900 794; 901 795; 903 795; 904 796; 907 796; 908 797; 913 797; 914 798; 922 798; 923 799; 926 799; 927 800; 930 800; 931 801; 935 801; 935 798; 933 796; 933 795; 930 792; 930 791; 929 790; 929 789; 928 788; 928 786; 927 785; 927 781; 928 780; 931 780; 932 781; 934 781; 935 780; 936 780; 936 777; 934 775; 930 775; 929 776; 928 775; 927 775; 924 772; 924 771; 923 770; 923 769; 922 768; 922 767; 921 766; 921 765; 920 764; 920 761; 919 760; 919 756; 918 755; 918 753
87; 386 766; 386 771; 385 772; 385 778; 384 779; 384 780; 383 781; 383 782; 380 785; 380 786; 378 788; 378 789; 377 790; 377 792; 376 793; 376 794; 375 795; 375 797; 374 798; 374 799; 373 800; 373 802; 372 803; 372 805; 371 806; 371 807; 370 808; 370 810; 371 810; 372 811; 375 811; 376 810; 384 810; 385 809; 395 809; 396 808; 398 808; 399 807; 401 807; 402 806; 412 806; 413 807; 417 807; 417 803; 415 801; 415 800; 414 799; 414 798; 412 796; 412 795; 408 791; 408 790; 402 784; 402 783; 398 779; 398 778; 396 776; 396 775; 394 773; 394 772; 393 771; 393 770; 391 768; 391 767; 390 766
88; 796 776; 794 778; 792 778; 791 779; 789 779; 787 781; 786 781; 784 783; 782 783; 781 784; 779 784; 778 785; 774 785; 773 786; 771 786; 770 785; 769 785; 768 784; 768 785; 762 791; 764 793; 764 800; 766 802; 767 802; 768 803; 771 803; 773 805; 774 805; 780 811; 780 812; 781 813; 782 813; 784 815; 785 815; 790 820; 790 821; 791 822; 791 823; 792 824; 795 824; 796 823; 796 822; 797 821; 797 815; 798 814; 798 810; 799 809; 799 807; 800 806; 800 803; 801 802; 801 798; 802 797; 802 791; 803 790; 803 789; 804 788; 804 787; 807 784; 808 784; 809 783; 809 779; 808 778; 804 778; 803 777; 802 777; 801 776
89; 654 772; 653 773; 653 774; 649 778; 648 778; 647 779; 647 780; 646 781; 646 783; 645 784; 645 785; 643 787; 643 788; 639 792; 639 793; 637 795; 637 796; 636 797; 636 799; 634 801; 634 802; 629 807; 629 811; 630 811; 631 812; 636 812; 637 811; 642 811; 643 812; 645 812; 646 813; 648 813; 649 814; 651 814; 652 813; 663 813; 664 814; 667 814; 668 815; 673 815; 674 816; 677 816; 678 817; 683 817; 684 816; 684 814; 683 813; 680 813; 679 812; 678 812; 673 807; 673 806; 672 805; 672 804; 671 803; 671 801; 670 800; 670 799; 669 798; 669 796; 668 795; 668 794; 667 793; 667 791; 666 790; 666 786; 663 783; 662 783; 660 781; 660 780; 659 779; 659 776; 658 775; 658 773; 657 772
90; 589 777; 589 778; 588 779; 588 780; 587 781; 587 782; 586 783; 586 784; 585 785; 585 786; 571 800; 571 801; 570 802; 570 804; 569 805; 569 806; 568 807; 568 808; 566 810; 566 811; 564 813; 563 813; 560 816; 560 819; 561 820; 562 820; 563 821; 565 821; 566 822; 568 822; 569 821; 570 821; 571 820; 581 820; 582 821; 583 821; 584 822; 585 822; 587 824; 589 824; 590 825; 591 825; 592 826; 594 826; 595 827; 597 827; 598 826; 599 826; 600 825; 602 825; 603 824; 609 824; 609 822; 608 821; 608 819; 607 818; 607 817; 603 813; 603 812; 602 811; 602 809; 601 808; 601 805; 600 804; 600 800; 596 796; 596 795; 595 794; 595 791; 594 790; 594 788; 593 787; 593 784; 592 783; 592 778; 591 777
91; 520 796; 520 797; 516 801; 498 801; 497 800; 495 800; 494 801; 491 801; 490 802; 487 802; 486 801; 485 801; 483 799; 478 799; 477 800; 477 805; 480 808; 480 810; 481 811; 481 812; 483 814; 483 815; 485 817; 485 818; 486 819; 486 820; 487 821; 487 822; 488 823; 488 824; 489 825; 489 826; 490 827; 490 828; 494 832; 494 833; 497 836; 497 837; 498 838; 498 839; 499 840; 499 841; 500 842; 500 843; 503 843; 505 841; 505 840; 506 839; 506 838; 507 837; 507 836; 508 835; 508 833; 510 831; 510 830; 511 829; 511 828; 513 826; 514 826; 515 825; 515 824; 516 823; 516 820; 520 816; 520 814; 521 813; 521 811; 522 810; 522 809; 523 808; 527 808; 528 809; 530 809; 531 808; 532 808; 533 807; 534 807; 536 805; 536 802; 535 801; 534 801; 533 800; 531 800; 530 801; 527 801; 526 802; 524 800; 524 797; 523 796
92; 820 805; 819 806; 817 806; 818 807; 818 812; 820 814; 820 815; 821 816; 821 817; 822 818; 822 833; 823 834; 823 839; 824 840; 824 849; 823 850; 823 852; 822 853; 822 854; 821 855; 821 857; 822 858; 826 858; 827 857; 827 856; 834 849; 835 849; 837 847; 840 847; 841 846; 846 846; 849 843; 849 842; 855 836; 856 836; 857 835; 858 835; 859 834; 862 834; 863 833; 864 833; 865 832; 866 832; 866 831; 867 830; 867 828; 865 826; 864 826; 863 825; 862 825; 861 824; 859 824; 858 823; 855 823; 854 822; 852 822; 851 821; 850 821; 848 819; 847 819; 845 817; 844 817; 842 815; 841 815; 839 813; 838 813; 837 812; 836 812; 835 811; 832 811; 831 810; 830 810; 829 809; 828 809; 827 808; 826 808; 824 806; 823 806; 822 805
93; 190 834; 189 835; 188 835; 187 836; 185 836; 184 837; 183 836; 181 836; 180 835; 177 835; 176 836; 175 836; 174 837; 173 837; 172 838; 171 838; 170 839; 168 839; 167 840; 165 840; 164 841; 159 841; 158 842; 152 842; 151 841; 145 841; 145 845; 146 846; 147 846; 154 853; 154 854; 158 858; 158 859; 160 861; 160 862; 161 863; 161 864; 164 867; 165 867; 174 876; 174 877; 175 878; 175 879; 176 880; 175 881; 175 882; 172 885; 172 889; 173 890; 179 890; 180 889; 181 889; 182 888; 183 888; 185 886; 185 882; 184 881; 184 880; 183 879; 183 878; 182 877; 183 876; 183 871; 184 870; 184 867; 185 866; 185 865; 186 864; 186 863; 187 862; 187 860; 188 859; 188 857; 189 856; 189 853; 190 852; 190 849; 191 848; 191 846; 192 845; 192 843; 193 842; 193 841; 194 840; 194 839; 195 838; 195 834
94; 680 835; 679 836; 679 837; 677 839; 677 840; 675 842; 674 842; 673 843; 667 843; 664 840; 662 840; 662 841; 661 842; 661 843; 658 846; 657 846; 655 848; 654 848; 653 849; 652 849; 651 850; 650 850; 649 851; 647 851; 646 852; 643 852; 642 853; 641 853; 641 857; 643 859; 644 859; 645 860; 647 860; 648 861; 649 861; 662 874; 663 874; 674 885; 675 885; 677 887; 677 888; 678 889; 678 890; 681 893; 683 893; 685 891; 685 886; 684 885; 684 882; 683 881; 683 878; 684 877; 684 874; 685 873; 685 871; 686 870; 686 864; 685 863; 685 850; 684 849; 684 847; 685 846; 685 841; 686 840; 686 838; 685 837; 685 836; 684 835
95; 552 831; 551 832; 550 832; 549 833; 549 834; 548 835; 548 838; 547 839; 547 841; 546 842; 546 844; 545 845; 545 848; 544 849; 544 850; 542 852; 542 853; 541 854; 541 855; 540 856; 540 859; 539 860; 539 864; 538 865; 538 869; 537 870; 537 872; 536 873; 536 875; 535 876; 535 877; 534 878; 534 879; 533 880; 533 883; 534 883; 535 884; 537 884; 538 883; 540 883; 541 882; 542 882; 543 881; 544 881; 545 880; 547 880; 548 879; 552 879; 553 878; 560 878; 561 877; 565 877; 566 876; 568 876; 569 875; 570 875; 571 874; 573 874; 574 873; 576 873; 577 874; 581 874; 583 872; 583 870; 578 865; 577 865; 570 858; 570 857; 567 854; 567 853; 566 852; 566 850; 564 848; 563 848; 562 847; 561 847; 557 843; 557 842; 556 841; 556 840; 555 839; 556 838; 556 832; 555 831
96; 390 867; 388 869; 387 869; 386 870; 385 870; 384 871; 375 871; 374 870; 372 870; 371 871; 369 871; 367 873; 367 874; 365 876; 365 877; 364 878; 363 878; 362 879; 359 879; 358 878; 353 878; 353 880; 356 883; 357 883; 363 889; 363 890; 364 891; 364 893; 365 894; 365 895; 375 905; 375 906; 376 907; 376 908; 379 911; 379 912; 382 915; 385 915; 387 913; 387 912; 388 911; 388 909; 387 908; 387 903; 388 902; 388 901; 389 900; 389 899; 391 897; 391 896; 392 895; 392 894; 394 892; 394 891; 395 890; 395 889; 396 888; 396 881; 397 880; 397 879; 402 874; 402 870; 401 869; 398 869; 397 868; 395 868; 394 867
97; 116 886; 115 887; 114 887; 113 888; 111 888; 110 889; 102 889; 101 888; 99 888; 98 887; 95 887; 94 888; 92 888; 91 889; 84 889; 83 888; 80 888; 79 887; 75 887; 73 889; 73 891; 74 892; 74 893; 75 894; 75 895; 78 898; 78 899; 79 900; 79 901; 80 902; 80 908; 81 909; 81 910; 84 913; 84 920; 85 921; 91 921; 94 924; 94 925; 95 926; 95 927; 96 928; 96 929; 97 930; 97 931; 98 932; 101 932; 102 931; 102 930; 103 929; 103 928; 104 927; 104 925; 105 924; 105 922; 106 921; 106 920; 108 918; 108 916; 109 915; 109 914; 110 913; 110 912; 113 909; 113 908; 114 907; 114 906; 115 905; 115 902; 116 901; 116 900; 117 899; 117 898; 118 897; 118 896; 120 894; 120 893; 121 892; 121 891; 122 890; 122 887; 121 886
98; 603 912; 602 913; 601 913; 600 914; 599 914; 598 915; 597 915; 596 916; 594 916; 593 917; 590 917; 589 918; 584 918; 583 919; 577 919; 576 920; 574 920; 573 921; 570 921; 569 922; 564 922; 563 923; 562 923; 560 925; 560 927; 563 930; 564 930; 568 934; 568 935; 570 937; 570 939; 571 940; 571 945; 573 947; 574 947; 575 948; 576 948; 577 949; 578 949; 579 950; 580 950; 581 951; 582 951; 585 954; 585 955; 586 956; 586 957; 591 962; 595 962; 596 961; 596 959; 597 958; 597 952; 598 951; 598 949; 599 948; 599 946; 603 942; 603 933; 604 932; 604 927; 605 926; 605 924; 606 923; 606 922; 607 921; 607 918; 608 917; 608 913; 607 912
99; 622 930; 620 932; 620 934; 619 935; 619 937; 618 938; 618 939; 617 940; 617 941; 616 942; 616 943; 614 945; 614 946; 613 947; 613 948; 612 949; 612 950; 611 951; 611 953; 610 954; 610 960; 609 961; 609 962; 608 963; 608 964; 607 965; 607 966; 605 968; 605 969; 602 972; 602 977; 603 978; 606 978; 607 977; 612 977; 613 976; 616 976; 617 975; 621 975; 622 976; 626 976; 627 975; 632 975; 633 974; 636 974; 637 973; 644 973; 645 972; 647 972; 648 971; 649 971; 650 970; 652 970; 655 967; 655 964; 654 963; 646 963; 643 960; 643 959; 642 958; 642 957; 641 956; 641 955; 638 952; 638 951; 637 950; 637 949; 636 948; 636 946; 634 944; 633 944; 629 940; 629 938; 628 937; 628 935; 627 934; 627 933; 626 932; 626 931; 625 930
100; 353 940; 351 942; 351 943; 350 944; 350 947; 349 948; 349 949; 348 950; 348 951; 347 952; 346 952; 344 954; 344 955; 343 956; 343 963; 342 964; 342 966; 341 967; 341 968; 340 969; 340 970; 339 971; 339 976; 338 977; 338 979; 337 980; 337 981; 336 982; 336 983; 335 984; 335 988; 340 988; 341 987; 346 987; 349 990; 352 990; 354 988; 358 988; 359 989; 361 989; 362 988; 363 988; 364 987; 365 987; 366 986; 368 986; 369 985; 371 985; 372 984; 384 984; 385 983; 385 981; 375 971; 375 970; 373 968; 373 967; 371 965; 371 964; 370 963; 370 962; 368 960; 368 959; 366 957; 366 956; 364 954; 364 953; 359 948; 359 947; 358 946; 358 943; 357 942; 357 941; 356 940
101; 737 942; 735 944; 735 953; 734 954; 734 955; 733 956; 733 957; 731 959; 731 960; 730 961; 730 962; 729 963; 729 964; 728 965; 728 966; 727 967; 727 968; 726 969; 726 970; 725 971; 725 973; 724 974; 724 975; 723 976; 723 977; 722 978; 722 979; 721 980; 721 982; 719 984; 719 985; 718 986; 718 988; 717 989; 717 991; 718 992; 722 992; 723 991; 731 991; 732 990; 740 990; 741 991; 744 991; 745 990; 747 990; 748 989; 751 989; 752 988; 753 988; 754 989; 759 989; 760 990; 764 990; 765 991; 766 991; 767 992; 770 992; 771 991; 772 991; 773 990; 773 989; 774 988; 774 985; 772 983; 769 983; 768 984; 767 984; 766 985; 763 985; 759 981; 759 980; 758 979; 758 978; 757 977; 757 975; 755 973; 755 972; 752 969; 752 964; 751 963; 751 962; 750 961; 749 961; 745 957; 745 956; 744 955; 744 954; 743 953; 743 952; 742 951; 742 948; 743 947; 743 944; 741 942
102; 510 989; 508 991; 508 992; 506 994; 506 995; 505 996; 505 997; 503 999; 503 1000; 502 1001; 502 1002; 501 1003; 501 1004; 499 1006; 499 1007; 498 1008; 498 1009; 496 1011; 496 1012; 494 1014; 494 1016; 493 1017; 493 1019; 492 1020; 492 1023; 502 1023; 502 1022; 503 1021; 503 1019; 504 1018; 504 1017; 505 1016; 505 1015; 507 1013; 507 1012; 508 1011; 508 1010; 510 1008; 512 1008; 514 1010; 514 1011; 515 1012; 515 1013; 516 1014; 516 1015; 517 1016; 517 1017; 518 1018; 518 1019; 519 1020; 519 1023; 529 1023; 529 1005; 528 1004; 525 1004; 524 1005; 523 1005; 519 1001; 519 1000; 518 999; 518 998; 517 997; 517 996; 516 995; 516 993; 515 992; 515 991; 513 989
