0; 422 0; 419 3; 417 3; 416 4; 412 4; 411 5; 407 5; 406 6; 403 6; 402 7; 400 7; 399 8; 397 8; 396 9; 395 9; 394 10; 390 10; 389 11; 388 11; 388 14; 389 15; 390 15; 391 16; 392 16; 394 18; 395 18; 397 20; 398 20; 403 25; 405 25; 406 26; 408 26; 409 27; 410 27; 411 28; 412 28; 413 29; 414 29; 417 32; 421 32; 421 31; 422 30; 422 26; 423 25; 423 23; 424 22; 424 19; 425 18; 425 15; 426 14; 426 7; 427 6; 427 3; 428 2; 428 0
1; 534 0; 534 2; 533 3; 532 3; 529 6; 528 6; 526 8; 525 8; 524 9; 523 9; 521 11; 521 13; 522 14; 525 14; 526 15; 529 15; 530 16; 532 16; 533 17; 534 17; 535 18; 537 18; 538 19; 546 19; 547 20; 550 20; 551 21; 556 21; 557 22; 561 22; 562 21; 562 18; 561 17; 561 16; 560 15; 560 12; 559 11; 559 7; 558 6; 558 3; 557 2; 557 0
2; 728 7; 727 8; 726 8; 725 9; 723 9; 722 10; 719 10; 718 11; 716 11; 715 12; 710 12; 709 13; 708 13; 707 14; 705 14; 704 15; 703 15; 702 16; 701 16; 700 17; 697 17; 696 18; 693 18; 692 19; 692 22; 693 22; 694 23; 696 23; 697 24; 698 24; 699 25; 700 25; 701 26; 702 26; 703 27; 704 27; 706 29; 707 29; 708 30; 709 30; 711 32; 712 32; 714 34; 715 34; 716 35; 717 35; 718 36; 719 36; 720 37; 721 37; 723 39; 727 39; 729 37; 729 22; 730 21; 730 18; 731 17; 731 8; 730 7
3; 258 22; 253 27; 252 27; 249 30; 248 30; 245 33; 244 33; 242 35; 241 35; 239 37; 238 37; 235 40; 234 40; 232 42; 231 42; 230 43; 230 46; 231 47; 232 47; 233 48; 237 48; 238 49; 242 49; 243 50; 246 50; 247 51; 248 51; 249 52; 259 52; 260 53; 264 53; 265 54; 267 54; 268 55; 271 55; 272 54; 272 51; 271 50; 271 48; 270 47; 270 44; 269 43; 269 41; 268 40; 268 37; 267 36; 267 34; 266 33; 266 31; 265 30; 265 29; 264 28; 264 26; 263 25; 263 23; 262 22
4; 427 29; 426 30; 426 37; 425 38; 425 40; 424 41; 424 45; 423 46; 423 55; 422 56; 422 61; 423 62; 427 62; 428 61; 429 61; 430 60; 431 60; 432 59; 435 59; 436 58; 443 58; 444 57; 445 57; 446 56; 447 56; 448 55; 449 55; 450 54; 451 54; 452 53; 454 53; 455 52; 457 52; 458 51; 460 51; 461 50; 462 50; 463 49; 463 47; 462 46; 460 46; 459 45; 458 45; 457 44; 456 44; 455 43; 454 43; 452 41; 451 41; 450 40; 449 40; 447 38; 446 38; 445 37; 444 37; 443 36; 442 36; 441 35; 440 35; 439 34; 438 34; 437 33; 436 33; 435 32; 434 32; 433 31; 432 31; 430 29
5; 537 51; 535 53; 535 70; 536 71; 536 81; 537 82; 542 82; 543 81; 544 81; 545 80; 546 80; 547 79; 549 79; 550 78; 551 78; 552 77; 553 77; 554 76; 556 76; 557 75; 559 75; 560 74; 561 74; 562 73; 564 73; 565 72; 566 72; 567 71; 568 71; 569 70; 571 70; 572 69; 574 69; 575 68; 575 66; 573 64; 571 64; 570 63; 569 63; 568 62; 567 62; 566 61; 564 61; 563 60; 561 60; 560 59; 559 59; 558 58; 556 58; 555 57; 553 57; 552 56; 551 56; 550 55; 548 55; 547 54; 545 54; 544 53; 543 53; 542 52; 541 52; 540 51
6; 338 53; 337 54; 334 54; 333 55; 330 55; 329 56; 326 56; 325 57; 318 57; 317 58; 315 58; 313 60; 312 60; 311 61; 310 61; 309 62; 307 62; 306 63; 304 63; 303 64; 303 66; 304 67; 305 67; 306 68; 307 68; 308 69; 309 69; 316 76; 318 76; 319 77; 320 77; 321 78; 322 78; 323 79; 324 79; 325 80; 326 80; 327 81; 329 81; 330 82; 331 82; 332 83; 337 83; 337 82; 338 81; 338 79; 339 78; 339 76; 340 75; 340 73; 341 72; 341 68; 342 67; 342 62; 343 61; 343 58; 344 57; 344 54; 343 53
7; 763 53; 761 55; 761 57; 762 58; 762 59; 763 60; 763 65; 764 66; 764 69; 765 70; 765 71; 766 72; 766 73; 767 74; 767 75; 768 76; 768 83; 767 84; 773 84; 776 81; 777 81; 778 80; 779 80; 780 79; 781 79; 782 78; 783 78; 784 77; 785 77; 787 75; 788 75; 789 74; 790 74; 793 71; 794 71; 796 69; 797 69; 799 67; 800 67; 802 65; 802 63; 801 63; 800 62; 796 62; 795 61; 792 61; 791 60; 789 60; 788 59; 786 59; 785 58; 782 58; 781 57; 778 57; 777 56; 775 56; 774 55; 769 55; 768 54; 766 54; 765 53
8; 266 67; 265 68; 265 78; 264 79; 264 84; 265 85; 265 86; 266 87; 266 90; 267 91; 267 95; 268 96; 268 97; 269 98; 271 98; 272 97; 273 97; 275 95; 277 95; 278 94; 280 94; 281 93; 282 93; 283 92; 284 92; 285 91; 286 91; 287 90; 288 90; 289 89; 290 89; 291 88; 293 88; 294 87; 295 87; 296 86; 297 86; 299 84; 300 84; 301 83; 302 83; 303 82; 303 79; 302 79; 301 78; 298 78; 297 77; 296 77; 295 76; 292 76; 291 75; 290 75; 289 74; 287 74; 286 73; 283 73; 282 72; 281 72; 280 71; 278 71; 277 70; 273 70; 272 69; 271 69; 270 68; 269 68; 268 67
9; 123 70; 122 71; 121 71; 120 72; 118 72; 117 73; 115 73; 114 74; 113 74; 112 75; 109 75; 108 76; 106 76; 105 77; 104 77; 103 78; 102 78; 101 79; 100 79; 98 81; 97 81; 95 83; 94 83; 93 84; 92 84; 91 85; 91 87; 92 88; 94 88; 95 89; 97 89; 98 90; 99 90; 100 91; 103 91; 104 92; 106 92; 107 93; 109 93; 110 94; 112 94; 113 95; 115 95; 116 96; 118 96; 119 97; 121 97; 122 98; 123 98; 124 99; 125 99; 126 100; 129 100; 130 99; 130 96; 129 95; 129 92; 130 91; 130 87; 129 86; 129 72; 127 70
10; 23 74; 23 79; 24 80; 24 83; 25 84; 25 87; 26 88; 26 90; 27 91; 27 94; 28 95; 28 97; 29 98; 29 102; 30 103; 30 104; 31 105; 34 105; 35 104; 36 104; 38 102; 39 102; 43 98; 44 98; 45 97; 46 97; 47 96; 48 96; 49 95; 50 95; 52 93; 53 93; 55 91; 56 91; 57 90; 58 90; 59 89; 60 89; 61 88; 62 88; 64 86; 64 84; 63 83; 61 83; 60 82; 58 82; 57 81; 54 81; 53 80; 51 80; 50 79; 49 79; 48 78; 45 78; 44 77; 37 77; 36 76; 32 76; 31 75; 29 75; 28 74
11; 211 82; 210 83; 209 83; 208 84; 206 84; 205 85; 204 85; 203 86; 201 86; 200 87; 199 87; 198 88; 196 88; 195 89; 194 89; 193 90; 192 90; 191 91; 190 91; 189 92; 188 92; 187 93; 186 93; 185 94; 183 94; 182 95; 180 95; 179 96; 179 99; 180 100; 182 100; 183 101; 184 101; 185 102; 186 102; 187 103; 188 103; 190 105; 191 105; 193 107; 195 107; 196 108; 199 108; 200 109; 202 109; 203 110; 205 110; 206 111; 208 111; 209 112; 210 112; 211 113; 215 113; 216 112; 216 85; 215 84; 215 83; 214 83; 213 82
12; 767 85; 766 86; 766 87; 764 89; 763 89; 762 90; 761 90; 759 92; 758 92; 757 93; 756 93; 755 94; 754 94; 753 95; 752 95; 748 99; 748 100; 745 103; 744 103; 742 105; 742 108; 745 108; 746 109; 749 109; 750 110; 752 110; 753 111; 757 111; 758 112; 762 112; 763 113; 769 113; 770 114; 777 114; 778 115; 782 115; 783 114; 783 112; 782 111; 782 110; 781 109; 781 108; 780 107; 780 105; 779 104; 779 103; 778 102; 778 100; 777 99; 777 98; 776 97; 776 96; 775 95; 775 94; 774 93; 774 92; 773 91; 773 90; 772 89; 772 85
13; 949 92; 945 96; 944 96; 943 97; 942 97; 940 99; 939 99; 934 104; 933 104; 930 107; 929 107; 926 110; 925 110; 923 112; 923 114; 924 114; 925 115; 932 115; 933 116; 937 116; 938 117; 942 117; 943 118; 948 118; 949 119; 956 119; 957 120; 960 120; 961 121; 964 121; 965 120; 965 118; 964 117; 964 116; 962 114; 962 113; 961 112; 961 107; 960 106; 960 105; 958 103; 958 102; 956 100; 956 98; 955 97; 955 96; 954 95; 954 94; 953 93; 953 92
14; 622 107; 621 108; 621 111; 622 112; 622 114; 623 115; 623 120; 624 121; 624 125; 625 126; 625 128; 626 129; 626 131; 627 132; 627 137; 629 139; 631 139; 632 138; 633 138; 635 136; 636 136; 637 135; 638 135; 640 133; 641 133; 642 132; 643 132; 645 130; 646 130; 648 128; 649 128; 651 126; 652 126; 654 124; 655 124; 658 121; 659 121; 660 120; 661 120; 661 117; 660 116; 655 116; 654 115; 652 115; 651 114; 649 114; 648 113; 646 113; 645 112; 644 112; 643 111; 642 111; 641 110; 633 110; 632 109; 630 109; 629 108; 627 108; 626 107
15; 169 117; 167 119; 167 120; 166 121; 166 123; 164 125; 164 126; 162 128; 162 129; 161 130; 161 131; 160 132; 160 133; 159 134; 159 135; 158 136; 158 137; 157 138; 157 139; 156 140; 156 141; 155 142; 155 143; 154 144; 154 148; 160 148; 161 147; 169 147; 170 146; 179 146; 180 145; 188 145; 189 144; 195 144; 196 143; 196 139; 189 132; 189 131; 184 126; 183 126; 179 122; 178 122; 173 117
16; 257 122; 256 123; 256 126; 257 127; 257 134; 256 135; 256 137; 257 138; 257 140; 258 141; 258 143; 259 144; 259 148; 260 149; 260 151; 259 152; 259 155; 260 155; 262 157; 263 157; 266 154; 267 154; 268 153; 269 153; 271 151; 272 151; 273 150; 275 150; 276 149; 277 149; 278 148; 279 148; 281 146; 282 146; 283 145; 284 145; 285 144; 286 144; 288 142; 289 142; 290 141; 291 141; 292 140; 293 140; 294 139; 295 139; 296 138; 296 135; 295 135; 294 134; 292 134; 291 133; 289 133; 288 132; 286 132; 285 131; 283 131; 282 130; 281 130; 280 129; 279 129; 278 128; 276 128; 275 127; 274 127; 273 126; 271 126; 270 125; 268 125; 267 124; 265 124; 264 123; 263 123; 262 122
17; 716 127; 716 138; 715 139; 715 145; 716 146; 716 152; 717 153; 716 154; 716 157; 717 158; 717 159; 723 159; 724 158; 725 158; 726 157; 727 157; 728 156; 729 156; 730 155; 731 155; 732 154; 733 154; 734 153; 735 153; 736 152; 737 152; 738 151; 740 151; 741 150; 743 150; 744 149; 745 149; 746 148; 747 148; 748 147; 749 147; 750 146; 752 146; 753 145; 754 145; 754 142; 753 141; 752 141; 751 140; 750 140; 749 139; 748 139; 746 137; 745 137; 744 136; 742 136; 741 135; 740 135; 739 134; 737 134; 736 133; 734 133; 733 132; 732 132; 731 131; 729 131; 728 130; 725 130; 724 129; 723 129; 722 128; 721 128; 720 127
18; 258 155; 257 156; 256 156; 255 157; 254 157; 253 158; 252 158; 251 159; 249 159; 247 161; 245 161; 244 162; 243 162; 242 163; 241 163; 240 164; 239 164; 238 165; 237 165; 236 166; 235 166; 234 167; 233 167; 231 169; 230 169; 229 170; 228 170; 227 171; 226 171; 225 172; 225 175; 226 175; 227 176; 230 176; 231 177; 232 177; 233 178; 235 178; 236 179; 237 179; 238 180; 240 180; 241 181; 243 181; 244 182; 246 182; 247 183; 249 183; 250 184; 251 184; 252 185; 254 185; 255 186; 256 186; 258 188; 259 188; 260 189; 263 189; 264 188; 264 184; 263 183; 263 181; 262 180; 262 175; 263 174; 263 168; 262 167; 262 162; 261 161; 261 160; 262 159; 262 158; 260 156; 259 156
19; 580 160; 579 161; 579 163; 578 164; 578 167; 577 168; 577 170; 575 172; 575 173; 574 174; 574 181; 575 182; 575 183; 574 184; 574 187; 573 188; 573 192; 579 192; 580 191; 582 191; 583 190; 586 190; 587 189; 589 189; 590 188; 593 188; 594 187; 595 187; 596 186; 598 186; 599 185; 602 185; 603 184; 605 184; 606 183; 607 183; 608 182; 611 182; 612 181; 613 181; 613 179; 611 177; 610 177; 609 176; 608 176; 606 174; 605 174; 603 172; 602 172; 601 171; 600 171; 598 169; 597 169; 594 166; 593 166; 591 164; 590 164; 589 163; 588 163; 585 160
20; 776 165; 775 166; 775 169; 777 171; 777 172; 779 174; 779 176; 780 177; 780 179; 781 180; 781 181; 783 183; 783 184; 785 186; 785 188; 786 189; 786 192; 787 193; 787 195; 789 197; 791 197; 796 192; 797 192; 799 190; 800 190; 804 186; 804 185; 807 182; 808 182; 816 174; 817 174; 817 171; 816 171; 815 170; 807 170; 806 169; 800 169; 799 168; 794 168; 793 167; 783 167; 782 166; 780 166; 779 165
21; 617 165; 616 166; 616 170; 617 171; 617 172; 618 173; 618 176; 619 177; 619 180; 620 181; 620 183; 621 184; 621 186; 622 187; 622 191; 623 192; 623 196; 624 197; 624 198; 625 199; 626 199; 627 200; 628 200; 629 199; 630 199; 630 198; 634 194; 635 194; 637 192; 638 192; 639 191; 640 191; 641 190; 643 190; 644 189; 644 188; 646 186; 646 185; 650 181; 651 181; 653 179; 654 179; 655 178; 656 178; 656 175; 654 175; 653 174; 650 174; 649 173; 647 173; 646 172; 643 172; 642 171; 640 171; 639 170; 637 170; 636 169; 633 169; 632 168; 629 168; 628 167; 623 167; 622 166; 620 166; 619 165
22; 858 175; 857 176; 856 176; 854 178; 853 178; 852 179; 851 179; 850 180; 848 180; 847 181; 845 181; 844 182; 843 182; 842 183; 841 183; 840 184; 839 184; 838 185; 837 185; 836 186; 834 186; 833 187; 832 187; 831 188; 830 188; 829 189; 828 189; 827 190; 825 190; 825 194; 826 194; 827 195; 828 195; 829 196; 830 196; 831 197; 832 197; 833 198; 834 198; 836 200; 837 200; 840 203; 841 203; 842 204; 846 204; 847 205; 849 205; 850 206; 852 206; 855 209; 856 209; 858 211; 861 211; 863 209; 863 186; 862 185; 862 181; 861 180; 861 176; 860 175
23; 644 191; 643 192; 643 193; 639 197; 638 197; 637 198; 636 198; 635 199; 633 199; 632 200; 629 200; 623 206; 622 206; 620 208; 619 208; 617 210; 616 210; 615 211; 614 211; 612 213; 612 216; 613 217; 616 217; 617 218; 618 218; 619 219; 621 219; 622 220; 623 220; 624 221; 625 221; 626 222; 627 222; 628 223; 629 223; 630 224; 636 224; 637 225; 639 225; 640 226; 642 226; 643 227; 645 227; 646 228; 652 228; 653 227; 653 223; 652 222; 652 220; 651 219; 651 206; 650 205; 650 199; 649 198; 649 196; 648 195; 648 193; 646 191
24; 767 197; 766 198; 766 204; 765 205; 765 214; 764 215; 764 231; 765 232; 769 232; 770 231; 771 231; 772 230; 773 230; 774 229; 776 229; 777 228; 779 228; 780 227; 782 227; 783 226; 784 226; 785 225; 786 225; 787 224; 788 224; 789 223; 790 223; 791 222; 792 222; 793 221; 794 221; 795 220; 796 220; 797 219; 798 219; 799 218; 801 218; 802 217; 803 217; 803 214; 802 213; 801 213; 800 212; 799 212; 798 211; 797 211; 795 209; 794 209; 790 205; 789 205; 788 204; 786 204; 785 203; 782 203; 781 202; 779 202; 778 201; 777 201; 776 200; 775 200; 774 199; 773 199; 772 198; 770 198; 769 197
25; 425 226; 424 227; 424 232; 425 233; 425 238; 426 239; 426 242; 427 243; 427 247; 428 248; 428 251; 429 252; 429 256; 430 257; 430 258; 431 259; 433 259; 434 258; 435 258; 437 256; 438 256; 439 255; 440 255; 441 254; 442 254; 444 252; 445 252; 447 250; 448 250; 449 249; 450 249; 452 247; 453 247; 454 246; 455 246; 458 243; 459 243; 461 241; 462 241; 463 240; 464 240; 465 239; 465 236; 464 235; 461 235; 460 234; 458 234; 457 233; 455 233; 454 232; 452 232; 451 231; 449 231; 448 230; 447 230; 446 229; 445 229; 444 228; 435 228; 434 227; 432 227; 431 226
26; 226 232; 225 233; 224 233; 222 235; 221 235; 220 236; 218 236; 217 237; 216 237; 215 238; 214 238; 213 239; 212 239; 210 241; 209 241; 207 243; 206 243; 205 244; 204 244; 202 246; 201 246; 200 247; 199 247; 198 248; 197 248; 196 249; 195 249; 195 252; 196 253; 198 253; 199 254; 201 254; 202 255; 203 255; 204 256; 205 256; 206 257; 208 257; 209 258; 211 258; 212 259; 214 259; 215 260; 217 260; 218 261; 220 261; 221 262; 224 262; 225 263; 227 263; 228 264; 229 264; 230 265; 234 265; 235 264; 235 260; 234 259; 234 257; 233 256; 233 242; 232 241; 232 234; 231 233; 231 232
27; 323 235; 322 236; 322 254; 323 255; 323 267; 324 268; 328 268; 330 266; 331 266; 332 265; 333 265; 334 264; 335 264; 336 263; 337 263; 338 262; 340 262; 341 261; 342 261; 343 260; 344 260; 346 258; 347 258; 348 257; 349 257; 351 255; 352 255; 353 254; 354 254; 355 253; 356 253; 357 252; 359 252; 360 251; 361 251; 361 248; 360 247; 357 247; 356 246; 355 246; 354 245; 353 245; 352 244; 350 244; 349 243; 348 243; 347 242; 346 242; 345 241; 344 241; 342 239; 341 239; 340 238; 336 238; 335 237; 333 237; 332 236; 330 236; 329 235
28; 982 250; 981 251; 979 251; 978 252; 976 252; 975 253; 972 253; 971 254; 969 254; 968 255; 967 255; 966 256; 965 256; 964 257; 962 257; 961 258; 960 258; 959 259; 957 259; 956 260; 954 260; 953 261; 951 261; 950 262; 948 262; 947 263; 947 266; 948 266; 949 267; 950 267; 951 268; 952 268; 954 270; 955 270; 956 271; 957 271; 959 273; 960 273; 962 275; 963 275; 964 276; 966 276; 967 277; 969 277; 970 278; 971 278; 972 279; 974 279; 975 280; 977 280; 979 282; 980 282; 981 283; 984 283; 985 282; 985 258; 986 257; 986 250
29; 44 251; 43 252; 43 266; 44 267; 44 271; 45 272; 45 277; 46 278; 46 284; 47 285; 50 285; 51 284; 52 284; 53 283; 54 283; 55 282; 56 282; 58 280; 59 280; 60 279; 61 279; 62 278; 63 278; 64 277; 65 277; 66 276; 67 276; 69 274; 70 274; 71 273; 72 273; 73 272; 74 272; 75 271; 76 271; 77 270; 78 270; 79 269; 81 269; 82 268; 83 268; 83 263; 82 263; 81 262; 78 262; 77 261; 74 261; 73 260; 72 260; 71 259; 70 259; 68 257; 66 257; 65 256; 61 256; 60 255; 57 255; 56 254; 53 254; 52 253; 51 253; 50 252; 49 252; 48 251
30; 550 269; 549 270; 549 274; 550 275; 550 276; 551 277; 551 287; 552 288; 552 289; 553 290; 553 291; 554 292; 554 294; 555 295; 555 297; 556 298; 556 300; 557 301; 561 301; 562 300; 563 300; 565 298; 566 298; 567 297; 568 297; 570 295; 571 295; 572 294; 573 294; 574 293; 575 293; 576 292; 577 292; 579 290; 580 290; 582 288; 583 288; 585 286; 586 286; 588 284; 589 284; 590 283; 591 283; 592 282; 592 280; 591 279; 590 279; 589 278; 584 278; 583 277; 582 277; 581 276; 579 276; 578 275; 576 275; 575 274; 572 274; 571 273; 569 273; 568 272; 565 272; 564 271; 560 271; 559 270; 557 270; 556 269
31; 493 282; 492 283; 492 284; 491 285; 491 289; 490 290; 490 295; 489 296; 489 300; 488 301; 488 306; 487 307; 487 315; 492 315; 493 314; 494 314; 495 313; 496 313; 497 312; 501 312; 502 311; 504 311; 505 310; 506 310; 507 309; 510 309; 511 308; 513 308; 514 307; 516 307; 517 306; 519 306; 520 305; 522 305; 523 304; 526 304; 527 303; 527 300; 526 299; 524 299; 523 298; 522 298; 521 297; 520 297; 514 291; 513 291; 512 290; 511 290; 510 289; 509 289; 508 288; 507 288; 506 287; 505 287; 504 286; 503 286; 502 285; 501 285; 500 284; 499 284; 497 282
32; 79 291; 78 292; 77 292; 75 294; 74 294; 73 295; 72 295; 71 296; 69 296; 68 297; 66 297; 65 298; 64 298; 62 300; 61 300; 58 303; 57 303; 55 305; 54 305; 52 307; 51 307; 50 308; 49 308; 47 310; 47 312; 48 312; 49 313; 53 313; 54 314; 55 314; 56 315; 57 315; 58 316; 60 316; 61 317; 62 317; 63 318; 64 318; 65 319; 67 319; 68 320; 71 320; 72 321; 77 321; 78 322; 80 322; 81 323; 82 323; 83 324; 88 324; 89 323; 89 319; 88 318; 88 317; 87 316; 87 314; 86 313; 86 306; 85 305; 85 298; 84 297; 84 292; 83 291
33; 705 292; 704 293; 703 293; 701 295; 700 295; 699 296; 698 296; 697 297; 695 297; 694 298; 693 298; 692 299; 690 299; 689 300; 688 300; 687 301; 686 301; 685 302; 684 302; 683 303; 682 303; 681 304; 680 304; 679 305; 678 305; 677 306; 675 306; 674 307; 673 307; 672 308; 672 311; 673 311; 674 312; 675 312; 676 313; 677 313; 678 314; 679 314; 681 316; 683 316; 684 317; 685 317; 687 319; 688 319; 689 320; 690 320; 691 321; 695 321; 696 322; 698 322; 699 323; 701 323; 702 324; 703 324; 704 325; 706 325; 707 326; 709 326; 710 325; 711 325; 711 324; 712 323; 712 321; 711 320; 711 313; 710 312; 710 306; 709 305; 709 293; 708 292
34; 48 325; 47 326; 46 326; 44 328; 44 329; 40 333; 40 334; 37 337; 37 338; 32 343; 32 344; 27 349; 27 350; 26 351; 26 354; 27 355; 42 355; 43 356; 54 356; 55 357; 70 357; 71 356; 71 354; 70 353; 70 352; 68 350; 68 349; 67 348; 67 347; 65 345; 65 344; 64 343; 64 342; 63 341; 63 339; 57 333; 57 332; 54 329; 54 328; 51 325
35; 719 337; 718 338; 718 342; 719 343; 719 346; 720 347; 720 358; 721 359; 721 364; 722 365; 722 367; 721 368; 721 369; 723 369; 725 371; 727 371; 729 369; 730 369; 731 368; 732 368; 733 367; 734 367; 735 366; 736 366; 737 365; 739 365; 740 364; 742 364; 743 363; 744 363; 745 362; 746 362; 749 359; 750 359; 752 357; 753 357; 754 356; 755 356; 756 355; 757 355; 759 353; 759 350; 758 349; 756 349; 755 348; 753 348; 752 347; 750 347; 749 346; 747 346; 746 345; 745 345; 744 344; 743 344; 742 343; 740 343; 739 342; 738 342; 737 341; 735 341; 734 340; 733 340; 732 339; 729 339; 728 338; 725 338; 724 337
36; 994 343; 994 351; 995 352; 995 366; 996 367; 996 370; 995 371; 995 373; 996 374; 996 376; 1000 376; 1001 375; 1002 375; 1003 374; 1004 374; 1005 373; 1007 373; 1008 372; 1009 372; 1010 371; 1011 371; 1012 370; 1013 370; 1014 369; 1015 369; 1016 368; 1017 368; 1018 367; 1020 367; 1021 366; 1023 366; 1023 352; 1020 352; 1018 350; 1017 350; 1016 349; 1015 349; 1014 348; 1013 348; 1012 347; 1010 347; 1009 346; 1006 346; 1005 345; 1003 345; 1002 344; 1000 344; 999 343
37; 279 345; 279 346; 278 347; 278 349; 279 350; 279 352; 280 353; 280 358; 281 359; 281 362; 282 363; 282 366; 283 367; 283 373; 284 374; 284 378; 285 379; 285 380; 290 380; 291 379; 291 378; 293 376; 294 376; 295 375; 296 375; 298 373; 299 373; 300 372; 301 372; 303 370; 304 370; 306 368; 307 368; 309 366; 310 366; 312 364; 313 364; 314 363; 315 363; 316 362; 317 362; 318 361; 319 361; 321 359; 321 357; 320 356; 319 356; 318 355; 316 355; 315 354; 312 354; 311 353; 309 353; 308 352; 307 352; 306 351; 305 351; 304 350; 302 350; 301 349; 295 349; 294 348; 290 348; 289 347; 287 347; 286 346; 284 346; 283 345
38; 711 369; 710 370; 710 376; 709 377; 709 381; 708 382; 708 385; 707 386; 707 389; 706 390; 706 393; 705 394; 705 396; 704 397; 704 399; 703 400; 703 401; 702 402; 702 404; 703 405; 706 405; 707 404; 711 404; 712 403; 717 403; 718 402; 720 402; 721 401; 723 401; 724 400; 727 400; 728 399; 731 399; 732 398; 734 398; 735 397; 738 397; 739 396; 743 396; 744 395; 745 395; 746 394; 746 392; 744 390; 743 390; 741 388; 740 388; 730 378; 730 377; 729 377; 728 376; 727 376; 725 374; 725 372; 723 370; 718 370; 717 369
39; 890 412; 895 417; 895 419; 897 421; 927 429; 933 432; 937 432; 938 426; 930 399; 924 393
40; 924 393; 925 389; 928 386; 928 383; 921 382; 905 374; 887 370; 885 372; 887 382; 887 393; 890 400; 890 412
41; 172 389; 171 390; 170 390; 169 391; 168 391; 167 392; 165 392; 164 393; 163 393; 162 394; 161 394; 160 395; 158 395; 157 396; 154 396; 153 397; 151 397; 149 399; 148 399; 147 400; 146 400; 145 401; 143 401; 142 402; 141 402; 140 403; 138 403; 137 404; 136 404; 135 405; 135 407; 137 409; 139 409; 140 410; 141 410; 142 411; 143 411; 144 412; 145 412; 146 413; 147 413; 148 414; 150 414; 151 415; 152 415; 153 416; 155 416; 156 417; 158 417; 159 418; 160 418; 161 419; 162 419; 163 420; 164 420; 165 421; 166 421; 167 422; 168 422; 169 423; 173 423; 174 422; 174 406; 175 405; 175 396; 176 395; 176 391; 174 389
42; 31 402; 30 403; 28 403; 27 404; 25 404; 24 405; 21 405; 20 406; 18 406; 17 407; 12 407; 11 408; 10 408; 9 409; 8 409; 7 410; 6 410; 5 411; 3 411; 2 412; 0 412; 0 421; 2 421; 4 423; 5 423; 7 425; 8 425; 10 427; 11 427; 12 428; 13 428; 15 430; 16 430; 17 431; 18 431; 19 432; 21 432; 22 433; 23 433; 26 436; 27 436; 28 437; 30 437; 32 435; 32 434; 33 433; 33 423; 34 422; 34 419; 35 418; 35 403; 34 402
43; 661 418; 660 419; 660 423; 661 424; 661 425; 662 426; 662 428; 663 429; 663 432; 664 433; 664 435; 665 436; 665 437; 666 438; 666 440; 667 441; 667 442; 668 443; 668 444; 669 445; 669 446; 670 447; 670 448; 671 449; 671 450; 673 452; 677 452; 681 448; 682 448; 685 445; 686 445; 688 443; 689 443; 692 440; 692 439; 700 431; 701 431; 704 428; 704 425; 703 425; 702 424; 694 424; 693 423; 689 423; 688 422; 684 422; 683 421; 677 421; 676 420; 670 420; 669 419; 667 419; 666 418
44; 988 433; 986 435; 986 438; 987 439; 987 442; 988 443; 988 455; 989 456; 989 464; 990 465; 990 466; 995 466; 996 465; 997 465; 998 464; 999 464; 1000 463; 1001 463; 1002 462; 1003 462; 1004 461; 1006 461; 1007 460; 1008 460; 1009 459; 1010 459; 1011 458; 1012 458; 1014 456; 1016 456; 1017 455; 1018 455; 1020 453; 1023 453; 1023 444; 1020 444; 1019 443; 1017 443; 1016 442; 1015 442; 1013 440; 1011 440; 1010 439; 1007 439; 1006 438; 1004 438; 1003 437; 1000 437; 999 436; 997 436; 996 435; 994 435; 993 434; 992 434; 991 433
45; 264 448; 263 449; 262 449; 261 450; 260 450; 258 452; 257 452; 256 453; 255 453; 254 454; 253 454; 252 455; 251 455; 250 456; 249 456; 247 458; 246 458; 245 459; 244 459; 243 460; 242 460; 241 461; 240 461; 239 462; 238 462; 236 464; 235 464; 234 465; 233 465; 232 466; 232 469; 233 470; 237 470; 238 471; 241 471; 242 472; 243 472; 244 473; 246 473; 247 474; 248 474; 250 476; 255 476; 256 477; 260 477; 261 478; 263 478; 264 479; 266 479; 267 480; 272 480; 274 478; 274 475; 273 474; 273 469; 272 468; 272 466; 271 465; 271 463; 270 462; 270 460; 269 459; 269 457; 268 456; 268 449; 267 448
46; 700 467; 697 470; 696 470; 695 471; 694 471; 692 473; 691 473; 690 474; 689 474; 688 475; 686 475; 685 476; 684 476; 682 478; 682 479; 679 482; 678 482; 676 484; 675 484; 672 487; 672 489; 673 490; 674 490; 675 491; 678 491; 679 492; 680 492; 681 493; 683 493; 684 494; 687 494; 688 495; 690 495; 691 496; 697 496; 698 497; 702 497; 703 498; 706 498; 707 499; 715 499; 716 498; 716 495; 715 494; 715 493; 714 492; 714 491; 713 490; 713 485; 712 484; 712 482; 711 481; 711 480; 710 479; 710 477; 709 476; 709 475; 708 474; 708 473; 707 472; 707 471; 706 470; 706 468; 705 467
47; 343 487; 339 491; 338 491; 337 492; 336 492; 335 493; 334 493; 333 494; 332 494; 330 496; 329 496; 327 498; 326 498; 325 499; 324 499; 323 500; 322 500; 321 501; 320 501; 316 505; 315 505; 311 509; 311 512; 312 512; 313 513; 314 513; 315 514; 317 514; 318 515; 320 515; 321 516; 323 516; 324 517; 325 517; 326 518; 328 518; 329 519; 333 519; 334 520; 337 520; 338 521; 341 521; 342 522; 343 522; 344 523; 346 523; 347 524; 348 524; 349 525; 352 525; 353 524; 354 524; 354 518; 353 517; 353 515; 352 514; 352 508; 351 507; 351 503; 350 502; 350 499; 349 498; 349 493; 348 492; 348 490; 345 487
48; 756 497; 755 498; 755 512; 754 513; 754 517; 755 518; 755 520; 756 521; 756 533; 757 534; 757 535; 758 535; 759 536; 761 536; 762 535; 763 535; 765 533; 766 533; 767 532; 769 532; 770 531; 771 531; 772 530; 773 530; 775 528; 776 528; 778 526; 779 526; 780 525; 781 525; 782 524; 783 524; 784 523; 785 523; 786 522; 787 522; 788 521; 789 521; 790 520; 791 520; 792 519; 794 519; 796 517; 796 514; 795 513; 793 513; 792 512; 791 512; 790 511; 788 511; 787 510; 786 510; 785 509; 784 509; 780 505; 779 505; 778 504; 777 504; 776 503; 775 503; 774 502; 773 502; 772 501; 770 501; 769 500; 767 500; 766 499; 765 499; 764 498; 763 498; 762 497
49; 308 532; 307 533; 306 533; 305 534; 302 534; 301 535; 298 535; 297 536; 290 536; 289 537; 288 537; 287 538; 287 540; 288 541; 288 542; 296 550; 296 551; 303 558; 303 559; 304 560; 305 560; 312 567; 315 567; 318 564; 318 563; 319 562; 319 561; 321 559; 321 558; 322 557; 322 556; 323 555; 323 554; 324 553; 324 551; 325 550; 325 548; 326 547; 326 546; 327 545; 327 543; 328 542; 328 541; 329 540; 329 539; 331 537; 331 532; 325 532; 324 533; 312 533; 311 532
50; 110 539; 108 541; 108 545; 109 546; 109 547; 111 549; 111 550; 112 551; 112 552; 113 553; 113 556; 114 557; 114 559; 120 565; 120 566; 121 567; 121 572; 124 575; 127 575; 128 574; 128 573; 130 571; 130 570; 134 566; 135 566; 148 553; 148 552; 152 548; 152 545; 151 544; 144 544; 143 543; 135 543; 134 542; 130 542; 129 541; 122 541; 121 540; 115 540; 114 539
51; 68 567; 67 568; 65 568; 64 569; 61 569; 60 570; 51 570; 50 571; 48 571; 47 572; 46 572; 45 573; 43 573; 42 574; 41 574; 40 575; 36 575; 35 576; 32 576; 30 578; 30 580; 34 584; 35 584; 39 588; 40 588; 42 590; 43 590; 44 591; 45 591; 49 595; 50 595; 58 603; 59 603; 60 604; 62 604; 63 603; 63 602; 64 601; 64 598; 65 597; 65 595; 66 594; 66 593; 67 592; 67 591; 68 590; 68 589; 69 588; 69 586; 70 585; 70 584; 71 583; 71 579; 72 578; 72 576; 73 575; 73 573; 74 572; 74 568; 73 567
52; 119 573; 118 574; 117 574; 116 575; 100 575; 99 576; 96 576; 95 577; 84 577; 83 578; 81 578; 80 579; 80 582; 83 585; 84 585; 89 590; 89 591; 94 596; 94 597; 96 599; 96 600; 99 603; 99 604; 100 605; 100 606; 101 607; 101 608; 103 610; 107 610; 108 609; 108 607; 109 606; 109 604; 111 602; 111 601; 113 599; 113 598; 114 597; 114 596; 115 595; 115 594; 116 593; 116 592; 117 591; 117 590; 119 588; 119 587; 120 586; 120 585; 121 584; 121 583; 122 582; 122 581; 125 578; 125 577; 126 576; 124 576; 121 573
53; 284 582; 283 583; 282 583; 282 589; 283 590; 283 593; 284 594; 284 603; 285 604; 285 608; 286 609; 286 614; 287 615; 287 619; 288 620; 291 620; 292 619; 293 619; 294 618; 295 618; 297 616; 298 616; 299 615; 300 615; 303 612; 304 612; 308 608; 309 608; 314 603; 315 603; 317 601; 318 601; 319 600; 321 600; 322 599; 324 599; 325 598; 325 593; 317 593; 316 592; 314 592; 312 590; 311 590; 310 589; 309 589; 308 588; 306 588; 305 587; 303 587; 302 586; 296 586; 295 585; 292 585; 291 584; 289 584; 288 583; 287 583; 286 582
54; 363 584; 362 585; 360 585; 359 586; 355 586; 354 587; 345 587; 344 588; 343 588; 341 590; 340 590; 339 591; 337 591; 336 592; 332 592; 331 593; 326 593; 326 598; 327 598; 328 599; 329 599; 340 610; 340 611; 342 613; 343 613; 347 617; 348 617; 351 620; 352 620; 354 622; 357 622; 358 621; 358 620; 359 619; 359 618; 360 617; 360 614; 361 613; 361 610; 362 609; 362 607; 363 606; 363 604; 364 603; 364 601; 365 600; 365 598; 366 597; 366 594; 367 593; 367 591; 368 590; 368 585; 367 584
55; 264 611; 262 613; 262 617; 261 618; 261 623; 260 624; 260 626; 259 627; 259 640; 258 641; 258 647; 259 648; 263 648; 264 647; 265 647; 266 646; 268 646; 269 645; 271 645; 272 644; 274 644; 275 643; 276 643; 277 642; 279 642; 280 641; 282 641; 283 640; 284 640; 285 639; 286 639; 287 638; 288 638; 289 637; 290 637; 291 636; 293 636; 294 635; 297 635; 298 634; 298 631; 296 629; 295 629; 294 628; 293 628; 287 622; 287 621; 285 621; 284 620; 282 620; 281 619; 280 619; 278 617; 277 617; 276 616; 275 616; 274 615; 273 615; 272 614; 271 614; 269 612; 268 612; 267 611
56; 984 621; 982 623; 982 625; 981 626; 981 633; 980 634; 980 636; 979 637; 979 640; 978 641; 978 645; 977 646; 977 651; 976 652; 976 654; 975 655; 975 657; 978 660; 987 660; 987 658; 990 655; 992 655; 993 654; 996 654; 997 653; 1000 653; 1001 652; 1003 652; 1004 651; 1006 651; 1007 650; 1009 650; 1010 649; 1012 649; 1013 648; 1015 648; 1016 647; 1018 647; 1020 645; 1020 643; 1018 641; 1017 641; 1016 640; 1015 640; 1014 639; 1013 639; 1011 637; 1010 637; 1006 633; 1006 632; 1005 631; 1004 631; 1003 630; 1001 630; 1000 629; 999 629; 998 628; 997 628; 996 627; 995 627; 994 626; 993 626; 990 623; 989 623; 987 621
57; 328 652; 327 653; 325 653; 324 654; 322 654; 321 655; 319 655; 318 656; 316 656; 315 657; 314 657; 313 658; 312 658; 311 659; 309 659; 308 660; 307 660; 306 661; 305 661; 304 662; 302 662; 301 663; 300 663; 299 664; 298 664; 297 665; 295 665; 294 666; 293 666; 292 667; 292 669; 294 671; 295 671; 296 672; 297 672; 299 674; 300 674; 301 675; 302 675; 304 677; 305 677; 308 680; 309 680; 310 681; 311 681; 312 682; 314 682; 315 683; 317 683; 318 684; 319 684; 320 685; 321 685; 322 686; 323 686; 325 688; 328 688; 329 687; 329 676; 330 675; 330 665; 331 664; 331 661; 332 660; 332 654; 330 652
58; 141 657; 139 659; 138 659; 136 661; 135 661; 134 662; 133 662; 131 664; 130 664; 128 666; 127 666; 125 668; 124 668; 122 670; 121 670; 119 672; 118 672; 116 674; 115 674; 111 678; 111 681; 112 682; 113 682; 114 683; 117 683; 118 684; 120 684; 121 685; 123 685; 124 686; 126 686; 127 687; 129 687; 130 688; 131 688; 132 689; 134 689; 135 690; 137 690; 138 691; 141 691; 142 692; 145 692; 146 693; 151 693; 152 692; 152 689; 151 688; 151 681; 150 680; 150 675; 149 674; 149 673; 148 672; 148 670; 147 669; 147 666; 146 665; 146 659; 144 657
59; 979 661; 979 662; 976 665; 975 665; 974 666; 972 666; 970 668; 969 668; 967 670; 966 670; 965 671; 964 671; 962 673; 961 673; 960 674; 959 674; 957 676; 956 676; 955 677; 954 677; 953 678; 952 678; 951 679; 951 683; 952 683; 953 684; 955 684; 956 685; 957 685; 958 686; 959 686; 960 687; 962 687; 964 689; 965 689; 966 690; 967 690; 968 691; 971 691; 972 692; 975 692; 976 693; 978 693; 979 694; 981 694; 982 695; 983 695; 984 696; 986 696; 987 697; 992 697; 993 696; 993 691; 992 690; 992 683; 991 682; 991 677; 990 676; 990 672; 989 671; 989 668; 988 667; 988 661
60; 683 664; 682 665; 682 669; 683 670; 683 671; 684 672; 684 674; 685 675; 685 677; 686 678; 686 680; 687 681; 687 682; 688 683; 688 687; 689 688; 689 691; 690 692; 690 694; 691 695; 691 699; 692 700; 692 701; 697 701; 703 695; 704 695; 706 693; 707 693; 716 684; 717 684; 719 682; 719 681; 725 675; 725 673; 724 672; 723 672; 722 671; 716 671; 715 670; 712 670; 711 669; 709 669; 708 668; 706 668; 705 667; 695 667; 694 666; 691 666; 690 665; 687 665; 686 664
61; 298 689; 295 692; 294 692; 291 695; 290 695; 288 697; 287 697; 283 701; 282 701; 275 708; 274 708; 269 713; 269 716; 270 717; 272 717; 273 718; 278 718; 279 719; 281 719; 282 720; 284 720; 285 721; 289 721; 290 722; 293 722; 294 723; 298 723; 299 724; 304 724; 305 725; 310 725; 311 724; 311 720; 310 719; 310 717; 309 716; 309 704; 307 702; 307 701; 305 699; 305 698; 304 697; 304 696; 303 695; 303 694; 302 693; 302 691; 300 689
62; 127 709; 126 710; 125 710; 124 711; 123 711; 122 712; 121 712; 120 713; 118 713; 117 714; 115 714; 114 715; 113 715; 112 716; 111 716; 110 717; 108 717; 107 718; 105 718; 104 719; 102 719; 101 720; 100 720; 99 721; 97 721; 96 722; 94 722; 93 723; 91 723; 91 726; 92 727; 93 727; 95 729; 96 729; 98 731; 99 731; 101 733; 102 733; 103 734; 104 734; 105 735; 106 735; 107 736; 108 736; 112 740; 113 740; 116 743; 117 743; 119 745; 120 745; 122 747; 123 747; 124 748; 126 748; 128 746; 128 744; 129 743; 129 734; 130 733; 130 731; 131 730; 131 725; 130 724; 130 721; 131 720; 131 715; 132 714; 132 710; 131 709
63; 895 737; 893 739; 893 751; 894 752; 894 764; 895 765; 895 774; 896 775; 896 777; 897 777; 898 778; 900 778; 901 777; 903 777; 904 776; 905 776; 906 775; 907 775; 910 772; 911 772; 912 771; 913 771; 914 770; 915 770; 918 767; 919 767; 920 766; 921 766; 922 765; 923 765; 925 763; 926 763; 929 760; 930 760; 931 759; 933 759; 936 756; 936 754; 934 752; 933 752; 932 751; 930 751; 929 750; 927 750; 926 749; 925 749; 924 748; 923 748; 920 745; 919 745; 918 744; 913 744; 912 743; 910 743; 909 742; 907 742; 906 741; 904 741; 903 740; 902 740; 900 738; 899 738; 898 737
64; 181 778; 180 779; 178 779; 177 780; 176 780; 175 781; 172 781; 171 782; 169 782; 168 783; 165 783; 164 784; 163 784; 162 785; 160 785; 159 786; 158 786; 157 787; 156 787; 155 788; 154 788; 153 789; 151 789; 150 790; 149 790; 148 791; 147 791; 146 792; 146 795; 147 796; 148 796; 149 797; 151 797; 154 800; 155 800; 158 803; 159 803; 161 805; 162 805; 163 806; 164 806; 166 808; 167 808; 168 809; 170 809; 171 810; 172 810; 173 811; 174 811; 177 814; 178 814; 179 815; 182 815; 183 814; 183 803; 184 802; 184 799; 185 798; 185 796; 186 795; 186 793; 185 792; 185 787; 186 786; 186 783; 187 782; 187 779; 186 778
65; 623 862; 622 863; 622 867; 624 869; 624 870; 625 871; 625 873; 626 874; 626 876; 627 877; 627 878; 628 879; 628 883; 632 887; 632 888; 635 891; 635 892; 637 894; 637 895; 638 896; 638 898; 640 900; 644 900; 645 899; 645 898; 646 897; 646 896; 648 894; 648 893; 649 892; 650 892; 651 891; 651 890; 655 886; 655 885; 656 884; 656 883; 659 880; 659 879; 662 876; 662 875; 666 871; 666 870; 667 869; 667 864; 666 863; 659 863; 658 864; 653 864; 652 863; 646 863; 645 862
66; 875 866; 875 867; 873 869; 873 871; 872 872; 872 876; 871 877; 871 880; 870 881; 870 882; 869 883; 869 884; 868 885; 868 887; 867 888; 867 892; 866 893; 866 896; 865 897; 865 898; 864 899; 864 900; 863 901; 863 906; 864 907; 869 907; 870 906; 872 906; 873 905; 877 905; 878 904; 881 904; 882 905; 885 905; 886 904; 887 904; 888 903; 890 903; 891 902; 896 902; 897 901; 900 901; 901 900; 903 900; 904 899; 906 899; 908 897; 908 894; 880 866
67; 47 872; 46 873; 46 886; 47 887; 47 902; 48 903; 48 908; 47 909; 47 910; 46 911; 49 911; 50 912; 54 912; 56 910; 57 910; 59 908; 60 908; 61 907; 62 907; 63 906; 64 906; 65 905; 68 905; 73 900; 74 900; 76 898; 77 898; 79 896; 80 896; 81 895; 82 895; 84 893; 84 889; 83 889; 82 888; 81 888; 80 887; 78 887; 77 886; 76 886; 75 885; 74 885; 72 883; 71 883; 70 882; 69 882; 68 881; 67 881; 66 880; 65 880; 64 879; 63 879; 62 878; 61 878; 60 877; 58 877; 57 876; 56 876; 55 875; 54 875; 52 873; 51 873; 50 872
68; 45 912; 42 915; 40 915; 39 916; 38 916; 37 917; 35 917; 34 918; 33 918; 32 919; 30 919; 29 920; 28 920; 27 921; 26 921; 25 922; 24 922; 22 924; 21 924; 20 925; 19 925; 17 927; 16 927; 15 928; 14 928; 13 929; 13 932; 14 933; 16 933; 18 935; 19 935; 21 937; 22 937; 23 938; 24 938; 25 939; 26 939; 27 940; 28 940; 29 941; 30 941; 31 942; 33 942; 34 943; 35 943; 36 944; 38 944; 39 945; 40 945; 41 946; 42 946; 44 948; 45 948; 47 950; 49 950; 50 949; 50 937; 51 936; 51 934; 52 933; 52 920; 51 919; 51 918; 52 917; 52 915; 54 913; 50 913; 49 912
69; 277 913; 277 914; 276 915; 276 921; 275 922; 275 930; 274 931; 274 940; 273 941; 273 946; 272 947; 272 949; 274 951; 276 951; 277 950; 278 950; 279 949; 280 949; 281 948; 282 948; 283 947; 285 947; 286 946; 288 946; 289 945; 292 945; 293 944; 295 944; 296 943; 298 943; 300 941; 302 941; 303 940; 304 940; 305 939; 306 939; 307 938; 311 938; 313 936; 313 934; 311 932; 310 932; 308 930; 307 930; 303 926; 302 926; 299 923; 298 923; 297 922; 296 922; 294 920; 293 920; 291 918; 290 918; 289 917; 288 917; 287 916; 286 916; 284 914; 283 914; 282 913
70; 572 929; 571 930; 565 930; 564 931; 564 934; 567 937; 567 938; 569 940; 569 941; 571 943; 571 944; 574 947; 574 948; 575 949; 575 950; 577 952; 577 953; 579 955; 579 956; 581 958; 581 959; 582 960; 582 962; 583 963; 583 965; 584 966; 584 967; 586 969; 589 969; 591 967; 591 965; 592 964; 592 963; 593 962; 593 961; 594 960; 594 958; 595 957; 595 955; 597 953; 597 952; 601 948; 601 947; 602 946; 602 944; 603 943; 603 942; 604 941; 604 940; 608 936; 608 935; 609 934; 609 931; 608 930; 578 930; 577 929
71; 921 924; 914 931; 913 931; 911 933; 910 933; 907 936; 906 936; 903 939; 902 939; 900 941; 899 941; 893 947; 892 947; 891 948; 891 949; 889 951; 889 953; 890 954; 891 954; 892 955; 895 955; 896 956; 898 956; 899 957; 900 957; 901 958; 902 958; 903 959; 904 959; 905 960; 906 960; 908 962; 909 962; 911 964; 917 964; 918 965; 923 965; 924 966; 928 966; 929 967; 935 967; 935 966; 936 965; 936 962; 935 961; 935 959; 934 958; 934 957; 933 956; 933 955; 932 954; 932 952; 931 951; 931 948; 930 947; 930 946; 929 945; 929 943; 928 942; 928 940; 927 939; 927 936; 926 935; 926 928; 925 927; 925 925; 924 925; 923 924
72; 657 931; 654 934; 654 935; 650 939; 649 939; 643 945; 643 946; 636 953; 636 954; 635 955; 635 956; 634 957; 634 958; 633 959; 633 960; 632 961; 632 965; 633 966; 634 966; 635 967; 643 967; 644 968; 650 968; 651 969; 655 969; 656 970; 659 970; 660 971; 668 971; 669 972; 671 972; 672 973; 676 973; 678 971; 678 969; 677 968; 677 967; 676 966; 676 965; 675 964; 675 963; 674 962; 674 961; 673 960; 673 958; 672 957; 672 956; 671 955; 671 953; 670 952; 670 950; 669 949; 669 947; 668 946; 668 945; 665 942; 665 941; 664 940; 664 939; 663 938; 663 937; 662 936; 662 934; 661 933; 661 932; 660 932; 659 931
73; 858 949; 843 943; 834 942; 830 940; 824 940; 823 942; 826 950; 827 963; 830 967; 833 980; 836 984; 839 984; 846 977; 852 974; 862 965
74; 415 971; 414 972; 413 972; 412 973; 411 973; 410 974; 409 974; 408 975; 406 975; 405 976; 404 976; 403 977; 401 977; 400 978; 398 978; 397 979; 393 979; 392 980; 390 980; 389 981; 388 981; 387 982; 384 982; 383 983; 380 983; 377 986; 377 988; 380 991; 381 991; 382 992; 383 992; 392 1001; 392 1002; 396 1006; 397 1006; 398 1007; 399 1007; 401 1009; 402 1009; 404 1011; 405 1011; 415 1021; 415 1023; 421 1023; 421 1022; 420 1021; 420 1020; 419 1019; 419 1018; 418 1017; 418 1016; 417 1015; 417 1013; 416 1012; 416 1001; 417 1000; 417 992; 418 991; 418 981; 419 980; 419 972; 418 972; 417 971
75; 193 985; 191 987; 191 988; 190 989; 190 990; 189 991; 189 992; 188 993; 188 994; 187 995; 187 996; 186 997; 186 999; 185 1000; 185 1003; 184 1004; 184 1006; 183 1007; 183 1010; 182 1011; 182 1015; 183 1016; 183 1019; 184 1020; 184 1023; 195 1023; 195 1022; 192 1019; 192 1018; 191 1017; 191 1013; 192 1012; 192 1007; 195 1004; 197 1004; 200 1007; 200 1008; 202 1010; 202 1011; 205 1014; 205 1015; 207 1017; 207 1019; 205 1021; 201 1021; 200 1022; 198 1022; 198 1023; 220 1023; 220 1021; 214 1015; 214 1014; 212 1012; 212 1011; 210 1009; 210 1008; 209 1007; 209 1005; 207 1003; 207 1002; 205 1000; 205 999; 204 998; 204 997; 203 996; 203 995; 202 994; 202 993; 201 992; 201 991; 198 988; 198 987; 196 985
76; 765 1005; 775 1023; 784 1023; 783 1016; 786 1010
77; 786 1010; 793 1003; 802 991; 802 987; 797 984; 784 982; 777 979; 769 978; 759 989; 760 999; 765 1005
78; 340 1002; 338 1004; 338 1005; 337 1006; 337 1007; 336 1008; 336 1010; 335 1011; 335 1012; 334 1013; 334 1014; 333 1015; 333 1023; 353 1023; 353 1021; 351 1019; 351 1018; 348 1015; 348 1014; 347 1013; 347 1012; 345 1010; 345 1007; 344 1006; 344 1004; 342 1002
