0; 694 0; 694 1; 695 2; 695 3; 699 7; 699 8; 700 9; 700 10; 701 11; 701 12; 702 13; 702 14; 704 16; 704 17; 706 19; 706 20; 708 22; 708 23; 710 25; 710 26; 713 29; 713 30; 714 31; 716 31; 717 30; 719 30; 720 29; 720 27; 721 26; 721 25; 723 23; 723 22; 724 21; 724 20; 725 19; 725 18; 729 14; 729 13; 730 12; 730 6; 731 5; 731 0
1; 853 0; 853 3; 857 7; 857 8; 859 10; 859 11; 861 13; 861 14; 865 18; 865 19; 870 24; 870 25; 871 26; 874 26; 874 25; 876 23; 876 21; 877 20; 877 18; 878 17; 878 16; 879 15; 879 14; 881 12; 881 11; 883 9; 883 8; 884 7; 884 3; 883 2; 883 0; 875 0; 875 2; 874 3; 874 4; 873 5; 873 6; 871 8; 870 8; 869 7; 868 7; 864 3; 864 2; 863 1; 863 0
2; 970 0; 970 2; 969 3; 969 5; 968 6; 968 8; 967 9; 967 11; 966 12; 966 13; 965 14; 965 15; 964 16; 964 17; 963 18; 963 19; 962 20; 962 22; 961 23; 961 24; 959 26; 959 35; 976 35; 977 36; 981 36; 982 35; 983 35; 984 34; 985 34; 986 33; 990 33; 991 32; 997 32; 998 31; 998 27; 995 24; 995 23; 990 18; 990 17; 988 15; 988 14; 987 13; 987 12; 986 11; 986 10; 985 9; 985 8; 983 6; 983 5; 982 4; 982 3; 981 2; 981 0
3; 948 9; 947 10; 938 10; 937 11; 936 11; 935 12; 934 12; 933 13; 931 13; 930 14; 929 14; 928 15; 927 15; 926 16; 924 16; 923 17; 922 17; 920 19; 920 21; 922 23; 922 24; 930 32; 931 32; 932 33; 932 34; 936 38; 936 39; 940 43; 940 44; 941 45; 942 45; 944 47; 945 47; 946 48; 949 48; 951 46; 951 45; 952 44; 952 41; 953 40; 953 39; 954 38; 954 37; 957 34; 958 34; 958 16; 959 15; 959 14; 960 13; 960 10; 959 9
4; 71 0; 71 3; 73 5; 73 6; 75 8; 75 9; 76 10; 75 11; 75 12; 73 14; 70 14; 69 15; 65 15; 64 16; 61 16; 60 17; 52 17; 51 18; 47 18; 46 19; 44 19; 43 20; 42 20; 40 22; 40 25; 50 35; 50 36; 53 39; 53 40; 65 52; 67 52; 69 50; 69 48; 70 47; 70 46; 71 45; 71 44; 72 43; 72 41; 73 40; 73 38; 75 36; 75 35; 76 34; 76 28; 77 27; 77 24; 78 23; 78 21; 79 20; 79 17; 80 16; 80 15; 81 14; 81 12; 83 10; 83 7; 84 6; 84 4; 85 3; 85 0
5; 340 22; 339 23; 336 23; 335 24; 330 24; 329 25; 326 25; 325 26; 320 26; 319 27; 315 27; 314 28; 309 28; 308 29; 307 29; 306 30; 306 33; 307 34; 307 35; 308 35; 311 38; 311 39; 313 41; 313 42; 315 44; 315 45; 316 46; 316 47; 317 48; 317 49; 323 55; 323 56; 327 60; 328 60; 329 61; 330 61; 332 63; 333 63; 334 64; 334 59; 335 58; 335 56; 337 54; 337 50; 338 49; 338 47; 339 46; 339 44; 340 43; 340 42; 341 41; 341 39; 342 38; 342 37; 343 36; 343 34; 344 33; 344 30; 345 29; 345 24; 344 23; 343 23; 342 22
6; 647 20; 643 24; 643 25; 642 26; 642 28; 641 29; 641 30; 640 31; 640 33; 638 35; 638 36; 637 37; 637 38; 636 39; 636 41; 635 42; 635 45; 634 46; 634 47; 633 48; 633 49; 632 50; 632 52; 631 53; 631 57; 632 58; 642 58; 643 57; 651 57; 652 56; 656 56; 657 57; 659 57; 660 56; 667 56; 668 55; 669 55; 669 50; 668 49; 668 48; 667 47; 667 46; 664 43; 664 42; 662 40; 662 39; 661 38; 661 37; 659 35; 659 34; 657 32; 657 31; 656 30; 656 29; 655 28; 655 27; 653 25; 653 24; 651 22; 651 21; 650 21; 649 20
7; 290 23; 266 42; 260 49; 260 53; 294 68; 296 66; 291 27; 294 24
8; 294 24; 327 20; 330 18; 331 10; 346 4; 349 0; 328 0; 326 6; 320 0; 296 0; 293 5; 294 12; 290 23
9; 711 35; 710 36; 708 36; 707 37; 706 37; 705 38; 704 38; 702 40; 701 40; 698 43; 697 43; 695 45; 693 45; 692 44; 692 43; 691 42; 691 41; 690 40; 684 40; 684 48; 685 49; 685 51; 686 52; 686 55; 687 56; 687 58; 688 59; 692 59; 694 57; 695 57; 706 46; 707 46; 708 45; 709 45; 712 42; 712 39; 711 38
10; 355 30; 353 32; 353 33; 352 34; 352 35; 348 39; 348 40; 347 41; 347 42; 345 44; 345 45; 344 46; 344 47; 343 48; 343 49; 341 51; 341 52; 339 54; 338 54; 336 56; 336 58; 335 59; 335 65; 338 65; 339 66; 350 66; 351 67; 354 67; 355 68; 358 68; 359 67; 362 67; 363 68; 368 68; 369 67; 373 67; 375 65; 375 63; 374 62; 374 60; 372 58; 372 57; 371 56; 371 55; 370 54; 370 53; 369 52; 369 51; 368 50; 368 48; 367 47; 367 46; 366 45; 366 44; 364 42; 364 41; 363 40; 363 39; 361 37; 361 36; 360 35; 360 34; 359 33; 359 32; 357 30
11; 717 31; 716 32; 714 32; 714 34; 713 35; 712 35; 712 38; 713 39; 713 42; 714 41; 715 41; 717 43; 717 49; 716 50; 716 52; 714 54; 714 56; 713 57; 713 61; 712 62; 712 64; 711 65; 711 67; 710 68; 710 70; 711 71; 711 73; 713 75; 717 75; 718 74; 719 74; 720 73; 722 73; 723 72; 725 72; 726 71; 730 71; 731 70; 734 70; 735 69; 737 69; 738 68; 740 68; 741 67; 744 67; 745 66; 747 66; 748 65; 749 65; 750 64; 750 61; 741 52; 741 51; 740 50; 740 48; 739 47; 738 47; 736 45; 735 45; 732 42; 732 41; 725 34; 723 34; 722 33; 721 33; 720 32; 720 31
12; 199 44; 198 45; 196 45; 195 46; 193 46; 192 47; 190 47; 189 48; 185 48; 184 49; 180 49; 179 50; 174 50; 173 51; 173 55; 174 56; 174 57; 181 64; 181 65; 182 66; 182 68; 184 70; 185 70; 196 81; 196 82; 198 82; 199 83; 201 83; 201 82; 202 81; 202 79; 203 78; 203 75; 204 74; 204 72; 205 71; 205 67; 206 66; 206 64; 207 63; 207 61; 208 60; 208 57; 209 56; 209 55; 210 54; 210 50; 209 49; 208 49; 207 48; 207 44
13; 988 41; 987 42; 986 42; 984 44; 983 44; 982 45; 980 45; 979 46; 974 46; 973 47; 970 47; 969 48; 966 48; 965 49; 963 49; 961 51; 960 51; 959 52; 958 52; 957 53; 956 53; 954 55; 954 58; 955 59; 955 60; 956 61; 957 61; 958 62; 959 62; 963 66; 964 66; 967 69; 967 70; 968 71; 968 72; 969 73; 970 73; 972 75; 973 75; 974 76; 975 76; 978 79; 979 79; 984 84; 989 79; 988 78; 988 72; 989 71; 989 61; 990 60; 990 50; 991 49; 991 47; 992 46; 992 43; 990 41
14; 800 69; 799 70; 796 70; 795 71; 793 71; 792 72; 789 72; 788 73; 786 73; 785 74; 782 74; 781 75; 779 75; 778 76; 776 76; 775 77; 774 77; 773 78; 772 78; 771 79; 770 79; 769 80; 768 80; 767 81; 766 81; 766 84; 767 85; 767 86; 769 88; 770 88; 773 91; 774 91; 776 93; 777 93; 792 108; 793 108; 794 109; 797 109; 799 107; 799 103; 800 102; 800 97; 801 96; 801 94; 802 93; 802 91; 803 90; 803 83; 804 82; 804 78; 805 77; 805 74; 806 73; 806 71; 804 69
15; 1007 77; 1006 78; 1001 78; 1000 79; 998 79; 997 80; 993 80; 992 81; 991 81; 990 80; 989 80; 985 84; 985 85; 991 91; 991 92; 993 94; 993 95; 995 97; 995 98; 997 100; 997 101; 1000 104; 1000 105; 1002 107; 1002 108; 1004 110; 1004 111; 1005 112; 1005 113; 1006 114; 1006 115; 1010 115; 1012 113; 1013 113; 1013 112; 1014 111; 1014 109; 1015 108; 1015 106; 1016 105; 1016 102; 1017 101; 1017 100; 1018 99; 1020 99; 1021 100; 1023 100; 1023 77
16; 196 83; 195 84; 194 84; 193 85; 177 85; 176 86; 165 86; 164 87; 161 87; 161 92; 163 94; 163 95; 164 96; 164 97; 166 99; 166 100; 168 102; 168 103; 171 106; 171 107; 172 108; 172 109; 175 112; 175 113; 176 114; 176 115; 178 117; 178 118; 182 122; 186 122; 187 121; 187 119; 188 118; 188 117; 189 116; 189 115; 190 114; 190 113; 191 112; 191 110; 192 109; 192 108; 194 106; 194 105; 195 104; 195 103; 196 102; 196 100; 197 99; 197 97; 198 96; 198 94; 199 93; 199 92; 200 91; 200 90; 201 89; 201 84; 199 84; 198 83
17; 674 86; 673 87; 662 87; 661 88; 659 88; 658 89; 654 89; 653 90; 649 90; 648 91; 646 91; 645 92; 644 92; 644 95; 645 96; 645 99; 647 99; 650 102; 650 103; 652 105; 652 106; 657 111; 657 112; 662 117; 662 118; 665 121; 665 122; 668 125; 670 125; 673 122; 673 121; 674 120; 674 119; 675 118; 675 116; 676 115; 676 114; 677 113; 677 110; 678 109; 678 108; 679 107; 679 106; 680 105; 680 104; 681 103; 681 101; 682 100; 682 97; 683 96; 683 95; 684 94; 684 92; 685 91; 685 87; 684 86
18; 642 92; 641 93; 635 93; 634 94; 629 94; 628 95; 624 95; 623 96; 618 96; 617 97; 610 97; 609 98; 608 98; 607 99; 605 99; 604 100; 603 100; 602 101; 602 104; 611 113; 611 114; 616 119; 616 120; 617 120; 619 122; 619 123; 621 125; 621 126; 623 128; 623 129; 627 133; 629 133; 632 130; 632 128; 633 127; 633 124; 634 123; 634 122; 635 121; 635 120; 636 119; 636 118; 637 117; 637 115; 638 114; 638 113; 639 112; 639 109; 640 108; 640 106; 641 105; 641 104; 642 103; 642 102; 643 101; 643 100; 644 99; 644 96; 643 95; 643 92
19; 813 92; 811 94; 811 95; 810 96; 810 98; 809 99; 809 100; 808 101; 808 103; 807 104; 807 107; 806 108; 806 110; 805 111; 805 112; 804 113; 804 114; 803 115; 803 118; 802 119; 802 121; 801 122; 801 124; 800 125; 800 130; 801 131; 801 132; 806 132; 807 131; 809 131; 810 130; 815 130; 816 129; 823 129; 824 128; 825 128; 826 127; 827 127; 828 126; 830 126; 831 125; 835 125; 836 124; 838 124; 839 123; 839 119; 830 110; 830 109; 823 102; 823 101; 821 99; 821 98; 815 92
20; 298 106; 295 109; 295 111; 294 112; 294 113; 292 115; 292 117; 291 118; 291 119; 289 121; 289 122; 288 123; 288 128; 287 129; 287 131; 285 133; 285 134; 283 136; 283 137; 282 138; 282 141; 283 142; 283 143; 284 143; 285 144; 300 144; 301 143; 306 143; 307 142; 321 142; 323 140; 323 135; 321 133; 321 132; 318 129; 318 128; 316 126; 316 125; 314 123; 314 122; 310 118; 310 117; 308 115; 308 114; 307 113; 307 112; 306 112; 304 110; 304 109; 302 107; 301 107; 300 106
21; 1003 119; 1002 120; 999 120; 998 121; 995 121; 994 122; 992 122; 991 123; 985 123; 984 124; 983 124; 982 125; 980 125; 979 126; 977 126; 976 127; 975 127; 974 128; 973 128; 972 129; 969 129; 968 130; 968 133; 969 134; 969 135; 981 147; 982 147; 985 150; 985 151; 992 158; 996 158; 997 157; 1000 157; 1000 156; 1001 155; 1001 150; 1002 149; 1002 147; 1003 146; 1003 144; 1004 143; 1004 137; 1005 136; 1005 133; 1006 132; 1006 126; 1007 125; 1007 122; 1006 121; 1006 119
22; 96 137; 94 139; 94 140; 92 142; 92 143; 88 147; 88 148; 87 149; 87 150; 85 152; 85 153; 84 154; 84 155; 82 157; 82 158; 80 160; 80 161; 77 164; 77 166; 76 167; 76 169; 77 170; 77 171; 78 171; 79 172; 94 172; 95 173; 99 173; 100 174; 103 174; 104 173; 105 173; 106 174; 108 174; 109 173; 116 173; 117 172; 117 168; 115 166; 115 165; 114 164; 114 162; 112 160; 112 157; 111 156; 112 155; 112 153; 111 152; 111 151; 110 151; 106 147; 106 146; 104 144; 104 143; 103 142; 103 141; 102 140; 102 139; 100 137
23; 997 158; 996 159; 993 159; 993 161; 992 162; 991 162; 990 163; 989 163; 988 164; 985 164; 984 165; 981 165; 980 166; 976 166; 975 167; 972 167; 971 168; 968 168; 967 169; 966 169; 965 170; 965 173; 966 174; 966 175; 973 182; 973 183; 975 185; 975 188; 977 190; 980 190; 981 191; 982 191; 988 197; 988 198; 989 199; 991 199; 992 198; 992 197; 993 196; 993 195; 994 194; 994 193; 995 192; 995 191; 996 190; 996 188; 997 187; 997 186; 998 185; 998 182; 1001 179; 1001 178; 1002 177; 1002 175; 1003 174; 1003 170; 1004 169; 1004 168; 1005 167; 1005 164; 1001 160; 1001 159; 1000 158
24; 597 162; 595 164; 595 165; 594 166; 594 168; 595 169; 594 170; 594 176; 593 177; 593 179; 591 181; 591 183; 590 184; 590 187; 591 188; 590 189; 590 194; 589 195; 589 197; 588 198; 588 200; 595 200; 596 199; 599 199; 600 198; 602 198; 603 197; 605 197; 606 196; 614 196; 615 197; 619 197; 620 196; 624 196; 624 195; 625 194; 625 192; 626 191; 626 188; 625 187; 625 186; 618 179; 618 178; 617 178; 601 162
25; 792 163; 792 164; 791 165; 791 172; 790 173; 790 183; 789 184; 789 193; 788 194; 788 200; 789 201; 793 201; 794 200; 795 200; 796 199; 798 199; 799 198; 801 198; 802 197; 804 197; 805 196; 809 196; 810 195; 811 195; 814 192; 815 192; 816 191; 817 191; 818 190; 819 190; 820 189; 821 189; 822 188; 823 188; 824 187; 824 184; 820 180; 819 180; 818 179; 817 179; 814 176; 813 176; 810 173; 809 173; 808 172; 807 172; 798 163
26; 133 163; 132 164; 132 165; 131 166; 131 167; 129 169; 129 170; 128 171; 128 172; 127 173; 127 174; 125 176; 125 177; 123 179; 123 183; 122 184; 122 186; 121 187; 121 192; 120 193; 120 195; 119 196; 119 197; 118 198; 118 200; 130 200; 131 199; 138 199; 139 198; 150 198; 151 197; 154 197; 155 196; 155 192; 154 191; 154 190; 153 189; 153 188; 150 185; 150 184; 147 181; 147 180; 146 179; 146 178; 144 176; 144 175; 143 174; 143 173; 141 171; 141 170; 139 168; 139 166; 138 165; 138 164; 137 163
27; 850 165; 849 166; 849 167; 848 168; 848 169; 847 170; 847 172; 846 173; 846 174; 845 175; 845 177; 844 178; 844 181; 843 182; 843 184; 842 185; 842 189; 841 190; 841 193; 840 194; 840 197; 839 198; 839 202; 840 203; 845 203; 846 202; 853 202; 854 201; 857 201; 858 200; 863 200; 864 199; 867 199; 868 198; 871 198; 872 197; 874 197; 875 196; 876 196; 876 193; 874 191; 874 190; 873 189; 873 188; 871 186; 871 185; 869 183; 869 182; 860 173; 860 172; 857 169; 857 168; 854 165
28; 952 169; 951 170; 951 171; 950 172; 950 173; 949 174; 949 177; 948 178; 948 182; 947 183; 947 185; 946 186; 946 192; 945 193; 945 195; 944 196; 944 198; 943 199; 943 202; 942 203; 942 207; 943 208; 945 208; 946 207; 948 207; 949 206; 954 206; 955 205; 957 205; 958 204; 964 204; 965 203; 966 203; 967 202; 970 202; 971 201; 974 201; 975 200; 977 202; 979 202; 980 201; 981 201; 980 200; 980 199; 979 198; 979 197; 977 195; 977 193; 976 192; 976 190; 972 186; 971 186; 954 169
29; 202 171; 200 173; 200 174; 199 175; 199 177; 198 178; 198 179; 197 180; 197 181; 196 182; 196 183; 194 185; 194 189; 193 190; 193 192; 192 193; 192 195; 191 196; 191 198; 190 199; 190 201; 188 203; 188 207; 189 208; 195 208; 196 207; 198 207; 199 206; 203 206; 204 207; 206 207; 207 206; 218 206; 219 205; 222 205; 223 204; 224 204; 225 203; 225 200; 223 198; 223 197; 222 196; 222 195; 221 194; 221 193; 220 192; 220 190; 216 186; 216 185; 215 184; 215 183; 212 180; 212 179; 208 175; 208 174; 206 172; 205 172; 204 171
30; 357 182; 356 183; 355 183; 354 184; 348 184; 347 185; 343 185; 342 186; 339 186; 338 187; 336 187; 335 188; 333 188; 332 189; 330 189; 329 190; 327 190; 326 191; 325 191; 325 194; 326 195; 326 196; 334 204; 334 205; 336 207; 336 208; 338 210; 338 211; 339 212; 339 214; 338 215; 338 216; 337 217; 344 217; 345 218; 352 218; 353 217; 353 214; 354 213; 354 212; 355 211; 355 209; 356 208; 356 206; 357 205; 357 204; 358 203; 358 197; 359 196; 359 194; 360 193; 360 191; 361 190; 361 188; 362 187; 362 184; 360 182
31; 915 185; 914 186; 911 186; 910 187; 907 187; 906 188; 897 188; 896 189; 895 189; 893 191; 891 191; 890 192; 888 192; 887 193; 885 193; 884 194; 883 194; 882 195; 882 197; 888 203; 888 204; 894 210; 894 211; 901 218; 902 218; 906 222; 909 222; 909 221; 910 220; 910 219; 911 218; 911 217; 912 216; 912 214; 913 213; 913 209; 914 208; 914 205; 915 204; 915 202; 916 201; 916 199; 917 198; 917 196; 918 195; 918 193; 919 192; 919 186; 918 186; 917 185
32; 432 179; 432 180; 430 182; 430 183; 428 185; 428 186; 426 188; 426 189; 422 193; 422 194; 421 195; 421 197; 420 198; 420 200; 417 203; 417 204; 416 205; 416 206; 415 207; 415 209; 414 210; 414 213; 428 213; 429 214; 431 214; 432 213; 433 213; 434 214; 451 214; 452 213; 452 210; 449 207; 449 205; 448 204; 448 203; 447 202; 447 201; 446 200; 446 199; 445 198; 445 197; 442 194; 442 192; 441 191; 441 189; 440 188; 440 187; 438 185; 438 183; 437 182; 437 180; 436 179
33; 83 186; 81 188; 81 189; 75 195; 75 196; 73 198; 73 199; 72 200; 71 200; 70 201; 70 202; 69 203; 69 204; 68 205; 68 207; 65 210; 65 211; 62 214; 62 217; 63 217; 64 218; 65 218; 66 219; 70 219; 71 220; 79 220; 80 221; 88 221; 89 222; 95 222; 96 223; 98 223; 99 222; 99 218; 98 217; 98 214; 97 213; 97 211; 96 210; 96 209; 95 208; 95 207; 94 206; 94 205; 93 204; 93 203; 92 202; 92 200; 91 199; 91 198; 90 197; 90 195; 89 194; 89 192; 88 191; 88 189; 86 187; 86 186
34; 382 188; 381 189; 381 192; 379 194; 379 195; 378 196; 378 198; 377 199; 377 201; 376 202; 376 206; 375 207; 375 210; 374 211; 374 213; 373 214; 373 217; 372 218; 372 225; 373 226; 377 226; 378 225; 383 225; 384 224; 385 224; 386 223; 392 223; 393 222; 394 222; 395 221; 396 221; 397 220; 398 220; 399 219; 401 219; 402 218; 405 218; 406 217; 407 217; 408 216; 409 216; 409 213; 404 208; 403 208; 402 207; 402 206; 401 205; 400 205; 398 203; 398 202; 393 197; 393 196; 389 192; 388 192; 387 191; 387 190; 385 188
35; 537 201; 536 202; 528 202; 527 203; 519 203; 518 204; 509 204; 508 205; 508 207; 509 208; 509 209; 511 211; 511 212; 514 215; 514 216; 516 218; 516 221; 517 222; 517 223; 520 226; 521 226; 523 228; 523 229; 525 231; 525 232; 527 234; 527 235; 529 237; 532 237; 534 235; 534 234; 535 233; 535 232; 536 231; 536 230; 537 229; 537 227; 538 226; 538 224; 539 223; 539 221; 542 218; 542 217; 543 216; 543 215; 544 214; 544 211; 545 210; 545 207; 547 205; 547 202; 546 202; 545 201
36; 620 197; 619 198; 615 198; 612 201; 611 201; 610 202; 609 202; 608 203; 606 203; 604 205; 603 205; 599 209; 598 209; 596 211; 595 211; 592 214; 592 217; 593 218; 594 218; 595 219; 597 219; 605 227; 605 228; 606 229; 606 230; 608 232; 609 232; 612 235; 613 235; 615 237; 618 237; 618 234; 617 233; 617 226; 618 225; 618 224; 620 222; 620 221; 621 220; 621 219; 622 218; 622 217; 624 215; 624 214; 625 213; 625 212; 626 211; 626 201; 625 200; 625 198; 624 197
37; 261 194; 261 198; 262 199; 262 202; 263 203; 263 204; 264 205; 264 206; 265 207; 265 209; 266 210; 266 213; 267 214; 267 217; 266 218; 265 218; 264 219; 263 219; 262 220; 262 223; 263 224; 263 227; 265 227; 266 226; 269 226; 270 225; 279 225; 280 224; 280 222; 279 221; 279 220; 278 219; 278 218; 277 217; 277 216; 276 215; 276 214; 274 212; 274 210; 272 208; 272 207; 269 204; 269 203; 268 202; 268 201; 265 198; 265 197; 263 195; 263 194
38; 585 201; 583 203; 581 203; 580 204; 578 204; 577 205; 571 205; 570 206; 569 206; 568 207; 566 207; 565 208; 563 208; 562 209; 560 209; 559 210; 556 210; 554 212; 553 212; 552 213; 550 213; 549 214; 549 216; 550 217; 550 218; 555 223; 556 223; 573 240; 574 240; 575 241; 579 241; 579 239; 580 238; 580 232; 581 231; 581 227; 582 226; 582 224; 583 223; 583 222; 584 221; 584 211; 585 210; 585 206; 586 205; 586 204; 587 203; 587 201
39; 241 196; 241 200; 242 201; 242 203; 244 205; 244 206; 246 208; 247 208; 249 210; 249 213; 246 216; 246 217; 244 219; 244 220; 243 221; 243 225; 245 227; 257 227; 258 228; 262 228; 262 224; 261 223; 261 220; 258 220; 257 219; 256 219; 255 218; 255 217; 256 216; 256 212; 254 210; 253 210; 252 209; 251 209; 250 208; 250 207; 249 206; 249 204; 246 201; 246 200; 243 197; 243 196
40; 996 237; 998 239; 999 248; 1004 248; 1018 240; 1023 241; 1023 218; 1018 218; 1006 209; 1002 209; 1000 213; 1000 221; 996 228; 997 233; 994 234
41; 994 234; 989 217; 981 202; 978 203; 956 228; 956 232; 966 236; 979 237; 988 240; 992 240; 996 237
42; 304 209; 304 210; 303 211; 303 213; 301 215; 301 216; 294 223; 294 224; 293 225; 293 226; 291 228; 291 229; 290 230; 290 231; 287 234; 287 235; 285 237; 285 241; 286 242; 291 242; 292 243; 294 243; 295 242; 301 242; 302 243; 304 243; 305 244; 310 244; 311 245; 313 245; 314 244; 318 244; 319 243; 324 243; 325 242; 325 238; 324 237; 324 236; 322 234; 322 233; 321 232; 321 231; 320 230; 320 229; 319 228; 319 227; 318 226; 318 225; 317 224; 317 223; 315 221; 315 220; 314 219; 314 218; 313 217; 313 216; 311 214; 311 213; 309 211; 309 210; 308 209
43; 821 212; 820 213; 820 217; 819 218; 819 219; 818 220; 818 221; 817 222; 817 224; 815 226; 815 227; 814 228; 814 237; 813 238; 813 239; 812 240; 812 241; 811 242; 811 243; 810 244; 810 245; 809 246; 809 249; 810 250; 818 250; 819 249; 821 249; 822 248; 825 248; 826 247; 829 247; 830 246; 834 246; 835 245; 840 245; 841 244; 842 244; 844 242; 846 242; 847 241; 848 241; 849 240; 849 237; 846 234; 846 233; 839 226; 838 226; 833 221; 833 220; 825 212
44; 337 218; 336 219; 336 220; 335 221; 335 224; 334 225; 334 226; 333 227; 333 228; 332 229; 332 235; 331 236; 331 237; 330 238; 330 241; 329 242; 329 243; 328 244; 328 247; 327 248; 327 253; 328 254; 333 254; 334 253; 337 253; 338 252; 348 252; 352 248; 354 248; 355 247; 356 247; 357 246; 358 246; 359 245; 360 245; 361 244; 365 244; 367 242; 367 240; 358 231; 357 231; 351 225; 351 224; 350 223; 351 222; 351 220; 352 219; 345 219; 344 218
45; 418 226; 417 227; 414 227; 413 228; 408 228; 407 229; 403 229; 402 230; 397 230; 396 231; 392 231; 391 232; 390 232; 390 237; 392 239; 392 240; 396 244; 396 245; 397 246; 397 247; 400 250; 400 251; 401 252; 401 253; 409 261; 409 262; 410 263; 411 263; 412 264; 416 264; 419 261; 419 259; 420 258; 420 257; 421 256; 421 253; 422 252; 422 251; 423 250; 423 249; 425 247; 425 236; 426 235; 426 234; 428 232; 428 231; 429 230; 429 228; 427 226
46; 379 255; 378 256; 376 256; 375 257; 373 257; 372 258; 368 258; 367 259; 365 259; 364 260; 363 260; 362 261; 360 261; 359 262; 357 262; 356 263; 355 263; 354 264; 353 264; 352 265; 351 265; 347 269; 347 271; 351 275; 352 275; 354 277; 355 277; 362 284; 363 284; 374 295; 378 295; 379 294; 379 293; 380 292; 380 289; 381 288; 381 284; 382 283; 382 281; 384 279; 384 276; 385 275; 385 271; 386 270; 386 262; 387 261; 387 256; 386 255
47; 730 260; 728 262; 728 263; 727 264; 727 269; 726 270; 726 271; 725 272; 725 273; 724 274; 724 279; 723 280; 723 288; 722 289; 722 291; 721 292; 721 294; 720 295; 720 300; 722 302; 727 302; 728 301; 729 301; 730 300; 731 300; 732 299; 734 299; 735 298; 736 298; 737 297; 740 297; 741 296; 742 296; 743 295; 744 295; 745 294; 746 294; 747 293; 749 293; 750 292; 752 292; 753 291; 756 291; 761 286; 761 282; 760 281; 758 281; 757 280; 756 280; 755 279; 754 279; 752 277; 751 277; 745 271; 744 271; 741 268; 740 268; 738 266; 738 265; 737 264; 736 264; 735 263; 735 262; 734 261; 733 261; 732 260
48; 199 302; 198 303; 195 303; 194 304; 188 304; 187 305; 182 305; 181 306; 175 306; 174 307; 172 307; 171 308; 170 308; 169 309; 168 309; 167 310; 167 314; 169 316; 169 317; 172 320; 172 321; 176 325; 176 326; 178 328; 178 329; 180 331; 181 331; 187 337; 187 338; 191 342; 193 342; 197 338; 197 335; 199 333; 199 332; 200 331; 200 330; 201 329; 201 325; 202 324; 202 322; 203 321; 203 320; 204 319; 204 318; 205 317; 205 316; 206 315; 206 313; 207 312; 207 310; 208 309; 208 304; 206 302
49; 146 327; 146 328; 145 329; 145 330; 144 331; 144 346; 143 347; 143 352; 142 353; 142 359; 141 360; 141 367; 147 367; 148 366; 149 366; 150 365; 151 365; 152 364; 154 364; 155 363; 156 363; 157 362; 159 362; 160 361; 162 361; 163 360; 166 360; 167 359; 170 359; 171 358; 172 358; 175 355; 176 355; 180 351; 180 349; 176 345; 175 345; 174 344; 173 344; 168 339; 168 338; 166 336; 165 336; 164 335; 162 335; 161 334; 160 334; 158 332; 157 332; 156 331; 155 331; 153 329; 152 329; 150 327
50; 448 350; 446 352; 446 357; 445 358; 445 364; 444 365; 444 367; 443 368; 443 369; 442 370; 442 373; 443 374; 443 376; 444 377; 443 378; 443 388; 444 389; 444 390; 445 390; 446 391; 448 391; 449 390; 450 390; 451 389; 452 389; 453 388; 454 388; 455 387; 456 387; 457 386; 458 386; 459 385; 462 385; 463 384; 465 384; 466 383; 467 383; 468 382; 469 382; 470 381; 471 381; 472 380; 473 380; 474 379; 477 379; 478 378; 479 378; 481 376; 481 374; 472 365; 471 365; 469 363; 468 363; 466 361; 466 360; 465 359; 464 359; 461 356; 460 356; 458 354; 457 354; 455 352; 454 352; 453 351; 452 351; 451 350
51; 527 362; 526 363; 526 365; 525 366; 525 375; 524 376; 524 379; 523 380; 523 381; 522 382; 522 383; 521 384; 521 387; 520 388; 520 390; 519 391; 519 393; 518 394; 518 399; 519 400; 519 402; 521 402; 522 401; 524 401; 525 400; 527 400; 528 399; 538 399; 539 398; 540 398; 541 397; 542 397; 543 396; 546 396; 547 395; 549 395; 550 394; 551 394; 552 393; 554 393; 555 392; 556 392; 557 391; 557 387; 550 380; 550 379; 545 374; 545 373; 536 364; 535 364; 533 362
52; 235 374; 234 375; 229 375; 228 376; 225 376; 224 377; 222 377; 221 378; 210 378; 209 379; 208 379; 206 381; 206 383; 207 384; 207 385; 210 388; 210 389; 211 390; 211 391; 214 394; 214 395; 213 396; 214 397; 215 397; 217 399; 218 399; 222 403; 222 404; 223 405; 223 406; 224 407; 227 407; 228 406; 230 406; 230 403; 232 401; 233 401; 234 400; 235 400; 236 399; 237 399; 239 397; 240 397; 240 393; 241 392; 241 390; 243 388; 243 387; 244 386; 244 384; 245 383; 245 382; 246 381; 246 377; 243 374
53; 491 371; 490 372; 489 372; 488 373; 488 374; 487 375; 487 378; 486 379; 486 381; 485 382; 485 383; 484 384; 484 385; 483 386; 483 389; 482 390; 482 391; 481 392; 481 394; 480 395; 480 396; 479 397; 479 401; 478 402; 478 405; 477 406; 477 409; 479 411; 483 411; 484 410; 491 410; 492 409; 497 409; 498 408; 504 408; 505 407; 506 407; 507 406; 509 406; 510 405; 514 405; 515 404; 516 404; 517 403; 518 403; 518 400; 517 399; 517 397; 514 397; 513 396; 513 395; 511 393; 511 392; 504 385; 504 384; 501 381; 501 380; 497 376; 497 375; 496 374; 496 373; 494 371
54; 963 380; 962 381; 957 381; 956 382; 952 382; 951 383; 946 383; 945 384; 943 384; 942 385; 936 385; 935 386; 933 386; 932 387; 930 387; 929 388; 929 391; 932 394; 932 395; 937 400; 937 401; 940 404; 940 405; 943 408; 943 409; 946 412; 946 413; 948 415; 949 415; 952 418; 956 418; 957 417; 957 414; 958 413; 958 411; 959 410; 959 409; 960 408; 960 406; 963 403; 963 400; 964 399; 964 395; 965 394; 965 393; 966 392; 966 391; 967 390; 967 388; 968 387; 968 382; 967 381; 966 381; 965 380
55; 273 381; 273 382; 271 384; 271 387; 270 388; 270 395; 269 396; 269 399; 268 400; 268 406; 267 407; 267 410; 266 411; 266 412; 267 413; 267 414; 268 415; 268 416; 269 417; 269 419; 271 421; 272 421; 273 420; 274 420; 275 419; 276 419; 277 418; 280 418; 281 417; 283 417; 284 416; 285 416; 286 415; 287 415; 288 414; 289 414; 290 413; 294 413; 295 412; 297 412; 298 411; 300 411; 304 407; 304 404; 303 403; 303 402; 302 402; 300 400; 299 400; 293 394; 293 393; 292 393; 290 391; 289 391; 287 389; 286 389; 278 381
56; 210 396; 209 397; 208 397; 206 399; 206 400; 204 402; 204 403; 202 405; 202 406; 201 407; 201 408; 200 409; 200 410; 194 416; 194 417; 192 419; 192 420; 187 425; 187 429; 189 429; 190 430; 194 430; 195 431; 200 431; 201 432; 205 432; 206 433; 208 433; 209 434; 223 434; 224 433; 226 433; 228 431; 228 420; 227 419; 227 413; 225 411; 223 411; 221 409; 220 409; 215 404; 215 403; 213 401; 213 397; 212 396
57; 236 431; 236 434; 243 442; 244 446; 249 451; 252 458; 256 462; 260 462; 277 428; 270 423; 266 413; 263 413
58; 263 413; 261 411; 252 392; 247 391; 241 397; 241 400; 233 408; 224 408; 228 413; 229 430; 233 428; 236 431
59; 516 411; 515 412; 513 412; 512 413; 501 413; 500 414; 499 414; 498 415; 490 415; 489 416; 485 416; 484 417; 483 417; 482 418; 482 422; 483 423; 483 424; 484 425; 484 426; 487 429; 487 430; 491 434; 492 434; 493 435; 493 436; 501 444; 501 445; 503 447; 503 448; 504 449; 507 449; 508 448; 509 448; 510 447; 510 445; 511 444; 511 442; 512 441; 512 439; 513 438; 513 437; 514 436; 514 435; 517 432; 517 430; 516 429; 517 428; 517 423; 518 422; 518 421; 519 420; 519 419; 520 418; 520 416; 521 415; 521 413; 519 411
60; 127 414; 124 417; 123 417; 120 420; 120 421; 117 424; 117 425; 116 426; 116 427; 115 428; 115 429; 113 431; 113 432; 111 434; 111 435; 106 440; 106 442; 105 443; 105 447; 107 449; 112 449; 113 450; 119 450; 120 451; 121 451; 122 452; 129 452; 130 451; 131 451; 132 452; 142 452; 143 451; 143 444; 142 443; 142 442; 141 441; 141 440; 140 439; 140 437; 139 436; 139 434; 138 433; 138 432; 137 431; 137 429; 135 427; 135 426; 134 425; 134 424; 133 423; 133 422; 132 421; 132 419; 131 418; 131 416; 129 414
61; 530 416; 529 417; 529 418; 526 421; 526 423; 525 424; 525 425; 524 426; 524 427; 520 431; 520 433; 519 434; 519 438; 517 440; 517 441; 515 443; 515 444; 514 445; 514 447; 513 448; 513 450; 515 452; 517 452; 518 453; 525 453; 526 452; 533 452; 534 451; 539 451; 540 450; 542 450; 543 451; 550 451; 551 450; 553 450; 553 444; 552 443; 552 442; 551 441; 551 440; 548 437; 548 436; 544 432; 544 431; 543 430; 543 428; 538 423; 538 422; 537 421; 537 420; 536 419; 536 418; 534 416
62; 588 429; 587 430; 583 430; 582 431; 572 431; 571 432; 568 432; 567 433; 566 433; 565 434; 563 434; 562 435; 557 435; 556 436; 555 436; 555 440; 559 444; 560 444; 562 446; 562 447; 563 448; 563 449; 565 451; 565 452; 569 456; 569 457; 571 459; 571 460; 575 464; 575 465; 576 466; 576 467; 577 467; 578 468; 581 468; 581 467; 582 466; 582 465; 583 464; 583 461; 585 459; 585 458; 586 457; 586 456; 587 455; 587 454; 588 453; 588 450; 589 449; 589 445; 590 444; 590 443; 591 442; 591 440; 593 438; 593 436; 594 435; 594 430; 593 429
63; 311 429; 310 430; 308 430; 307 431; 300 431; 299 432; 296 432; 295 433; 293 433; 292 434; 290 434; 289 435; 285 435; 284 436; 281 436; 280 437; 279 437; 278 438; 278 442; 286 450; 286 451; 288 453; 288 454; 294 460; 294 461; 301 468; 304 468; 305 467; 305 466; 306 465; 306 463; 307 462; 307 461; 308 460; 308 459; 309 458; 309 456; 310 455; 310 453; 311 452; 311 450; 312 449; 312 448; 313 447; 313 445; 314 444; 314 443; 315 442; 315 438; 316 437; 316 430; 315 429
64; 230 435; 228 437; 228 438; 226 440; 225 440; 223 442; 222 442; 217 447; 217 448; 214 451; 213 451; 210 454; 209 454; 204 459; 204 463; 205 463; 206 464; 207 464; 212 469; 214 469; 215 468; 216 468; 217 469; 219 469; 220 470; 221 470; 222 471; 225 471; 226 472; 231 472; 232 473; 234 473; 235 474; 241 474; 242 473; 242 464; 241 463; 241 455; 240 454; 240 453; 239 452; 239 450; 238 449; 238 447; 237 446; 237 444; 236 443; 236 442; 235 441; 235 438; 234 437; 234 436; 233 436; 232 435
65; 483 444; 483 445; 481 447; 481 448; 480 449; 480 450; 479 451; 479 452; 478 453; 478 455; 477 456; 477 457; 476 458; 476 459; 475 460; 475 461; 474 462; 474 463; 473 464; 473 465; 472 466; 472 467; 471 468; 471 471; 470 472; 470 474; 468 476; 468 481; 487 481; 488 482; 490 482; 491 481; 493 481; 494 480; 496 480; 497 479; 500 479; 501 478; 502 478; 503 477; 507 477; 508 478; 508 477; 509 476; 509 474; 507 472; 507 471; 501 465; 501 464; 498 461; 498 459; 496 457; 496 456; 494 454; 494 453; 489 448; 489 447; 486 444
66; 69 457; 68 458; 63 458; 62 459; 54 459; 53 460; 48 460; 47 461; 44 461; 42 463; 42 466; 44 468; 44 469; 47 472; 47 473; 52 478; 52 480; 53 481; 53 482; 55 484; 56 484; 62 490; 62 491; 65 494; 67 494; 68 495; 69 495; 71 493; 71 492; 72 491; 72 489; 73 488; 73 484; 74 483; 74 480; 75 479; 75 477; 76 476; 76 475; 77 474; 77 473; 78 472; 78 469; 79 468; 79 466; 80 465; 80 464; 82 462; 82 457
67; 405 455; 404 456; 404 462; 403 463; 403 468; 402 469; 402 478; 401 479; 401 482; 402 483; 401 484; 401 491; 402 492; 407 492; 408 491; 412 491; 413 490; 416 490; 417 489; 420 489; 421 488; 424 488; 426 486; 427 486; 428 485; 434 485; 435 484; 436 484; 437 483; 437 482; 438 481; 438 478; 440 476; 440 474; 438 474; 437 473; 436 473; 435 472; 433 472; 431 470; 430 470; 429 469; 414 469; 412 467; 412 465; 411 464; 411 462; 410 461; 410 460; 409 459; 409 457; 407 455
68; 530 472; 529 473; 527 473; 526 474; 517 474; 516 475; 511 475; 510 474; 510 476; 509 477; 509 478; 517 486; 517 487; 518 488; 518 489; 519 490; 519 491; 520 492; 520 493; 521 494; 521 495; 523 497; 523 498; 524 499; 524 500; 526 502; 526 503; 531 508; 533 508; 536 505; 537 505; 539 503; 539 502; 540 501; 540 499; 541 498; 541 497; 542 496; 542 495; 543 494; 543 493; 544 492; 544 491; 546 489; 546 488; 549 485; 551 485; 552 486; 552 483; 553 482; 553 478; 552 477; 551 477; 549 475; 549 474; 547 472; 541 472; 540 473; 537 473; 536 472
69; 583 471; 582 472; 581 472; 579 474; 575 474; 574 475; 572 475; 571 476; 570 476; 569 477; 567 477; 566 478; 562 478; 561 479; 558 479; 557 480; 556 480; 555 479; 554 479; 554 482; 553 483; 553 487; 555 489; 555 490; 564 499; 564 500; 565 500; 570 505; 571 505; 574 508; 574 509; 576 511; 580 511; 581 510; 581 509; 582 508; 582 504; 583 503; 583 502; 584 501; 584 499; 585 498; 585 497; 587 495; 587 492; 588 491; 588 483; 589 482; 589 479; 590 478; 590 475; 589 474; 589 472; 588 471
70; 209 468; 206 471; 206 472; 205 473; 205 479; 204 480; 204 482; 203 483; 203 492; 202 493; 202 504; 201 505; 201 509; 202 510; 204 510; 205 509; 207 509; 208 508; 211 508; 212 507; 213 507; 214 506; 217 506; 218 505; 222 505; 223 504; 224 504; 226 502; 228 502; 229 501; 230 501; 231 500; 232 500; 233 499; 234 499; 237 496; 238 496; 238 492; 236 490; 235 490; 234 489; 233 489; 231 487; 230 487; 223 480; 222 480; 220 478; 219 478; 213 472; 213 470; 212 470; 210 468
71; 280 472; 280 475; 279 476; 279 477; 277 479; 276 479; 274 477; 274 476; 271 476; 267 480; 267 481; 263 485; 263 486; 262 487; 262 489; 261 490; 261 491; 260 492; 260 493; 259 494; 259 495; 258 496; 258 497; 257 498; 257 500; 255 502; 255 503; 254 504; 254 507; 255 508; 256 508; 257 509; 269 509; 270 510; 274 510; 274 509; 275 508; 275 507; 279 503; 280 503; 281 502; 281 501; 282 500; 285 500; 286 501; 287 501; 289 503; 290 503; 291 504; 293 504; 293 501; 292 500; 292 499; 291 498; 291 495; 290 494; 290 493; 289 492; 289 491; 288 490; 288 488; 287 487; 287 484; 286 483; 286 481; 285 480; 285 477; 284 476; 284 474; 283 473; 283 472
72; 640 488; 639 489; 638 489; 637 490; 637 491; 636 492; 636 493; 634 495; 634 497; 633 498; 633 499; 631 501; 631 502; 630 503; 630 505; 629 506; 629 508; 628 509; 628 510; 627 511; 627 513; 626 514; 626 516; 625 517; 625 522; 626 523; 634 523; 635 522; 640 522; 641 521; 648 521; 649 520; 655 520; 656 519; 660 519; 661 518; 662 518; 664 516; 664 514; 661 511; 661 510; 658 507; 658 506; 657 505; 656 505; 654 503; 653 503; 648 498; 648 496; 647 495; 647 493; 646 492; 646 491; 644 489; 643 489; 642 488
73; 479 489; 477 491; 477 492; 476 493; 476 494; 475 495; 475 497; 474 498; 474 499; 473 500; 473 501; 471 503; 471 504; 469 506; 469 508; 468 509; 468 510; 467 511; 467 512; 466 513; 466 514; 465 515; 465 518; 464 519; 464 520; 463 521; 463 524; 464 525; 469 525; 470 524; 475 524; 476 525; 485 525; 486 524; 488 524; 489 523; 495 523; 496 522; 501 522; 502 523; 505 520; 503 518; 503 517; 497 511; 497 510; 493 506; 493 505; 492 504; 492 503; 490 501; 490 500; 489 499; 489 498; 488 497; 488 496; 487 495; 487 494; 486 493; 486 492; 485 491; 485 490; 484 490; 483 489
74; 71 494; 69 496; 69 500; 68 501; 68 504; 67 505; 67 509; 66 510; 66 512; 65 513; 65 515; 64 516; 64 518; 63 519; 63 521; 62 522; 62 525; 61 526; 61 528; 60 529; 60 533; 62 535; 64 535; 65 534; 69 534; 70 533; 74 533; 75 532; 80 532; 81 531; 85 531; 86 530; 89 530; 90 529; 92 529; 93 528; 96 528; 98 526; 98 523; 92 517; 92 516; 90 514; 90 513; 86 509; 85 509; 81 505; 81 504; 75 498; 75 497; 72 494
75; 898 502; 896 504; 896 506; 895 507; 895 508; 893 510; 893 511; 890 514; 890 515; 889 516; 889 517; 888 518; 888 519; 887 520; 887 521; 885 523; 885 524; 884 525; 884 526; 883 527; 883 528; 882 529; 882 530; 878 534; 877 534; 877 536; 878 536; 879 537; 885 537; 886 538; 892 538; 893 539; 901 539; 902 538; 911 538; 912 539; 915 539; 916 538; 917 538; 917 534; 916 533; 916 531; 915 530; 915 528; 914 527; 914 526; 912 524; 912 523; 910 521; 910 518; 909 517; 909 515; 908 514; 908 513; 907 512; 907 510; 906 509; 906 508; 900 502
76; 851 504; 849 506; 849 507; 848 508; 848 509; 847 510; 847 512; 846 513; 846 516; 845 517; 845 518; 844 519; 844 520; 843 521; 843 522; 842 523; 842 524; 841 525; 841 526; 840 527; 840 528; 839 529; 839 532; 838 533; 838 536; 837 537; 837 539; 839 541; 842 541; 843 542; 845 542; 846 541; 852 541; 853 542; 855 542; 856 541; 857 541; 858 540; 859 540; 860 539; 862 539; 863 538; 865 538; 866 537; 873 537; 874 536; 876 536; 876 533; 871 528; 871 527; 870 526; 870 525; 868 523; 868 522; 866 520; 866 519; 865 518; 865 517; 857 509; 857 508; 855 506; 855 505; 854 505; 853 504
77; 782 517; 781 518; 779 518; 778 519; 775 519; 774 520; 767 520; 766 521; 765 521; 764 522; 763 522; 762 523; 761 523; 760 524; 755 524; 754 525; 752 525; 751 526; 750 526; 748 528; 747 528; 747 530; 748 531; 748 532; 750 532; 751 533; 752 533; 758 539; 759 539; 768 548; 768 549; 769 549; 773 553; 774 553; 776 555; 779 555; 781 553; 781 550; 782 549; 782 544; 783 543; 783 541; 784 540; 784 537; 783 536; 783 534; 784 533; 784 529; 785 528; 785 526; 786 525; 786 523; 787 522; 787 518; 786 517
78; 185 512; 184 513; 184 514; 183 515; 183 517; 182 518; 182 519; 181 520; 181 522; 180 523; 180 524; 179 525; 179 526; 177 528; 177 529; 176 530; 176 531; 175 532; 175 537; 174 538; 174 541; 173 542; 173 543; 172 544; 172 545; 171 546; 171 548; 173 550; 176 550; 177 549; 180 549; 181 548; 184 548; 185 547; 188 547; 189 548; 191 548; 192 547; 205 547; 206 546; 208 546; 209 545; 210 545; 210 542; 208 540; 208 539; 207 538; 207 537; 205 535; 205 534; 204 533; 204 532; 203 531; 203 530; 199 526; 199 525; 196 522; 196 521; 193 518; 193 517; 191 515; 191 514; 189 512
79; 983 512; 982 513; 982 514; 981 515; 981 518; 980 519; 980 521; 979 522; 979 523; 978 524; 978 526; 977 527; 977 528; 976 529; 976 530; 975 531; 975 533; 974 534; 974 536; 973 537; 973 540; 972 541; 972 542; 971 543; 971 544; 970 545; 970 549; 980 549; 981 548; 985 548; 986 549; 988 549; 989 548; 991 548; 992 547; 993 547; 994 546; 998 546; 999 545; 1002 545; 1003 544; 1005 544; 1006 543; 1007 543; 1007 540; 1006 539; 1006 538; 1004 536; 1004 535; 1003 534; 1003 533; 999 529; 999 528; 996 525; 996 524; 990 518; 990 517; 988 515; 988 514; 987 513; 987 512
80; 294 511; 294 512; 293 513; 293 518; 292 519; 292 521; 291 522; 291 523; 290 524; 290 525; 288 527; 288 532; 287 533; 287 535; 286 536; 286 537; 285 538; 285 539; 284 540; 284 542; 283 543; 283 547; 284 548; 288 548; 289 547; 291 547; 292 546; 294 546; 295 545; 297 545; 298 544; 300 544; 301 543; 303 543; 304 542; 306 542; 309 539; 309 532; 310 531; 310 530; 311 529; 311 527; 307 527; 306 528; 306 529; 304 531; 304 532; 302 534; 301 534; 300 535; 299 535; 298 536; 297 536; 296 535; 296 530; 297 529; 297 527; 298 526; 298 525; 299 524; 299 520; 298 519; 298 515; 297 514; 297 512; 296 511
81; 505 521; 503 523; 503 524; 504 525; 504 528; 505 529; 505 536; 506 537; 506 545; 507 546; 507 549; 508 550; 508 555; 509 556; 509 560; 510 561; 510 562; 511 563; 513 563; 514 562; 515 562; 516 561; 517 561; 519 559; 520 559; 521 558; 521 557; 523 555; 523 554; 525 552; 526 552; 532 546; 533 546; 533 545; 539 539; 540 539; 541 538; 541 535; 540 535; 539 534; 537 534; 536 533; 535 533; 534 532; 533 532; 532 531; 531 531; 530 530; 528 530; 527 529; 526 529; 525 528; 524 528; 523 527; 520 527; 519 526; 516 526; 515 525; 514 525; 513 524; 511 524; 510 523; 509 523; 508 522; 507 522; 506 521
82; 697 528; 696 529; 695 529; 693 531; 692 531; 690 533; 689 533; 688 534; 687 534; 686 535; 684 535; 683 536; 682 536; 681 537; 679 537; 676 540; 675 540; 674 541; 673 541; 672 542; 671 542; 671 551; 678 558; 682 558; 683 559; 684 559; 688 563; 689 563; 692 566; 693 566; 694 567; 694 568; 695 568; 696 569; 698 569; 701 566; 701 565; 703 563; 703 557; 702 556; 702 539; 701 538; 701 530; 700 529; 700 528
83; 746 528; 745 529; 743 529; 742 530; 740 530; 739 531; 737 531; 736 532; 734 532; 733 533; 731 533; 730 534; 729 534; 728 535; 726 535; 725 536; 724 536; 723 537; 721 537; 720 538; 715 538; 714 539; 712 539; 711 540; 711 543; 712 544; 712 545; 714 547; 714 548; 726 560; 727 560; 736 569; 739 569; 741 567; 741 564; 742 563; 742 561; 743 560; 743 557; 744 556; 744 554; 746 552; 746 547; 745 546; 745 542; 746 541; 746 536; 747 535; 747 534; 748 533; 747 532; 747 531; 746 530
84; 933 541; 932 542; 929 542; 928 543; 925 543; 924 544; 922 544; 921 545; 919 545; 918 546; 915 546; 914 547; 912 547; 911 548; 910 548; 909 549; 906 549; 905 550; 902 550; 900 552; 900 556; 901 557; 902 557; 908 563; 909 563; 910 564; 910 565; 912 567; 912 568; 915 571; 916 571; 917 572; 918 572; 923 577; 924 577; 926 579; 927 579; 928 580; 932 580; 932 573; 933 572; 933 568; 934 567; 934 558; 935 557; 935 556; 936 555; 936 553; 937 552; 937 548; 938 547; 938 543; 936 541
85; 560 547; 557 550; 557 551; 556 552; 556 553; 555 554; 555 555; 554 556; 554 557; 552 559; 552 560; 548 564; 548 569; 547 570; 547 571; 546 572; 546 573; 545 574; 545 575; 543 577; 543 578; 542 579; 542 582; 543 583; 579 583; 580 582; 581 582; 584 579; 584 577; 583 576; 583 575; 580 572; 580 571; 576 567; 576 566; 575 565; 575 564; 573 562; 573 561; 571 559; 571 558; 567 554; 567 553; 566 552; 566 551; 565 550; 565 549; 563 547
86; 669 543; 665 547; 663 547; 662 548; 661 548; 659 550; 659 551; 658 552; 658 553; 657 554; 657 555; 656 556; 656 558; 655 559; 655 560; 654 561; 654 562; 652 564; 652 565; 650 567; 650 568; 648 570; 648 571; 647 572; 647 573; 645 575; 645 577; 644 578; 644 580; 645 581; 645 582; 646 583; 684 583; 685 582; 685 577; 684 576; 684 575; 683 574; 683 573; 682 572; 682 571; 681 570; 681 569; 680 568; 680 567; 679 566; 679 565; 678 564; 678 563; 677 562; 677 558; 670 551; 670 543
87; 172 564; 171 565; 168 565; 167 566; 158 566; 156 568; 155 568; 154 569; 153 569; 152 570; 150 570; 149 571; 147 571; 146 572; 144 572; 143 573; 141 573; 139 575; 139 580; 141 582; 142 582; 150 590; 151 590; 156 595; 156 596; 159 599; 160 599; 161 600; 161 601; 163 603; 163 604; 167 604; 168 603; 168 602; 169 601; 169 600; 170 599; 170 597; 171 596; 171 594; 172 593; 172 590; 173 589; 173 588; 174 587; 174 585; 175 584; 175 579; 176 578; 176 577; 177 576; 177 565; 176 564
88; 1008 581; 1007 582; 1005 582; 1004 583; 1001 583; 1000 584; 989 584; 988 585; 982 585; 981 586; 979 586; 978 587; 976 587; 975 588; 974 588; 973 589; 973 591; 974 592; 974 593; 976 595; 977 595; 978 596; 978 597; 982 601; 982 602; 987 607; 987 608; 991 612; 991 613; 994 616; 994 617; 997 620; 1000 620; 1001 619; 1001 618; 1003 616; 1003 614; 1004 613; 1004 612; 1005 611; 1005 609; 1006 608; 1006 607; 1007 606; 1007 605; 1009 603; 1009 601; 1010 600; 1010 596; 1012 594; 1012 593; 1013 592; 1013 590; 1014 589; 1014 584; 1011 581
89; 928 581; 928 584; 927 585; 927 587; 926 588; 926 589; 925 590; 925 592; 924 593; 924 594; 923 595; 923 596; 922 597; 922 598; 920 600; 920 601; 919 602; 919 603; 918 604; 918 607; 917 608; 917 610; 916 611; 916 612; 915 613; 915 615; 914 616; 914 619; 915 620; 915 621; 919 621; 920 620; 925 620; 926 619; 930 619; 931 618; 943 618; 944 617; 950 617; 951 616; 952 616; 954 614; 954 612; 953 611; 953 610; 949 606; 949 605; 948 604; 948 603; 947 602; 947 599; 946 598; 946 597; 945 596; 944 596; 943 595; 942 595; 939 592; 939 591; 937 589; 937 588; 936 587; 936 586; 933 583; 933 582; 932 581
90; 654 592; 653 593; 652 593; 651 594; 641 594; 640 595; 638 595; 637 596; 636 596; 635 597; 635 600; 636 601; 636 602; 637 602; 640 605; 640 606; 641 607; 641 608; 642 609; 642 610; 646 614; 646 615; 647 615; 649 617; 649 618; 650 619; 650 620; 651 621; 651 622; 652 623; 652 624; 653 625; 653 626; 654 627; 654 628; 655 629; 660 629; 661 628; 661 627; 662 626; 662 625; 663 624; 663 623; 664 622; 664 621; 665 620; 665 619; 666 618; 666 617; 668 615; 668 613; 669 612; 669 611; 670 610; 670 609; 671 608; 671 607; 672 606; 672 605; 673 604; 673 603; 674 602; 674 599; 675 598; 675 594; 673 592; 666 592; 665 593; 657 593; 656 592
91; 15 602; 13 604; 13 609; 14 610; 14 612; 15 613; 15 614; 16 615; 16 616; 18 618; 18 621; 19 622; 19 624; 20 625; 20 626; 24 630; 24 631; 25 632; 25 634; 26 635; 26 637; 27 638; 27 639; 28 640; 31 640; 33 638; 33 637; 35 635; 35 634; 37 632; 37 631; 38 630; 38 629; 40 627; 40 626; 43 623; 43 622; 47 618; 47 617; 52 612; 52 607; 50 605; 48 605; 47 604; 33 604; 32 603; 28 603; 27 602
92; 365 603; 365 604; 364 605; 364 606; 363 607; 363 608; 362 609; 362 612; 361 613; 361 620; 360 621; 360 629; 359 630; 359 634; 358 635; 358 642; 359 643; 363 643; 364 642; 366 642; 367 641; 368 641; 369 640; 371 640; 372 639; 374 639; 375 638; 376 638; 377 637; 378 637; 379 636; 382 636; 383 635; 387 635; 388 634; 390 634; 391 633; 393 633; 396 630; 396 627; 393 624; 392 624; 388 620; 388 619; 384 615; 383 615; 382 614; 381 614; 380 613; 379 613; 369 603
93; 770 612; 769 613; 768 613; 766 615; 765 615; 764 616; 763 616; 762 617; 761 617; 760 618; 757 618; 756 619; 755 619; 754 620; 753 620; 752 621; 751 621; 749 623; 748 623; 747 624; 746 624; 745 625; 742 625; 741 626; 740 626; 737 629; 737 632; 738 633; 739 633; 745 639; 746 639; 749 642; 750 642; 754 646; 755 646; 757 648; 758 648; 759 649; 760 649; 763 652; 764 652; 766 654; 767 654; 768 655; 769 655; 771 653; 771 652; 770 651; 770 649; 769 648; 770 647; 770 643; 771 642; 771 639; 772 638; 772 637; 773 636; 773 634; 774 633; 774 628; 773 627; 773 619; 774 618; 774 615; 773 614; 773 613; 772 612
94; 967 611; 967 612; 965 614; 965 615; 964 616; 964 617; 963 618; 963 619; 962 620; 962 621; 961 622; 961 623; 960 624; 960 626; 958 628; 958 629; 956 631; 956 635; 955 636; 955 638; 954 639; 954 640; 953 641; 953 643; 952 644; 952 645; 951 646; 951 650; 956 650; 957 649; 961 649; 962 648; 970 648; 971 647; 973 647; 974 646; 984 646; 985 645; 989 645; 990 644; 990 643; 991 642; 991 639; 990 638; 990 637; 986 633; 986 632; 979 625; 979 624; 977 622; 977 621; 973 617; 973 616; 972 615; 972 614; 969 611
95; 558 621; 555 624; 555 627; 554 628; 554 634; 553 635; 553 637; 552 638; 552 649; 551 650; 551 656; 550 657; 550 661; 551 662; 554 662; 555 661; 556 661; 557 660; 559 660; 560 659; 561 659; 562 658; 565 658; 566 657; 567 657; 568 656; 570 656; 571 655; 573 655; 574 654; 576 654; 577 653; 579 653; 580 652; 581 652; 582 651; 584 651; 585 650; 586 650; 588 648; 588 646; 580 638; 579 638; 572 631; 571 631; 561 621
96; 850 626; 849 627; 849 631; 848 632; 848 634; 847 635; 847 638; 846 639; 846 642; 845 643; 845 644; 844 645; 844 646; 843 647; 843 655; 842 656; 842 658; 841 659; 841 661; 840 662; 840 665; 841 666; 842 666; 843 665; 846 665; 847 664; 851 664; 852 663; 855 663; 856 662; 860 662; 861 661; 863 661; 864 660; 866 660; 867 659; 871 659; 872 658; 878 658; 878 649; 865 636; 864 636; 855 627; 854 627; 853 626
97; 61 639; 60 640; 57 640; 56 641; 53 641; 52 642; 40 642; 39 643; 37 643; 36 644; 29 644; 25 648; 25 650; 32 657; 32 658; 37 663; 37 664; 40 667; 40 668; 47 675; 47 676; 49 678; 51 678; 53 676; 53 675; 54 674; 54 672; 55 671; 55 670; 56 669; 56 668; 57 667; 57 664; 58 663; 58 660; 59 659; 59 656; 60 655; 60 653; 61 652; 61 650; 62 649; 62 647; 63 646; 63 645; 64 644; 64 640; 63 639
98; 130 649; 129 650; 120 650; 118 652; 116 652; 115 653; 106 653; 105 654; 105 658; 106 659; 106 660; 108 662; 108 663; 109 664; 109 665; 111 667; 111 668; 114 671; 114 672; 118 676; 118 677; 119 678; 119 679; 122 682; 122 683; 125 686; 128 686; 129 685; 129 684; 130 683; 130 682; 131 681; 131 680; 132 679; 132 678; 133 677; 133 675; 134 674; 134 673; 136 671; 136 669; 137 668; 137 667; 138 666; 138 665; 139 664; 139 663; 140 662; 140 659; 142 657; 142 656; 143 655; 143 654; 144 653; 144 651; 143 650; 141 650; 140 649
99; 800 649; 799 650; 789 650; 788 651; 786 651; 785 652; 782 652; 781 653; 772 653; 770 655; 770 656; 772 658; 772 659; 773 660; 773 661; 777 665; 777 666; 778 667; 778 668; 779 669; 779 670; 780 671; 780 672; 782 674; 782 675; 785 678; 785 679; 786 680; 786 681; 788 683; 788 684; 790 686; 793 686; 797 682; 797 681; 799 679; 801 679; 801 675; 800 674; 800 673; 801 672; 801 671; 804 668; 804 667; 805 666; 805 665; 806 664; 806 663; 807 662; 807 660; 808 659; 808 656; 809 655; 809 650; 808 649
100; 947 651; 946 652; 932 652; 931 653; 922 653; 921 654; 918 654; 917 655; 914 655; 913 656; 912 656; 912 661; 914 663; 914 664; 918 668; 918 669; 919 670; 919 671; 921 673; 921 674; 926 679; 926 680; 928 682; 929 682; 930 683; 930 684; 932 686; 932 687; 933 688; 936 688; 937 687; 937 686; 938 685; 938 683; 939 682; 939 681; 940 680; 940 679; 941 678; 941 676; 942 675; 942 674; 943 673; 943 672; 945 670; 945 669; 946 668; 946 667; 947 666; 947 664; 948 663; 948 660; 949 659; 949 657; 950 656; 950 654; 951 653; 951 651
101; 865 668; 864 669; 853 669; 852 670; 849 670; 847 672; 847 674; 849 676; 849 677; 850 678; 850 679; 851 680; 851 681; 853 683; 853 684; 854 685; 854 686; 855 687; 855 688; 856 689; 856 691; 858 693; 858 694; 860 696; 860 697; 862 699; 862 700; 863 701; 863 702; 864 703; 864 704; 867 704; 868 703; 869 703; 873 699; 873 698; 875 696; 875 695; 876 694; 876 693; 877 692; 877 691; 879 689; 879 688; 880 687; 880 686; 881 685; 881 683; 882 682; 882 681; 883 680; 883 678; 884 677; 884 676; 885 675; 885 674; 886 673; 886 671; 884 669; 870 669; 869 668
102; 987 662; 986 663; 986 665; 985 666; 985 668; 984 669; 984 671; 983 672; 983 674; 982 675; 982 676; 981 677; 981 678; 980 679; 980 681; 979 682; 979 687; 978 688; 978 695; 977 696; 977 698; 976 699; 976 700; 977 700; 979 702; 980 702; 981 701; 983 701; 984 700; 987 700; 988 699; 989 699; 990 698; 991 698; 992 697; 994 697; 995 696; 1000 696; 1001 695; 1009 695; 1010 694; 1011 694; 1013 692; 1014 692; 1014 688; 1013 687; 1013 686; 1004 677; 1004 676; 1001 673; 1001 672; 1000 671; 1000 670; 995 665; 994 665; 991 662
103; 840 666; 839 667; 837 667; 836 668; 835 668; 834 669; 833 669; 832 670; 828 670; 827 671; 824 671; 823 672; 820 672; 819 673; 811 673; 810 674; 809 674; 808 675; 807 675; 806 676; 804 676; 803 677; 802 677; 802 680; 803 681; 803 682; 824 703; 824 704; 826 706; 829 706; 831 704; 831 701; 832 700; 832 699; 833 698; 833 697; 834 696; 834 694; 835 693; 835 692; 837 690; 837 689; 838 688; 838 681; 839 680; 839 678; 840 677; 840 675; 842 673; 842 670; 841 669; 841 667
104; 102 670; 101 671; 101 672; 100 673; 100 674; 99 675; 99 677; 98 678; 98 679; 97 680; 97 682; 96 683; 96 686; 95 687; 95 690; 94 691; 94 693; 93 694; 93 695; 92 696; 92 697; 91 698; 91 701; 90 702; 90 707; 91 708; 100 708; 101 707; 104 707; 105 706; 107 706; 108 705; 112 705; 113 704; 114 704; 115 703; 123 703; 124 702; 125 702; 126 701; 130 701; 130 699; 129 699; 125 695; 125 694; 120 689; 120 688; 117 685; 117 684; 115 682; 115 681; 113 679; 113 678; 105 670
105; 343 709; 342 716; 351 713; 355 716; 357 720; 360 720; 374 706; 383 693; 383 690; 380 688; 365 691; 360 685
106; 360 685; 338 677; 332 673; 329 673; 327 675; 327 696; 329 700; 330 713; 341 707; 343 709
107; 293 677; 292 678; 292 679; 291 680; 291 682; 290 683; 290 684; 288 686; 288 687; 287 688; 287 689; 286 690; 286 691; 285 692; 285 693; 284 694; 284 695; 283 696; 283 697; 282 698; 282 700; 281 701; 281 702; 280 703; 280 705; 279 706; 279 708; 278 709; 278 713; 279 714; 284 714; 285 713; 291 713; 292 712; 293 712; 294 713; 301 713; 302 712; 306 712; 307 711; 310 711; 311 710; 313 710; 314 711; 315 711; 317 709; 317 707; 313 703; 313 702; 311 700; 311 699; 308 696; 308 695; 307 694; 307 693; 305 691; 305 690; 304 689; 304 688; 303 687; 303 686; 302 685; 302 684; 297 679; 297 678; 296 677
108; 150 694; 149 695; 148 695; 147 696; 143 696; 142 697; 139 697; 138 698; 135 698; 134 699; 132 699; 132 702; 133 703; 133 704; 135 706; 135 707; 141 713; 141 714; 144 717; 144 718; 147 721; 147 722; 150 725; 150 726; 152 728; 152 729; 153 729; 154 730; 157 730; 158 729; 158 728; 159 727; 159 725; 160 724; 160 723; 161 722; 161 721; 162 720; 162 719; 163 718; 163 717; 164 716; 164 715; 165 714; 165 711; 166 710; 166 709; 167 708; 167 707; 168 706; 168 705; 169 704; 169 702; 170 701; 170 700; 171 699; 171 694; 165 694; 164 695; 156 695; 155 694
109; 892 699; 891 700; 881 700; 880 701; 878 701; 877 702; 877 704; 878 705; 878 706; 880 708; 880 709; 881 710; 881 711; 882 712; 882 713; 883 714; 883 715; 884 716; 884 719; 885 720; 885 721; 887 723; 887 724; 888 725; 888 726; 889 727; 889 729; 893 733; 893 734; 895 736; 896 736; 897 735; 898 735; 898 734; 901 731; 901 730; 902 729; 902 727; 903 726; 903 725; 904 724; 904 723; 909 718; 909 717; 911 715; 911 714; 913 712; 913 710; 914 709; 914 708; 917 705; 917 703; 916 703; 915 702; 914 702; 913 701; 899 701; 898 700; 895 700; 894 699
110; 799 707; 798 708; 783 708; 782 709; 778 709; 777 710; 772 710; 771 711; 769 711; 767 713; 767 715; 769 717; 769 718; 776 725; 776 726; 778 728; 778 729; 780 731; 780 732; 786 738; 786 739; 787 740; 787 741; 788 742; 792 742; 792 741; 793 740; 793 738; 794 737; 794 736; 796 734; 796 732; 797 731; 797 730; 798 729; 798 728; 801 725; 801 724; 802 723; 802 720; 803 719; 803 718; 804 717; 804 716; 805 715; 805 714; 806 713; 806 712; 807 711; 807 709; 806 708; 804 708; 803 707
111; 975 701; 974 702; 972 702; 972 703; 971 704; 971 705; 970 706; 970 707; 969 708; 969 709; 968 710; 968 712; 967 713; 967 716; 966 717; 966 720; 965 721; 965 724; 964 725; 964 726; 963 727; 963 729; 962 730; 962 733; 961 734; 961 738; 962 739; 967 739; 968 738; 972 738; 973 737; 977 737; 978 736; 983 736; 984 735; 986 735; 987 734; 992 734; 993 733; 995 733; 996 732; 997 732; 998 731; 999 731; 999 728; 994 723; 994 722; 990 718; 990 717; 989 716; 989 715; 985 711; 984 711; 980 707; 980 706; 979 705; 979 703; 977 701
112; 398 711; 397 712; 394 712; 393 713; 391 713; 390 714; 388 714; 387 715; 381 715; 379 717; 378 717; 377 718; 373 718; 372 719; 369 719; 367 721; 367 723; 369 725; 369 726; 384 741; 384 742; 385 743; 385 744; 387 746; 387 747; 388 747; 390 749; 394 749; 395 748; 397 748; 398 747; 398 743; 399 742; 399 737; 400 736; 400 732; 401 731; 401 728; 402 727; 402 724; 403 723; 403 721; 404 720; 404 717; 405 716; 405 713; 403 711
113; 926 707; 926 708; 925 709; 925 711; 923 713; 922 713; 920 715; 920 716; 918 718; 918 719; 917 720; 917 721; 916 722; 916 725; 915 726; 915 727; 914 728; 914 729; 911 732; 911 733; 909 735; 909 737; 908 738; 908 740; 933 740; 934 741; 946 741; 946 734; 945 733; 945 732; 942 729; 942 728; 941 727; 941 726; 939 724; 939 722; 937 720; 937 718; 936 717; 936 716; 935 715; 935 714; 932 711; 932 710; 931 709; 931 708; 930 707
114; 522 716; 521 717; 492 717; 491 718; 489 718; 488 719; 488 723; 491 726; 491 727; 492 728; 492 730; 494 732; 494 733; 495 734; 495 735; 496 736; 496 737; 502 743; 502 744; 505 747; 505 748; 506 749; 506 750; 507 751; 511 751; 513 749; 513 748; 514 747; 514 745; 515 744; 515 743; 516 742; 516 741; 517 740; 517 739; 518 738; 518 737; 519 736; 519 735; 520 734; 520 732; 521 731; 521 730; 523 728; 523 726; 524 725; 524 723; 526 721; 526 720; 527 719; 527 717; 526 716
115; 318 707; 318 709; 316 711; 316 713; 317 714; 317 722; 316 723; 316 730; 315 731; 315 736; 314 737; 314 749; 315 750; 317 750; 318 749; 320 749; 321 748; 322 748; 323 747; 324 747; 325 746; 326 746; 327 745; 328 745; 329 744; 331 744; 332 743; 335 743; 336 742; 338 742; 339 741; 340 741; 341 740; 342 740; 343 739; 345 739; 346 738; 347 738; 349 736; 349 735; 350 734; 350 733; 348 731; 347 731; 343 727; 343 726; 342 726; 338 722; 338 721; 337 720; 336 720; 334 718; 333 718; 330 715; 330 714; 329 713; 325 713; 324 712; 323 712
116; 864 718; 864 727; 863 728; 863 729; 862 730; 862 731; 861 732; 861 734; 860 735; 860 737; 859 738; 859 740; 858 741; 858 743; 857 744; 857 747; 858 748; 865 748; 866 747; 870 747; 871 746; 880 746; 881 745; 882 745; 883 744; 884 744; 885 743; 893 743; 894 742; 894 736; 892 734; 892 733; 888 729; 886 729; 883 726; 883 724; 882 723; 881 723; 877 719; 876 719; 875 718
117; 304 718; 303 719; 301 719; 300 720; 296 720; 295 721; 292 721; 291 722; 288 722; 287 723; 285 723; 284 724; 283 724; 282 725; 278 725; 277 726; 275 726; 274 727; 273 727; 272 728; 272 731; 273 732; 273 733; 288 748; 289 748; 293 752; 293 753; 295 755; 295 756; 299 756; 300 755; 300 754; 301 753; 301 750; 302 749; 302 748; 303 747; 303 744; 304 743; 304 741; 305 740; 305 739; 306 738; 306 737; 307 736; 307 725; 308 724; 308 719; 307 718
118; 359 725; 357 727; 357 728; 355 730; 355 731; 352 734; 351 733; 351 734; 350 735; 350 736; 351 737; 351 738; 350 739; 350 740; 349 741; 349 742; 348 743; 348 745; 347 746; 347 749; 346 750; 346 752; 345 753; 345 754; 344 755; 344 756; 343 757; 343 761; 344 762; 355 762; 356 761; 359 761; 360 760; 378 760; 379 759; 380 759; 383 756; 383 754; 382 753; 382 752; 381 752; 380 751; 380 750; 379 749; 379 748; 378 747; 378 746; 375 743; 375 742; 372 739; 372 738; 369 735; 369 734; 365 730; 365 729; 364 729; 363 728; 363 727; 361 725
119; 187 741; 186 742; 173 742; 172 743; 164 743; 163 744; 161 744; 160 745; 159 745; 158 746; 157 746; 157 750; 159 752; 159 753; 162 756; 162 757; 164 759; 164 760; 165 761; 165 764; 168 767; 169 767; 175 773; 175 774; 176 775; 176 778; 178 778; 179 779; 183 779; 183 778; 184 777; 184 772; 185 771; 185 770; 187 768; 187 766; 189 764; 189 763; 190 762; 190 759; 191 758; 191 755; 194 752; 194 750; 195 749; 195 747; 196 746; 196 742; 195 742; 194 741
120; 401 736; 400 737; 400 742; 399 743; 399 747; 397 749; 398 750; 398 751; 397 752; 397 754; 396 755; 396 757; 395 758; 395 765; 394 766; 394 769; 393 770; 393 773; 395 775; 399 775; 400 774; 401 774; 402 773; 405 773; 406 772; 410 772; 416 766; 418 766; 420 764; 421 764; 427 758; 427 756; 419 748; 419 747; 417 745; 416 745; 409 738; 408 738; 407 737; 406 737; 405 736
121; 815 746; 814 747; 807 747; 806 748; 801 748; 800 749; 797 749; 796 750; 789 750; 788 751; 785 751; 784 752; 783 752; 783 757; 788 762; 788 763; 790 765; 790 766; 794 770; 794 771; 796 773; 796 774; 798 776; 798 777; 800 779; 801 779; 805 783; 809 783; 811 781; 811 779; 812 778; 812 776; 813 775; 813 772; 814 771; 814 770; 816 768; 816 762; 817 761; 817 759; 818 758; 818 756; 819 755; 819 753; 820 752; 820 751; 821 750; 821 747; 820 746
122; 904 741; 903 742; 902 742; 901 743; 894 743; 893 744; 893 745; 890 748; 889 748; 888 749; 886 749; 885 750; 881 750; 880 751; 879 751; 877 753; 876 753; 875 754; 874 754; 873 755; 872 755; 872 756; 871 757; 871 760; 874 763; 875 763; 877 765; 878 765; 880 767; 881 767; 884 770; 884 771; 885 771; 887 773; 888 773; 889 774; 890 774; 896 780; 897 780; 899 782; 902 782; 904 780; 904 771; 905 770; 905 767; 906 766; 906 764; 907 763; 907 755; 906 754; 906 744; 907 743; 907 741
123; 834 741; 833 742; 832 742; 832 743; 831 744; 831 746; 829 748; 829 749; 828 750; 828 751; 827 752; 827 753; 826 754; 826 755; 825 756; 825 758; 823 760; 823 762; 822 763; 822 767; 821 768; 821 775; 820 776; 820 780; 821 781; 827 781; 828 780; 830 780; 831 779; 833 779; 834 778; 839 778; 840 777; 843 777; 844 776; 846 776; 847 775; 851 775; 852 774; 853 774; 854 773; 856 773; 857 772; 858 772; 858 767; 853 762; 853 761; 843 751; 843 750; 840 747; 840 746; 838 744; 838 743; 836 741
124; 428 758; 421 765; 420 765; 418 767; 416 767; 410 773; 410 778; 416 784; 417 784; 419 786; 419 787; 426 794; 427 794; 429 796; 429 797; 435 803; 437 803; 438 804; 440 804; 441 803; 441 800; 442 799; 442 795; 443 794; 443 793; 444 792; 444 791; 445 790; 445 789; 446 788; 446 782; 447 781; 447 778; 448 777; 448 774; 449 773; 449 770; 450 769; 450 767; 449 766; 449 765; 448 764; 445 764; 444 765; 441 765; 439 767; 436 767; 435 768; 432 765; 432 761; 429 758
125; 25 770; 23 772; 23 774; 22 775; 22 780; 21 781; 21 785; 20 786; 20 788; 19 789; 19 792; 20 793; 20 803; 19 804; 19 808; 20 809; 20 810; 29 810; 29 808; 30 807; 31 807; 32 806; 33 806; 34 805; 35 805; 36 804; 38 804; 39 803; 42 803; 43 802; 44 802; 45 801; 46 801; 47 800; 51 800; 52 799; 54 799; 54 793; 55 792; 55 790; 52 787; 51 787; 49 785; 48 785; 46 783; 45 783; 38 776; 37 776; 36 775; 35 775; 34 774; 33 774; 30 771; 29 771; 28 770
126; 861 778; 860 779; 857 779; 856 780; 853 780; 852 781; 849 781; 848 782; 843 782; 842 783; 835 783; 834 784; 831 784; 830 785; 829 785; 829 789; 830 790; 830 791; 833 794; 833 795; 839 801; 839 802; 840 803; 840 804; 842 806; 842 807; 845 810; 846 810; 848 812; 848 813; 850 815; 851 815; 852 816; 856 816; 856 815; 857 814; 857 812; 858 811; 858 809; 859 808; 859 805; 860 804; 860 803; 862 801; 862 800; 863 799; 863 795; 864 794; 864 792; 865 791; 865 790; 866 789; 866 787; 867 786; 867 785; 868 784; 868 779; 867 778
127; 175 778; 174 779; 173 779; 172 780; 171 780; 170 781; 168 781; 167 782; 160 782; 159 783; 156 783; 155 784; 153 784; 152 785; 149 785; 148 786; 147 786; 143 790; 143 794; 144 794; 149 799; 149 800; 153 804; 154 804; 155 805; 155 806; 157 808; 157 809; 161 813; 162 813; 166 817; 167 817; 168 818; 172 818; 173 817; 173 816; 174 815; 174 812; 175 811; 175 807; 176 806; 176 804; 177 803; 177 802; 178 801; 178 800; 179 799; 179 791; 180 790; 180 784; 181 783; 181 781; 182 780; 179 780; 178 779; 176 779
128; 999 785; 998 786; 998 787; 997 788; 997 789; 995 791; 995 792; 994 793; 994 794; 993 795; 993 796; 992 797; 992 798; 991 799; 991 802; 990 803; 990 804; 989 805; 989 806; 988 807; 988 808; 987 809; 987 811; 986 812; 986 814; 985 815; 985 817; 984 818; 984 822; 985 823; 992 823; 993 822; 1000 822; 1001 823; 1003 823; 1004 822; 1006 822; 1007 821; 1015 821; 1016 820; 1023 820; 1023 806; 1022 806; 1021 807; 1018 807; 1017 806; 1017 805; 1016 804; 1016 802; 1015 801; 1014 801; 1012 799; 1012 798; 1009 795; 1009 794; 1008 793; 1007 793; 1004 790; 1004 789; 1003 788; 1003 787; 1001 785
129; 21 811; 21 818; 22 819; 22 820; 24 822; 24 823; 25 824; 25 825; 27 827; 27 828; 28 829; 28 831; 29 832; 29 833; 30 834; 30 835; 31 836; 31 837; 32 838; 32 839; 33 840; 33 841; 34 842; 34 844; 35 845; 35 846; 38 849; 40 849; 41 848; 42 848; 44 846; 44 845; 45 844; 45 843; 47 841; 47 840; 48 839; 48 838; 50 836; 50 835; 52 833; 52 832; 53 831; 53 830; 56 827; 56 825; 57 824; 57 823; 59 821; 59 820; 61 818; 61 814; 60 813; 51 813; 50 812; 47 812; 46 811; 42 811; 41 812; 32 812; 31 811
130; 600 814; 599 815; 598 815; 597 816; 596 816; 595 817; 594 817; 593 818; 590 818; 589 819; 585 819; 584 820; 583 820; 582 821; 581 821; 580 822; 579 822; 578 823; 576 823; 575 824; 570 824; 569 825; 568 825; 566 827; 566 829; 567 830; 567 832; 569 834; 570 834; 582 846; 583 846; 588 851; 588 852; 589 852; 591 854; 592 854; 593 855; 596 855; 597 854; 598 854; 598 848; 599 847; 599 844; 600 843; 600 841; 601 840; 601 835; 602 834; 602 829; 603 828; 603 823; 604 822; 604 815; 603 814
131; 300 814; 299 815; 299 816; 298 817; 298 818; 296 820; 296 822; 295 823; 295 824; 294 825; 294 827; 291 830; 291 831; 290 832; 290 833; 289 834; 289 838; 288 839; 288 841; 287 842; 287 843; 286 844; 286 850; 287 851; 299 851; 300 850; 303 850; 304 849; 322 849; 323 848; 324 848; 324 842; 322 840; 322 839; 320 837; 320 836; 318 834; 318 833; 316 831; 316 830; 315 829; 315 828; 314 827; 314 826; 311 823; 311 822; 309 820; 309 819; 306 816; 306 815; 305 814
132; 655 822; 654 823; 646 823; 645 824; 640 824; 639 825; 628 825; 627 826; 625 826; 625 827; 624 828; 624 830; 625 831; 625 832; 626 833; 626 834; 629 837; 629 838; 631 840; 631 841; 633 843; 633 844; 634 845; 634 846; 637 849; 638 849; 643 854; 643 855; 647 859; 650 859; 652 857; 652 855; 653 854; 653 853; 654 852; 654 850; 655 849; 655 847; 656 846; 656 844; 657 843; 657 842; 658 841; 658 840; 659 839; 659 838; 660 837; 660 836; 662 834; 662 833; 663 832; 663 831; 664 830; 664 828; 665 827; 665 825; 663 823; 662 823; 661 822
133; 751 822; 750 823; 750 824; 749 825; 749 828; 748 829; 748 831; 747 832; 747 834; 745 836; 745 837; 744 838; 744 840; 745 841; 745 844; 744 845; 744 847; 743 848; 743 850; 742 851; 742 853; 741 854; 741 859; 743 861; 748 861; 749 860; 751 860; 752 859; 754 859; 755 858; 757 858; 758 857; 761 857; 762 856; 766 856; 767 855; 771 855; 772 854; 774 854; 775 853; 776 853; 777 852; 778 852; 780 850; 780 848; 779 847; 779 846; 772 839; 772 838; 771 837; 770 837; 769 836; 769 835; 760 826; 760 825; 757 822
134; 492 836; 491 837; 482 837; 481 838; 480 838; 479 839; 479 844; 481 846; 481 847; 483 849; 483 850; 485 852; 485 854; 486 855; 486 856; 488 858; 488 859; 494 865; 494 866; 495 867; 495 868; 500 873; 502 873; 504 871; 504 868; 505 867; 505 865; 507 863; 507 862; 510 859; 510 858; 511 857; 511 856; 512 855; 512 853; 513 852; 513 851; 514 850; 514 849; 515 848; 515 847; 516 846; 516 844; 518 842; 518 841; 519 840; 519 838; 517 836; 515 836; 514 837; 512 837; 511 836
135; 614 838; 613 839; 613 840; 612 841; 612 844; 611 845; 611 846; 610 847; 610 849; 609 850; 609 852; 607 854; 607 855; 606 856; 606 865; 605 866; 605 869; 604 870; 604 871; 603 872; 603 876; 604 877; 610 877; 611 876; 616 876; 617 875; 620 875; 621 874; 623 874; 624 873; 626 873; 627 872; 628 872; 629 871; 631 871; 632 870; 635 870; 636 869; 638 869; 639 868; 640 868; 641 867; 642 867; 642 862; 631 851; 630 851; 626 847; 625 847; 624 846; 624 845; 623 844; 623 843; 618 838
136; 0 875; 6 874; 19 871; 26 853; 24 838
137; 24 838; 9 814; 0 804; 0 875
138; 9 814; 13 787; 16 782; 16 766; 8 768; 0 765; 0 775; 6 777; 4 787; 0 788; 0 798; 6 801; 4 805
139; 945 864; 944 865; 943 865; 943 866; 942 867; 942 868; 941 869; 941 871; 940 872; 940 875; 939 876; 939 878; 938 879; 938 881; 937 882; 937 884; 936 885; 936 888; 935 889; 935 892; 934 893; 934 896; 932 898; 932 901; 934 903; 940 903; 941 902; 945 902; 946 901; 954 901; 955 900; 956 900; 957 899; 958 899; 959 898; 960 898; 961 897; 963 897; 964 896; 968 896; 969 895; 970 895; 972 893; 972 890; 964 882; 964 881; 960 877; 959 877; 950 868; 950 867; 949 866; 949 865; 948 865; 947 864
140; 813 883; 812 884; 811 884; 810 885; 809 885; 808 886; 805 886; 804 887; 795 887; 794 888; 793 888; 791 890; 790 890; 789 891; 788 891; 787 892; 786 892; 785 893; 783 893; 782 894; 781 894; 780 895; 780 898; 783 901; 784 901; 797 914; 798 914; 799 915; 799 916; 803 920; 804 920; 805 921; 806 921; 807 922; 809 922; 811 920; 811 918; 812 917; 812 914; 813 913; 813 910; 814 909; 814 907; 815 906; 815 903; 816 902; 816 896; 817 895; 817 892; 818 891; 818 890; 819 889; 819 884; 818 883
141; 8 878; 6 880; 6 881; 4 883; 4 884; 1 887; 0 887; 0 911; 9 911; 10 912; 15 912; 16 913; 18 913; 19 912; 27 912; 29 910; 29 907; 27 905; 27 900; 25 898; 25 897; 24 896; 24 894; 23 893; 23 892; 20 889; 20 888; 19 887; 19 886; 18 885; 18 884; 16 882; 16 881; 15 880; 15 878
142; 686 889; 685 890; 680 890; 679 891; 670 891; 669 892; 668 892; 667 893; 659 893; 658 894; 656 894; 653 897; 653 898; 654 899; 654 900; 655 900; 658 903; 658 904; 661 907; 661 908; 662 909; 662 910; 663 911; 664 911; 667 914; 667 915; 668 916; 668 917; 670 919; 670 920; 674 924; 674 926; 676 926; 676 923; 677 922; 677 920; 678 919; 681 919; 682 920; 682 921; 683 922; 683 926; 685 926; 686 925; 686 913; 687 912; 687 910; 688 909; 688 908; 689 907; 689 906; 690 905; 690 904; 691 903; 691 901; 692 900; 692 896; 693 895; 693 894; 694 893; 694 889
143; 426 921; 432 926; 437 933; 442 934; 446 926; 446 921; 449 916; 451 905; 455 901; 452 895; 446 895; 439 898; 430 898
144; 430 898; 420 894; 409 887; 405 887; 402 914; 403 927; 409 927; 422 921; 426 921
145; 456 900; 456 901; 455 902; 455 904; 457 906; 457 907; 458 908; 458 911; 459 912; 459 915; 460 916; 460 917; 461 918; 461 919; 462 920; 462 921; 463 922; 463 924; 464 925; 464 928; 465 929; 465 931; 466 932; 466 933; 467 934; 467 936; 469 938; 472 938; 480 930; 480 929; 483 926; 483 925; 485 923; 485 922; 490 917; 490 916; 492 914; 492 913; 495 910; 495 907; 493 905; 490 905; 489 904; 484 904; 483 903; 481 903; 480 902; 478 902; 477 901; 471 901; 470 902; 465 902; 464 901; 461 901; 460 900
146; 647 897; 645 899; 645 900; 644 901; 644 902; 641 905; 641 906; 639 908; 639 909; 637 911; 637 912; 636 913; 636 914; 633 917; 633 918; 631 920; 631 921; 630 922; 630 923; 627 926; 627 927; 626 928; 626 932; 631 932; 632 933; 640 933; 641 932; 643 932; 644 933; 645 933; 646 934; 649 934; 650 933; 665 933; 667 931; 667 927; 666 926; 666 925; 664 923; 664 922; 663 921; 663 920; 662 919; 662 918; 661 917; 661 916; 660 915; 660 913; 659 912; 659 911; 656 908; 656 907; 654 905; 654 903; 653 902; 653 899; 652 898; 650 898; 649 897
147; 124 911; 123 912; 122 912; 121 913; 120 913; 118 915; 118 917; 120 919; 120 920; 121 921; 121 922; 122 923; 122 924; 123 925; 123 926; 125 928; 125 929; 126 930; 126 931; 127 932; 127 933; 128 934; 128 935; 130 937; 130 938; 131 939; 141 939; 142 938; 153 938; 150 935; 150 933; 149 932; 149 931; 150 930; 150 929; 151 928; 151 927; 152 926; 152 925; 154 923; 154 922; 155 921; 155 920; 157 918; 157 917; 158 916; 158 914; 156 912; 130 912; 129 911
148; 509 910; 507 912; 507 913; 506 914; 506 915; 505 916; 505 918; 504 919; 504 922; 503 923; 503 924; 502 925; 502 926; 500 928; 500 931; 499 932; 499 936; 498 937; 498 942; 497 943; 497 946; 498 947; 505 947; 506 946; 510 946; 511 945; 515 945; 516 944; 519 944; 520 943; 523 943; 524 942; 525 942; 526 941; 531 941; 532 940; 535 940; 537 938; 537 936; 536 935; 536 934; 526 924; 525 924; 524 923; 524 922; 518 916; 518 915; 513 910
149; 697 927; 696 928; 694 928; 693 929; 692 929; 691 930; 687 930; 686 931; 684 931; 683 932; 682 932; 681 933; 679 933; 676 936; 674 936; 673 937; 667 937; 666 938; 665 938; 664 939; 661 939; 661 941; 662 942; 662 944; 663 943; 666 943; 667 944; 668 944; 669 945; 669 946; 685 962; 686 962; 688 964; 689 964; 690 965; 691 965; 692 966; 695 966; 696 965; 696 964; 697 963; 697 959; 698 958; 698 956; 697 955; 698 954; 698 950; 699 949; 699 948; 700 947; 700 941; 701 940; 701 936; 702 935; 702 928; 701 927
150; 201 932; 200 933; 198 933; 197 934; 191 934; 190 935; 187 935; 186 936; 183 936; 182 937; 175 937; 174 938; 171 938; 170 939; 168 939; 167 940; 166 940; 166 944; 177 955; 177 956; 180 959; 181 959; 191 969; 194 969; 195 968; 195 967; 196 966; 196 962; 197 961; 197 959; 198 958; 198 956; 199 955; 199 953; 200 952; 200 950; 201 949; 201 947; 202 946; 202 943; 203 942; 203 940; 204 939; 204 938; 205 937; 205 933; 204 932
151; 626 933; 623 936; 623 940; 624 941; 624 944; 625 945; 625 946; 626 947; 626 948; 627 949; 627 950; 628 951; 628 953; 629 954; 629 955; 631 957; 631 959; 632 960; 632 963; 633 964; 633 965; 635 967; 635 969; 636 970; 636 971; 637 972; 641 972; 641 971; 642 970; 642 969; 643 968; 643 967; 646 964; 647 964; 649 962; 649 961; 654 956; 654 955; 656 953; 656 952; 657 951; 657 950; 658 949; 658 948; 661 945; 661 942; 660 941; 660 939; 659 940; 657 940; 656 939; 653 939; 652 938; 651 938; 649 936; 646 936; 645 937; 640 937; 639 936; 635 936; 634 935; 633 935; 631 933
152; 572 932; 572 933; 571 934; 571 935; 570 936; 570 937; 569 938; 569 940; 568 941; 568 943; 566 945; 566 946; 565 947; 565 949; 564 950; 564 951; 563 952; 563 953; 562 954; 562 955; 561 956; 561 958; 560 959; 560 960; 559 961; 559 963; 558 964; 558 968; 559 969; 570 969; 571 968; 582 968; 583 967; 585 967; 586 966; 594 966; 595 965; 596 965; 597 964; 597 962; 596 961; 596 960; 594 958; 594 957; 592 955; 592 954; 590 952; 590 951; 587 948; 587 947; 585 945; 585 944; 583 942; 583 941; 580 938; 580 937; 578 935; 578 934; 577 933; 577 932
153; 131 950; 121 951; 108 957; 101 958; 98 960; 98 962; 124 988; 128 988; 131 978; 134 975
154; 134 975; 156 974; 174 968; 173 964; 154 939; 131 940; 134 944; 134 947; 131 950
155; 752 946; 751 947; 751 950; 752 951; 752 952; 754 954; 754 956; 755 957; 755 958; 759 962; 759 963; 761 965; 761 967; 762 968; 762 971; 763 972; 763 973; 762 974; 762 977; 765 980; 766 980; 767 981; 771 981; 774 978; 774 977; 777 974; 777 973; 784 966; 784 965; 785 964; 785 963; 786 962; 786 961; 788 959; 788 958; 790 956; 790 955; 791 954; 791 951; 789 949; 787 949; 786 948; 766 948; 765 947; 755 947; 754 946
156; 421 941; 420 942; 420 943; 419 944; 419 945; 418 946; 418 948; 417 949; 417 950; 416 951; 416 953; 415 954; 415 955; 412 958; 412 959; 411 960; 411 962; 410 963; 410 966; 409 967; 409 968; 408 969; 408 971; 407 972; 407 978; 408 978; 409 979; 415 979; 416 978; 418 978; 419 977; 422 977; 423 976; 437 976; 438 975; 441 975; 442 974; 444 974; 446 972; 446 970; 444 968; 444 967; 442 965; 442 964; 438 960; 438 959; 436 957; 436 956; 434 954; 434 953; 433 952; 433 951; 429 947; 429 946; 424 941
157; 44 957; 43 958; 41 958; 40 959; 38 959; 37 960; 34 960; 33 961; 26 961; 25 962; 21 962; 20 963; 19 963; 18 964; 16 964; 15 965; 13 965; 12 966; 11 966; 10 967; 10 971; 12 973; 12 974; 32 994; 33 994; 35 996; 37 996; 40 993; 40 992; 41 991; 41 989; 42 988; 42 981; 43 980; 43 979; 44 978; 44 976; 45 975; 45 972; 46 971; 46 967; 47 966; 47 958; 46 957
158; 237 965; 236 966; 235 966; 234 967; 227 967; 226 968; 219 968; 218 969; 217 969; 216 970; 214 970; 213 971; 207 971; 206 972; 203 972; 202 973; 202 975; 203 976; 203 978; 204 979; 204 980; 206 982; 206 983; 209 986; 210 986; 213 989; 213 990; 217 994; 217 995; 219 997; 219 998; 225 1004; 229 1004; 231 1002; 231 1000; 232 999; 232 997; 233 996; 233 994; 234 993; 234 991; 235 990; 235 989; 236 988; 236 987; 237 986; 237 984; 238 983; 238 981; 239 980; 239 978; 240 977; 240 974; 241 973; 241 967; 240 966; 240 965
159; 662 972; 661 973; 658 973; 657 974; 643 974; 642 973; 637 973; 637 974; 634 977; 631 977; 630 978; 629 978; 628 979; 628 982; 629 983; 629 984; 633 988; 633 989; 637 993; 637 994; 638 995; 638 996; 640 998; 640 999; 641 999; 643 1001; 644 1001; 647 1004; 647 1005; 652 1010; 655 1010; 657 1008; 657 1007; 658 1006; 658 1005; 659 1004; 659 1001; 660 1000; 660 998; 661 997; 661 995; 662 994; 662 991; 663 990; 663 988; 664 987; 664 986; 665 985; 665 984; 666 983; 666 981; 667 980; 667 976; 668 975; 668 973; 667 972
160; 153 979; 151 981; 151 983; 150 984; 150 986; 149 987; 149 988; 148 989; 148 993; 147 994; 147 996; 146 997; 146 998; 145 999; 145 1001; 144 1002; 144 1004; 143 1005; 143 1009; 142 1010; 142 1011; 141 1012; 141 1017; 142 1018; 146 1018; 147 1019; 148 1019; 150 1021; 149 1022; 149 1023; 157 1023; 157 1021; 156 1020; 156 1018; 158 1016; 161 1016; 162 1015; 165 1015; 166 1014; 167 1014; 168 1013; 169 1013; 170 1012; 172 1012; 173 1011; 175 1011; 176 1010; 178 1010; 179 1009; 180 1009; 181 1008; 181 1005; 163 987; 163 986; 162 985; 161 985; 157 981; 157 980; 156 980; 155 979
161; 497 984; 495 986; 494 986; 493 987; 492 987; 491 988; 486 988; 485 989; 482 989; 481 990; 478 990; 477 991; 474 991; 473 992; 472 992; 471 993; 469 993; 468 994; 466 994; 465 995; 464 995; 464 996; 463 997; 463 1000; 466 1003; 467 1003; 474 1010; 474 1011; 477 1014; 477 1015; 478 1016; 479 1016; 481 1018; 482 1018; 485 1021; 485 1023; 495 1023; 495 1020; 496 1019; 496 1016; 497 1015; 497 1011; 498 1010; 498 1007; 499 1006; 499 1002; 500 1001; 500 997; 501 996; 501 994; 502 993; 502 987; 501 986; 501 985; 500 984
162; 696 992; 695 993; 693 993; 692 994; 691 994; 690 995; 689 995; 688 996; 687 996; 686 997; 684 997; 683 998; 681 998; 680 999; 678 999; 677 1000; 676 1000; 675 1001; 674 1001; 673 1002; 672 1002; 670 1004; 669 1004; 668 1005; 666 1005; 665 1006; 664 1006; 663 1007; 663 1009; 664 1010; 664 1011; 666 1013; 667 1013; 670 1016; 671 1016; 676 1021; 676 1023; 699 1023; 699 1012; 700 1011; 700 1005; 701 1004; 701 1000; 702 999; 702 993; 701 993; 700 992
