0; 25 0; 25 1; 26 2; 26 7; 27 8; 27 9; 30 12; 30 19; 33 19; 34 20; 38 20; 41 23; 44 23; 47 20; 47 19; 48 18; 48 17; 49 16; 49 15; 51 13; 51 12; 60 3; 60 2; 61 1; 61 0; 50 0; 50 2; 42 10; 40 10; 39 9; 39 8; 37 6; 37 4; 36 3; 36 2; 35 1; 35 0
1; 1010 0; 1010 1; 1009 2; 1006 2; 1005 3; 1000 3; 999 4; 997 4; 996 5; 994 5; 993 6; 988 6; 986 8; 986 10; 990 14; 991 14; 993 16; 994 16; 999 21; 1000 21; 1010 31; 1011 31; 1014 34; 1018 34; 1023 29; 1023 0
2; 105 22; 104 23; 101 23; 100 24; 100 27; 101 28; 101 29; 105 33; 105 34; 107 36; 107 37; 109 39; 109 40; 111 42; 111 43; 115 47; 115 48; 117 50; 117 51; 120 54; 120 55; 122 57; 125 57; 127 55; 127 54; 129 52; 129 51; 130 50; 130 49; 132 47; 132 46; 133 45; 133 44; 138 39; 138 38; 139 37; 139 34; 140 33; 140 32; 141 31; 141 30; 144 27; 144 23; 143 23; 142 22
3; 922 15; 920 17; 920 20; 919 21; 919 27; 918 28; 918 31; 917 32; 917 34; 916 35; 916 41; 915 42; 915 47; 914 48; 914 52; 915 53; 918 53; 919 52; 922 52; 923 51; 925 51; 926 50; 928 50; 929 49; 931 49; 932 48; 934 48; 935 47; 938 47; 939 46; 943 46; 944 45; 946 45; 947 44; 949 44; 950 43; 951 43; 952 42; 953 42; 955 40; 956 40; 956 38; 952 34; 951 34; 949 32; 948 32; 946 30; 945 30; 943 28; 942 28; 938 24; 937 24; 935 22; 934 22; 929 17; 928 17; 926 15
4; 306 28; 308 29; 318 60; 322 60; 336 49; 339 50; 343 44; 352 37; 351 34; 345 31; 309 22
5; 309 22; 308 17; 313 7; 314 0; 279 0; 270 7; 276 15; 299 31; 306 28
6; 417 30; 416 31; 400 31; 400 36; 402 38; 402 39; 404 41; 404 42; 406 44; 406 45; 407 46; 407 47; 408 48; 408 50; 409 51; 409 52; 410 53; 410 54; 412 56; 412 57; 413 58; 413 59; 414 60; 414 61; 415 62; 415 64; 417 66; 421 66; 422 65; 422 64; 428 58; 428 57; 432 53; 432 52; 434 50; 434 49; 441 42; 441 41; 444 38; 444 34; 443 34; 442 33; 433 33; 432 32; 428 32; 427 31; 423 31; 422 30
7; 376 34; 375 35; 374 35; 373 36; 372 36; 371 37; 368 37; 367 38; 365 38; 364 39; 361 39; 360 40; 356 40; 352 44; 351 44; 350 45; 349 45; 348 46; 344 46; 340 50; 340 51; 343 54; 344 54; 348 58; 349 58; 354 63; 355 63; 358 66; 359 66; 362 69; 363 69; 365 71; 366 71; 368 73; 369 73; 370 74; 372 74; 373 73; 374 73; 375 72; 376 72; 379 69; 379 49; 380 48; 380 41; 381 40; 381 35; 380 34
8; 172 39; 171 40; 168 40; 167 41; 163 41; 162 42; 159 42; 158 43; 155 43; 154 44; 150 44; 149 45; 147 45; 146 46; 144 46; 143 47; 138 47; 136 49; 136 51; 141 56; 142 56; 148 62; 148 63; 149 64; 149 66; 150 67; 150 68; 154 72; 155 71; 157 71; 162 76; 163 76; 164 77; 166 77; 167 76; 168 76; 168 75; 169 74; 169 72; 170 71; 170 70; 171 69; 171 68; 172 67; 172 65; 173 64; 173 61; 174 60; 174 58; 175 57; 175 56; 176 55; 176 52; 177 51; 177 49; 178 48; 178 46; 179 45; 179 40; 178 39
9; 109 67; 108 68; 108 71; 109 72; 109 73; 110 74; 110 75; 111 76; 111 77; 112 78; 112 80; 113 81; 113 82; 114 83; 114 84; 115 85; 115 86; 116 87; 116 88; 118 90; 118 91; 120 93; 120 94; 121 95; 121 96; 123 98; 123 99; 126 102; 126 103; 127 103; 128 104; 130 104; 131 103; 132 103; 132 102; 135 99; 135 98; 137 96; 137 95; 140 92; 140 91; 143 88; 143 87; 147 83; 147 82; 151 78; 151 77; 152 76; 152 75; 153 74; 153 72; 149 68; 148 69; 137 69; 136 68; 133 68; 132 67; 127 67; 126 68; 123 68; 122 67
10; 328 81; 323 86; 323 87; 321 89; 321 90; 319 92; 318 92; 313 97; 313 98; 311 100; 311 101; 307 105; 307 106; 304 109; 304 113; 306 113; 307 114; 314 114; 315 115; 321 115; 322 116; 326 116; 327 117; 331 117; 332 118; 339 118; 340 119; 347 119; 349 117; 349 115; 347 113; 347 112; 345 110; 345 108; 344 107; 344 104; 343 103; 343 101; 342 100; 342 98; 341 97; 341 96; 340 95; 340 94; 339 93; 339 92; 337 90; 337 89; 334 86; 334 85; 333 84; 333 83; 331 81
11; 269 95; 261 103; 260 103; 257 106; 256 106; 252 110; 251 110; 240 121; 240 125; 243 125; 244 126; 252 126; 253 127; 255 127; 256 128; 258 128; 259 129; 261 129; 262 130; 264 130; 265 131; 268 131; 269 132; 271 132; 272 133; 274 133; 275 134; 283 134; 283 129; 282 128; 282 125; 281 124; 281 121; 280 120; 280 119; 279 118; 279 112; 278 111; 278 109; 277 108; 277 107; 276 106; 276 103; 275 102; 275 100; 274 99; 274 98; 273 97; 273 96; 272 95
12; 791 117; 790 118; 789 118; 788 119; 783 119; 782 120; 779 120; 778 121; 776 121; 775 122; 773 122; 772 123; 771 123; 770 124; 769 124; 768 125; 767 125; 766 126; 765 126; 764 127; 763 127; 762 128; 759 128; 758 129; 754 129; 752 131; 752 134; 754 136; 755 136; 758 139; 759 139; 762 142; 763 142; 764 143; 764 144; 766 146; 767 146; 768 147; 770 147; 771 148; 772 148; 773 149; 774 149; 775 150; 776 150; 779 153; 780 153; 783 156; 784 156; 785 157; 788 157; 789 156; 789 154; 790 153; 790 149; 791 148; 791 140; 792 139; 792 134; 793 133; 793 125; 794 124; 794 123; 795 122; 795 118; 794 117
13; 391 120; 390 121; 388 121; 387 122; 383 122; 382 123; 379 123; 378 122; 376 122; 375 123; 367 123; 366 124; 360 124; 359 125; 358 125; 358 131; 370 143; 370 144; 380 154; 380 155; 381 156; 388 156; 388 154; 389 153; 389 151; 390 150; 390 149; 391 148; 391 147; 392 146; 392 144; 393 143; 393 142; 396 139; 396 138; 397 137; 397 133; 398 132; 398 130; 399 129; 399 128; 400 127; 400 126; 401 125; 401 121; 400 120
14; 153 123; 152 124; 152 125; 151 126; 151 128; 150 129; 150 134; 149 135; 149 138; 148 139; 148 140; 147 141; 147 142; 146 143; 146 149; 145 150; 145 152; 144 153; 144 155; 143 156; 143 158; 144 159; 144 161; 145 162; 149 162; 150 161; 152 161; 153 160; 155 160; 156 159; 158 159; 159 158; 161 158; 162 157; 164 157; 165 156; 168 156; 169 155; 173 155; 174 154; 178 154; 179 153; 180 153; 181 152; 183 152; 184 151; 185 151; 187 149; 187 147; 185 145; 184 145; 181 142; 180 142; 178 140; 177 140; 169 132; 168 132; 163 127; 162 127; 160 125; 159 125; 157 123
15; 241 134; 240 135; 237 135; 236 136; 233 136; 232 137; 227 137; 226 138; 223 138; 222 139; 220 139; 219 140; 217 140; 216 141; 212 141; 211 142; 206 142; 205 143; 205 147; 211 153; 212 153; 216 157; 217 157; 224 164; 225 164; 229 168; 230 168; 234 172; 238 172; 238 171; 239 170; 239 168; 240 167; 240 164; 241 163; 241 161; 242 160; 242 155; 243 154; 243 153; 244 152; 244 150; 245 149; 245 144; 246 143; 246 141; 247 140; 247 138; 248 137; 248 135; 247 134
16; 0 143; 0 184; 1 184; 2 183; 3 183; 4 182; 5 182; 6 181; 7 181; 8 180; 10 180; 11 179; 13 179; 14 178; 16 178; 17 177; 19 177; 20 176; 21 176; 22 175; 24 175; 25 174; 26 174; 27 173; 29 173; 30 172; 32 172; 33 171; 34 171; 35 170; 36 170; 37 169; 38 169; 39 168; 39 165; 37 163; 36 163; 34 161; 33 161; 32 160; 31 160; 28 157; 27 157; 26 156; 25 156; 23 154; 22 154; 21 153; 20 153; 19 152; 18 152; 16 150; 15 150; 14 149; 13 149; 12 148; 11 148; 10 147; 9 147; 8 146; 7 146; 6 145; 5 145; 4 144; 3 144; 2 143
17; 382 157; 382 158; 379 161; 377 161; 376 162; 358 162; 357 163; 351 163; 350 164; 348 164; 347 165; 346 165; 345 166; 345 170; 348 173; 348 174; 355 181; 355 182; 363 190; 363 191; 367 195; 368 195; 370 197; 373 197; 375 195; 375 194; 376 193; 376 192; 377 191; 377 190; 378 189; 378 188; 379 187; 379 186; 380 185; 380 184; 381 183; 381 182; 382 181; 382 180; 383 179; 383 178; 384 177; 384 176; 385 175; 385 173; 386 172; 386 171; 387 170; 387 169; 388 168; 388 166; 389 165; 389 164; 390 163; 390 160; 389 159; 389 158; 388 157
18; 930 175; 928 177; 927 177; 926 178; 925 178; 924 179; 923 179; 921 181; 920 181; 919 182; 918 182; 917 183; 916 183; 913 186; 912 186; 909 189; 908 189; 906 191; 904 191; 903 192; 902 192; 901 193; 900 193; 899 194; 898 194; 896 196; 896 198; 897 199; 898 199; 899 200; 900 200; 901 201; 903 201; 904 202; 905 202; 906 203; 907 203; 908 204; 910 204; 911 205; 912 205; 913 206; 914 206; 915 207; 916 207; 918 209; 919 209; 920 210; 922 210; 924 212; 926 212; 927 213; 929 213; 930 214; 932 214; 933 215; 937 215; 938 214; 938 213; 939 212; 939 210; 938 209; 938 206; 937 205; 937 191; 936 190; 936 177; 934 175
19; 90 186; 89 187; 88 187; 87 188; 86 188; 85 189; 82 189; 81 190; 80 190; 79 191; 78 191; 77 192; 76 192; 75 193; 73 193; 72 194; 70 194; 69 195; 67 195; 66 196; 64 196; 63 197; 61 197; 60 198; 58 198; 57 199; 56 199; 55 200; 54 200; 52 202; 52 204; 54 206; 55 206; 56 207; 57 207; 58 208; 59 208; 61 210; 62 210; 63 211; 64 211; 65 212; 66 212; 71 217; 72 217; 73 218; 75 218; 76 219; 77 219; 79 221; 80 221; 81 222; 82 222; 83 223; 84 223; 86 225; 90 225; 91 224; 91 223; 92 222; 92 218; 93 217; 93 196; 94 195; 94 191; 95 190; 95 187; 94 186
20; 228 184; 227 185; 227 197; 226 198; 226 201; 225 202; 225 204; 224 205; 224 206; 223 207; 223 210; 222 211; 222 216; 221 217; 221 220; 222 221; 222 222; 224 224; 227 224; 228 223; 233 223; 234 222; 236 222; 237 221; 238 221; 239 220; 240 220; 241 219; 247 219; 248 218; 249 218; 250 217; 251 217; 252 216; 253 216; 254 215; 256 215; 258 213; 259 213; 260 212; 261 212; 262 211; 264 211; 266 209; 266 207; 265 206; 264 206; 263 205; 262 205; 259 202; 258 202; 256 200; 255 200; 254 199; 253 199; 249 195; 248 195; 246 193; 245 193; 244 192; 243 192; 242 191; 241 191; 239 189; 238 189; 234 185; 233 185; 232 184
21; 897 205; 895 207; 895 211; 894 212; 894 220; 895 221; 894 222; 894 226; 893 227; 893 230; 894 231; 894 244; 898 244; 899 243; 900 243; 901 242; 902 242; 903 241; 905 241; 906 240; 907 240; 908 239; 909 239; 910 238; 915 238; 916 237; 917 237; 919 235; 920 235; 921 234; 922 234; 923 233; 925 233; 926 232; 928 232; 929 231; 931 231; 932 230; 933 230; 934 229; 934 225; 933 224; 932 224; 930 222; 929 222; 928 221; 927 221; 926 220; 925 220; 923 218; 922 218; 921 217; 920 217; 918 215; 917 215; 916 214; 915 214; 914 213; 913 213; 911 211; 910 211; 908 209; 907 209; 906 208; 905 208; 904 207; 903 207; 901 205
22; 39 213; 38 214; 36 214; 35 215; 33 215; 32 216; 29 216; 28 217; 27 217; 26 218; 25 218; 24 219; 21 219; 20 220; 18 220; 17 221; 14 221; 13 222; 11 222; 10 223; 5 223; 4 224; 0 224; 0 228; 1 228; 2 229; 3 229; 5 231; 6 231; 11 236; 12 236; 19 243; 20 243; 23 246; 24 246; 29 251; 30 251; 31 252; 32 252; 33 253; 37 253; 38 252; 38 251; 39 250; 39 248; 40 247; 40 244; 41 243; 41 240; 42 239; 42 237; 43 236; 43 232; 44 231; 44 229; 45 228; 45 216; 44 216; 41 213
23; 50 213; 49 214; 48 214; 46 216; 46 227; 48 229; 48 235; 47 236; 47 239; 48 240; 48 252; 49 253; 54 253; 55 252; 56 252; 57 251; 58 251; 59 250; 60 250; 61 249; 63 249; 64 248; 65 248; 66 247; 67 247; 68 246; 69 246; 70 245; 71 245; 72 244; 73 244; 74 243; 75 243; 76 242; 78 242; 79 241; 80 241; 81 240; 82 240; 84 238; 85 238; 86 237; 87 237; 88 236; 88 233; 87 232; 86 232; 85 231; 84 231; 83 230; 82 230; 81 229; 80 229; 79 228; 78 228; 71 221; 68 221; 67 220; 65 220; 64 219; 63 219; 62 218; 61 218; 59 216; 58 216; 57 215; 56 215; 55 214; 54 214; 53 213
24; 294 224; 293 225; 292 225; 292 230; 293 231; 293 234; 294 235; 294 237; 295 238; 295 241; 296 242; 296 244; 297 245; 297 247; 298 248; 298 249; 299 250; 299 252; 300 253; 300 256; 301 257; 301 260; 302 261; 302 262; 303 263; 307 263; 310 260; 311 260; 319 252; 320 252; 322 250; 323 250; 335 238; 335 236; 334 235; 333 235; 332 234; 330 234; 329 233; 326 233; 325 232; 323 232; 322 231; 320 231; 317 228; 316 228; 315 227; 307 227; 306 226; 302 226; 301 225; 297 225; 296 224
25; 123 223; 122 224; 121 224; 118 227; 118 228; 112 234; 112 235; 104 243; 104 244; 101 247; 101 248; 97 252; 97 254; 98 254; 99 255; 104 255; 105 256; 109 256; 110 257; 114 257; 115 258; 117 258; 118 259; 125 259; 126 260; 136 260; 137 261; 139 261; 141 259; 141 257; 140 256; 140 255; 139 254; 139 253; 138 252; 138 250; 137 249; 137 248; 136 247; 136 246; 135 245; 135 243; 134 242; 134 241; 133 240; 133 238; 132 237; 132 234; 131 233; 131 232; 130 231; 130 229; 128 227; 128 225; 126 223
26; 463 268; 470 275; 492 289; 501 292; 503 290; 505 277; 505 253; 502 252; 495 256; 491 255
27; 491 255; 489 251; 478 245; 472 239; 467 238; 456 230; 453 230; 451 233; 449 246; 449 269; 457 272; 460 271; 461 268; 463 268
28; 871 232; 869 234; 869 235; 867 237; 867 238; 865 240; 865 241; 863 243; 863 244; 857 250; 857 251; 854 254; 854 255; 852 257; 852 258; 850 260; 850 262; 849 263; 849 265; 850 266; 864 266; 865 267; 870 267; 871 268; 883 268; 884 269; 891 269; 892 268; 892 264; 891 263; 891 262; 890 261; 890 260; 889 259; 889 258; 888 257; 888 256; 886 254; 886 252; 885 251; 885 248; 882 245; 882 244; 880 242; 880 241; 878 239; 878 238; 876 236; 876 235; 873 232
29; 352 246; 350 248; 350 260; 349 261; 349 268; 348 269; 348 284; 350 286; 352 286; 353 285; 354 285; 355 284; 356 284; 357 283; 358 283; 360 281; 361 281; 362 280; 364 280; 365 279; 372 279; 376 275; 377 275; 378 274; 379 274; 380 273; 382 273; 383 272; 385 272; 386 271; 387 271; 388 270; 388 268; 385 265; 384 265; 382 263; 381 263; 377 259; 376 259; 374 257; 373 257; 372 256; 371 256; 370 255; 369 255; 367 253; 366 253; 364 251; 363 251; 362 250; 361 250; 360 249; 359 249; 357 247; 356 247; 355 246
30; 537 256; 536 257; 535 257; 532 260; 532 261; 526 267; 524 267; 523 268; 521 268; 519 270; 519 271; 518 272; 518 273; 509 282; 509 284; 510 285; 512 285; 513 286; 516 286; 517 287; 520 287; 521 288; 523 288; 524 289; 527 289; 528 290; 535 290; 536 291; 539 291; 540 292; 542 292; 543 293; 546 293; 547 294; 550 294; 551 293; 552 293; 552 287; 551 286; 551 284; 550 283; 550 280; 549 279; 549 277; 548 276; 548 274; 547 273; 547 270; 546 269; 546 268; 545 267; 545 265; 544 264; 544 261; 543 260; 543 258; 542 257; 542 256
31; 600 260; 599 261; 598 261; 597 262; 596 262; 595 263; 594 263; 593 264; 592 264; 590 266; 588 266; 587 267; 581 267; 578 270; 577 270; 576 271; 575 271; 574 272; 572 272; 571 273; 570 273; 569 274; 567 274; 566 275; 565 275; 564 276; 564 279; 565 279; 568 282; 569 282; 571 284; 572 284; 575 287; 576 287; 577 288; 578 288; 579 289; 580 289; 582 291; 583 291; 585 293; 586 293; 590 297; 591 297; 593 299; 594 299; 595 300; 596 300; 597 301; 599 301; 600 300; 601 300; 601 297; 602 296; 602 283; 603 282; 603 279; 604 278; 604 275; 605 274; 605 267; 604 266; 604 262; 602 260
32; 655 263; 654 264; 654 265; 650 269; 650 270; 647 273; 647 274; 644 277; 644 278; 642 280; 642 281; 639 284; 639 285; 637 287; 637 288; 633 292; 633 295; 634 296; 635 296; 636 297; 640 297; 641 298; 648 298; 649 299; 676 299; 677 298; 677 295; 676 294; 676 293; 675 292; 675 291; 674 290; 674 289; 672 287; 672 286; 671 285; 671 284; 670 283; 670 282; 669 281; 669 280; 667 278; 667 277; 666 276; 666 275; 665 274; 665 273; 664 272; 664 270; 663 269; 663 268; 659 264; 659 263
33; 458 272; 457 273; 455 273; 455 275; 453 277; 453 278; 450 281; 450 282; 449 283; 449 284; 448 285; 448 286; 447 287; 447 288; 445 290; 445 291; 443 293; 443 294; 440 297; 440 298; 439 299; 439 300; 438 301; 438 302; 437 303; 437 305; 438 306; 439 306; 440 307; 479 307; 484 302; 484 299; 481 296; 480 296; 474 290; 474 289; 473 288; 473 287; 472 286; 472 285; 466 279; 466 278; 461 273; 461 272
34; 220 299; 219 300; 219 302; 218 303; 218 305; 217 306; 217 307; 216 308; 216 309; 215 310; 215 312; 214 313; 214 316; 213 317; 213 318; 212 319; 212 321; 211 322; 211 323; 210 324; 210 326; 209 327; 209 337; 210 337; 211 338; 215 338; 216 337; 218 337; 219 336; 221 336; 222 335; 225 335; 226 334; 231 334; 232 333; 235 333; 236 332; 240 332; 241 331; 245 331; 246 330; 249 330; 250 329; 251 329; 252 328; 252 324; 246 318; 245 318; 240 313; 240 312; 237 309; 236 309; 235 308; 234 308; 226 300; 225 300; 224 299
35; 895 302; 894 303; 892 303; 891 304; 888 304; 887 305; 886 305; 885 306; 883 306; 882 307; 876 307; 875 308; 873 308; 871 310; 870 310; 869 311; 868 311; 867 312; 864 312; 863 313; 862 313; 861 314; 859 314; 857 316; 857 319; 859 321; 860 321; 862 323; 863 323; 864 324; 865 324; 870 329; 871 329; 873 331; 874 331; 875 332; 876 332; 881 337; 882 337; 885 340; 886 340; 887 341; 888 341; 889 342; 892 342; 893 341; 893 340; 894 339; 894 338; 895 337; 895 335; 896 334; 896 328; 897 327; 897 320; 898 319; 898 313; 899 312; 899 309; 900 308; 900 303; 899 302
36; 376 308; 375 309; 374 309; 371 312; 370 312; 369 313; 363 313; 362 314; 361 314; 359 316; 358 316; 357 317; 356 317; 355 318; 354 318; 353 319; 351 319; 349 321; 347 321; 346 322; 344 322; 343 323; 341 323; 339 325; 339 327; 342 330; 343 330; 345 332; 346 332; 348 334; 349 334; 353 338; 354 338; 355 339; 356 339; 357 340; 359 340; 360 341; 361 341; 362 342; 363 342; 365 344; 366 344; 367 345; 368 345; 369 346; 370 346; 372 348; 373 348; 374 349; 377 349; 378 348; 378 347; 379 346; 379 334; 380 333; 380 322; 381 321; 381 316; 380 315; 380 309; 379 308
37; 255 333; 253 335; 251 335; 250 336; 249 336; 248 337; 247 337; 245 339; 244 339; 243 340; 242 340; 241 341; 239 341; 238 342; 237 342; 236 343; 235 343; 234 344; 233 344; 231 346; 230 346; 229 347; 228 347; 226 349; 225 349; 224 350; 223 350; 221 352; 221 354; 223 356; 225 356; 226 357; 227 357; 228 358; 229 358; 230 359; 231 359; 232 360; 233 360; 235 362; 236 362; 237 363; 238 363; 239 364; 240 364; 242 366; 243 366; 244 367; 245 367; 247 369; 248 369; 250 371; 251 371; 252 372; 253 372; 254 373; 255 373; 256 374; 260 374; 261 373; 261 372; 262 371; 262 363; 261 362; 261 358; 262 357; 262 347; 261 346; 261 335; 260 334; 260 333
38; 965 332; 964 333; 964 334; 963 335; 963 337; 962 338; 962 343; 961 344; 961 347; 960 348; 960 352; 959 353; 959 358; 958 359; 958 361; 957 362; 957 363; 956 364; 956 366; 955 367; 955 371; 956 372; 961 372; 962 371; 965 371; 966 370; 968 370; 969 369; 971 369; 972 368; 978 368; 979 367; 980 367; 982 365; 983 365; 984 364; 986 364; 987 363; 990 363; 991 362; 993 362; 994 361; 996 361; 997 360; 998 360; 998 357; 992 351; 991 351; 989 349; 988 349; 981 342; 980 342; 977 339; 976 339; 973 336; 972 336; 968 332
39; 781 355; 781 356; 780 357; 780 359; 779 360; 779 363; 778 364; 778 371; 777 372; 777 373; 776 374; 776 375; 775 376; 775 384; 774 385; 774 388; 773 389; 773 396; 780 396; 781 395; 783 395; 784 394; 786 394; 787 393; 789 393; 790 392; 792 392; 793 391; 794 391; 795 390; 797 390; 798 389; 800 389; 801 388; 803 388; 804 387; 805 387; 806 386; 809 386; 810 385; 814 385; 816 383; 816 381; 813 378; 812 378; 809 375; 808 375; 805 372; 804 372; 802 370; 802 369; 799 366; 798 366; 797 365; 796 365; 794 363; 793 363; 786 356; 785 356; 784 355
40; 97 357; 96 358; 96 360; 95 361; 95 362; 94 363; 94 364; 93 365; 93 366; 92 367; 92 369; 91 370; 91 372; 90 373; 90 376; 89 377; 89 378; 88 379; 88 381; 87 382; 87 383; 86 384; 86 386; 85 387; 85 389; 84 390; 84 392; 83 393; 83 395; 84 396; 85 396; 86 397; 88 397; 89 396; 93 396; 94 395; 98 395; 99 394; 102 394; 103 393; 105 393; 106 392; 113 392; 114 391; 118 391; 119 390; 122 390; 123 389; 126 389; 127 388; 128 388; 128 385; 122 379; 122 378; 117 373; 117 372; 114 369; 114 368; 113 368; 103 358; 102 358; 101 357
41; 746 361; 745 362; 743 362; 742 363; 740 363; 739 364; 736 364; 735 365; 732 365; 731 366; 729 366; 728 367; 726 367; 725 368; 721 368; 720 369; 718 369; 717 370; 715 370; 714 371; 711 371; 710 372; 709 372; 708 373; 708 375; 714 381; 715 381; 718 384; 719 384; 727 392; 728 392; 736 400; 737 400; 738 401; 739 401; 740 402; 743 402; 744 401; 744 400; 745 399; 745 396; 746 395; 746 386; 747 385; 747 384; 748 383; 748 382; 749 381; 749 380; 750 379; 750 369; 751 368; 751 362; 750 361
42; 877 377; 876 378; 854 378; 853 379; 848 379; 847 380; 843 380; 842 381; 839 381; 838 382; 838 384; 839 385; 839 386; 841 388; 841 389; 843 391; 843 392; 845 394; 845 395; 847 397; 847 398; 848 399; 848 400; 855 407; 855 408; 858 411; 858 412; 859 412; 861 414; 864 414; 865 415; 868 415; 869 414; 870 414; 872 412; 872 411; 873 410; 873 408; 874 407; 874 405; 875 404; 875 401; 876 400; 876 397; 877 396; 877 393; 878 392; 878 389; 879 388; 879 387; 880 386; 880 384; 882 382; 882 378; 881 377
43; 810 397; 809 398; 809 399; 808 400; 808 436; 809 437; 809 438; 810 439; 814 439; 815 438; 816 438; 817 437; 818 437; 819 436; 820 436; 821 435; 822 435; 823 434; 825 434; 826 433; 827 433; 829 431; 830 431; 832 429; 833 429; 834 428; 835 428; 836 427; 837 427; 838 426; 839 426; 840 425; 842 425; 843 424; 844 424; 845 423; 846 423; 847 422; 848 422; 850 420; 850 418; 848 416; 847 416; 845 414; 844 414; 842 412; 841 412; 839 410; 838 410; 833 405; 829 405; 828 404; 827 404; 826 403; 825 403; 824 402; 823 402; 821 400; 820 400; 819 399; 818 399; 817 398; 816 398; 815 397
44; 905 425; 903 427; 903 430; 902 431; 902 434; 901 435; 901 436; 900 437; 900 438; 899 439; 899 440; 898 441; 898 442; 897 443; 897 445; 896 446; 896 448; 895 449; 895 452; 894 453; 894 455; 893 456; 893 460; 897 460; 898 459; 898 458; 899 457; 899 456; 901 454; 901 453; 902 452; 902 451; 903 450; 903 448; 905 446; 905 445; 907 443; 907 442; 910 439; 911 439; 912 440; 913 440; 915 442; 915 437; 916 436; 916 431; 915 430; 914 430; 909 425
45; 917 432; 917 436; 916 437; 916 443; 922 449; 922 450; 919 453; 918 453; 917 454; 915 454; 914 455; 913 455; 912 456; 911 456; 910 457; 909 457; 908 458; 906 458; 905 459; 904 459; 903 460; 902 460; 901 461; 900 461; 900 462; 899 463; 899 466; 901 466; 902 465; 904 465; 905 464; 907 464; 908 463; 910 463; 911 462; 912 462; 913 461; 918 461; 919 460; 921 460; 922 459; 926 459; 927 458; 930 458; 931 457; 934 457; 935 456; 936 456; 937 455; 937 453; 934 450; 934 449; 931 446; 931 445; 924 438; 924 437; 923 436; 922 436; 919 433; 918 433
46; 677 479; 676 481; 656 480; 654 482; 672 518; 675 518; 684 509; 698 490
47; 686 443; 679 439; 645 464; 648 468; 677 479
48; 704 482; 731 457; 729 453; 686 443
49; 686 443; 677 479; 698 490; 704 482
50; 740 445; 739 446; 739 447; 738 448; 738 450; 736 452; 736 453; 733 456; 733 460; 732 461; 732 462; 730 464; 730 465; 729 466; 729 470; 728 471; 728 472; 727 473; 727 475; 726 476; 726 477; 725 478; 725 480; 724 481; 724 483; 726 485; 730 485; 731 484; 734 484; 735 483; 739 483; 740 482; 745 482; 746 481; 759 481; 760 480; 765 480; 766 479; 767 479; 768 478; 769 478; 769 473; 764 468; 764 467; 756 459; 756 458; 752 454; 751 454; 748 451; 748 450; 745 447; 745 446; 744 446; 743 445
51; 477 460; 476 461; 457 461; 456 462; 455 462; 454 463; 451 463; 450 464; 445 464; 444 465; 442 465; 441 466; 440 466; 439 467; 439 470; 453 484; 453 485; 456 488; 456 489; 460 493; 460 494; 465 499; 468 499; 470 497; 470 496; 471 495; 471 494; 472 493; 472 492; 473 491; 473 489; 474 488; 474 486; 475 485; 475 483; 476 482; 476 481; 477 480; 477 479; 478 478; 478 476; 479 475; 479 473; 480 472; 480 470; 481 469; 481 468; 482 467; 482 466; 483 465; 483 460
52; 345 473; 338 480; 337 480; 335 482; 334 482; 328 488; 327 488; 316 499; 316 502; 317 502; 318 503; 319 503; 320 504; 321 504; 322 505; 324 505; 325 506; 327 506; 328 507; 331 507; 332 508; 336 508; 337 509; 339 509; 340 510; 342 510; 343 511; 345 511; 346 512; 348 512; 349 513; 350 513; 352 515; 356 515; 357 514; 357 513; 358 512; 358 506; 357 505; 357 503; 356 502; 356 493; 354 491; 354 490; 353 489; 353 487; 352 486; 352 482; 351 481; 351 478; 350 477; 350 476; 349 475; 349 474; 348 473
53; 782 484; 781 485; 768 485; 767 486; 760 486; 759 487; 749 487; 748 488; 748 490; 749 491; 749 494; 751 496; 752 496; 756 500; 756 501; 758 503; 758 504; 759 505; 759 506; 760 507; 760 508; 761 509; 761 510; 765 514; 765 515; 772 522; 776 522; 776 521; 777 520; 777 518; 778 517; 778 516; 779 515; 779 514; 780 513; 780 512; 781 511; 781 510; 784 507; 784 506; 786 504; 786 501; 787 500; 787 498; 788 497; 788 496; 789 495; 789 494; 790 493; 790 492; 791 491; 791 490; 792 489; 792 488; 793 487; 793 485; 792 484
54; 705 487; 703 489; 704 490; 704 491; 705 492; 705 494; 706 495; 706 499; 707 500; 707 502; 708 503; 708 505; 709 506; 709 509; 710 510; 710 512; 711 513; 711 514; 712 515; 712 518; 713 519; 713 521; 714 522; 714 523; 715 524; 715 526; 716 527; 720 527; 724 523; 724 522; 728 518; 729 518; 739 508; 740 508; 741 507; 742 507; 744 505; 744 504; 745 503; 745 502; 746 501; 746 500; 747 499; 747 495; 745 495; 744 494; 742 494; 741 493; 737 493; 736 492; 732 492; 731 491; 728 491; 727 490; 715 490; 714 489; 711 489; 710 488; 709 488; 708 487
55; 579 496; 577 498; 577 500; 578 501; 578 503; 579 504; 579 505; 582 508; 582 509; 583 510; 583 511; 585 513; 585 514; 586 515; 586 516; 587 517; 587 518; 588 519; 588 521; 589 522; 589 523; 590 524; 590 525; 591 526; 591 528; 592 529; 592 531; 593 532; 593 533; 594 534; 595 534; 596 535; 598 535; 602 531; 602 530; 605 527; 605 526; 608 523; 608 522; 611 519; 612 519; 614 517; 614 515; 615 514; 615 513; 618 510; 618 509; 621 506; 621 505; 622 504; 622 501; 621 500; 615 500; 614 499; 610 499; 609 498; 603 498; 602 497; 595 497; 594 496
56; 171 508; 170 509; 170 516; 171 517; 171 524; 170 525; 170 528; 171 529; 171 532; 172 533; 172 542; 173 543; 173 544; 174 545; 174 546; 175 547; 175 548; 176 549; 180 549; 183 546; 184 546; 188 542; 189 542; 191 540; 192 540; 193 539; 194 539; 195 538; 196 538; 198 536; 199 536; 201 534; 202 534; 204 532; 205 532; 209 528; 210 528; 211 527; 211 524; 210 523; 209 523; 208 522; 207 522; 206 521; 205 521; 204 520; 203 520; 202 519; 200 519; 199 518; 197 518; 196 517; 195 517; 194 516; 193 516; 192 515; 191 515; 190 514; 188 514; 187 513; 185 513; 184 512; 183 512; 182 511; 180 511; 179 510; 178 510; 177 509; 176 509; 175 508
57; 222 509; 221 510; 221 512; 222 513; 222 515; 223 516; 223 528; 224 529; 224 532; 225 533; 225 542; 226 543; 226 547; 227 548; 227 549; 232 549; 233 548; 234 548; 235 547; 236 547; 241 542; 242 542; 244 540; 245 540; 246 539; 247 539; 248 538; 249 538; 250 537; 250 536; 251 535; 252 535; 254 533; 255 533; 257 531; 258 531; 264 525; 264 523; 263 522; 262 522; 261 521; 259 521; 258 520; 256 520; 255 519; 253 519; 252 518; 250 518; 249 517; 247 517; 246 516; 243 516; 242 515; 241 515; 240 514; 239 514; 238 513; 237 513; 236 512; 234 512; 233 511; 231 511; 230 510; 228 510; 227 509
58; 319 512; 319 518; 320 519; 320 522; 321 523; 321 527; 322 528; 322 530; 323 531; 323 532; 324 533; 324 534; 325 535; 325 537; 326 538; 326 541; 327 542; 327 544; 328 545; 328 547; 329 548; 329 549; 330 550; 330 551; 331 552; 333 552; 334 551; 335 551; 339 547; 340 547; 342 545; 342 544; 346 540; 347 540; 348 539; 349 539; 352 536; 352 535; 353 534; 353 533; 357 529; 358 529; 363 524; 363 521; 362 521; 361 520; 358 520; 357 519; 356 519; 354 517; 348 517; 347 516; 341 516; 340 515; 337 515; 336 514; 333 514; 332 513; 326 513; 325 512
59; 855 526; 854 527; 853 527; 851 529; 850 529; 848 531; 847 531; 846 532; 845 532; 844 533; 842 533; 841 534; 840 534; 839 535; 838 535; 837 536; 836 536; 835 537; 834 537; 833 538; 832 538; 831 539; 830 539; 828 541; 827 541; 826 542; 824 542; 823 543; 822 543; 821 544; 820 544; 819 545; 819 548; 820 549; 821 549; 823 551; 824 551; 826 553; 827 553; 828 554; 829 554; 830 555; 831 555; 832 556; 833 556; 834 557; 835 557; 836 558; 837 558; 838 559; 839 559; 840 560; 841 560; 842 561; 843 561; 844 562; 845 562; 847 564; 848 564; 849 565; 850 565; 851 566; 852 566; 853 567; 854 567; 855 568; 859 568; 860 567; 860 565; 861 564; 861 557; 860 556; 860 554; 861 553; 861 551; 862 550; 862 547; 861 546; 861 545; 860 544; 860 532; 859 531; 859 528; 857 526
60; 736 554; 736 555; 735 556; 735 561; 734 562; 734 570; 735 571; 734 572; 734 577; 733 578; 733 584; 732 585; 732 591; 731 592; 731 594; 732 595; 739 595; 740 594; 742 594; 743 593; 744 593; 745 592; 746 592; 747 591; 748 591; 749 590; 751 590; 752 589; 754 589; 755 588; 756 588; 757 587; 758 587; 759 586; 760 586; 761 585; 763 585; 764 584; 765 584; 766 583; 768 583; 769 582; 770 582; 771 581; 772 581; 773 580; 774 580; 775 579; 775 577; 773 575; 772 575; 770 573; 769 573; 767 571; 766 571; 762 567; 761 567; 758 564; 758 563; 757 562; 756 562; 754 560; 752 560; 751 559; 750 559; 749 558; 748 558; 747 557; 746 557; 745 556; 744 556; 742 554
61; 656 586; 655 587; 654 587; 652 589; 651 589; 650 590; 649 590; 648 591; 647 591; 646 592; 645 592; 644 593; 643 593; 642 594; 637 594; 635 596; 635 598; 633 600; 632 600; 631 601; 630 601; 629 602; 627 602; 625 604; 624 604; 623 605; 622 605; 620 607; 620 609; 623 612; 624 612; 625 613; 627 613; 628 614; 629 614; 631 616; 632 616; 633 617; 634 617; 636 619; 637 619; 638 620; 640 620; 641 621; 642 621; 643 622; 644 622; 645 623; 646 623; 647 624; 648 624; 649 625; 650 625; 651 626; 652 626; 654 628; 655 628; 657 630; 660 630; 661 629; 661 628; 662 627; 662 624; 661 623; 661 595; 662 594; 662 590; 661 589; 661 588; 659 586
62; 563 595; 561 597; 561 600; 562 601; 562 602; 563 603; 563 608; 567 612; 567 613; 568 614; 568 618; 569 619; 569 622; 570 623; 570 624; 571 625; 571 627; 572 628; 572 631; 573 632; 573 633; 574 634; 574 635; 575 635; 576 636; 578 636; 579 635; 580 635; 582 633; 583 633; 586 630; 586 629; 592 623; 593 623; 597 619; 597 618; 601 614; 601 613; 607 607; 607 605; 605 603; 603 603; 602 602; 600 602; 599 601; 594 601; 593 600; 590 600; 589 599; 584 599; 583 598; 578 598; 577 597; 574 597; 573 596; 568 596; 567 595
63; 556 608; 555 609; 550 609; 549 610; 545 610; 544 611; 542 611; 541 612; 539 612; 538 613; 535 613; 534 614; 532 614; 531 615; 528 615; 527 616; 524 616; 523 617; 521 617; 520 618; 519 618; 518 619; 518 622; 530 634; 530 635; 531 635; 533 637; 534 637; 537 640; 538 640; 540 642; 541 642; 544 645; 545 645; 549 649; 551 649; 553 647; 553 646; 554 645; 554 644; 555 643; 555 638; 556 637; 556 633; 557 632; 557 629; 558 628; 558 626; 559 625; 559 621; 560 620; 560 616; 561 615; 561 613; 562 612; 562 611; 563 610; 563 609; 562 608
64; 243 607; 242 608; 241 608; 240 609; 239 609; 238 610; 237 610; 236 611; 235 611; 234 612; 233 612; 232 613; 231 613; 230 614; 229 614; 228 615; 227 615; 226 616; 225 616; 224 617; 223 617; 222 618; 221 618; 220 619; 218 619; 217 620; 215 620; 214 621; 212 621; 211 622; 209 622; 208 623; 207 623; 206 624; 206 627; 209 630; 210 630; 213 633; 214 633; 220 639; 221 639; 222 640; 224 640; 225 641; 227 641; 229 643; 230 643; 231 644; 232 644; 233 645; 234 645; 235 646; 236 646; 237 647; 238 647; 239 648; 240 648; 241 649; 243 649; 244 648; 245 648; 245 646; 246 645; 246 637; 247 636; 247 613; 248 612; 248 610; 247 609; 247 608; 246 608; 245 607
65; 829 637; 828 638; 828 643; 829 644; 829 647; 830 648; 830 653; 829 654; 829 656; 828 657; 828 659; 829 660; 829 662; 830 663; 830 672; 831 673; 831 677; 833 679; 835 679; 836 678; 838 678; 839 677; 840 677; 841 676; 842 676; 844 674; 845 674; 847 672; 848 672; 849 671; 850 671; 851 670; 852 670; 853 669; 854 669; 855 668; 856 668; 857 667; 858 667; 859 666; 860 666; 861 665; 862 665; 864 663; 865 663; 868 660; 869 660; 871 658; 871 656; 868 653; 867 653; 866 652; 865 652; 864 651; 863 651; 862 650; 861 650; 860 649; 858 649; 857 648; 856 648; 855 647; 854 647; 853 646; 852 646; 851 645; 850 645; 849 644; 848 644; 847 643; 846 643; 845 642; 843 642; 842 641; 841 641; 839 639; 837 639; 836 638; 835 638; 834 637
66; 613 642; 611 644; 611 645; 609 647; 609 648; 607 650; 607 651; 606 652; 606 653; 604 655; 604 656; 602 658; 602 659; 601 660; 601 661; 600 662; 600 663; 598 665; 598 666; 596 668; 596 669; 595 670; 595 672; 593 674; 593 675; 592 676; 592 678; 594 680; 612 680; 613 681; 622 681; 623 680; 637 680; 637 675; 636 674; 636 673; 635 672; 635 671; 634 670; 634 669; 633 668; 633 667; 632 666; 632 665; 630 663; 630 662; 628 660; 628 659; 627 658; 627 657; 626 656; 626 655; 625 654; 625 653; 622 650; 622 649; 621 648; 621 647; 620 646; 620 645; 617 642
67; 270 664; 269 665; 264 665; 263 666; 260 666; 259 667; 257 667; 256 668; 251 668; 250 669; 244 669; 243 670; 235 670; 234 671; 233 671; 233 676; 234 677; 234 678; 250 694; 250 695; 260 705; 263 705; 265 703; 265 702; 266 701; 266 699; 267 698; 267 695; 268 694; 268 692; 270 690; 270 689; 271 688; 271 686; 272 685; 272 679; 273 678; 273 676; 274 675; 274 671; 275 670; 275 664
68; 408 669; 407 670; 406 670; 405 671; 404 671; 402 673; 401 673; 400 674; 398 674; 397 675; 396 675; 394 677; 393 677; 392 678; 391 678; 390 679; 389 679; 388 680; 386 680; 384 682; 383 682; 380 685; 379 685; 377 687; 376 687; 375 688; 374 688; 373 689; 373 692; 374 693; 376 693; 377 694; 378 694; 379 695; 380 695; 381 696; 382 696; 384 698; 385 698; 389 702; 390 702; 391 703; 392 703; 393 704; 395 704; 396 705; 397 705; 400 708; 401 708; 402 709; 403 709; 404 710; 405 710; 406 711; 407 711; 408 712; 412 712; 413 711; 413 709; 414 708; 414 700; 413 699; 413 690; 414 689; 414 685; 413 684; 413 679; 412 678; 412 670; 411 669
69; 139 698; 138 699; 138 700; 137 701; 137 708; 136 709; 136 710; 135 711; 135 712; 134 713; 134 717; 135 718; 135 724; 134 725; 134 729; 133 730; 133 733; 132 734; 132 738; 133 739; 136 739; 137 738; 141 738; 142 737; 145 737; 146 736; 147 736; 148 735; 150 735; 151 734; 155 734; 156 733; 159 733; 160 732; 166 732; 167 731; 171 731; 172 730; 173 730; 173 727; 171 727; 170 726; 169 726; 167 724; 166 724; 161 719; 159 719; 159 722; 157 724; 156 724; 155 725; 154 725; 153 726; 151 726; 150 727; 145 727; 144 726; 144 720; 145 719; 145 712; 146 711; 146 708; 145 707; 145 705; 144 704; 144 702; 143 701; 143 700; 142 699; 142 698
70; 348 729; 347 730; 347 731; 346 732; 346 733; 345 734; 345 735; 343 737; 343 738; 342 739; 342 740; 341 741; 341 742; 338 745; 336 745; 334 743; 338 739; 338 737; 337 736; 334 736; 333 737; 332 737; 331 738; 331 739; 330 740; 330 743; 328 745; 326 745; 325 746; 322 746; 321 747; 320 747; 320 750; 321 750; 322 751; 324 751; 325 752; 328 752; 329 753; 330 753; 332 755; 332 758; 330 760; 330 761; 329 762; 329 766; 330 767; 335 767; 336 766; 348 766; 349 767; 350 767; 351 768; 357 768; 358 767; 373 767; 375 765; 375 763; 374 762; 374 760; 373 759; 373 758; 372 757; 372 756; 371 755; 371 748; 372 747; 372 745; 370 743; 364 743; 359 738; 359 737; 357 735; 357 734; 352 729
71; 705 735; 703 737; 703 738; 702 739; 702 743; 701 744; 701 747; 700 748; 700 749; 699 750; 699 751; 697 753; 697 754; 696 755; 696 758; 695 759; 695 764; 694 765; 694 768; 693 769; 693 770; 691 772; 691 773; 690 774; 690 778; 691 779; 694 779; 695 778; 696 778; 697 777; 698 777; 699 776; 705 776; 706 775; 710 775; 711 774; 716 774; 717 773; 720 773; 721 772; 725 772; 726 771; 731 771; 732 770; 735 770; 737 768; 737 766; 735 764; 735 763; 732 760; 732 759; 709 736; 708 736; 707 735
72; 29 778; 30 780; 27 786; 31 789; 39 790; 47 795; 73 796; 69 784; 55 767; 57 756; 51 758; 33 776
73; 33 776; 29 770; 0 750; 0 762; 12 770; 9 775; 0 777; 0 788; 13 782; 29 778
74; 444 768; 443 769; 442 769; 440 771; 439 771; 438 772; 437 772; 436 773; 434 773; 432 775; 431 775; 430 776; 429 776; 428 777; 427 777; 426 778; 425 778; 423 780; 423 781; 422 782; 422 788; 420 790; 417 790; 416 789; 412 789; 411 790; 411 792; 413 794; 414 794; 415 795; 416 795; 417 796; 418 796; 419 797; 420 797; 421 798; 422 798; 423 799; 424 799; 425 800; 426 800; 427 801; 428 801; 430 803; 431 803; 432 804; 433 804; 435 806; 436 806; 437 807; 438 807; 439 808; 440 808; 441 809; 442 809; 443 810; 444 810; 445 811; 446 811; 447 812; 452 812; 452 804; 451 803; 451 783; 450 782; 450 776; 449 775; 449 769; 448 768
75; 960 764; 955 769; 955 770; 949 776; 949 777; 945 781; 945 782; 941 786; 940 786; 933 793; 933 797; 934 798; 936 798; 937 799; 939 799; 940 800; 944 800; 945 801; 949 801; 950 802; 951 802; 952 803; 953 803; 954 804; 965 804; 966 805; 968 805; 969 806; 970 806; 971 807; 977 807; 977 802; 976 801; 976 799; 975 798; 975 795; 974 794; 974 790; 973 789; 973 787; 972 786; 972 783; 971 782; 971 780; 970 779; 970 777; 969 776; 969 775; 968 774; 968 772; 967 771; 967 770; 966 769; 966 768; 965 767; 965 766; 963 764
76; 905 795; 904 796; 900 796; 899 797; 887 797; 886 798; 883 798; 882 799; 876 799; 875 800; 874 800; 873 801; 873 804; 874 805; 874 806; 877 809; 877 810; 882 815; 882 816; 888 822; 888 823; 889 824; 889 825; 892 828; 892 829; 893 829; 895 831; 895 832; 900 837; 903 837; 905 835; 905 833; 906 832; 906 830; 907 829; 907 828; 908 827; 908 826; 909 825; 909 824; 911 822; 911 821; 914 818; 914 817; 915 816; 915 814; 916 813; 916 811; 917 810; 917 809; 918 808; 918 807; 919 806; 919 805; 920 804; 920 799; 919 798; 917 798; 916 797; 915 797; 914 796; 913 796; 912 795
77; 12 799; 10 801; 10 805; 11 806; 11 809; 12 810; 12 812; 13 813; 13 815; 14 816; 14 820; 15 821; 15 826; 16 827; 16 829; 17 830; 17 831; 18 832; 18 834; 19 835; 19 838; 20 839; 20 843; 21 844; 25 844; 26 843; 27 843; 36 834; 37 834; 38 833; 39 833; 40 832; 41 832; 44 829; 44 828; 45 827; 45 826; 48 823; 48 822; 55 815; 55 812; 54 811; 53 811; 52 810; 49 810; 48 809; 45 809; 44 808; 43 808; 42 807; 40 807; 39 806; 35 806; 34 805; 32 805; 31 804; 29 804; 28 803; 27 803; 26 802; 25 802; 24 801; 22 801; 21 800; 17 800; 16 799
78; 936 803; 935 804; 934 804; 932 806; 932 807; 931 808; 931 809; 925 815; 925 816; 924 817; 923 817; 921 819; 920 819; 919 820; 919 821; 918 822; 918 825; 917 826; 917 827; 913 831; 913 832; 910 835; 910 840; 911 840; 912 841; 916 841; 917 842; 924 842; 925 843; 930 843; 931 844; 936 844; 937 845; 944 845; 945 846; 950 846; 951 847; 953 847; 954 846; 955 846; 955 841; 954 840; 954 839; 953 838; 953 836; 952 835; 952 833; 951 832; 951 831; 950 830; 950 829; 949 828; 949 827; 948 826; 948 825; 947 824; 947 823; 946 822; 946 820; 945 819; 945 817; 944 816; 944 815; 943 814; 943 813; 942 812; 942 811; 941 810; 941 807; 939 805; 939 804; 938 803
79; 135 847; 131 851; 131 853; 130 854; 130 856; 129 857; 129 858; 128 859; 128 860; 126 862; 126 864; 125 865; 125 867; 124 868; 124 869; 123 870; 123 871; 122 872; 122 873; 120 875; 120 876; 118 878; 118 879; 117 880; 117 881; 116 882; 116 886; 117 887; 126 887; 127 888; 129 888; 130 887; 134 887; 135 886; 137 886; 138 885; 140 885; 141 884; 142 884; 143 883; 144 883; 145 882; 146 882; 148 880; 149 880; 150 879; 154 879; 155 880; 156 880; 158 882; 162 882; 162 878; 161 877; 161 876; 159 874; 159 873; 158 872; 158 871; 157 870; 157 869; 154 866; 153 866; 152 865; 152 864; 151 863; 151 862; 150 861; 150 860; 148 858; 148 857; 144 853; 144 852; 139 847
80; 992 880; 990 882; 990 883; 987 886; 987 887; 986 888; 986 889; 984 891; 984 892; 983 893; 983 894; 981 896; 981 897; 976 902; 976 903; 974 905; 974 906; 972 908; 972 909; 971 910; 971 911; 969 913; 969 917; 970 918; 972 918; 973 919; 976 919; 977 920; 986 920; 987 921; 989 921; 990 922; 1001 922; 1002 923; 1011 923; 1013 921; 1013 919; 1012 918; 1012 917; 1011 916; 1011 914; 1010 913; 1010 911; 1009 910; 1009 908; 1008 907; 1008 905; 1007 904; 1007 902; 1006 901; 1006 900; 1005 899; 1005 898; 1004 897; 1004 896; 1003 895; 1003 894; 1002 893; 1002 892; 1001 891; 1001 889; 1000 888; 1000 887; 998 885; 998 884; 997 883; 997 882; 995 880
81; 513 895; 513 896; 512 897; 512 900; 513 901; 513 903; 514 904; 514 906; 515 907; 515 919; 514 920; 514 922; 515 923; 515 925; 516 926; 516 932; 517 933; 517 940; 518 941; 518 942; 523 942; 525 940; 526 940; 528 938; 529 938; 530 937; 531 937; 534 934; 535 934; 537 932; 538 932; 540 930; 541 930; 543 928; 544 928; 546 926; 547 926; 552 921; 553 921; 555 919; 556 919; 557 918; 557 915; 555 913; 554 913; 552 911; 551 911; 550 910; 549 910; 548 909; 546 909; 545 908; 544 908; 543 907; 541 907; 540 906; 539 906; 538 905; 537 905; 536 904; 535 904; 533 902; 532 902; 531 901; 530 901; 529 900; 528 900; 527 899; 526 899; 525 898; 524 898; 523 897; 521 897; 520 896; 518 896; 517 895
82; 918 935; 916 937; 916 941; 917 942; 917 944; 918 945; 918 950; 919 951; 919 954; 920 955; 920 956; 921 957; 921 959; 922 960; 922 964; 923 965; 923 967; 924 968; 924 974; 925 975; 925 978; 926 979; 926 980; 927 981; 927 983; 928 984; 928 985; 932 985; 936 981; 936 980; 952 964; 953 964; 961 956; 961 953; 960 952; 959 952; 958 951; 955 951; 954 950; 952 950; 951 949; 950 949; 949 948; 948 948; 947 947; 946 947; 945 946; 944 946; 943 945; 942 945; 939 942; 937 942; 936 941; 933 941; 932 940; 930 940; 929 939; 928 939; 927 938; 926 938; 925 937; 924 937; 923 936; 922 936; 921 935
83; 856 943; 855 944; 855 950; 856 951; 856 955; 857 956; 857 973; 858 974; 858 978; 859 979; 859 983; 860 984; 860 992; 862 994; 864 994; 871 987; 872 987; 874 985; 875 985; 879 981; 881 981; 882 980; 883 980; 888 975; 889 975; 891 973; 892 973; 894 971; 895 971; 896 970; 897 970; 898 969; 898 965; 896 963; 895 963; 894 962; 893 962; 891 960; 890 960; 889 959; 888 959; 886 957; 885 957; 883 955; 882 955; 879 952; 878 952; 876 950; 875 950; 874 949; 873 949; 872 948; 871 948; 870 947; 869 947; 868 946; 866 946; 865 945; 864 945; 863 944; 862 944; 861 943
84; 682 1000; 678 1009; 661 1017; 662 1023; 681 1023; 691 1015; 694 1016; 692 1023; 707 1023; 707 1003; 704 1003; 694 1015; 697 1000; 689 1002; 686 999
85; 686 999; 692 959; 688 959; 683 965; 675 960; 647 965; 650 971; 646 974; 647 978; 661 990; 667 989; 676 992; 682 1000
86; 970 995; 969 996; 968 996; 965 999; 964 999; 959 1004; 958 1004; 957 1005; 956 1005; 949 1012; 948 1012; 941 1019; 941 1020; 940 1021; 940 1023; 956 1023; 956 1022; 966 1012; 967 1012; 970 1015; 970 1017; 971 1018; 971 1021; 972 1022; 972 1023; 982 1023; 982 1020; 980 1018; 980 1017; 978 1015; 978 1013; 977 1012; 977 1009; 976 1008; 976 1003; 975 1002; 975 999; 974 998; 974 997; 972 995
