0; 882 0; 882 12; 881 13; 881 14; 880 15; 880 20; 881 21; 885 21; 886 20; 887 20; 888 19; 889 19; 890 18; 891 18; 892 17; 893 17; 894 16; 895 16; 896 15; 899 15; 900 14; 902 14; 904 12; 905 12; 908 9; 910 9; 911 8; 913 8; 914 7; 915 7; 916 6; 917 6; 918 5; 920 5; 921 4; 923 4; 925 2; 926 2; 926 0; 904 0; 904 1; 902 3; 901 3; 899 5; 898 5; 897 6; 896 6; 895 7; 893 7; 891 5; 891 2; 890 1; 890 0
1; 815 15; 813 17; 809 17; 808 18; 805 18; 804 19; 803 19; 802 20; 800 20; 796 16; 792 16; 791 17; 791 20; 789 22; 788 22; 787 23; 785 23; 784 24; 779 24; 778 25; 776 25; 775 24; 769 24; 768 25; 768 28; 771 31; 771 32; 772 33; 772 35; 774 37; 775 37; 777 39; 778 39; 780 41; 781 41; 783 43; 783 44; 786 47; 787 47; 788 48; 789 48; 790 49; 791 49; 794 52; 794 53; 795 54; 795 55; 796 56; 796 57; 800 61; 801 61; 802 62; 805 62; 807 60; 807 57; 808 56; 808 54; 809 53; 809 47; 810 46; 810 45; 811 44; 811 43; 812 42; 812 38; 813 37; 813 35; 814 34; 814 33; 815 32; 815 30; 816 29; 816 27; 818 25; 818 24; 819 23; 819 22; 820 21; 820 16; 819 15
2; 613 26; 612 27; 612 30; 615 33; 615 34; 617 36; 617 38; 618 39; 618 41; 619 42; 619 43; 621 45; 621 48; 619 50; 619 52; 624 52; 626 54; 626 55; 627 56; 627 57; 628 58; 642 58; 643 57; 647 57; 652 52; 652 51; 651 50; 651 49; 652 48; 652 47; 660 39; 660 38; 664 34; 664 31; 663 30; 662 30; 661 29; 660 29; 659 28; 643 28; 642 27; 623 27; 622 28; 621 28; 620 27; 617 27; 616 26
3; 247 28; 244 38; 247 69; 251 69; 256 63; 265 59; 273 62; 282 52; 292 46; 291 42; 262 26
4; 262 26; 263 23; 289 26; 283 0; 274 0; 276 12; 273 15; 256 10; 263 0; 250 0; 247 5; 237 11; 247 28
5; 494 17; 493 18; 493 20; 492 21; 492 26; 491 27; 491 28; 488 31; 488 37; 487 38; 487 42; 486 43; 486 45; 485 46; 485 50; 484 51; 484 54; 483 55; 483 56; 480 59; 480 60; 479 61; 479 63; 481 65; 485 65; 486 64; 487 64; 488 63; 489 63; 490 62; 491 62; 492 61; 502 61; 503 60; 505 60; 506 59; 508 59; 509 58; 510 58; 511 57; 515 57; 516 56; 519 56; 520 55; 530 55; 530 51; 529 50; 529 49; 526 46; 525 46; 523 44; 522 44; 520 42; 520 41; 519 40; 519 39; 518 38; 518 37; 519 36; 519 33; 517 31; 512 31; 508 27; 508 26; 504 22; 503 22; 499 18; 498 18; 497 17
6; 666 41; 664 43; 664 44; 663 45; 663 46; 662 47; 662 48; 661 49; 661 50; 657 54; 655 54; 654 53; 652 53; 647 58; 643 58; 642 59; 628 59; 629 60; 629 61; 633 65; 633 72; 634 73; 634 74; 635 74; 638 77; 638 78; 639 79; 640 79; 641 80; 643 80; 644 81; 647 81; 648 82; 664 82; 665 83; 667 83; 668 84; 677 84; 678 85; 681 85; 682 86; 685 86; 686 87; 688 87; 689 86; 690 86; 690 82; 686 78; 686 77; 685 76; 685 75; 684 74; 684 67; 683 66; 683 64; 681 62; 681 60; 680 59; 680 58; 677 55; 677 54; 676 53; 676 51; 674 49; 674 48; 672 46; 672 44; 671 43; 671 42; 670 41
7; 393 44; 392 45; 392 47; 391 48; 391 53; 390 54; 390 55; 389 56; 389 57; 387 59; 387 60; 386 61; 386 63; 385 64; 385 65; 383 67; 382 67; 380 69; 380 74; 381 75; 381 78; 380 79; 380 80; 375 85; 375 88; 376 89; 376 90; 377 91; 378 91; 379 92; 381 92; 382 91; 383 91; 385 89; 386 89; 387 88; 393 88; 394 89; 396 89; 399 92; 401 92; 403 90; 403 89; 405 87; 407 87; 408 86; 413 86; 414 85; 415 85; 416 86; 422 86; 423 85; 425 85; 425 84; 426 83; 426 81; 419 74; 419 73; 418 72; 418 71; 417 70; 417 68; 416 67; 416 66; 414 64; 414 63; 412 61; 411 61; 410 60; 409 60; 408 59; 407 59; 401 53; 401 52; 400 51; 400 50; 399 49; 399 48; 398 47; 398 46; 396 44
8; 10 56; 9 57; 8 57; 8 62; 9 63; 9 70; 8 71; 8 74; 9 75; 9 81; 8 82; 8 84; 7 85; 7 92; 8 93; 8 97; 7 98; 7 102; 9 104; 13 104; 14 103; 15 103; 15 102; 19 98; 20 98; 21 97; 22 97; 23 96; 30 96; 31 97; 34 97; 35 96; 35 94; 38 91; 42 91; 43 90; 44 90; 45 89; 45 88; 48 85; 49 85; 50 84; 51 84; 52 83; 54 83; 55 82; 55 79; 52 76; 50 76; 49 75; 46 75; 45 74; 44 74; 42 72; 41 72; 39 70; 37 70; 36 69; 35 69; 33 67; 32 67; 31 66; 30 66; 27 63; 26 63; 24 61; 23 61; 22 60; 18 60; 17 59; 16 59; 14 57; 13 57; 12 56
9; 963 58; 962 59; 962 61; 963 62; 963 63; 964 64; 964 65; 965 66; 964 67; 964 73; 965 74; 965 75; 966 76; 966 84; 965 85; 965 88; 966 89; 966 90; 967 91; 967 94; 966 95; 966 98; 967 99; 967 101; 968 102; 968 107; 969 108; 972 108; 973 107; 974 107; 976 105; 977 105; 978 104; 979 104; 986 97; 988 97; 989 98; 993 98; 993 92; 997 88; 998 88; 999 87; 1003 87; 1004 86; 1005 86; 1011 80; 1011 76; 1010 76; 1009 75; 1005 75; 1004 74; 1003 74; 1002 73; 1001 73; 999 71; 998 71; 997 70; 990 70; 985 65; 985 64; 984 64; 983 63; 977 63; 975 61; 974 61; 973 60; 970 60; 969 59; 968 59; 967 58
10; 761 81; 760 82; 756 82; 755 83; 754 83; 753 84; 751 84; 750 85; 746 85; 745 84; 744 84; 742 82; 739 82; 739 84; 738 85; 738 86; 737 87; 736 87; 735 88; 734 88; 732 90; 731 90; 730 91; 724 91; 723 92; 721 92; 720 93; 719 93; 718 94; 717 94; 716 95; 716 99; 718 101; 719 101; 720 102; 721 102; 722 103; 723 103; 727 107; 728 107; 733 112; 734 112; 737 115; 738 115; 740 117; 741 117; 743 119; 744 119; 748 123; 748 124; 750 126; 751 126; 753 128; 756 128; 758 126; 758 119; 759 118; 759 117; 760 116; 760 111; 761 110; 761 106; 762 105; 762 96; 763 95; 763 92; 764 91; 764 90; 765 89; 765 88; 766 87; 766 86; 767 85; 767 81
11; 673 91; 672 92; 671 92; 661 102; 660 102; 659 103; 658 103; 657 104; 656 104; 654 106; 654 107; 651 110; 650 110; 649 111; 648 111; 639 120; 638 120; 636 122; 636 126; 637 126; 638 127; 641 127; 642 128; 646 128; 647 129; 650 129; 651 130; 652 130; 653 131; 655 131; 656 132; 659 132; 660 133; 661 133; 662 134; 663 134; 664 135; 665 135; 666 136; 667 136; 668 137; 670 137; 671 138; 676 138; 677 139; 678 139; 679 140; 680 140; 681 141; 684 141; 685 140; 686 140; 686 139; 687 138; 687 137; 688 136; 688 134; 687 133; 687 132; 684 129; 684 128; 683 127; 683 123; 682 122; 682 119; 681 118; 681 111; 680 110; 680 109; 678 107; 678 104; 677 103; 677 100; 676 99; 676 92; 675 91
12; 412 97; 411 98; 409 98; 408 99; 408 100; 406 102; 406 103; 401 108; 399 108; 398 109; 396 109; 395 110; 394 110; 390 114; 389 114; 387 116; 386 116; 384 118; 383 118; 380 121; 378 121; 377 122; 376 122; 375 123; 374 123; 374 127; 376 129; 380 129; 381 130; 383 130; 384 131; 385 131; 386 132; 390 132; 394 136; 394 137; 399 137; 400 136; 402 136; 403 137; 405 137; 406 138; 408 138; 409 139; 410 139; 411 140; 412 140; 414 142; 414 143; 417 146; 418 146; 419 147; 421 147; 423 145; 423 138; 422 137; 422 135; 421 134; 421 129; 424 126; 424 122; 421 119; 421 118; 420 117; 420 99; 419 98; 419 97
13; 989 107; 985 111; 984 111; 983 112; 982 112; 981 113; 980 113; 979 114; 978 114; 977 115; 976 115; 975 116; 974 116; 973 117; 968 117; 967 118; 967 119; 966 120; 966 121; 962 125; 960 125; 959 126; 958 126; 957 127; 956 127; 955 128; 954 128; 953 129; 952 129; 951 130; 950 130; 949 131; 949 133; 952 136; 957 136; 958 137; 960 137; 963 140; 964 140; 966 142; 967 142; 968 143; 969 143; 970 144; 971 144; 972 145; 973 145; 974 146; 975 146; 976 147; 978 147; 980 149; 981 149; 984 152; 985 152; 986 153; 987 153; 988 154; 990 154; 991 155; 996 155; 997 154; 997 151; 996 150; 996 146; 995 145; 995 130; 994 129; 994 125; 993 124; 993 117; 994 116; 994 114; 995 113; 995 109; 994 108; 994 107
14; 591 141; 589 143; 589 144; 588 145; 588 146; 587 147; 587 148; 585 150; 585 151; 577 159; 576 159; 569 166; 568 166; 565 169; 565 170; 563 172; 563 173; 559 177; 559 180; 560 180; 561 181; 563 181; 564 180; 571 180; 572 181; 573 181; 574 182; 575 182; 577 184; 578 184; 579 185; 583 185; 584 184; 586 184; 587 185; 591 185; 592 186; 595 186; 596 187; 597 187; 598 188; 603 188; 604 189; 606 189; 607 190; 611 190; 612 189; 612 186; 607 181; 607 180; 606 179; 606 178; 605 177; 605 175; 604 174; 604 169; 608 165; 608 162; 607 161; 602 161; 600 159; 600 158; 599 157; 599 151; 598 150; 598 149; 597 148; 597 147; 596 146; 596 143; 595 142; 595 141
15; 35 167; 34 168; 34 171; 31 174; 29 174; 28 175; 18 175; 17 176; 11 176; 9 178; 9 180; 13 184; 14 184; 15 185; 16 185; 21 190; 21 192; 22 193; 22 194; 27 199; 28 199; 34 205; 34 206; 38 210; 38 211; 39 212; 39 214; 40 215; 40 216; 43 216; 45 214; 45 212; 46 211; 46 210; 47 209; 47 207; 48 206; 48 205; 50 203; 50 202; 51 201; 51 197; 52 196; 52 195; 56 191; 56 182; 57 181; 57 179; 58 178; 58 177; 59 176; 59 175; 61 173; 61 168; 56 168; 55 169; 54 169; 53 170; 41 170; 40 169; 39 169; 37 167
16; 315 161; 313 163; 313 164; 306 171; 306 172; 305 173; 305 174; 302 177; 302 178; 297 183; 297 184; 296 185; 296 186; 295 187; 295 188; 292 191; 291 191; 290 192; 289 192; 287 194; 287 195; 285 197; 285 200; 287 202; 290 202; 291 201; 292 201; 293 200; 296 200; 297 201; 298 201; 299 202; 300 202; 301 203; 304 203; 305 204; 308 204; 309 205; 315 205; 316 206; 318 206; 319 207; 321 207; 322 206; 326 206; 327 207; 329 207; 330 208; 336 208; 337 207; 337 204; 336 203; 336 202; 335 201; 335 200; 334 199; 334 198; 333 197; 333 196; 331 194; 331 193; 330 192; 330 191; 329 190; 329 187; 331 185; 331 183; 324 176; 324 174; 323 173; 323 169; 322 168; 322 167; 321 166; 321 165; 320 164; 320 163; 319 162; 319 161
17; 989 167; 988 168; 988 175; 987 176; 987 180; 986 181; 986 183; 985 184; 985 185; 984 186; 984 194; 983 195; 983 198; 982 199; 982 203; 981 204; 981 205; 980 206; 980 208; 979 209; 979 210; 978 211; 978 215; 979 216; 982 216; 983 215; 984 215; 986 213; 987 213; 988 212; 992 212; 993 211; 1002 211; 1003 210; 1005 210; 1006 209; 1007 209; 1008 208; 1009 208; 1011 206; 1012 206; 1013 205; 1014 205; 1015 204; 1017 204; 1018 203; 1023 203; 1023 194; 1021 194; 1017 190; 1017 189; 1016 188; 1016 187; 1015 186; 1015 185; 1014 184; 1014 183; 1012 181; 1009 181; 1008 180; 1007 180; 1005 178; 1004 178; 1003 177; 1002 177; 1000 175; 999 175; 996 172; 996 171; 993 168; 992 168; 991 167
18; 798 177; 798 178; 797 179; 797 180; 796 181; 796 183; 795 184; 795 185; 794 186; 794 187; 793 188; 793 189; 792 190; 792 191; 790 193; 789 193; 788 194; 787 194; 787 199; 788 200; 788 204; 787 205; 787 208; 786 209; 786 210; 781 215; 780 215; 780 216; 779 217; 779 218; 778 219; 778 221; 779 222; 783 222; 784 221; 786 221; 787 220; 791 220; 792 219; 804 219; 805 218; 816 218; 817 217; 820 217; 821 216; 822 217; 823 217; 824 218; 824 221; 825 222; 825 224; 827 226; 834 226; 834 223; 835 222; 835 218; 833 216; 833 215; 832 214; 832 212; 831 211; 831 210; 828 207; 828 206; 827 205; 826 205; 824 203; 824 202; 816 194; 816 193; 814 191; 814 190; 813 189; 813 188; 808 183; 808 182; 807 181; 806 181; 804 179; 804 178; 803 177
19; 478 192; 477 193; 475 193; 474 194; 474 197; 475 198; 475 199; 476 200; 476 201; 480 205; 480 208; 481 209; 481 211; 483 213; 483 214; 484 215; 484 218; 485 219; 485 220; 491 226; 491 228; 492 229; 492 232; 493 233; 493 235; 496 238; 500 238; 501 237; 501 236; 502 235; 502 233; 505 230; 505 229; 507 227; 507 226; 509 224; 509 223; 511 221; 517 221; 517 219; 515 217; 515 214; 516 213; 516 212; 521 207; 522 207; 523 206; 523 205; 524 204; 524 203; 526 201; 526 198; 525 197; 517 197; 516 196; 513 196; 512 197; 508 197; 507 196; 501 196; 500 195; 497 195; 496 194; 487 194; 486 193; 484 193; 483 192
20; 844 203; 842 205; 842 208; 841 209; 841 211; 840 212; 840 214; 839 215; 839 216; 836 219; 836 222; 835 223; 835 227; 836 228; 836 229; 834 231; 834 232; 833 233; 833 236; 832 237; 832 239; 831 240; 831 242; 829 244; 829 245; 828 246; 828 249; 829 250; 830 250; 831 251; 833 251; 834 250; 838 250; 839 249; 852 249; 854 251; 855 251; 856 252; 858 252; 859 251; 859 249; 863 245; 866 245; 867 244; 871 244; 872 245; 873 245; 874 246; 876 246; 877 245; 878 245; 879 244; 879 241; 878 240; 877 240; 876 239; 875 239; 874 238; 872 238; 871 237; 870 237; 866 233; 866 229; 867 228; 867 227; 868 226; 868 223; 867 222; 867 221; 866 221; 864 219; 863 219; 862 218; 861 218; 859 216; 858 216; 856 214; 856 213; 854 211; 854 210; 853 209; 853 208; 849 204; 848 204; 847 203
21; 250 204; 245 209; 244 209; 243 210; 243 211; 242 212; 242 213; 241 214; 241 215; 231 225; 230 225; 225 230; 225 231; 224 232; 224 233; 222 235; 221 235; 220 236; 219 236; 217 238; 217 240; 218 241; 219 241; 220 242; 221 242; 222 243; 232 243; 233 244; 236 244; 237 245; 239 245; 240 246; 246 246; 247 247; 248 247; 249 248; 251 248; 252 249; 255 249; 256 250; 257 250; 258 251; 260 251; 261 252; 268 252; 269 251; 269 247; 268 246; 268 245; 266 243; 266 242; 264 240; 264 230; 265 229; 265 227; 259 221; 259 220; 258 219; 258 217; 257 216; 257 214; 256 213; 256 210; 255 209; 255 204
22; 64 209; 62 211; 61 211; 60 212; 60 213; 54 219; 53 219; 52 220; 51 220; 50 221; 49 221; 46 224; 45 224; 42 227; 41 227; 38 230; 37 230; 35 232; 34 232; 33 233; 32 233; 30 235; 29 235; 27 237; 26 237; 26 241; 27 242; 33 242; 34 243; 36 243; 37 244; 38 244; 39 245; 40 245; 45 250; 48 250; 49 249; 50 249; 51 248; 52 248; 53 249; 54 249; 55 250; 57 250; 59 252; 60 252; 61 253; 62 253; 63 254; 64 254; 65 255; 66 255; 69 258; 70 258; 71 259; 75 259; 77 257; 77 251; 76 250; 76 249; 75 248; 75 247; 73 245; 73 240; 77 236; 77 234; 72 229; 72 228; 71 227; 71 224; 70 223; 70 222; 69 221; 69 220; 68 219; 68 216; 69 215; 69 211; 67 209
23; 458 241; 456 243; 456 245; 460 249; 460 250; 461 251; 461 255; 458 258; 458 267; 460 269; 460 271; 463 274; 464 273; 468 273; 471 276; 471 278; 472 279; 472 284; 473 285; 473 286; 475 288; 479 288; 480 287; 480 286; 481 285; 481 284; 483 282; 483 281; 497 267; 497 266; 498 265; 498 264; 500 262; 500 261; 506 255; 507 255; 509 253; 509 249; 508 249; 507 248; 500 248; 499 247; 498 247; 497 246; 492 246; 491 247; 489 247; 488 246; 475 246; 474 245; 470 245; 469 244; 467 244; 466 243; 465 243; 463 241
24; 675 256; 672 259; 672 260; 669 263; 668 263; 666 265; 666 266; 665 267; 665 268; 663 270; 661 270; 660 271; 658 271; 658 275; 657 276; 657 277; 654 280; 653 280; 645 288; 645 289; 644 290; 644 295; 652 295; 653 296; 657 296; 658 297; 664 297; 665 298; 674 298; 675 299; 679 299; 680 300; 681 300; 682 301; 683 301; 685 303; 690 303; 691 304; 694 304; 695 303; 695 300; 694 299; 694 298; 692 296; 692 295; 691 294; 691 293; 690 292; 690 291; 689 290; 689 287; 688 286; 688 284; 687 283; 687 282; 686 281; 686 280; 685 279; 685 278; 684 277; 684 276; 683 275; 683 269; 682 268; 682 264; 681 263; 681 261; 680 260; 680 258; 678 256
25; 457 258; 453 262; 452 262; 451 263; 449 263; 447 265; 447 266; 446 267; 446 268; 443 271; 442 271; 441 272; 440 272; 434 278; 434 280; 432 282; 431 282; 429 284; 428 284; 426 286; 426 287; 424 289; 424 294; 427 297; 427 298; 429 300; 434 300; 435 299; 436 299; 437 300; 442 300; 443 301; 444 301; 446 303; 447 303; 448 304; 449 304; 450 305; 451 305; 454 308; 454 309; 456 311; 456 312; 461 312; 461 310; 462 309; 462 307; 461 306; 461 298; 460 297; 460 292; 461 291; 461 289; 465 285; 465 282; 464 282; 461 279; 461 276; 462 275; 462 274; 459 271; 459 269; 457 267
26; 975 266; 972 269; 971 269; 969 271; 968 271; 967 272; 966 272; 965 273; 964 273; 963 274; 962 274; 961 275; 959 275; 958 276; 957 276; 956 277; 955 277; 954 278; 950 278; 949 279; 948 279; 943 284; 942 284; 941 285; 939 285; 938 286; 933 286; 932 287; 932 289; 935 292; 936 292; 937 293; 938 293; 940 295; 941 295; 942 296; 943 296; 944 297; 945 297; 946 298; 947 298; 950 301; 950 302; 951 303; 951 305; 952 306; 952 307; 951 308; 954 308; 955 309; 963 309; 964 310; 965 310; 967 312; 968 312; 970 314; 971 314; 972 315; 973 315; 974 316; 976 316; 978 314; 978 309; 977 308; 977 302; 976 301; 976 299; 977 298; 977 296; 980 293; 980 291; 978 289; 978 278; 979 277; 979 267; 978 266
27; 589 285; 588 286; 586 286; 585 287; 573 287; 572 288; 568 288; 567 289; 565 289; 564 290; 563 290; 562 291; 560 291; 559 292; 549 292; 548 293; 545 293; 544 294; 544 296; 551 303; 551 304; 556 309; 557 309; 558 310; 558 311; 563 316; 563 319; 564 320; 564 321; 566 323; 568 323; 569 324; 571 324; 572 325; 572 326; 573 327; 573 328; 574 329; 574 331; 577 334; 579 334; 580 333; 581 333; 581 327; 582 326; 582 322; 584 320; 584 319; 586 317; 586 316; 589 313; 591 313; 592 312; 594 312; 594 310; 593 309; 593 308; 592 307; 592 306; 591 305; 591 302; 592 301; 592 297; 593 296; 593 294; 594 293; 594 292; 595 291; 595 290; 596 289; 596 285
28; 951 309; 947 313; 946 313; 944 315; 943 315; 942 316; 941 316; 939 318; 938 318; 937 319; 937 320; 934 323; 934 324; 933 325; 932 325; 930 327; 929 327; 928 328; 927 328; 926 329; 925 329; 925 330; 923 332; 923 333; 921 335; 920 335; 919 336; 918 336; 917 337; 916 337; 916 344; 928 344; 929 345; 931 345; 932 346; 935 346; 936 347; 937 347; 940 350; 940 351; 942 353; 947 353; 948 352; 954 352; 955 353; 956 353; 957 354; 958 354; 960 356; 961 356; 962 357; 964 357; 966 355; 966 351; 965 350; 965 349; 964 348; 964 347; 965 346; 965 340; 962 337; 962 336; 961 335; 961 331; 962 330; 962 325; 959 322; 959 321; 958 320; 958 310; 955 310; 954 309
29; 873 313; 870 316; 870 320; 871 321; 871 325; 872 326; 872 327; 871 328; 871 331; 870 332; 870 339; 871 340; 871 342; 872 343; 872 357; 871 358; 871 361; 870 362; 870 364; 872 366; 874 366; 875 365; 876 365; 878 363; 879 363; 882 360; 883 360; 885 358; 887 358; 888 357; 891 357; 893 359; 896 359; 896 358; 897 357; 897 355; 898 354; 898 353; 902 349; 903 349; 905 347; 906 347; 907 346; 908 346; 909 345; 910 345; 911 344; 915 344; 915 337; 913 337; 912 336; 911 336; 910 335; 908 335; 907 334; 906 334; 903 331; 902 331; 901 330; 900 330; 895 325; 894 325; 893 324; 891 324; 890 323; 886 323; 885 322; 884 322; 883 321; 882 321; 879 318; 879 317; 878 316; 878 315; 876 313
30; 598 311; 597 312; 596 312; 596 317; 595 318; 595 319; 593 321; 593 322; 589 326; 589 327; 588 328; 588 329; 587 330; 587 331; 583 335; 583 337; 582 338; 582 342; 580 344; 580 345; 578 347; 578 348; 575 351; 575 352; 574 353; 574 356; 575 356; 576 357; 581 357; 582 356; 583 356; 584 355; 589 355; 590 356; 597 356; 598 357; 601 357; 602 358; 609 358; 610 357; 611 357; 612 356; 614 356; 615 355; 618 355; 619 356; 620 356; 621 357; 627 357; 627 354; 626 353; 626 352; 624 350; 624 349; 623 348; 623 346; 622 345; 622 342; 621 341; 621 340; 620 339; 620 338; 619 337; 619 335; 618 334; 618 333; 617 332; 616 332; 615 331; 614 331; 610 327; 610 326; 608 324; 608 321; 607 320; 607 318; 606 317; 606 316; 605 315; 605 314; 602 311
31; 673 362; 671 364; 671 367; 672 368; 672 370; 673 371; 673 374; 674 375; 674 376; 673 377; 673 382; 672 383; 672 389; 673 390; 673 392; 674 393; 674 395; 675 396; 675 407; 674 408; 674 411; 675 412; 675 413; 677 415; 681 415; 682 414; 683 414; 686 411; 686 410; 687 409; 687 408; 689 406; 690 406; 691 405; 692 405; 693 404; 695 404; 696 403; 700 403; 701 402; 703 402; 704 401; 704 400; 706 398; 707 398; 708 397; 711 397; 712 396; 712 395; 713 394; 713 393; 716 390; 718 390; 719 389; 720 389; 721 388; 721 385; 720 385; 719 384; 717 384; 716 383; 713 383; 712 382; 711 382; 710 381; 709 381; 706 378; 706 377; 705 376; 705 373; 704 372; 704 371; 703 371; 702 370; 696 370; 695 371; 691 371; 690 370; 689 370; 688 369; 687 369; 685 367; 683 367; 681 365; 680 365; 678 363; 677 363; 676 362
32; 449 368; 449 369; 448 370; 448 373; 447 374; 447 377; 446 378; 446 379; 445 380; 445 382; 444 383; 444 384; 443 385; 443 386; 440 389; 437 389; 436 390; 435 390; 435 393; 437 395; 437 399; 435 401; 435 402; 434 403; 434 408; 431 411; 430 411; 429 412; 429 416; 430 417; 431 417; 432 418; 435 418; 436 417; 437 417; 439 415; 441 415; 442 414; 455 414; 456 413; 460 413; 461 414; 465 414; 466 413; 468 413; 469 412; 471 412; 472 411; 475 411; 476 410; 477 411; 482 411; 484 409; 484 407; 483 406; 483 404; 482 403; 482 402; 481 401; 480 401; 471 392; 471 391; 470 390; 470 389; 469 388; 469 387; 459 377; 459 376; 457 374; 457 373; 456 372; 456 371; 455 370; 455 369; 454 368
33; 1005 431; 984 438; 973 438; 970 440; 972 445; 985 449; 1001 445; 1004 447; 1003 455; 1006 458; 1012 458; 1017 455; 1017 448; 1023 438
34; 1023 438; 1023 410; 1020 405; 1017 386; 1015 384; 1012 384; 1007 392; 1001 394; 995 402; 976 417; 979 421; 992 424; 998 428; 1003 428; 1005 431
35; 113 421; 112 422; 111 422; 110 423; 109 423; 107 425; 106 425; 105 426; 104 426; 103 427; 102 427; 101 428; 100 428; 99 429; 98 429; 97 430; 96 430; 95 431; 94 431; 93 430; 92 430; 91 429; 87 429; 87 431; 89 433; 89 434; 88 435; 88 436; 85 439; 84 439; 81 442; 80 442; 79 443; 77 443; 76 444; 75 444; 74 445; 73 445; 71 447; 70 447; 70 451; 71 451; 72 452; 77 452; 78 453; 79 453; 86 460; 90 460; 91 461; 93 461; 95 463; 96 463; 97 464; 100 464; 101 465; 103 465; 104 466; 105 466; 107 468; 108 468; 110 470; 110 471; 113 474; 116 474; 117 473; 117 458; 116 457; 117 456; 117 454; 118 453; 118 452; 119 451; 119 449; 118 448; 118 447; 117 446; 117 445; 116 444; 116 443; 117 442; 117 438; 116 437; 116 435; 115 434; 115 428; 116 427; 116 422; 115 421
36; 949 451; 949 461; 950 462; 950 475; 949 476; 949 477; 948 478; 948 482; 949 483; 949 492; 950 493; 950 497; 949 498; 949 502; 950 503; 953 503; 955 501; 956 501; 956 500; 958 498; 959 498; 961 496; 962 496; 964 494; 965 494; 967 492; 968 492; 970 490; 971 490; 972 489; 977 489; 979 487; 980 487; 985 482; 986 482; 988 480; 989 480; 990 479; 992 479; 993 478; 994 478; 995 477; 995 474; 994 474; 993 473; 991 473; 990 472; 989 472; 986 469; 985 469; 984 468; 982 468; 981 467; 979 467; 976 464; 976 458; 963 458; 962 457; 961 457; 960 456; 959 456; 955 452; 954 452; 953 451
37; 50 466; 46 470; 45 470; 44 471; 43 471; 42 472; 41 472; 40 473; 39 473; 36 476; 35 476; 34 477; 33 477; 32 478; 30 478; 29 477; 27 477; 26 478; 25 478; 17 486; 16 486; 15 487; 15 488; 10 493; 9 493; 8 494; 8 496; 9 497; 13 497; 14 498; 17 498; 19 500; 20 500; 22 502; 24 502; 25 503; 26 503; 27 504; 28 504; 29 505; 30 505; 31 506; 32 506; 33 507; 34 507; 35 508; 36 508; 39 511; 40 511; 41 512; 44 512; 45 513; 48 513; 49 514; 50 514; 54 518; 56 518; 57 517; 57 511; 56 510; 56 504; 57 503; 57 500; 56 499; 56 498; 54 496; 54 488; 55 487; 55 485; 54 484; 54 482; 53 481; 53 474; 54 473; 54 467; 53 467; 52 466
38; 438 476; 436 478; 435 478; 430 483; 429 483; 428 484; 427 484; 426 485; 419 485; 418 484; 416 484; 415 485; 415 486; 414 487; 414 489; 413 490; 413 491; 412 492; 412 493; 408 497; 407 497; 406 498; 404 498; 403 499; 401 499; 399 501; 399 504; 400 505; 406 505; 407 504; 410 504; 412 506; 412 507; 413 508; 413 509; 417 513; 416 514; 416 515; 414 517; 413 517; 413 518; 412 519; 412 523; 413 524; 413 525; 414 526; 422 526; 423 527; 424 527; 425 528; 427 528; 428 529; 433 529; 434 530; 440 530; 442 528; 445 528; 446 527; 447 527; 448 526; 448 523; 447 522; 447 521; 446 520; 446 519; 445 518; 445 516; 446 515; 446 496; 445 495; 445 494; 444 493; 444 490; 443 489; 443 488; 444 487; 444 485; 445 484; 445 481; 444 480; 444 478; 442 476
39; 102 485; 101 486; 99 486; 98 487; 96 487; 95 488; 89 488; 88 487; 83 487; 82 488; 82 490; 85 493; 85 494; 89 498; 89 499; 91 501; 91 503; 92 504; 92 505; 93 506; 93 508; 92 509; 92 512; 94 514; 96 514; 100 518; 100 519; 101 520; 101 522; 102 523; 102 526; 107 531; 108 531; 109 532; 111 532; 113 530; 113 528; 117 524; 118 524; 118 523; 119 522; 119 516; 120 515; 120 514; 121 513; 121 511; 122 510; 122 509; 123 508; 123 506; 124 505; 124 504; 125 503; 125 502; 127 500; 127 499; 129 497; 129 496; 130 495; 130 493; 133 490; 133 486; 127 486; 126 487; 124 487; 123 488; 118 488; 117 487; 111 487; 110 486; 106 486; 105 485
40; 540 500; 538 502; 538 503; 537 504; 537 508; 536 509; 536 510; 534 512; 534 513; 533 514; 533 518; 532 519; 532 520; 531 521; 531 522; 527 526; 527 527; 526 528; 526 531; 525 532; 525 533; 524 534; 524 536; 523 537; 523 539; 522 540; 522 541; 520 543; 520 547; 521 548; 522 548; 523 549; 525 549; 526 548; 527 548; 528 547; 529 547; 530 546; 531 546; 532 545; 535 545; 536 546; 545 546; 546 547; 550 547; 553 544; 556 544; 557 543; 558 543; 559 542; 567 542; 568 543; 571 543; 574 540; 574 537; 571 534; 570 534; 563 527; 563 525; 562 524; 562 523; 556 517; 556 516; 555 515; 555 514; 554 513; 554 512; 552 510; 552 509; 550 507; 550 506; 544 500
41; 88 540; 86 542; 86 550; 85 551; 85 553; 84 554; 84 555; 83 556; 83 559; 82 560; 82 561; 79 564; 79 567; 81 569; 81 570; 82 571; 82 581; 80 583; 80 584; 78 586; 78 590; 79 591; 83 591; 84 590; 85 590; 86 589; 87 589; 88 588; 91 588; 92 587; 95 587; 96 586; 104 586; 106 584; 107 584; 108 583; 109 583; 110 582; 114 582; 115 581; 116 581; 117 580; 118 580; 120 578; 121 578; 122 577; 125 577; 126 576; 127 576; 128 575; 128 572; 121 565; 121 564; 118 561; 117 561; 116 560; 115 560; 114 559; 113 559; 110 556; 109 556; 107 554; 106 554; 100 548; 99 548; 92 541; 91 541; 90 540
42; 553 562; 553 563; 551 565; 551 566; 541 576; 540 576; 539 577; 535 577; 533 579; 533 582; 532 583; 532 585; 531 586; 531 588; 527 592; 526 592; 524 594; 523 594; 522 595; 522 600; 523 601; 523 604; 525 604; 526 605; 528 605; 531 602; 533 602; 534 603; 545 603; 546 604; 548 604; 550 606; 552 606; 553 607; 555 607; 556 608; 563 608; 564 609; 566 609; 568 611; 574 611; 574 605; 573 604; 573 602; 572 601; 572 598; 571 597; 571 596; 570 595; 570 594; 569 593; 569 587; 568 586; 568 585; 567 584; 567 583; 565 581; 565 579; 564 578; 564 576; 563 575; 563 574; 561 572; 561 569; 560 568; 560 564; 558 562
43; 0 565; 0 574; 1 574; 3 576; 3 583; 4 584; 4 585; 1 588; 0 588; 0 595; 2 595; 4 597; 4 598; 5 599; 5 602; 6 603; 6 611; 5 612; 5 615; 7 617; 10 617; 11 616; 12 616; 12 615; 14 613; 14 612; 17 609; 18 609; 19 608; 20 608; 21 607; 23 607; 25 605; 26 605; 27 604; 29 604; 30 603; 31 603; 33 601; 33 600; 37 596; 38 596; 39 595; 40 595; 41 594; 43 594; 44 593; 45 593; 46 592; 48 592; 49 591; 49 586; 48 585; 46 585; 45 584; 43 584; 42 583; 41 583; 40 582; 39 582; 38 581; 37 581; 36 580; 35 580; 34 579; 33 579; 31 577; 30 577; 29 576; 27 576; 26 575; 25 575; 21 571; 17 571; 15 569; 14 569; 13 568; 12 568; 11 567; 8 567; 7 566; 6 566; 5 565
44; 745 600; 744 601; 743 601; 742 602; 742 604; 747 609; 747 610; 748 611; 748 616; 749 617; 749 619; 750 620; 750 622; 751 623; 751 625; 752 626; 752 629; 753 630; 753 631; 754 632; 754 633; 755 634; 755 637; 756 638; 756 640; 757 641; 757 648; 758 649; 762 649; 764 647; 764 646; 766 644; 766 643; 767 642; 768 642; 769 641; 771 641; 773 639; 773 638; 776 635; 776 634; 778 632; 779 632; 782 629; 783 629; 784 628; 784 627; 786 625; 786 624; 787 623; 787 622; 789 620; 789 619; 791 617; 792 617; 794 615; 794 612; 793 611; 792 611; 791 610; 789 610; 788 611; 785 611; 784 610; 781 610; 780 609; 779 609; 778 608; 778 605; 777 604; 777 603; 775 601; 772 601; 771 602; 770 602; 770 603; 767 606; 765 606; 764 605; 763 605; 762 604; 756 604; 755 603; 754 603; 753 602; 751 602; 750 601; 748 601; 747 600
45; 500 596; 499 597; 499 602; 500 603; 499 604; 499 609; 498 610; 498 616; 499 617; 499 620; 500 621; 500 626; 499 627; 499 635; 500 636; 500 638; 499 639; 499 647; 503 647; 505 645; 506 645; 508 643; 509 643; 510 642; 513 642; 514 641; 517 641; 518 642; 519 642; 521 640; 521 638; 523 636; 524 636; 526 634; 527 634; 528 633; 529 633; 530 632; 531 632; 533 630; 534 630; 535 629; 537 629; 538 628; 539 628; 540 627; 543 627; 544 626; 545 626; 546 625; 546 622; 545 621; 544 621; 543 620; 542 620; 541 619; 539 619; 538 618; 537 618; 536 617; 535 617; 534 616; 533 616; 528 611; 528 610; 527 609; 527 607; 528 606; 526 606; 525 605; 522 605; 521 606; 515 606; 514 605; 513 605; 512 604; 511 604; 510 603; 509 603; 507 601; 507 600; 503 596
46; 155 606; 153 608; 152 608; 149 611; 148 611; 147 612; 146 612; 145 613; 144 613; 142 615; 137 615; 135 613; 133 613; 132 614; 132 619; 129 622; 128 622; 126 624; 125 624; 124 625; 116 625; 115 626; 114 626; 113 627; 113 630; 115 632; 116 632; 117 633; 119 633; 120 634; 122 634; 127 639; 126 640; 128 642; 128 644; 129 645; 129 650; 131 648; 133 648; 134 647; 135 647; 137 645; 142 645; 143 646; 143 647; 144 648; 144 649; 146 649; 147 650; 148 650; 152 654; 153 654; 155 656; 159 656; 159 655; 160 654; 160 648; 159 647; 159 644; 158 643; 158 638; 159 637; 159 635; 160 634; 160 633; 161 632; 161 629; 160 628; 160 625; 159 624; 159 622; 160 621; 160 617; 161 616; 161 609; 160 608; 160 606
47; 686 604; 683 607; 683 611; 682 612; 682 614; 681 615; 681 616; 674 623; 674 624; 673 625; 673 626; 672 627; 672 628; 670 630; 670 631; 666 635; 666 637; 665 638; 665 639; 663 641; 663 642; 661 644; 661 647; 662 647; 663 648; 665 648; 666 647; 676 647; 677 648; 681 648; 682 649; 686 649; 687 650; 704 650; 705 649; 712 649; 712 645; 710 643; 710 642; 709 641; 709 640; 708 639; 708 637; 707 636; 707 634; 706 633; 706 632; 705 631; 705 626; 704 625; 704 624; 701 621; 700 621; 695 616; 695 615; 694 614; 694 611; 693 610; 693 609; 692 608; 692 607; 691 606; 691 605; 690 604
48; 563 626; 562 627; 561 627; 560 628; 559 628; 557 630; 556 630; 555 631; 554 631; 553 632; 551 632; 550 633; 549 633; 548 634; 546 634; 545 635; 538 635; 537 636; 536 636; 533 639; 532 639; 531 640; 530 640; 529 641; 521 641; 519 643; 519 645; 521 647; 521 648; 522 648; 523 649; 524 649; 525 650; 527 650; 530 653; 530 654; 532 656; 533 656; 534 657; 535 657; 538 660; 537 661; 537 662; 536 663; 536 665; 537 666; 540 666; 541 665; 546 665; 547 666; 548 666; 555 673; 556 673; 558 675; 562 675; 562 666; 563 665; 563 664; 564 663; 564 662; 565 661; 565 657; 566 656; 566 637; 567 636; 567 634; 568 633; 568 631; 569 630; 569 627; 568 626
49; 81 638; 72 638; 67 636; 54 659; 42 674; 42 677; 68 678; 73 681
50; 73 681; 73 685; 103 688; 106 682; 106 674; 120 662; 114 642; 108 638; 82 635; 81 638
51; 369 644; 368 645; 367 645; 367 646; 366 647; 366 648; 364 650; 364 651; 362 653; 360 653; 359 654; 353 654; 352 655; 350 655; 349 656; 347 656; 346 657; 346 658; 345 659; 345 660; 341 664; 341 665; 339 667; 338 667; 333 672; 332 672; 330 674; 330 676; 331 677; 332 677; 333 678; 336 678; 337 679; 342 679; 343 680; 345 680; 349 684; 349 685; 350 686; 351 686; 352 687; 356 687; 357 688; 359 688; 360 689; 361 689; 363 691; 364 691; 365 692; 367 692; 368 693; 369 693; 370 694; 371 694; 373 696; 377 696; 377 690; 376 689; 376 686; 375 685; 375 668; 374 667; 374 662; 373 661; 373 656; 374 655; 374 650; 373 649; 373 647; 372 646; 372 645; 371 644
52; 159 659; 159 661; 156 664; 155 664; 154 665; 153 665; 152 666; 151 666; 150 667; 147 667; 146 668; 142 668; 141 667; 140 667; 138 665; 136 665; 136 670; 134 672; 133 672; 131 674; 130 674; 129 675; 128 675; 127 676; 122 676; 121 677; 118 677; 117 678; 116 678; 115 679; 115 681; 117 683; 118 683; 119 684; 120 684; 122 686; 123 686; 124 687; 125 687; 127 689; 127 692; 128 693; 128 695; 132 695; 133 696; 134 696; 137 699; 137 700; 138 700; 139 701; 140 701; 144 705; 146 705; 152 711; 154 711; 155 710; 155 709; 156 708; 156 699; 157 698; 157 696; 158 695; 158 691; 157 690; 158 689; 158 687; 159 686; 159 674; 160 673; 160 672; 161 671; 161 670; 162 669; 162 668; 163 667; 163 666; 164 665; 164 661; 162 659
53; 691 655; 690 656; 690 657; 689 658; 689 665; 687 667; 687 668; 686 669; 686 670; 685 671; 685 674; 686 675; 686 686; 685 687; 685 696; 684 697; 684 700; 683 701; 683 707; 684 707; 686 709; 686 711; 685 712; 697 712; 698 713; 710 713; 711 712; 711 711; 712 710; 712 709; 713 708; 713 706; 714 705; 714 700; 713 699; 713 697; 717 693; 718 693; 719 692; 720 692; 721 691; 727 691; 728 690; 730 690; 731 689; 731 685; 730 685; 729 684; 728 684; 727 683; 725 683; 724 682; 723 682; 722 681; 721 681; 716 676; 716 675; 713 672; 712 672; 711 671; 710 671; 709 670; 708 670; 705 667; 704 667; 698 661; 698 660; 696 658; 696 657; 694 655
54; 527 661; 526 662; 525 662; 521 666; 520 666; 519 667; 513 667; 509 671; 508 671; 507 672; 505 672; 504 673; 499 673; 498 674; 497 674; 496 675; 494 675; 493 676; 488 676; 487 677; 486 677; 485 678; 484 678; 482 680; 482 682; 484 684; 485 684; 486 685; 487 685; 492 690; 492 691; 493 691; 496 694; 496 695; 497 696; 497 699; 498 699; 499 700; 504 700; 505 701; 507 701; 508 702; 509 702; 514 707; 514 708; 515 709; 515 710; 516 711; 516 712; 517 713; 518 713; 519 714; 521 714; 523 712; 523 706; 524 705; 524 702; 525 701; 525 697; 526 696; 526 695; 527 694; 527 691; 528 690; 528 686; 529 685; 529 675; 530 674; 530 670; 531 669; 531 668; 532 667; 532 664; 531 663; 531 662; 530 662; 529 661
55; 843 673; 842 674; 841 674; 840 675; 838 675; 837 676; 823 676; 822 677; 820 677; 819 678; 818 678; 817 679; 816 679; 815 680; 802 680; 801 679; 799 679; 798 680; 797 680; 797 684; 799 686; 800 686; 801 687; 802 687; 804 689; 805 689; 808 692; 808 693; 811 696; 811 697; 812 698; 812 701; 811 702; 811 704; 813 704; 814 705; 815 705; 816 706; 817 706; 825 714; 825 715; 827 717; 827 718; 828 719; 828 720; 831 720; 833 718; 833 716; 834 715; 834 710; 835 709; 835 708; 836 707; 836 706; 837 705; 837 703; 838 702; 838 699; 839 698; 839 697; 840 696; 840 695; 841 694; 841 693; 842 692; 842 690; 843 689; 843 688; 844 687; 844 686; 845 685; 845 680; 847 678; 847 677; 848 676; 848 674; 847 673
56; 413 667; 413 668; 412 669; 412 671; 411 672; 411 674; 410 675; 410 676; 409 677; 409 678; 404 683; 404 684; 403 685; 403 686; 402 687; 402 688; 398 692; 398 693; 397 694; 397 695; 386 706; 386 708; 390 712; 392 712; 392 711; 393 710; 394 710; 395 709; 405 709; 406 710; 408 710; 409 711; 426 711; 427 712; 430 712; 431 713; 434 713; 435 714; 438 714; 439 713; 439 710; 434 705; 434 704; 433 703; 433 702; 431 700; 431 699; 430 698; 430 697; 429 696; 429 695; 428 694; 428 688; 426 686; 426 681; 421 676; 421 675; 420 674; 420 673; 419 672; 419 670; 416 667
57; 70 684; 70 685; 69 686; 68 686; 67 687; 65 687; 64 688; 62 688; 61 689; 54 689; 53 688; 48 688; 48 690; 50 692; 50 693; 52 695; 52 696; 56 700; 56 701; 57 702; 58 702; 62 706; 62 707; 63 708; 63 709; 64 710; 64 711; 65 712; 65 713; 70 718; 70 719; 71 720; 71 721; 77 727; 77 728; 81 728; 82 727; 82 724; 83 723; 83 719; 84 718; 84 716; 85 715; 85 714; 88 711; 89 711; 90 710; 91 710; 91 706; 90 705; 91 704; 91 702; 92 701; 92 700; 95 697; 95 696; 96 695; 96 690; 97 689; 95 687; 85 687; 84 686; 73 686; 71 684
58; 105 687; 103 689; 102 689; 102 690; 103 691; 103 693; 102 694; 102 706; 101 707; 101 708; 100 709; 100 713; 101 714; 101 715; 102 716; 102 720; 101 721; 101 725; 100 726; 100 728; 99 729; 99 730; 98 731; 98 735; 99 736; 102 736; 104 734; 105 734; 107 732; 108 732; 109 731; 110 731; 112 729; 113 729; 115 727; 116 727; 117 726; 118 726; 119 725; 120 725; 121 724; 123 724; 124 723; 127 723; 128 722; 130 722; 131 721; 132 721; 133 720; 134 720; 135 719; 137 719; 138 718; 142 718; 143 717; 146 717; 147 716; 147 713; 145 711; 144 711; 142 709; 142 708; 141 707; 139 707; 137 705; 136 705; 134 703; 132 703; 128 699; 128 698; 127 697; 127 696; 120 696; 119 695; 118 695; 116 693; 115 693; 114 692; 113 692; 112 691; 111 691; 109 689; 108 689; 106 687
59; 921 684; 921 685; 920 686; 920 692; 919 693; 919 695; 918 696; 918 697; 917 698; 917 699; 916 700; 916 707; 915 708; 915 715; 914 716; 914 719; 913 720; 913 723; 912 724; 912 726; 911 727; 911 731; 912 732; 912 733; 913 734; 916 734; 917 733; 918 733; 919 732; 920 732; 923 729; 924 729; 925 728; 926 728; 927 727; 930 727; 932 729; 933 729; 934 730; 938 730; 938 729; 939 728; 939 727; 942 724; 944 724; 945 723; 946 723; 947 722; 949 722; 950 721; 951 721; 954 718; 956 718; 957 717; 960 717; 961 716; 961 713; 960 712; 959 712; 957 710; 956 710; 950 704; 948 704; 947 703; 945 703; 942 700; 942 699; 937 694; 936 694; 933 691; 932 691; 931 690; 930 690; 924 684
60; 683 713; 682 714; 681 714; 680 715; 671 715; 669 717; 668 717; 667 718; 666 718; 665 719; 664 719; 664 722; 666 724; 667 724; 671 728; 672 728; 674 730; 675 730; 676 731; 677 731; 682 736; 683 736; 684 737; 685 737; 686 738; 687 738; 689 740; 690 740; 694 744; 694 745; 695 746; 702 746; 707 741; 707 740; 706 739; 706 737; 707 736; 707 733; 710 730; 710 729; 711 728; 711 726; 710 725; 710 719; 709 718; 709 716; 710 715; 710 714; 698 714; 697 713
61; 390 713; 389 714; 389 719; 390 720; 390 721; 392 723; 392 735; 393 736; 393 738; 394 739; 394 742; 395 743; 395 747; 396 748; 396 758; 395 759; 395 760; 394 761; 394 765; 395 766; 398 766; 399 765; 400 765; 402 763; 403 763; 405 761; 406 761; 406 760; 409 757; 410 757; 412 755; 413 755; 414 754; 419 754; 421 752; 421 751; 422 750; 422 749; 423 748; 423 747; 426 744; 427 744; 429 742; 430 742; 433 739; 434 739; 438 735; 439 735; 440 734; 440 733; 441 732; 441 730; 440 729; 434 729; 433 728; 432 728; 430 726; 428 726; 427 725; 419 725; 416 722; 416 717; 413 717; 412 718; 411 718; 410 719; 407 719; 406 720; 405 720; 404 719; 402 719; 401 718; 399 718; 398 717; 397 717; 395 715; 394 715; 392 713
62; 738 712; 737 713; 736 713; 736 714; 734 716; 734 717; 727 724; 726 724; 722 728; 722 730; 721 731; 721 732; 713 740; 713 747; 714 748; 714 751; 715 752; 716 752; 718 754; 718 757; 720 759; 720 760; 721 759; 722 759; 723 758; 728 758; 730 760; 732 760; 733 759; 733 758; 735 756; 741 756; 742 757; 744 757; 745 758; 750 758; 751 759; 752 759; 753 760; 756 760; 757 759; 757 754; 756 753; 756 752; 754 750; 754 749; 752 747; 752 745; 751 744; 751 738; 750 737; 750 736; 749 735; 749 734; 748 733; 748 732; 747 731; 747 729; 745 727; 745 726; 744 725; 744 722; 743 721; 743 720; 742 719; 742 714; 741 713; 741 712
63; 167 737; 166 738; 165 738; 164 739; 163 739; 162 740; 161 740; 160 741; 158 741; 157 742; 156 742; 155 743; 151 743; 150 742; 145 742; 145 744; 144 745; 144 746; 142 748; 141 748; 140 749; 138 749; 137 750; 135 750; 134 751; 133 751; 132 752; 130 752; 129 753; 126 753; 125 754; 123 754; 123 759; 126 762; 127 762; 128 763; 129 763; 130 764; 132 764; 139 771; 140 771; 141 772; 142 772; 143 773; 144 773; 147 776; 148 776; 149 777; 149 778; 159 788; 163 788; 163 787; 164 786; 164 782; 165 781; 165 778; 164 777; 165 776; 165 772; 166 771; 166 766; 168 764; 168 763; 169 762; 169 759; 168 758; 168 750; 169 749; 169 747; 170 746; 170 744; 171 743; 171 738; 170 737
64; 0 745; 0 755; 1 755; 7 761; 7 764; 4 767; 3 767; 2 768; 0 768; 0 777; 6 777; 15 768; 16 768; 17 767; 19 767; 20 766; 23 766; 24 765; 25 765; 25 764; 26 763; 26 761; 25 760; 23 760; 22 759; 20 759; 19 758; 18 758; 16 756; 15 756; 14 755; 13 755; 6 748; 5 748; 2 745
65; 654 745; 652 747; 651 747; 650 748; 650 751; 652 753; 652 755; 651 756; 651 757; 650 758; 650 759; 649 760; 649 761; 648 762; 648 763; 644 767; 644 768; 642 770; 642 771; 641 772; 641 773; 640 774; 640 777; 639 778; 639 779; 638 780; 638 784; 637 785; 637 786; 634 789; 634 793; 635 794; 639 794; 640 793; 641 793; 642 792; 644 792; 645 791; 646 791; 647 792; 653 792; 654 791; 655 791; 656 790; 671 790; 671 764; 670 764; 667 761; 667 760; 664 757; 664 756; 660 752; 660 751; 659 750; 659 748; 656 745
66; 712 741; 711 742; 707 742; 702 747; 696 747; 699 750; 699 752; 697 754; 696 754; 695 755; 691 755; 690 754; 686 754; 685 755; 682 755; 681 754; 679 754; 678 753; 674 753; 673 754; 673 756; 674 757; 674 758; 675 759; 675 761; 674 762; 674 763; 673 764; 672 764; 672 790; 678 790; 679 791; 681 791; 682 792; 684 792; 685 793; 687 793; 688 794; 693 794; 701 786; 701 785; 702 784; 702 780; 703 779; 703 778; 705 776; 705 775; 707 773; 707 772; 708 771; 708 770; 709 769; 709 768; 714 763; 716 763; 718 761; 719 761; 719 759; 717 757; 715 757; 714 756; 714 754; 715 753; 713 751; 713 748; 712 747
67; 470 756; 470 757; 469 758; 469 761; 468 762; 468 764; 467 765; 467 772; 466 773; 466 776; 465 777; 465 779; 464 780; 464 782; 463 783; 463 790; 462 791; 462 793; 460 795; 460 796; 457 799; 457 801; 456 802; 456 804; 458 806; 464 806; 467 803; 468 803; 470 801; 475 801; 476 802; 477 802; 479 804; 480 804; 481 805; 484 805; 486 803; 486 802; 487 801; 488 801; 490 799; 491 799; 492 798; 493 798; 494 797; 495 797; 496 796; 498 796; 499 795; 500 795; 501 796; 507 796; 508 795; 508 791; 507 790; 506 790; 504 788; 503 788; 501 786; 501 785; 500 784; 500 783; 499 782; 499 781; 498 780; 496 780; 495 779; 494 779; 490 775; 490 774; 483 767; 483 766; 475 758; 475 757; 474 757; 473 756
68; 13 776; 11 778; 11 782; 12 783; 12 784; 13 785; 13 792; 12 793; 12 794; 11 795; 11 796; 10 797; 10 799; 9 800; 9 803; 8 804; 8 809; 7 810; 7 812; 6 813; 6 820; 5 821; 5 824; 6 825; 6 826; 9 826; 10 825; 11 825; 12 824; 13 824; 14 823; 17 823; 18 822; 19 822; 20 821; 21 821; 22 820; 24 820; 25 819; 28 819; 29 818; 31 818; 32 817; 33 817; 34 816; 36 816; 37 815; 42 815; 43 814; 46 814; 47 813; 51 813; 52 812; 55 812; 56 811; 56 809; 55 808; 54 808; 46 800; 45 800; 42 797; 42 794; 41 793; 41 792; 40 791; 35 791; 34 790; 33 790; 32 789; 31 789; 29 787; 28 787; 17 776
69; 243 788; 240 791; 240 792; 238 794; 236 794; 235 795; 233 795; 232 796; 232 797; 231 798; 231 799; 230 800; 230 801; 223 808; 223 809; 213 819; 212 819; 211 820; 210 820; 209 821; 209 825; 210 825; 211 826; 219 826; 220 827; 226 827; 227 828; 229 828; 230 829; 231 829; 233 831; 234 831; 235 832; 236 832; 237 833; 244 833; 245 834; 246 834; 247 835; 248 835; 250 837; 255 837; 256 838; 261 838; 261 834; 259 832; 259 830; 257 828; 257 827; 256 826; 256 825; 255 824; 255 822; 254 821; 254 818; 255 817; 255 816; 257 814; 257 811; 256 810; 255 810; 253 808; 253 806; 252 805; 252 802; 251 801; 251 800; 250 799; 250 797; 249 796; 249 795; 248 794; 248 793; 247 792; 247 790; 246 789; 246 788
70; 534 796; 533 797; 531 797; 528 800; 527 800; 526 801; 526 802; 525 803; 525 804; 521 808; 520 808; 519 809; 518 809; 517 810; 514 810; 513 811; 510 811; 508 813; 507 813; 506 814; 506 815; 503 818; 501 818; 500 819; 497 819; 496 820; 495 820; 492 823; 492 825; 494 827; 499 827; 500 828; 501 828; 506 833; 507 833; 508 834; 509 834; 512 837; 512 840; 515 840; 516 839; 519 839; 521 841; 522 841; 523 842; 525 842; 526 843; 527 843; 531 847; 532 847; 533 848; 535 848; 536 849; 538 849; 539 848; 540 848; 541 847; 541 842; 540 841; 540 840; 539 839; 539 837; 540 836; 540 835; 541 834; 541 829; 540 828; 540 826; 539 825; 539 816; 538 815; 538 813; 537 812; 537 807; 538 806; 538 804; 539 803; 539 798; 538 797; 537 797; 536 796
71; 96 818; 96 824; 101 829; 101 832; 102 833; 102 837; 101 838; 101 839; 99 841; 99 843; 103 843; 104 844; 105 844; 106 845; 106 846; 107 847; 107 851; 112 856; 112 857; 113 858; 113 863; 114 864; 114 865; 119 865; 126 858; 126 856; 130 852; 130 851; 132 849; 132 848; 134 846; 134 845; 136 843; 136 842; 138 840; 138 839; 140 837; 140 836; 141 835; 141 834; 146 829; 146 828; 147 827; 147 824; 145 822; 140 822; 139 821; 138 821; 137 820; 134 820; 133 821; 126 821; 125 820; 109 820; 108 819; 105 819; 104 818
72; 788 823; 787 824; 787 825; 786 826; 786 829; 781 834; 781 835; 780 836; 780 839; 779 840; 779 841; 778 842; 778 843; 777 844; 773 844; 772 845; 772 847; 773 848; 772 849; 772 851; 771 852; 770 852; 770 854; 771 855; 771 856; 772 857; 772 861; 771 862; 771 863; 769 865; 768 865; 767 866; 766 866; 766 872; 767 872; 768 873; 777 873; 778 872; 779 872; 780 871; 781 871; 782 870; 785 870; 786 869; 788 869; 789 870; 795 870; 796 869; 806 869; 807 868; 809 868; 810 867; 812 867; 813 868; 817 868; 818 867; 820 867; 820 862; 819 862; 813 856; 813 855; 811 853; 811 852; 810 851; 810 850; 809 849; 809 848; 808 847; 808 846; 806 844; 805 844; 804 843; 803 843; 796 836; 796 834; 795 833; 795 831; 793 829; 793 828; 792 827; 792 826; 791 825; 791 824; 790 823
73; 765 835; 764 836; 762 836; 761 837; 755 837; 754 838; 753 838; 751 840; 749 840; 748 841; 747 841; 746 842; 743 842; 742 843; 738 843; 737 842; 733 842; 732 843; 732 844; 731 845; 731 846; 730 847; 729 847; 728 848; 719 848; 719 851; 721 853; 721 854; 726 859; 727 859; 730 862; 730 863; 731 864; 731 869; 733 871; 740 871; 741 872; 742 872; 744 874; 744 875; 747 878; 748 878; 749 879; 750 879; 753 882; 753 883; 754 884; 755 884; 756 885; 760 885; 761 884; 761 873; 764 870; 765 871; 765 864; 766 863; 766 858; 767 857; 767 856; 769 854; 769 850; 768 849; 768 847; 770 845; 771 845; 772 844; 772 842; 771 841; 771 837; 770 836; 770 835
74; 212 864; 212 865; 211 866; 211 868; 212 869; 212 872; 213 873; 213 874; 215 876; 215 878; 216 879; 216 881; 215 882; 215 891; 217 893; 217 894; 218 895; 218 896; 220 898; 220 899; 221 900; 221 901; 222 902; 222 903; 223 904; 223 910; 224 911; 224 914; 226 916; 229 916; 231 914; 231 912; 232 911; 232 910; 235 907; 235 906; 249 892; 249 891; 255 885; 256 885; 257 884; 258 884; 260 882; 261 882; 262 881; 262 877; 261 876; 260 876; 259 875; 250 875; 249 874; 248 874; 247 873; 246 873; 245 872; 244 872; 242 870; 242 869; 240 867; 235 867; 234 868; 233 868; 232 869; 230 869; 229 868; 226 868; 225 867; 220 867; 219 866; 218 866; 216 864
75; 29 897; 27 899; 27 902; 26 903; 26 904; 20 910; 19 910; 18 911; 18 912; 17 913; 17 914; 15 916; 15 917; 13 919; 13 920; 12 921; 12 922; 11 923; 11 924; 5 930; 5 931; 2 934; 1 934; 0 935; 0 944; 2 944; 3 943; 5 943; 6 942; 11 942; 12 943; 13 943; 14 944; 22 944; 25 947; 25 948; 36 948; 37 947; 38 947; 39 946; 44 946; 45 947; 46 947; 47 948; 48 948; 49 949; 52 949; 54 947; 54 945; 53 944; 53 943; 48 938; 48 937; 47 936; 47 935; 46 934; 46 932; 45 931; 45 930; 44 929; 44 927; 43 926; 43 920; 42 919; 42 918; 41 917; 41 916; 37 912; 37 911; 36 910; 36 906; 35 905; 35 903; 34 902; 34 901; 33 900; 33 899; 31 897
76; 123 1000; 128 1013; 129 1023; 138 1023; 139 1017; 147 1019; 150 1023; 175 1023; 169 1018; 160 1017; 146 1008; 135 1006; 131 1002
77; 131 1002; 129 990; 133 978; 133 964; 138 957; 136 950; 119 956; 111 953; 108 959; 88 966; 89 972; 123 1000
78; 825 949; 825 950; 824 951; 824 954; 823 955; 823 957; 822 958; 822 959; 821 960; 821 961; 820 962; 820 964; 819 965; 819 968; 817 970; 817 971; 816 972; 816 973; 815 974; 815 977; 814 978; 814 979; 813 980; 813 981; 811 983; 811 990; 812 991; 812 998; 815 998; 816 997; 820 997; 821 996; 822 996; 823 995; 826 995; 827 994; 828 995; 831 995; 832 994; 835 994; 837 992; 838 992; 843 987; 844 987; 845 986; 846 986; 847 987; 848 987; 849 988; 850 988; 851 989; 853 989; 854 990; 857 990; 857 987; 847 977; 847 976; 846 975; 846 971; 847 970; 848 970; 848 966; 842 966; 836 960; 836 959; 832 955; 832 953; 831 952; 831 951; 830 950; 830 949
79; 804 963; 803 964; 802 964; 799 967; 798 967; 797 968; 796 968; 795 969; 794 969; 793 970; 791 970; 790 971; 788 971; 787 972; 786 972; 785 973; 784 973; 783 974; 780 974; 779 975; 777 975; 776 976; 774 976; 773 977; 771 977; 770 978; 769 978; 768 979; 767 979; 765 981; 764 981; 763 982; 761 982; 760 983; 760 986; 763 989; 763 990; 764 991; 764 992; 765 993; 766 993; 767 994; 769 994; 770 995; 772 995; 774 997; 774 998; 775 999; 775 1001; 776 1002; 776 1003; 777 1004; 778 1004; 779 1005; 780 1005; 781 1006; 783 1006; 784 1007; 785 1007; 786 1008; 787 1008; 788 1009; 789 1009; 797 1017; 802 1017; 802 1016; 803 1015; 803 1010; 805 1008; 805 1007; 807 1005; 807 1002; 811 998; 811 991; 810 990; 810 983; 808 981; 808 964; 807 963
80; 866 961; 866 962; 865 963; 865 968; 866 969; 866 983; 865 984; 865 989; 864 990; 864 999; 863 1000; 863 1006; 861 1008; 861 1009; 860 1010; 860 1015; 861 1015; 862 1016; 865 1016; 866 1015; 867 1015; 872 1010; 874 1010; 875 1009; 877 1009; 878 1008; 880 1008; 881 1007; 884 1007; 885 1006; 886 1006; 887 1005; 890 1005; 891 1004; 893 1004; 894 1003; 896 1003; 897 1002; 901 1002; 903 1000; 904 1000; 906 998; 907 998; 908 997; 909 997; 909 992; 908 992; 907 991; 906 991; 905 990; 903 990; 899 986; 899 985; 897 983; 896 983; 894 981; 894 980; 893 979; 893 978; 891 976; 890 976; 883 969; 877 969; 876 968; 875 968; 872 965; 872 964; 871 963; 871 962; 870 961
81; 203 977; 200 980; 200 981; 196 985; 191 985; 190 986; 189 986; 186 989; 185 989; 184 990; 183 990; 179 994; 178 994; 176 996; 175 996; 171 1000; 170 1000; 168 1002; 167 1002; 166 1003; 165 1003; 163 1005; 163 1007; 165 1009; 166 1009; 171 1014; 174 1014; 175 1015; 176 1015; 178 1017; 178 1018; 179 1019; 179 1020; 181 1020; 182 1021; 188 1021; 189 1022; 189 1023; 210 1023; 210 1015; 209 1014; 209 1007; 210 1006; 210 1003; 209 1002; 209 1000; 208 999; 208 998; 207 997; 207 988; 206 987; 206 984; 207 983; 207 979; 205 977
