0; 220 0; 220 1; 218 3; 217 3; 216 4; 213 4; 211 6; 211 11; 210 12; 210 13; 207 16; 206 16; 204 18; 203 18; 202 19; 201 19; 200 20; 200 24; 201 25; 202 25; 203 26; 206 26; 207 27; 211 27; 212 28; 213 28; 214 29; 215 29; 216 30; 218 30; 219 31; 220 31; 221 32; 222 32; 224 34; 225 34; 226 35; 228 35; 229 36; 231 36; 232 37; 235 37; 236 38; 240 38; 241 39; 242 39; 244 41; 245 41; 248 38; 248 37; 247 36; 247 35; 246 34; 246 33; 245 32; 245 23; 246 22; 246 20; 245 19; 245 18; 241 14; 241 9; 240 8; 240 5; 239 4; 239 0
1; 486 0; 486 5; 485 6; 485 15; 484 16; 484 19; 485 20; 485 22; 486 23; 486 26; 487 27; 487 32; 488 33; 488 37; 487 38; 487 41; 488 42; 492 42; 496 38; 497 38; 501 34; 502 34; 504 32; 505 32; 506 31; 507 31; 509 29; 510 29; 512 27; 513 27; 515 25; 516 25; 522 19; 523 19; 524 18; 526 18; 527 17; 530 17; 531 16; 531 12; 530 11; 528 11; 527 10; 526 10; 525 9; 524 9; 523 8; 522 8; 520 6; 519 6; 517 4; 516 4; 515 3; 514 3; 512 1; 512 0
2; 193 5; 192 6; 191 6; 189 8; 188 8; 187 9; 175 9; 174 10; 167 10; 166 11; 151 11; 149 13; 149 15; 156 22; 156 23; 158 25; 158 26; 159 27; 159 29; 160 30; 160 32; 159 33; 159 35; 161 37; 162 37; 163 38; 164 38; 167 41; 167 42; 168 43; 168 44; 170 46; 170 47; 174 51; 174 52; 175 53; 175 54; 177 56; 179 56; 180 55; 180 54; 181 53; 181 51; 182 50; 182 47; 183 46; 183 44; 184 43; 184 41; 185 40; 185 39; 187 37; 187 36; 188 35; 188 33; 189 32; 189 31; 194 26; 194 18; 195 17; 195 16; 197 14; 197 13; 198 12; 198 11; 199 10; 199 7; 197 5
3; 74 5; 73 6; 73 10; 75 12; 75 13; 77 15; 77 18; 78 19; 78 20; 77 21; 77 26; 78 27; 78 28; 79 29; 79 30; 80 31; 80 32; 81 33; 81 34; 82 35; 82 38; 83 39; 83 41; 84 42; 84 44; 85 45; 85 53; 87 55; 89 55; 90 54; 93 54; 94 53; 95 53; 97 51; 97 50; 98 49; 98 48; 99 47; 99 46; 102 43; 102 42; 105 39; 106 39; 107 38; 108 38; 109 37; 109 34; 110 33; 110 32; 111 31; 111 30; 115 26; 115 25; 117 23; 118 23; 120 21; 121 21; 122 20; 123 20; 123 16; 122 15; 119 15; 118 14; 113 14; 112 13; 111 13; 110 12; 109 12; 108 11; 101 11; 100 10; 92 10; 91 9; 88 9; 87 8; 82 8; 81 7; 80 7; 78 5
4; 871 12; 870 13; 870 14; 869 15; 869 19; 870 20; 870 21; 871 22; 871 24; 872 25; 872 32; 873 33; 873 35; 874 36; 874 44; 875 45; 875 51; 876 52; 876 63; 878 65; 881 65; 886 60; 887 60; 890 57; 891 57; 893 55; 894 55; 904 45; 904 44; 908 40; 909 40; 910 39; 911 39; 912 38; 913 38; 915 36; 916 36; 918 34; 918 32; 916 30; 915 30; 913 28; 912 28; 911 27; 909 27; 908 26; 907 26; 906 25; 905 25; 904 24; 903 24; 902 23; 901 23; 900 22; 899 22; 898 21; 898 20; 897 19; 897 18; 894 18; 893 19; 889 19; 888 18; 887 18; 886 17; 885 17; 884 16; 882 16; 881 15; 879 15; 878 14; 877 14; 876 13; 874 13; 873 12
5; 686 24; 685 25; 683 25; 682 26; 676 26; 675 27; 673 27; 672 28; 669 28; 668 29; 666 29; 665 30; 662 30; 661 31; 659 31; 658 32; 657 32; 655 34; 654 34; 653 35; 652 35; 651 36; 645 36; 644 37; 642 37; 641 38; 641 41; 642 42; 643 42; 645 44; 646 44; 650 48; 650 49; 651 50; 651 52; 652 53; 652 54; 653 54; 664 65; 665 65; 673 73; 673 74; 675 76; 678 76; 681 73; 681 69; 682 68; 682 61; 683 60; 683 56; 686 53; 687 53; 687 51; 685 49; 685 44; 686 43; 686 38; 687 37; 687 35; 689 33; 689 32; 691 30; 691 28; 692 27; 692 25; 691 24
6; 931 37; 930 38; 929 38; 926 41; 925 41; 924 42; 923 42; 921 44; 920 44; 918 46; 917 46; 913 50; 912 50; 911 51; 909 51; 908 52; 907 52; 906 53; 905 53; 904 54; 903 54; 902 55; 901 55; 899 57; 898 57; 897 58; 896 58; 894 60; 893 60; 892 61; 892 63; 893 64; 906 64; 908 62; 909 62; 911 60; 912 60; 913 59; 914 59; 916 57; 917 57; 919 55; 920 55; 921 54; 922 54; 923 53; 924 53; 925 54; 925 63; 926 64; 926 69; 929 69; 930 70; 934 70; 934 67; 935 66; 935 65; 936 64; 936 63; 937 62; 937 55; 935 53; 935 50; 936 49; 936 47; 935 46; 935 39; 933 37
7; 247 0; 247 2; 253 8; 253 9; 254 10; 254 11; 255 12; 255 15; 256 16; 256 31; 255 32; 255 34; 254 35; 254 36; 251 39; 250 39; 249 38; 246 41; 246 43; 247 44; 247 47; 244 50; 244 51; 243 52; 243 55; 242 56; 242 57; 241 58; 241 59; 239 61; 239 62; 235 66; 235 67; 233 69; 233 73; 234 74; 239 74; 240 73; 241 73; 242 72; 243 72; 244 73; 246 73; 248 75; 253 75; 254 74; 259 74; 260 75; 262 75; 263 76; 266 76; 267 75; 268 75; 269 74; 270 74; 271 73; 275 73; 276 74; 278 74; 279 75; 282 75; 283 74; 284 74; 284 70; 278 64; 278 62; 277 61; 277 60; 276 59; 276 58; 275 57; 275 56; 273 54; 273 53; 272 52; 272 49; 271 48; 271 47; 270 46; 270 45; 269 44; 269 43; 268 42; 268 40; 267 39; 267 37; 266 36; 266 35; 265 34; 265 33; 263 31; 263 28; 262 27; 262 22; 263 21; 263 20; 264 19; 264 18; 270 12; 270 11; 277 4; 277 3; 279 1; 279 0; 268 0; 267 1; 267 2; 264 5; 261 5; 259 3; 259 0
8; 905 66; 905 67; 903 69; 903 70; 902 71; 902 72; 901 73; 901 78; 903 80; 905 80; 906 81; 908 81; 909 82; 910 82; 912 84; 920 84; 925 89; 925 90; 926 91; 926 92; 927 93; 928 93; 929 94; 930 94; 932 92; 932 81; 933 80; 933 71; 930 71; 929 70; 925 70; 925 72; 922 75; 920 75; 918 73; 917 73; 911 67; 910 67; 909 66
9; 448 50; 447 51; 447 52; 445 54; 445 55; 442 58; 439 58; 438 59; 436 59; 434 61; 434 62; 433 63; 433 65; 426 72; 425 72; 421 76; 420 76; 417 79; 416 79; 414 81; 413 81; 413 86; 414 87; 415 87; 416 88; 418 88; 419 89; 421 89; 422 90; 423 90; 424 91; 426 91; 427 92; 428 92; 433 97; 438 97; 439 98; 448 98; 449 99; 451 99; 455 103; 456 103; 457 104; 461 104; 462 103; 462 100; 461 99; 461 97; 460 96; 460 93; 461 92; 461 88; 460 87; 460 84; 459 83; 459 80; 458 79; 458 75; 457 74; 457 66; 456 65; 456 64; 455 63; 455 62; 454 61; 454 52; 452 50
10; 955 85; 954 86; 953 86; 952 87; 951 87; 950 88; 949 88; 947 90; 946 90; 944 92; 943 92; 942 93; 939 93; 938 94; 935 94; 933 92; 930 95; 930 97; 928 99; 927 99; 926 100; 925 100; 924 101; 923 101; 922 102; 921 102; 920 103; 918 103; 917 104; 916 104; 915 105; 914 105; 913 106; 912 106; 912 111; 913 112; 914 112; 916 114; 917 114; 919 116; 920 116; 926 122; 927 122; 928 123; 929 123; 935 129; 936 129; 938 131; 939 131; 941 133; 942 133; 946 137; 946 138; 948 140; 952 140; 952 132; 953 131; 953 124; 954 123; 954 122; 957 119; 958 119; 958 115; 957 114; 957 113; 956 112; 956 110; 955 109; 955 105; 956 104; 956 95; 957 94; 957 93; 959 91; 959 85
11; 525 91; 525 92; 524 93; 524 97; 525 98; 525 109; 526 110; 526 114; 529 117; 529 118; 531 120; 531 131; 532 132; 532 133; 533 134; 533 135; 534 136; 534 143; 535 144; 535 145; 538 145; 543 140; 543 139; 549 133; 550 133; 551 132; 554 132; 555 131; 555 128; 556 127; 556 126; 558 124; 558 123; 560 121; 561 121; 567 115; 568 115; 571 112; 572 112; 573 111; 573 107; 572 107; 571 106; 570 106; 568 104; 567 104; 566 103; 564 103; 563 102; 560 102; 559 101; 558 101; 556 99; 555 99; 554 98; 547 98; 546 97; 544 97; 543 96; 542 96; 541 95; 540 95; 539 94; 535 94; 534 93; 533 93; 532 92; 531 92; 530 91
12; 133 84; 131 86; 131 97; 130 98; 130 99; 128 101; 127 101; 126 102; 126 103; 125 104; 125 107; 126 108; 126 113; 125 114; 125 117; 124 118; 124 119; 123 120; 123 121; 122 122; 122 125; 121 126; 121 129; 120 130; 120 133; 121 134; 123 134; 124 135; 125 135; 126 136; 128 136; 129 135; 131 135; 132 134; 133 134; 134 133; 135 133; 136 132; 137 132; 138 131; 142 131; 143 132; 148 132; 149 131; 150 131; 152 129; 153 129; 154 128; 155 128; 156 127; 157 127; 158 126; 163 126; 164 125; 167 125; 167 123; 164 120; 164 119; 146 101; 146 100; 143 97; 143 96; 141 94; 141 93; 139 91; 139 90; 138 89; 138 87; 135 84
13; 371 92; 370 93; 369 93; 361 101; 360 101; 357 104; 357 105; 355 107; 355 108; 345 118; 344 118; 337 125; 336 125; 335 126; 335 131; 346 131; 347 132; 348 132; 349 133; 350 133; 352 135; 353 135; 354 136; 355 136; 356 137; 359 137; 360 138; 363 138; 364 139; 366 139; 368 141; 369 141; 370 142; 372 142; 373 143; 376 143; 377 144; 378 144; 379 145; 383 145; 384 144; 384 136; 382 134; 382 133; 381 132; 381 131; 380 130; 380 126; 379 125; 379 122; 378 121; 378 118; 379 117; 379 116; 381 114; 381 110; 378 107; 378 106; 377 105; 377 104; 376 103; 376 94; 375 93; 375 92
14; 579 94; 579 95; 578 96; 578 101; 577 102; 577 106; 576 107; 574 107; 574 111; 576 111; 577 112; 577 116; 573 120; 573 124; 574 125; 574 126; 575 127; 575 128; 576 129; 576 140; 575 141; 575 142; 574 143; 574 144; 573 145; 573 147; 575 149; 577 149; 578 148; 579 148; 580 147; 581 147; 583 145; 584 145; 585 144; 586 144; 587 143; 588 143; 591 140; 592 140; 594 138; 596 138; 597 137; 599 137; 600 136; 602 136; 603 135; 604 135; 610 129; 611 129; 614 126; 617 126; 618 125; 620 125; 622 123; 622 121; 621 120; 621 119; 620 119; 619 118; 616 118; 615 117; 614 117; 613 116; 612 116; 611 115; 611 113; 610 112; 610 110; 609 109; 608 109; 607 108; 601 108; 600 107; 599 107; 595 103; 594 103; 593 102; 592 102; 591 101; 590 101; 583 94
15; 46 102; 45 103; 45 109; 46 110; 46 111; 48 113; 48 120; 49 121; 49 124; 50 125; 50 127; 51 128; 51 130; 52 131; 52 132; 53 133; 53 134; 54 135; 54 136; 55 137; 55 138; 56 139; 56 145; 55 146; 55 152; 57 154; 61 154; 61 153; 62 152; 62 151; 63 150; 63 149; 78 134; 83 134; 83 133; 84 132; 84 131; 85 130; 85 129; 86 128; 86 127; 87 126; 87 125; 88 124; 88 123; 94 117; 94 114; 93 113; 87 113; 86 114; 85 114; 84 113; 82 113; 80 111; 79 111; 78 110; 73 110; 72 109; 70 109; 69 108; 68 108; 67 107; 65 107; 64 106; 59 106; 58 105; 57 105; 55 103; 53 103; 52 102
16; 742 96; 741 97; 741 105; 740 106; 740 108; 739 109; 739 110; 735 114; 735 118; 736 119; 736 120; 737 121; 737 126; 736 127; 736 128; 735 129; 735 131; 734 132; 734 137; 733 138; 733 140; 732 141; 732 146; 731 147; 731 151; 732 152; 735 152; 736 151; 737 151; 739 149; 740 149; 741 148; 742 148; 743 147; 744 147; 745 146; 747 146; 748 145; 752 145; 753 144; 754 144; 755 145; 758 145; 763 140; 764 140; 765 139; 766 139; 767 138; 768 138; 769 137; 774 137; 775 136; 777 136; 780 133; 780 131; 779 130; 779 129; 778 128; 778 127; 777 126; 776 126; 775 125; 774 125; 773 124; 772 124; 764 116; 764 115; 761 112; 760 112; 757 109; 756 109; 752 105; 752 104; 749 101; 749 100; 748 99; 748 98; 746 96
17; 866 133; 865 134; 864 134; 863 135; 860 135; 859 136; 855 136; 854 135; 852 135; 851 134; 846 134; 846 138; 847 139; 847 141; 848 142; 848 143; 849 144; 849 146; 850 147; 850 150; 851 151; 851 154; 852 155; 852 156; 853 157; 853 158; 854 159; 854 160; 855 161; 855 162; 856 163; 856 164; 857 165; 857 166; 858 167; 858 169; 859 170; 859 172; 860 173; 860 174; 862 176; 862 177; 864 179; 864 180; 865 181; 865 182; 871 182; 872 181; 872 180; 873 179; 873 177; 874 176; 874 173; 875 172; 875 171; 877 169; 878 169; 879 168; 879 167; 880 166; 880 165; 881 164; 881 161; 882 160; 882 159; 884 157; 884 156; 887 153; 887 152; 888 151; 888 150; 889 149; 889 147; 890 146; 890 144; 891 143; 891 142; 893 140; 893 135; 892 135; 891 134; 884 134; 883 135; 881 135; 880 134; 870 134; 869 133
18; 102 123; 100 125; 100 126; 99 127; 98 127; 94 131; 93 131; 91 133; 91 134; 88 137; 87 137; 85 139; 85 140; 75 150; 75 151; 72 154; 71 154; 70 155; 69 155; 66 158; 66 161; 67 162; 68 162; 69 163; 75 163; 76 164; 77 164; 78 165; 79 165; 80 166; 84 166; 85 167; 86 167; 87 168; 88 168; 90 170; 91 170; 92 171; 99 171; 100 172; 101 172; 102 173; 103 173; 104 174; 105 174; 106 175; 107 175; 108 176; 109 176; 110 177; 115 177; 115 176; 116 175; 116 173; 115 172; 115 170; 114 169; 114 168; 113 167; 113 158; 112 157; 112 153; 111 152; 111 149; 110 148; 110 146; 109 145; 109 144; 108 143; 108 142; 107 141; 107 140; 106 139; 106 129; 105 128; 105 124; 104 123
19; 838 181; 837 182; 837 187; 842 192; 842 193; 843 194; 843 197; 842 198; 842 204; 846 208; 846 209; 847 210; 847 211; 848 212; 848 213; 849 214; 849 215; 850 216; 850 219; 851 220; 851 225; 852 226; 852 231; 853 232; 853 233; 854 234; 857 234; 860 231; 860 229; 866 223; 866 222; 869 219; 869 218; 870 217; 871 217; 872 216; 873 216; 876 213; 876 212; 878 210; 878 209; 880 207; 880 206; 881 205; 881 203; 890 194; 890 191; 889 190; 887 190; 886 189; 883 189; 882 188; 874 188; 871 185; 871 183; 865 183; 865 184; 864 185; 855 185; 854 184; 852 184; 851 183; 850 183; 849 182; 846 182; 845 181
20; 35 186; 34 187; 33 187; 32 188; 30 188; 29 189; 26 189; 25 190; 21 190; 20 191; 17 191; 16 192; 12 192; 11 191; 5 191; 1 195; 0 195; 0 214; 1 214; 4 217; 4 218; 5 219; 5 220; 6 221; 6 222; 7 223; 7 224; 8 225; 8 226; 10 228; 10 229; 11 230; 12 230; 19 237; 19 238; 21 240; 25 240; 25 238; 26 237; 26 231; 27 230; 27 227; 28 226; 28 225; 30 223; 30 222; 31 221; 31 219; 32 218; 32 217; 33 216; 33 215; 34 214; 34 206; 35 205; 35 200; 36 199; 36 198; 37 197; 37 196; 38 195; 38 194; 39 193; 39 192; 40 191; 40 186
21; 148 196; 148 201; 147 202; 147 207; 149 209; 149 211; 150 212; 150 226; 155 231; 155 238; 156 239; 156 241; 157 242; 157 249; 159 251; 162 251; 166 247; 166 246; 170 242; 170 241; 176 235; 176 234; 189 221; 190 221; 191 220; 192 220; 194 218; 194 216; 195 215; 195 213; 196 212; 196 209; 195 208; 185 208; 179 202; 174 202; 173 203; 172 202; 168 202; 167 201; 165 201; 164 200; 163 200; 162 199; 161 199; 160 198; 157 198; 156 197; 153 197; 152 196
22; 930 212; 930 215; 931 216; 931 218; 932 219; 932 220; 933 221; 933 224; 934 225; 934 226; 933 227; 933 229; 932 230; 932 233; 933 234; 933 235; 935 237; 935 238; 936 239; 936 243; 937 244; 937 245; 938 246; 938 249; 939 250; 939 253; 940 254; 940 256; 941 257; 941 259; 942 260; 942 264; 943 265; 947 265; 949 263; 950 263; 951 262; 952 262; 952 261; 953 260; 953 259; 954 258; 954 256; 956 254; 956 253; 960 249; 961 249; 962 248; 964 248; 966 246; 966 245; 967 244; 967 243; 973 237; 973 236; 974 235; 974 234; 980 228; 980 225; 979 224; 978 224; 977 223; 974 223; 973 224; 969 224; 968 223; 966 223; 965 222; 964 222; 962 220; 961 220; 960 219; 958 219; 957 218; 955 218; 954 217; 953 217; 952 216; 951 216; 950 215; 946 215; 945 214; 943 214; 942 213; 938 213; 937 212
23; 747 242; 745 244; 745 246; 744 247; 744 250; 743 251; 743 253; 742 254; 742 255; 741 256; 741 257; 740 258; 740 259; 739 260; 739 262; 738 263; 738 265; 737 266; 737 267; 736 268; 736 269; 734 271; 734 272; 730 276; 730 280; 729 281; 729 283; 728 284; 728 285; 725 288; 725 289; 724 290; 724 294; 725 295; 731 295; 732 294; 735 294; 736 293; 745 293; 746 292; 753 292; 754 291; 758 291; 759 290; 765 290; 766 291; 775 291; 776 290; 776 287; 775 286; 775 285; 774 284; 774 283; 772 281; 772 279; 771 278; 771 277; 770 276; 770 275; 768 273; 768 272; 766 270; 766 269; 765 268; 765 266; 764 265; 764 263; 763 262; 763 261; 762 260; 761 260; 757 256; 757 255; 755 253; 755 250; 754 249; 754 248; 753 247; 753 246; 751 244; 751 243; 750 243; 749 242
24; 612 256; 611 257; 610 257; 609 258; 609 264; 610 265; 610 266; 611 267; 611 268; 612 269; 612 270; 613 271; 613 274; 614 275; 614 279; 616 281; 617 281; 620 284; 620 285; 621 286; 621 287; 622 288; 622 289; 623 290; 623 296; 624 297; 624 299; 625 300; 625 301; 626 302; 626 303; 627 304; 627 305; 628 306; 628 307; 629 308; 629 309; 630 310; 633 310; 634 309; 634 308; 635 307; 635 306; 637 304; 637 303; 639 301; 639 300; 640 299; 640 298; 641 297; 641 296; 643 294; 643 293; 644 292; 644 291; 648 287; 650 287; 652 285; 652 279; 653 278; 653 277; 654 276; 654 275; 655 274; 655 273; 657 271; 657 270; 661 266; 661 261; 660 261; 659 260; 644 260; 643 261; 640 261; 639 262; 638 262; 637 261; 635 261; 633 259; 627 259; 626 258; 624 258; 623 257; 615 257; 614 256
25; 977 258; 975 260; 975 264; 976 265; 976 270; 975 271; 975 274; 976 275; 976 283; 977 284; 977 300; 978 301; 978 307; 977 308; 977 314; 978 315; 982 315; 985 312; 986 312; 990 308; 991 308; 992 307; 999 307; 1000 306; 1000 303; 1001 302; 1001 300; 1008 293; 1009 293; 1012 290; 1013 290; 1014 289; 1016 289; 1017 288; 1018 288; 1019 287; 1020 287; 1021 286; 1022 286; 1022 284; 1021 283; 1020 283; 1019 282; 1018 282; 1017 281; 1016 281; 1014 279; 1013 279; 1012 278; 1011 278; 1009 276; 1008 276; 1007 275; 1005 275; 1002 272; 1002 271; 995 264; 992 264; 991 265; 988 265; 987 264; 986 264; 981 259; 980 259; 979 258
26; 458 270; 457 271; 456 271; 454 273; 453 273; 452 274; 451 274; 450 275; 448 275; 447 274; 440 274; 435 279; 434 279; 433 280; 430 280; 429 281; 428 281; 427 282; 426 282; 425 283; 415 283; 412 286; 412 291; 413 292; 414 292; 417 295; 417 296; 418 297; 418 298; 426 306; 426 307; 428 309; 428 310; 429 311; 429 312; 431 314; 433 314; 434 315; 436 315; 437 316; 438 316; 443 321; 443 322; 445 324; 445 325; 446 326; 446 327; 447 327; 448 328; 450 328; 451 327; 451 318; 452 317; 452 313; 453 312; 453 310; 454 309; 454 308; 455 307; 455 303; 456 302; 456 296; 457 295; 457 292; 458 291; 458 288; 459 287; 459 282; 460 281; 460 278; 461 277; 461 275; 462 274; 462 272; 460 270
27; 508 271; 504 275; 503 275; 501 277; 500 277; 499 278; 498 278; 497 279; 496 279; 495 280; 494 280; 492 282; 491 282; 489 284; 488 284; 487 285; 486 285; 485 286; 483 286; 482 287; 481 287; 480 288; 479 288; 474 293; 473 293; 472 294; 471 294; 470 295; 468 295; 467 296; 465 296; 463 298; 463 300; 464 301; 465 301; 467 303; 468 303; 469 304; 470 304; 471 305; 472 305; 476 309; 476 310; 477 311; 477 312; 482 317; 486 317; 487 316; 488 317; 489 317; 490 318; 491 318; 501 328; 502 328; 504 330; 507 330; 507 329; 508 328; 508 318; 509 317; 509 305; 508 304; 508 300; 512 296; 512 291; 511 290; 511 289; 509 287; 509 285; 510 284; 510 281; 511 280; 511 279; 512 278; 512 277; 513 276; 513 273; 511 271
28; 33 296; 32 297; 32 298; 31 299; 31 301; 30 302; 30 305; 29 306; 29 307; 28 308; 28 309; 27 310; 27 312; 26 313; 26 316; 25 317; 25 319; 24 320; 24 322; 23 323; 23 325; 22 326; 22 327; 21 328; 21 330; 20 331; 20 334; 19 335; 19 339; 18 340; 18 342; 17 343; 17 344; 15 346; 15 347; 14 348; 14 352; 15 353; 19 353; 20 352; 22 352; 23 351; 28 351; 29 352; 32 352; 33 351; 35 351; 36 350; 37 350; 38 349; 41 349; 42 348; 45 348; 46 347; 48 347; 49 346; 55 346; 56 345; 63 345; 64 344; 65 344; 65 340; 63 338; 62 338; 61 337; 61 336; 55 330; 55 329; 53 327; 53 326; 52 325; 52 324; 51 323; 51 317; 49 317; 39 307; 39 306; 38 305; 38 304; 37 303; 37 298; 35 296
29; 679 306; 678 307; 678 311; 679 312; 679 313; 680 314; 680 318; 681 319; 681 333; 680 334; 680 336; 679 337; 679 341; 680 342; 680 343; 681 344; 681 362; 684 365; 686 365; 687 364; 688 364; 691 361; 692 361; 696 357; 697 357; 698 356; 699 356; 708 347; 709 347; 711 345; 712 345; 713 344; 714 344; 714 343; 718 339; 719 339; 724 334; 725 334; 726 333; 726 329; 725 328; 724 328; 721 325; 720 325; 719 324; 713 324; 712 323; 711 323; 710 322; 709 322; 707 320; 706 320; 704 318; 703 318; 702 317; 700 317; 699 316; 697 316; 696 315; 695 315; 694 314; 693 314; 692 313; 691 313; 687 309; 686 309; 683 306
30; 650 313; 650 314; 649 315; 649 318; 648 319; 648 322; 647 323; 647 324; 646 325; 646 326; 644 328; 644 329; 642 331; 642 332; 641 333; 641 335; 639 337; 639 338; 637 340; 637 341; 634 344; 634 345; 632 347; 632 348; 631 349; 631 351; 630 352; 630 353; 629 354; 629 356; 628 357; 628 358; 627 359; 627 360; 626 361; 626 363; 628 365; 630 365; 631 364; 634 364; 635 363; 639 363; 642 366; 643 366; 644 367; 647 367; 649 365; 650 365; 651 364; 661 364; 662 363; 668 363; 669 364; 675 364; 676 363; 676 359; 675 358; 675 356; 674 355; 674 354; 673 353; 673 352; 671 350; 671 349; 670 348; 670 347; 669 346; 669 344; 668 343; 668 336; 667 335; 667 334; 666 333; 666 332; 661 327; 661 326; 658 323; 658 322; 657 321; 657 320; 656 319; 656 318; 655 317; 655 315; 653 313
31; 457 353; 456 354; 456 366; 457 367; 457 369; 458 370; 458 372; 459 373; 459 380; 458 381; 458 384; 457 385; 457 387; 459 389; 459 390; 460 391; 460 399; 461 400; 461 404; 462 405; 462 411; 464 413; 466 413; 467 412; 468 412; 469 411; 469 410; 471 408; 471 407; 477 401; 478 401; 483 396; 484 396; 486 394; 487 394; 491 390; 492 390; 492 389; 495 386; 495 385; 496 384; 497 384; 501 380; 502 380; 504 378; 504 374; 502 372; 500 372; 499 371; 497 371; 496 370; 494 370; 493 369; 492 369; 490 367; 490 366; 488 364; 487 364; 486 363; 481 363; 480 362; 478 362; 477 361; 476 361; 475 360; 473 360; 472 359; 470 359; 469 358; 467 358; 466 357; 465 357; 461 353
32; 714 346; 713 347; 713 348; 712 349; 712 350; 711 351; 711 352; 710 353; 710 354; 707 357; 706 357; 705 358; 703 358; 701 360; 701 362; 700 363; 700 364; 688 376; 688 377; 687 378; 686 378; 685 379; 684 379; 683 380; 682 380; 680 382; 680 386; 681 386; 682 387; 686 387; 687 388; 689 388; 690 389; 691 389; 692 390; 693 390; 694 391; 695 391; 698 394; 699 394; 701 396; 701 398; 700 399; 700 401; 702 401; 705 398; 709 398; 710 399; 713 399; 714 400; 717 400; 718 401; 719 401; 720 400; 721 400; 722 399; 723 399; 724 398; 727 398; 728 397; 727 396; 727 395; 726 394; 726 385; 725 384; 725 379; 724 378; 724 367; 723 366; 723 364; 722 363; 722 362; 721 361; 721 360; 720 359; 720 354; 719 353; 719 347; 718 346
33; 424 351; 420 355; 420 356; 419 357; 419 359; 418 360; 418 361; 417 362; 417 363; 415 365; 415 366; 410 371; 410 372; 409 373; 409 375; 408 376; 408 377; 405 380; 405 386; 404 387; 404 388; 399 393; 399 394; 397 396; 397 399; 398 400; 402 400; 403 399; 416 399; 417 400; 420 400; 421 401; 423 401; 424 402; 440 402; 441 403; 442 403; 443 404; 446 404; 447 403; 448 403; 448 399; 447 398; 447 397; 444 394; 444 393; 443 392; 443 391; 442 390; 442 388; 441 387; 441 385; 440 384; 440 381; 441 380; 441 375; 439 373; 438 373; 436 371; 436 370; 433 367; 433 366; 432 365; 432 359; 431 358; 431 357; 430 356; 430 355; 429 354; 429 353; 427 351
34; 105 372; 104 373; 97 373; 96 374; 83 374; 82 373; 77 373; 75 375; 75 377; 76 378; 76 379; 79 382; 79 383; 81 385; 81 386; 82 387; 82 388; 83 389; 83 390; 84 391; 84 393; 85 394; 85 395; 86 396; 86 399; 87 400; 87 401; 86 402; 86 403; 85 404; 85 406; 87 408; 88 408; 89 409; 89 410; 90 410; 91 411; 91 412; 93 414; 93 415; 94 416; 94 418; 95 419; 95 420; 96 421; 96 423; 97 424; 97 426; 98 427; 101 427; 101 426; 102 425; 102 423; 103 422; 103 421; 104 420; 104 419; 105 418; 105 417; 106 416; 106 415; 111 410; 111 409; 113 407; 113 406; 114 405; 114 404; 115 403; 115 402; 116 401; 116 399; 117 398; 117 396; 118 395; 118 394; 123 389; 123 388; 124 387; 124 385; 127 382; 127 381; 128 380; 128 377; 126 375; 113 375; 111 373; 110 373; 109 372
35; 778 388; 777 389; 776 389; 775 390; 772 390; 771 391; 767 391; 766 392; 763 392; 762 393; 760 393; 759 394; 757 394; 756 395; 754 395; 753 396; 752 396; 751 397; 750 397; 749 398; 747 398; 746 399; 741 399; 740 400; 737 400; 737 409; 738 409; 740 411; 740 412; 741 413; 741 414; 745 418; 745 419; 746 420; 746 421; 747 422; 747 424; 749 426; 750 426; 751 427; 752 427; 754 429; 755 429; 758 432; 758 433; 760 435; 760 436; 762 438; 762 439; 764 441; 764 442; 767 445; 770 445; 770 435; 771 434; 771 432; 772 431; 772 430; 773 429; 773 425; 774 424; 774 421; 775 420; 775 418; 776 417; 776 416; 778 414; 779 414; 780 413; 780 412; 781 411; 781 408; 779 406; 779 402; 780 401; 780 399; 781 398; 781 396; 782 395; 782 394; 783 393; 783 389; 782 388
36; 936 397; 934 399; 933 399; 930 402; 929 402; 928 403; 926 403; 925 404; 924 404; 922 406; 921 406; 920 407; 918 407; 917 408; 915 408; 914 409; 913 409; 912 410; 911 410; 907 414; 907 415; 902 420; 901 420; 900 421; 898 421; 897 422; 896 422; 896 426; 897 427; 898 427; 899 428; 900 428; 902 430; 903 430; 907 434; 908 434; 909 435; 910 435; 911 436; 913 436; 921 444; 923 444; 924 445; 925 445; 926 446; 928 446; 929 447; 930 447; 931 448; 932 448; 934 450; 934 451; 935 452; 935 453; 941 453; 941 438; 942 437; 942 436; 944 434; 944 431; 941 428; 941 426; 940 425; 940 424; 941 423; 941 418; 942 417; 942 414; 941 413; 941 398; 940 397
37; 728 398; 727 399; 724 399; 723 400; 722 400; 721 401; 720 401; 720 405; 718 407; 717 407; 716 408; 713 408; 712 409; 711 409; 710 410; 709 410; 708 411; 707 411; 706 412; 703 412; 702 413; 694 413; 693 414; 692 414; 691 415; 689 415; 688 416; 686 416; 685 417; 683 417; 682 418; 681 418; 681 423; 682 424; 683 424; 685 426; 686 426; 688 428; 688 429; 689 430; 689 432; 690 433; 690 436; 693 439; 694 439; 702 447; 702 448; 705 451; 705 452; 710 457; 710 458; 711 459; 711 460; 714 463; 716 463; 717 462; 717 460; 718 459; 718 453; 719 452; 719 451; 720 450; 720 448; 721 447; 721 444; 722 443; 722 441; 723 440; 723 438; 724 437; 724 431; 725 430; 725 427; 726 426; 726 424; 727 423; 727 421; 728 420; 728 418; 729 417; 729 416; 730 415; 730 414; 732 412; 732 411; 733 410; 734 410; 735 409; 736 409; 736 400; 735 400; 734 399; 730 399; 729 398
38; 33 406; 31 408; 30 408; 29 409; 28 409; 27 410; 26 410; 25 411; 24 411; 23 412; 21 412; 20 413; 19 413; 18 414; 8 414; 2 420; 0 420; 0 438; 1 438; 2 439; 3 439; 11 447; 11 448; 13 450; 13 451; 14 451; 17 454; 18 454; 21 457; 21 458; 22 459; 22 460; 23 461; 23 462; 24 463; 24 464; 25 464; 26 465; 29 465; 31 463; 31 459; 30 458; 30 453; 31 452; 31 450; 32 449; 32 447; 33 446; 33 445; 34 444; 34 443; 36 441; 37 441; 37 437; 36 436; 36 424; 37 423; 37 421; 38 420; 38 415; 39 414; 39 413; 40 412; 40 408; 38 406
39; 180 413; 180 419; 181 420; 181 429; 180 430; 180 460; 181 461; 181 462; 180 463; 180 472; 181 473; 184 473; 187 470; 187 469; 190 466; 191 466; 192 465; 193 465; 194 464; 198 464; 199 463; 201 463; 202 462; 203 462; 206 459; 206 458; 207 457; 207 456; 211 452; 212 452; 213 451; 214 451; 215 450; 216 450; 220 446; 221 446; 222 445; 223 445; 225 443; 225 441; 222 438; 221 438; 220 437; 219 437; 217 435; 216 435; 213 432; 212 432; 209 429; 208 429; 206 427; 205 427; 204 426; 204 425; 203 425; 202 424; 199 424; 198 423; 197 423; 196 422; 195 422; 193 420; 192 420; 190 418; 189 418; 184 413
40; 147 406; 145 408; 145 409; 144 410; 144 413; 143 414; 143 415; 142 416; 142 417; 137 422; 136 422; 134 424; 134 428; 135 429; 135 436; 134 437; 134 439; 132 441; 132 442; 126 448; 126 449; 125 450; 125 452; 124 453; 124 459; 129 459; 130 458; 137 458; 138 459; 140 459; 141 460; 146 460; 147 459; 150 459; 153 462; 158 462; 159 461; 159 460; 161 458; 162 458; 163 457; 166 457; 167 458; 168 458; 169 459; 173 459; 174 458; 174 453; 171 450; 171 449; 169 447; 169 446; 168 445; 168 444; 167 443; 167 442; 166 441; 166 440; 165 439; 165 438; 164 437; 164 436; 162 434; 162 433; 161 432; 161 430; 160 429; 160 428; 159 427; 159 424; 158 423; 158 422; 157 421; 157 420; 155 418; 155 417; 154 416; 154 415; 153 414; 153 413; 152 412; 152 408; 151 407; 150 407; 149 406
41; 891 450; 891 454; 892 455; 892 456; 894 458; 894 459; 895 460; 895 462; 896 463; 896 468; 895 469; 895 473; 898 476; 898 477; 899 478; 899 479; 900 480; 900 481; 901 482; 901 483; 903 485; 903 486; 905 488; 905 489; 906 490; 906 492; 907 493; 907 501; 908 502; 908 505; 909 506; 912 506; 914 504; 914 503; 915 502; 915 501; 916 500; 916 499; 917 498; 917 497; 919 495; 919 494; 920 493; 920 492; 925 487; 926 487; 928 485; 928 483; 931 480; 931 479; 933 477; 933 476; 934 475; 934 474; 940 468; 940 464; 941 463; 941 454; 936 454; 934 456; 922 456; 921 455; 918 455; 917 454; 916 454; 915 453; 912 453; 911 452; 904 452; 903 451; 901 451; 900 450
42; 65 477; 64 478; 62 478; 61 479; 59 479; 58 480; 54 480; 53 481; 50 481; 49 482; 48 482; 48 487; 50 489; 50 490; 54 494; 54 495; 55 496; 55 497; 54 498; 54 502; 55 503; 55 504; 56 504; 57 505; 58 505; 62 509; 62 510; 63 511; 63 512; 64 513; 64 514; 65 515; 65 516; 67 518; 67 519; 68 520; 68 522; 69 523; 69 525; 70 526; 70 527; 71 528; 71 529; 72 530; 72 532; 73 533; 77 533; 78 532; 78 530; 79 529; 79 526; 81 524; 81 523; 83 521; 83 520; 84 519; 84 516; 85 515; 85 514; 86 513; 86 512; 90 508; 90 502; 91 501; 91 500; 92 499; 92 498; 93 497; 93 495; 94 494; 94 492; 95 491; 95 488; 96 487; 96 485; 98 483; 98 479; 97 478; 81 478; 80 479; 77 479; 76 480; 75 480; 74 479; 71 479; 70 478; 68 478; 67 477
43; 937 478; 936 479; 936 490; 935 491; 935 492; 934 493; 933 493; 932 494; 931 494; 929 496; 929 497; 928 498; 928 501; 929 502; 929 506; 928 507; 928 508; 927 509; 927 511; 926 512; 926 514; 925 515; 925 516; 924 517; 924 518; 923 519; 923 520; 922 521; 922 522; 921 523; 921 524; 920 525; 920 526; 918 528; 918 532; 919 533; 925 533; 926 532; 934 532; 935 531; 939 531; 940 532; 943 532; 944 531; 945 531; 946 530; 950 530; 951 529; 955 529; 956 528; 969 528; 969 526; 968 525; 968 524; 966 522; 966 521; 965 520; 965 519; 963 517; 963 516; 962 515; 962 512; 961 511; 961 510; 958 507; 958 506; 955 503; 955 502; 953 500; 953 499; 951 497; 951 496; 950 495; 950 493; 949 492; 949 491; 948 490; 948 489; 945 486; 945 485; 944 484; 944 483; 943 482; 943 481; 940 478
44; 722 486; 716 492; 715 492; 714 493; 713 493; 712 494; 711 494; 709 496; 708 496; 705 499; 704 499; 703 500; 702 499; 699 499; 696 502; 696 504; 694 506; 694 507; 693 508; 692 508; 686 514; 685 514; 684 515; 683 515; 682 516; 681 516; 681 521; 683 523; 685 523; 687 525; 688 525; 691 528; 692 528; 693 529; 694 529; 699 534; 702 534; 703 535; 704 535; 705 536; 706 536; 707 537; 708 537; 710 539; 710 540; 712 542; 713 542; 714 543; 716 543; 718 545; 719 545; 721 547; 722 547; 723 548; 727 548; 728 547; 728 542; 727 541; 727 538; 726 537; 726 531; 727 530; 727 528; 728 527; 728 523; 727 522; 727 512; 726 511; 726 506; 725 505; 725 497; 726 496; 726 488; 724 486
45; 517 515; 517 516; 516 517; 516 519; 517 520; 517 521; 518 522; 518 532; 519 533; 519 543; 518 544; 518 551; 519 552; 519 553; 521 555; 521 571; 522 572; 522 575; 523 576; 526 576; 527 575; 528 575; 536 567; 537 567; 541 563; 541 562; 547 556; 548 556; 549 555; 551 555; 552 554; 553 554; 557 550; 557 549; 566 540; 566 537; 565 537; 564 536; 561 536; 560 535; 557 535; 554 532; 553 532; 551 530; 549 530; 548 529; 547 529; 546 528; 544 528; 543 527; 542 527; 539 524; 538 524; 537 523; 535 523; 534 522; 532 522; 531 521; 530 521; 529 520; 528 520; 526 518; 525 518; 523 516; 522 516; 521 515
46; 1022 479; 1016 485; 1016 486; 1012 490; 1011 490; 1009 492; 1009 493; 1008 494; 1008 496; 1006 498; 1006 499; 1005 500; 1005 501; 1004 502; 1004 503; 1002 505; 1002 506; 999 509; 998 509; 997 510; 996 510; 995 511; 995 512; 994 513; 994 514; 993 515; 993 519; 992 520; 992 521; 984 529; 983 529; 982 530; 980 530; 979 531; 974 531; 974 533; 972 535; 971 535; 969 537; 968 537; 967 538; 966 538; 965 539; 963 539; 962 540; 961 540; 959 542; 958 542; 957 543; 957 546; 961 546; 962 547; 962 550; 960 552; 959 552; 958 553; 957 553; 956 552; 956 555; 957 556; 958 556; 959 557; 960 557; 961 558; 962 558; 966 562; 966 563; 965 564; 968 567; 969 567; 970 566; 973 566; 974 567; 975 567; 978 570; 979 570; 980 571; 981 571; 982 572; 984 572; 986 574; 987 574; 989 576; 989 577; 991 579; 991 580; 993 582; 996 582; 997 581; 997 580; 998 579; 998 577; 997 576; 997 573; 996 572; 996 561; 997 560; 997 552; 996 551; 996 537; 995 536; 995 529; 996 528; 996 526; 997 525; 997 522; 998 521; 998 520; 1001 517; 1007 517; 1008 518; 1009 518; 1010 519; 1012 519; 1013 520; 1015 520; 1016 521; 1019 521; 1020 522; 1023 522; 1023 513; 1019 513; 1018 512; 1016 512; 1015 511; 1014 511; 1012 509; 1012 508; 1011 507; 1011 506; 1012 505; 1012 503; 1014 501; 1014 500; 1019 495; 1020 495; 1022 493; 1023 493; 1023 479
47; 200 522; 199 523; 197 523; 192 528; 191 528; 190 529; 189 529; 188 530; 187 530; 185 532; 184 532; 182 534; 181 534; 180 535; 179 535; 178 536; 177 536; 176 537; 175 537; 174 538; 173 538; 172 539; 170 539; 169 540; 168 540; 167 541; 166 541; 163 544; 162 544; 161 545; 159 545; 158 546; 157 546; 156 547; 156 551; 157 551; 158 552; 160 552; 161 553; 162 553; 167 558; 167 559; 168 560; 168 563; 169 564; 169 565; 170 565; 171 566; 175 566; 184 575; 185 575; 187 577; 188 577; 193 582; 193 583; 195 585; 197 585; 198 584; 198 580; 199 579; 199 563; 200 562; 200 560; 201 559; 201 556; 202 555; 202 538; 203 537; 203 536; 204 535; 204 530; 205 529; 205 526; 204 525; 204 523; 203 523; 202 522
48; 406 530; 404 532; 403 532; 401 534; 400 534; 398 536; 397 536; 396 537; 394 537; 393 538; 391 538; 389 540; 389 541; 386 544; 383 544; 382 545; 381 545; 380 546; 380 547; 379 548; 379 549; 378 550; 378 551; 375 554; 374 554; 373 555; 372 555; 371 556; 370 556; 369 557; 368 557; 367 558; 366 558; 365 559; 365 562; 366 563; 367 563; 370 566; 371 566; 372 567; 373 567; 375 569; 376 569; 383 576; 383 577; 384 578; 384 579; 385 580; 385 581; 386 582; 387 582; 388 583; 394 583; 396 585; 397 585; 400 588; 401 588; 402 589; 403 589; 407 593; 410 593; 411 592; 411 591; 412 590; 412 588; 411 587; 411 585; 410 584; 410 583; 409 582; 409 571; 410 570; 410 549; 411 548; 411 547; 412 546; 412 543; 411 542; 411 531; 410 530
49; 922 538; 922 539; 921 540; 921 548; 922 549; 922 554; 921 555; 921 566; 919 568; 919 569; 918 570; 918 572; 920 574; 920 575; 921 576; 921 592; 920 593; 920 597; 921 598; 921 600; 922 601; 926 601; 928 599; 928 598; 932 594; 933 594; 935 592; 936 592; 940 588; 941 588; 942 587; 946 587; 947 586; 948 586; 956 578; 956 577; 961 572; 962 572; 963 571; 964 571; 965 570; 966 570; 968 568; 965 565; 961 565; 960 564; 959 564; 958 563; 957 563; 953 559; 953 556; 954 555; 955 555; 955 552; 952 552; 950 554; 945 554; 944 553; 943 553; 941 551; 941 550; 938 547; 937 547; 936 546; 932 546; 927 541; 927 540; 925 538
50; 27 553; 26 554; 26 555; 25 556; 25 560; 24 561; 24 563; 23 564; 23 565; 22 566; 22 568; 21 569; 21 570; 20 571; 20 572; 18 574; 18 575; 17 576; 17 577; 16 578; 16 579; 15 580; 15 582; 14 583; 14 584; 13 585; 13 586; 12 587; 12 589; 11 590; 11 591; 10 592; 10 593; 9 594; 9 596; 7 598; 7 599; 5 601; 5 602; 4 603; 4 604; 3 605; 3 610; 4 611; 7 611; 8 610; 18 610; 19 609; 23 609; 24 610; 26 610; 27 611; 31 611; 33 609; 34 609; 35 608; 42 608; 43 609; 54 609; 55 608; 56 608; 56 603; 53 600; 53 599; 52 598; 52 597; 51 596; 51 595; 50 594; 50 593; 49 592; 49 591; 45 587; 45 582; 41 578; 41 577; 40 576; 40 574; 34 568; 34 567; 32 565; 32 557; 31 556; 31 555; 29 553
51; 632 579; 632 580; 631 581; 631 586; 630 587; 630 591; 629 592; 629 593; 628 594; 628 596; 627 597; 627 600; 626 601; 626 603; 625 604; 625 611; 624 612; 624 618; 623 619; 623 623; 622 624; 622 627; 621 628; 621 630; 620 631; 620 633; 619 634; 619 635; 618 636; 618 638; 620 640; 623 640; 624 639; 625 639; 626 638; 627 638; 628 637; 629 637; 630 636; 632 636; 633 635; 641 635; 642 634; 643 634; 647 630; 648 630; 649 629; 654 629; 655 628; 663 628; 664 627; 664 624; 662 622; 661 622; 657 618; 657 614; 658 613; 658 607; 657 606; 657 605; 653 601; 653 600; 652 599; 652 595; 651 594; 651 592; 650 591; 646 591; 645 590; 643 590; 640 587; 640 586; 638 584; 638 582; 637 581; 637 580; 636 579
52; 110 596; 109 597; 108 597; 107 598; 107 599; 106 600; 105 600; 103 602; 101 602; 100 603; 96 603; 94 605; 93 605; 88 610; 87 610; 86 611; 85 611; 84 612; 81 612; 80 613; 77 613; 74 616; 73 616; 72 617; 71 617; 69 619; 68 619; 66 621; 65 621; 65 626; 66 627; 67 627; 72 632; 73 632; 80 639; 80 645; 81 646; 89 646; 104 661; 108 661; 108 660; 109 659; 109 654; 108 653; 108 643; 109 642; 109 637; 110 636; 110 626; 111 625; 111 623; 112 622; 112 620; 111 619; 111 610; 112 609; 112 607; 113 606; 113 604; 114 603; 114 597; 113 597; 112 596
53; 387 606; 386 607; 385 607; 383 609; 382 609; 380 611; 379 611; 376 614; 375 614; 374 615; 372 615; 371 616; 370 616; 368 618; 367 618; 366 619; 365 618; 362 618; 361 619; 361 625; 356 630; 355 630; 353 632; 352 632; 351 633; 347 633; 344 636; 344 640; 345 641; 346 641; 347 642; 349 642; 350 643; 351 643; 352 644; 353 644; 354 645; 355 645; 357 647; 358 647; 369 658; 370 658; 371 659; 372 659; 374 661; 375 661; 376 662; 377 662; 382 667; 382 668; 384 670; 385 670; 386 671; 390 671; 392 669; 392 664; 391 663; 391 656; 392 655; 392 652; 394 650; 394 645; 392 643; 392 642; 391 641; 391 634; 390 633; 390 631; 389 630; 389 621; 390 620; 390 616; 391 615; 391 608; 389 606
54; 903 616; 900 619; 900 620; 894 626; 893 626; 892 627; 888 627; 886 629; 886 631; 885 632; 885 633; 884 634; 883 634; 881 636; 880 636; 877 639; 877 641; 876 642; 876 648; 875 649; 874 649; 873 650; 866 650; 865 651; 865 653; 866 654; 866 655; 867 656; 868 656; 870 658; 871 658; 874 661; 875 661; 877 663; 878 663; 879 664; 880 664; 883 667; 883 668; 884 669; 884 671; 891 671; 892 672; 894 672; 895 673; 896 673; 897 674; 898 674; 899 675; 900 675; 906 681; 909 681; 910 680; 910 676; 909 675; 909 657; 910 656; 910 648; 909 647; 909 645; 908 644; 908 641; 909 640; 909 631; 908 630; 908 620; 907 619; 907 617; 906 616
55; 564 670; 562 672; 562 678; 563 679; 563 681; 564 682; 564 685; 565 686; 565 694; 566 695; 566 698; 567 699; 567 703; 568 704; 568 707; 567 708; 567 711; 568 712; 568 713; 570 715; 570 716; 571 717; 571 719; 570 720; 570 725; 571 726; 571 731; 572 732; 575 732; 578 729; 578 728; 580 726; 580 725; 592 713; 592 712; 594 710; 594 709; 600 703; 600 702; 607 695; 608 695; 610 693; 610 689; 609 688; 608 688; 607 687; 605 687; 604 686; 601 686; 600 685; 599 685; 597 683; 596 683; 593 680; 592 680; 591 679; 591 678; 590 677; 590 675; 589 674; 589 673; 586 673; 585 674; 584 674; 583 675; 579 675; 578 674; 577 674; 575 672; 574 672; 573 671; 571 671; 570 670
56; 701 668; 701 669; 700 670; 700 671; 699 672; 699 673; 695 677; 694 677; 692 679; 691 679; 686 684; 686 685; 684 687; 683 687; 677 693; 677 694; 675 696; 675 697; 670 702; 669 702; 668 703; 667 703; 666 704; 665 704; 664 705; 664 709; 665 710; 666 710; 667 711; 672 711; 673 712; 675 712; 678 715; 678 717; 680 719; 681 719; 682 720; 687 720; 690 723; 691 723; 693 725; 694 725; 695 726; 696 726; 697 727; 698 727; 703 732; 703 733; 705 735; 706 735; 707 736; 709 736; 710 735; 711 735; 711 731; 710 730; 710 728; 709 727; 709 720; 708 719; 708 703; 709 702; 709 701; 710 700; 710 691; 709 690; 709 688; 708 687; 708 686; 707 685; 707 673; 706 672; 706 670; 704 668
57; 654 682; 653 683; 652 683; 647 688; 646 688; 644 690; 642 690; 641 691; 638 691; 630 699; 629 699; 626 702; 625 702; 624 703; 621 703; 620 704; 618 704; 617 705; 616 705; 615 706; 613 706; 611 708; 611 712; 612 713; 613 713; 618 718; 618 719; 619 720; 620 720; 625 725; 625 726; 627 728; 627 729; 629 731; 629 732; 633 736; 634 736; 636 738; 637 738; 646 747; 649 747; 650 746; 652 746; 652 745; 651 744; 651 739; 652 738; 652 733; 653 732; 653 725; 654 724; 654 708; 655 707; 655 706; 656 705; 656 703; 657 702; 657 701; 658 700; 658 684; 656 682
58; 447 690; 446 691; 446 692; 445 693; 444 693; 442 695; 435 695; 434 696; 432 696; 430 698; 427 698; 426 697; 425 697; 424 696; 421 696; 421 697; 420 698; 420 701; 419 702; 418 702; 417 703; 416 703; 415 704; 414 704; 413 705; 412 705; 410 707; 409 707; 408 708; 405 708; 403 710; 403 715; 405 717; 405 718; 408 721; 409 721; 412 724; 413 724; 415 726; 415 727; 417 729; 417 730; 419 732; 420 732; 422 734; 422 735; 423 736; 423 738; 424 739; 424 741; 426 743; 427 743; 432 748; 432 749; 435 752; 435 753; 437 755; 437 756; 438 756; 439 757; 442 757; 443 756; 443 743; 444 742; 444 739; 445 738; 445 730; 446 729; 446 727; 447 726; 447 724; 448 723; 448 719; 449 718; 449 714; 450 713; 450 712; 451 711; 451 710; 452 709; 452 705; 453 704; 453 698; 454 697; 454 692; 452 690
59; 547 684; 543 688; 543 689; 541 691; 541 692; 540 693; 540 694; 539 695; 539 697; 538 698; 538 699; 535 702; 535 703; 528 710; 527 710; 527 711; 524 714; 524 715; 522 717; 522 719; 521 720; 521 722; 520 723; 520 724; 516 728; 516 729; 515 730; 515 735; 525 735; 532 742; 537 742; 538 743; 543 743; 544 744; 546 744; 547 745; 551 745; 552 746; 554 746; 555 747; 556 747; 557 748; 559 748; 561 750; 564 750; 564 746; 563 745; 563 744; 562 743; 562 742; 561 741; 561 739; 560 738; 560 734; 559 733; 559 730; 558 729; 558 724; 557 723; 557 718; 558 717; 558 713; 557 712; 557 711; 555 709; 555 708; 554 707; 554 705; 553 704; 553 702; 552 701; 552 697; 551 696; 551 692; 550 691; 550 684
60; 233 687; 231 689; 231 690; 227 694; 227 695; 225 697; 225 698; 218 705; 217 705; 215 707; 215 708; 208 715; 208 716; 202 722; 201 722; 197 726; 197 727; 196 728; 196 731; 197 732; 203 732; 204 733; 205 733; 207 735; 208 735; 214 741; 214 742; 218 746; 227 746; 228 747; 229 747; 230 748; 231 748; 233 750; 234 750; 235 751; 238 751; 239 752; 240 752; 242 754; 246 754; 247 753; 247 750; 246 749; 246 747; 245 746; 245 744; 244 743; 244 740; 243 739; 243 732; 242 731; 242 727; 243 726; 243 723; 242 722; 242 721; 241 720; 241 718; 242 717; 242 715; 243 714; 243 712; 242 711; 242 710; 238 706; 238 692; 239 691; 239 689; 237 687
61; 782 694; 781 695; 781 696; 780 697; 780 701; 781 702; 781 709; 780 710; 780 711; 779 712; 778 712; 777 713; 777 714; 776 715; 776 719; 777 720; 777 722; 778 723; 778 724; 777 725; 777 727; 776 728; 776 731; 775 732; 775 741; 774 742; 774 743; 773 744; 773 745; 772 746; 772 752; 771 753; 771 758; 773 760; 775 760; 776 759; 777 759; 783 753; 784 753; 785 752; 787 752; 788 751; 790 751; 791 750; 795 750; 797 752; 799 752; 799 751; 800 750; 800 749; 802 747; 803 747; 805 745; 806 745; 808 743; 809 743; 810 742; 812 742; 813 741; 818 741; 820 739; 820 736; 819 735; 819 734; 818 733; 817 733; 813 729; 813 728; 812 727; 812 726; 810 724; 810 723; 808 721; 808 720; 806 718; 806 717; 804 715; 803 715; 799 711; 799 710; 798 710; 790 702; 790 701; 786 697; 786 696; 784 694
62; 650 747; 649 748; 647 748; 647 754; 646 755; 646 758; 645 759; 645 760; 642 763; 642 764; 631 775; 631 776; 630 777; 630 784; 629 785; 629 786; 628 787; 628 788; 627 789; 631 789; 632 790; 637 790; 638 789; 638 788; 639 787; 639 784; 640 783; 640 782; 641 781; 641 780; 646 775; 648 775; 650 777; 650 779; 651 780; 651 786; 652 787; 652 788; 653 789; 653 790; 654 791; 654 793; 655 794; 655 795; 656 796; 656 798; 657 799; 657 801; 658 802; 658 803; 659 804; 659 806; 660 807; 660 809; 663 812; 665 812; 665 811; 666 810; 666 804; 665 803; 665 800; 664 799; 664 797; 663 796; 663 793; 662 792; 662 789; 661 788; 661 782; 660 781; 660 779; 659 778; 659 772; 658 771; 658 770; 656 768; 656 766; 655 765; 655 752; 654 751; 654 750; 653 749; 653 748; 652 747
63; 967 756; 966 757; 965 757; 965 758; 961 762; 960 762; 959 763; 958 763; 956 765; 955 765; 950 770; 949 770; 946 773; 945 773; 944 774; 943 774; 942 775; 941 775; 940 776; 939 776; 934 781; 933 781; 932 782; 931 782; 929 784; 928 784; 926 786; 926 788; 928 790; 929 790; 931 792; 932 792; 935 795; 936 795; 945 804; 945 805; 946 806; 946 807; 947 808; 947 810; 951 810; 953 812; 954 812; 956 814; 957 814; 958 815; 959 815; 963 819; 963 821; 966 824; 968 824; 969 823; 969 816; 968 815; 968 812; 969 811; 969 808; 970 807; 970 803; 969 802; 969 789; 974 784; 974 780; 973 779; 973 778; 971 776; 971 765; 972 764; 972 757; 971 756
64; 322 750; 320 752; 320 769; 319 770; 319 771; 318 772; 318 774; 317 775; 317 776; 316 777; 316 786; 315 787; 315 795; 314 796; 314 807; 313 808; 313 810; 312 811; 312 816; 311 817; 311 820; 310 821; 310 822; 312 822; 313 823; 316 823; 320 819; 321 819; 322 818; 324 818; 325 817; 326 817; 328 815; 336 815; 337 814; 338 814; 341 811; 341 810; 342 809; 342 808; 347 803; 352 803; 353 802; 357 802; 358 801; 359 801; 362 798; 362 797; 363 796; 363 791; 358 786; 357 786; 356 785; 355 785; 354 784; 353 784; 351 782; 351 781; 339 769; 339 767; 338 766; 338 765; 337 765; 336 764; 335 764; 330 759; 330 754; 327 751; 326 751; 325 750
65; 626 790; 619 797; 619 798; 618 799; 618 801; 619 802; 619 803; 620 804; 621 804; 622 805; 626 805; 627 806; 629 806; 631 808; 633 808; 634 809; 635 809; 637 811; 638 811; 639 812; 640 812; 641 813; 642 813; 643 814; 645 814; 646 815; 647 815; 648 816; 651 816; 652 817; 653 817; 654 818; 655 818; 656 819; 657 819; 658 820; 662 820; 662 818; 661 817; 661 816; 660 815; 660 814; 659 813; 659 811; 654 806; 654 805; 651 802; 646 802; 645 803; 643 803; 642 802; 641 802; 640 801; 639 801; 636 798; 636 797; 635 796; 635 793; 637 791; 632 791; 631 790
66; 811 779; 810 780; 810 785; 811 786; 811 787; 812 788; 812 789; 813 790; 813 799; 814 800; 814 805; 815 806; 815 807; 814 808; 814 814; 815 815; 815 832; 816 833; 816 834; 817 835; 817 837; 818 838; 818 843; 819 844; 819 849; 820 850; 822 850; 823 849; 823 848; 824 847; 824 846; 826 844; 826 843; 831 838; 831 837; 833 835; 834 835; 836 833; 837 833; 840 830; 840 829; 844 825; 844 824; 848 820; 854 820; 854 819; 855 818; 855 817; 859 813; 860 813; 860 808; 859 807; 858 807; 857 806; 855 806; 854 805; 853 805; 848 800; 846 800; 845 799; 844 799; 841 796; 840 796; 839 795; 836 795; 835 794; 834 794; 833 793; 832 793; 830 791; 829 791; 825 787; 824 787; 818 781; 817 781; 816 780; 814 780; 813 779
67; 898 786; 898 792; 899 793; 899 795; 900 796; 900 801; 899 802; 899 819; 898 820; 898 825; 899 826; 899 834; 900 835; 900 843; 899 844; 899 845; 898 846; 898 847; 897 848; 898 849; 898 852; 899 853; 899 856; 900 855; 901 855; 904 852; 905 852; 907 850; 908 850; 910 848; 911 848; 912 847; 913 847; 914 846; 916 846; 918 844; 919 844; 925 838; 925 834; 927 832; 928 832; 929 831; 930 831; 931 830; 933 830; 935 828; 936 828; 937 827; 939 827; 940 826; 941 826; 942 825; 943 825; 943 824; 944 823; 944 820; 943 819; 943 818; 942 817; 941 817; 940 816; 939 816; 938 815; 937 815; 935 813; 934 813; 933 812; 932 812; 929 809; 928 809; 925 806; 924 806; 921 803; 920 803; 918 801; 917 801; 915 799; 914 799; 906 791; 906 790; 905 789; 905 788; 903 786
68; 871 794; 870 795; 870 798; 869 799; 869 800; 868 801; 868 803; 867 804; 867 805; 863 809; 862 809; 861 808; 861 813; 862 814; 862 818; 861 819; 861 820; 860 821; 860 822; 857 825; 856 825; 855 826; 854 826; 854 828; 853 829; 853 830; 852 831; 852 832; 851 833; 851 834; 850 835; 850 836; 848 838; 848 840; 847 841; 847 842; 843 846; 843 850; 844 851; 852 851; 853 852; 858 852; 859 853; 868 853; 869 852; 871 852; 872 853; 874 853; 875 854; 884 854; 885 855; 886 855; 888 857; 889 857; 891 859; 895 859; 898 856; 898 853; 897 852; 897 849; 893 849; 891 847; 891 846; 890 845; 890 843; 889 842; 889 836; 888 835; 888 834; 887 833; 887 832; 886 831; 886 822; 885 822; 881 818; 881 817; 880 816; 880 815; 879 814; 879 812; 878 811; 878 809; 877 808; 877 803; 876 802; 876 799; 875 798; 875 796; 874 795; 874 794
69; 700 820; 700 821; 699 822; 699 825; 700 826; 700 851; 699 852; 699 853; 697 855; 695 855; 694 856; 694 859; 695 860; 697 860; 699 862; 699 866; 700 867; 700 877; 699 878; 699 882; 700 883; 700 889; 701 890; 701 893; 702 894; 704 894; 705 893; 705 892; 707 890; 707 889; 711 885; 712 885; 713 884; 714 884; 715 883; 716 883; 718 881; 718 880; 722 876; 723 876; 725 874; 726 874; 727 873; 728 873; 729 872; 730 872; 735 867; 735 866; 737 864; 738 864; 739 863; 740 863; 741 862; 743 862; 745 860; 745 856; 743 854; 742 854; 741 853; 740 853; 738 851; 737 851; 735 849; 735 848; 733 846; 733 845; 732 844; 732 843; 730 841; 729 841; 728 840; 726 840; 725 839; 723 839; 719 835; 719 834; 716 831; 715 831; 706 822; 705 822; 703 820
70; 309 823; 309 830; 308 831; 308 832; 307 833; 307 834; 303 838; 302 838; 298 842; 298 845; 297 846; 297 848; 293 852; 293 853; 292 854; 292 857; 291 858; 291 859; 290 860; 290 861; 289 862; 289 867; 288 868; 288 869; 287 870; 287 871; 285 873; 284 873; 281 876; 281 881; 284 884; 288 884; 289 883; 293 883; 297 887; 297 888; 298 888; 299 889; 300 889; 301 890; 302 890; 304 892; 308 892; 308 890; 307 890; 306 889; 306 888; 305 887; 305 885; 307 883; 308 883; 309 884; 310 884; 314 888; 314 889; 316 891; 317 891; 319 893; 320 893; 321 894; 323 894; 324 895; 330 895; 332 893; 332 892; 333 891; 333 885; 332 884; 332 883; 330 881; 330 880; 329 879; 329 878; 328 877; 328 875; 327 874; 327 872; 326 871; 326 868; 325 867; 325 865; 324 864; 324 862; 325 861; 325 855; 321 851; 321 850; 320 849; 320 842; 319 841; 319 840; 318 839; 318 838; 317 837; 317 836; 316 835; 316 832; 315 831; 315 825; 316 824; 313 824; 312 823
71; 786 837; 785 838; 785 839; 784 840; 784 844; 783 845; 783 848; 782 849; 782 850; 779 853; 778 853; 777 854; 774 854; 773 855; 772 855; 772 856; 771 857; 771 864; 770 865; 770 866; 765 871; 765 872; 764 873; 764 874; 763 875; 763 878; 762 879; 762 880; 761 881; 761 882; 758 885; 758 886; 757 887; 757 888; 755 890; 755 893; 756 894; 756 895; 762 895; 763 894; 767 894; 769 896; 770 896; 771 897; 772 897; 773 898; 774 898; 776 900; 777 900; 778 901; 779 901; 780 902; 781 902; 782 903; 783 903; 784 904; 788 904; 789 903; 790 903; 791 904; 792 904; 793 905; 794 905; 795 906; 797 906; 798 907; 800 907; 801 908; 806 908; 806 907; 807 906; 807 903; 806 902; 806 901; 804 899; 804 898; 803 897; 803 896; 802 895; 802 894; 801 893; 801 890; 800 889; 800 885; 799 884; 799 881; 798 880; 798 878; 797 877; 797 868; 796 867; 796 864; 795 863; 795 860; 794 859; 794 857; 793 856; 793 853; 792 852; 792 850; 791 849; 791 839; 789 837
72; 174 859; 173 860; 173 863; 174 864; 174 865; 175 866; 175 867; 178 870; 178 871; 179 872; 179 876; 180 877; 180 879; 179 880; 179 883; 180 884; 180 887; 181 888; 181 890; 182 891; 182 892; 183 893; 183 894; 184 895; 184 897; 183 898; 183 899; 182 900; 182 905; 187 910; 187 911; 188 912; 188 916; 189 917; 189 920; 190 921; 190 929; 191 930; 191 931; 195 931; 198 928; 198 927; 199 926; 199 925; 200 924; 200 923; 201 922; 201 920; 202 919; 202 918; 203 917; 203 916; 204 915; 204 914; 205 913; 205 912; 206 911; 206 910; 207 909; 207 908; 210 905; 210 904; 211 903; 211 898; 213 896; 213 895; 215 893; 215 892; 216 891; 216 890; 218 888; 218 887; 220 885; 220 884; 226 878; 226 874; 225 873; 225 872; 224 871; 223 871; 222 870; 219 870; 218 869; 215 869; 214 868; 211 868; 210 867; 208 867; 207 866; 205 866; 203 864; 202 864; 200 862; 189 862; 188 861; 187 861; 186 860; 183 860; 182 859
73; 0 855; 0 888; 1 888; 1 887; 2 886; 2 885; 3 884; 3 883; 4 882; 6 882; 12 888; 12 889; 13 890; 13 891; 14 892; 14 893; 16 895; 16 896; 19 899; 19 901; 20 902; 20 903; 19 904; 19 905; 17 907; 14 907; 13 908; 12 908; 9 911; 8 911; 6 913; 3 913; 2 912; 0 912; 0 929; 3 929; 4 928; 5 928; 7 926; 8 926; 9 925; 10 925; 12 923; 13 923; 16 920; 17 920; 18 919; 21 919; 22 918; 23 918; 26 915; 34 915; 38 911; 38 909; 39 908; 39 906; 38 905; 38 904; 37 903; 36 903; 35 902; 34 902; 31 899; 31 898; 30 897; 30 896; 29 895; 29 894; 28 893; 27 893; 23 889; 23 888; 22 887; 22 884; 23 883; 23 881; 22 880; 22 879; 21 879; 20 878; 18 878; 17 877; 16 877; 11 872; 11 871; 9 869; 9 868; 7 866; 7 865; 6 864; 6 863; 5 862; 5 860; 4 859; 4 858; 1 855
74; 661 929; 671 941; 685 946; 691 953; 693 953; 695 949; 695 940; 698 940; 704 931; 704 923; 701 921; 695 923; 693 921
75; 693 921; 688 891; 688 877; 686 873; 683 873; 674 885; 670 885; 667 888; 666 898; 653 909; 647 919; 647 923; 655 928; 661 929
76; 894 883; 894 885; 893 886; 893 889; 892 890; 892 898; 891 899; 891 902; 890 903; 890 904; 889 905; 889 906; 888 907; 888 909; 887 910; 887 911; 885 913; 885 914; 884 915; 884 921; 883 922; 883 929; 882 930; 882 934; 881 935; 881 938; 880 939; 880 941; 879 942; 879 946; 878 947; 878 948; 877 949; 877 951; 876 952; 876 954; 877 955; 882 955; 884 953; 886 953; 887 952; 892 952; 893 951; 894 951; 895 950; 897 950; 898 949; 899 949; 900 950; 903 950; 904 951; 910 951; 911 950; 912 950; 914 948; 915 948; 916 947; 920 947; 921 948; 926 948; 927 947; 927 942; 925 940; 925 939; 922 936; 922 935; 920 933; 920 932; 919 931; 919 930; 918 929; 918 928; 917 927; 917 925; 916 924; 916 922; 915 921; 915 919; 913 917; 913 916; 910 913; 910 912; 909 911; 909 910; 908 909; 908 907; 907 906; 907 904; 906 903; 906 902; 905 901; 905 900; 904 899; 904 898; 903 897; 903 896; 902 895; 902 894; 901 893; 901 892; 900 891; 900 885; 899 884; 899 883
77; 528 928; 525 942; 518 951; 519 960; 523 960; 530 956; 556 956; 563 958; 572 953; 571 947; 564 937
78; 564 937; 563 927; 559 920; 559 916; 551 906; 544 888; 542 888; 540 891; 533 914; 530 918; 525 919; 528 928
79; 705 924; 705 931; 704 932; 704 933; 702 935; 702 936; 700 938; 700 939; 699 940; 699 942; 700 943; 700 944; 701 945; 701 951; 700 952; 700 959; 701 960; 701 968; 700 969; 700 975; 701 976; 701 977; 703 979; 703 980; 704 981; 704 1002; 705 1003; 705 1004; 706 1005; 709 1005; 710 1004; 710 1003; 711 1002; 711 1000; 715 996; 715 995; 718 992; 718 991; 720 989; 720 988; 721 987; 721 986; 726 981; 726 980; 729 977; 729 976; 731 974; 731 973; 734 970; 734 969; 737 966; 738 966; 741 963; 741 962; 742 961; 742 959; 746 955; 746 954; 747 953; 747 951; 745 949; 742 949; 741 948; 737 948; 736 947; 735 947; 731 943; 731 942; 727 938; 727 937; 726 936; 726 935; 725 934; 719 934; 718 933; 717 933; 715 931; 714 931; 712 929; 711 929; 710 928; 709 928
80; 806 967; 805 968; 805 969; 804 970; 804 971; 803 972; 803 973; 802 974; 802 975; 798 979; 798 980; 797 981; 797 982; 796 983; 796 984; 794 986; 794 987; 788 993; 787 993; 784 996; 784 997; 783 998; 783 1002; 782 1003; 782 1005; 779 1008; 779 1009; 775 1013; 774 1013; 773 1014; 772 1014; 770 1016; 770 1023; 784 1023; 784 1019; 786 1017; 786 1016; 787 1015; 787 1014; 788 1013; 788 1012; 789 1011; 789 1010; 790 1009; 790 1008; 791 1007; 791 1006; 796 1001; 796 1000; 798 998; 798 997; 803 992; 804 992; 805 993; 805 994; 806 995; 806 1000; 807 1001; 807 1008; 808 1009; 808 1018; 809 1019; 809 1023; 817 1023; 817 1022; 818 1021; 818 1020; 820 1018; 820 1014; 819 1013; 818 1013; 817 1012; 817 1011; 815 1009; 815 1008; 814 1007; 814 995; 813 994; 813 988; 812 987; 812 980; 811 979; 811 970; 810 969; 810 967
81; 883 963; 882 964; 882 982; 881 983; 881 994; 880 995; 880 1000; 879 1001; 879 1003; 878 1004; 878 1023; 885 1023; 885 1016; 886 1015; 886 1004; 887 1003; 887 995; 888 994; 888 993; 889 992; 890 992; 891 991; 892 992; 893 992; 897 996; 897 997; 898 998; 898 1000; 899 1001; 899 1003; 900 1004; 900 1005; 902 1007; 902 1008; 904 1010; 904 1011; 908 1015; 908 1018; 904 1022; 904 1023; 923 1023; 923 1022; 922 1021; 922 1020; 921 1019; 921 1018; 919 1016; 919 1015; 918 1014; 918 1013; 917 1012; 917 1010; 911 1004; 911 1002; 912 1001; 912 996; 911 995; 911 994; 909 992; 904 992; 901 989; 901 988; 900 987; 900 986; 897 983; 897 982; 894 979; 894 978; 892 976; 892 975; 890 973; 890 972; 889 971; 889 970; 888 969; 888 967; 887 966; 887 965; 885 963
82; 832 968; 832 980; 831 981; 831 984; 830 985; 830 998; 829 999; 829 1001; 828 1002; 828 1008; 827 1009; 827 1010; 826 1011; 826 1015; 827 1016; 827 1018; 828 1019; 828 1023; 835 1023; 835 1019; 834 1018; 834 1012; 835 1011; 835 1007; 836 1006; 836 1004; 837 1003; 837 1001; 840 998; 842 998; 846 1002; 846 1003; 847 1004; 847 1006; 848 1007; 848 1008; 849 1009; 849 1011; 850 1012; 850 1013; 851 1014; 851 1015; 853 1017; 853 1018; 854 1019; 854 1020; 855 1021; 855 1023; 863 1023; 863 1021; 862 1020; 862 1018; 861 1017; 861 1016; 860 1015; 860 1014; 859 1013; 859 1011; 858 1010; 858 1008; 857 1007; 857 1006; 855 1004; 855 1003; 854 1002; 854 997; 853 996; 853 994; 850 991; 849 991; 847 989; 847 988; 846 987; 846 986; 845 985; 845 984; 844 983; 844 982; 843 981; 843 980; 841 978; 841 977; 840 976; 840 975; 839 974; 839 973; 838 972; 838 971; 837 970; 837 969; 836 968
