0; 545 19; 542 22; 542 27; 543 28; 543 31; 542 32; 542 33; 538 37; 537 37; 536 38; 535 38; 533 40; 533 42; 535 44; 535 51; 534 52; 534 56; 530 60; 530 61; 529 62; 529 65; 530 66; 536 66; 538 64; 539 64; 540 63; 541 63; 542 62; 551 62; 552 61; 554 61; 555 60; 561 60; 562 59; 563 59; 564 58; 571 58; 572 57; 575 57; 576 56; 581 56; 582 55; 582 51; 580 49; 579 49; 578 48; 576 48; 575 47; 574 47; 570 43; 570 42; 569 41; 569 40; 567 38; 567 37; 566 37; 560 31; 560 30; 556 26; 556 25; 551 20; 550 20; 549 19
1; 840 30; 840 31; 839 32; 839 39; 838 40; 838 42; 837 43; 837 52; 836 53; 836 56; 835 57; 835 62; 834 63; 834 64; 832 66; 832 76; 833 77; 835 77; 836 76; 837 76; 838 75; 839 75; 840 74; 842 74; 843 73; 850 73; 851 72; 853 72; 854 71; 856 71; 857 70; 858 70; 859 69; 860 69; 862 67; 863 67; 864 66; 865 66; 866 65; 867 65; 868 64; 869 64; 870 63; 880 63; 881 62; 881 58; 879 56; 878 56; 876 54; 875 54; 866 45; 866 43; 867 42; 867 39; 863 39; 861 41; 857 41; 856 40; 855 40; 853 38; 852 38; 847 33; 847 32; 845 30
2; 717 42; 715 44; 715 46; 716 47; 716 49; 717 50; 717 63; 718 64; 718 65; 719 66; 719 67; 720 68; 720 74; 721 75; 721 79; 720 80; 720 81; 719 82; 719 83; 718 84; 718 88; 719 89; 720 89; 721 90; 723 90; 724 89; 725 89; 726 88; 727 88; 729 86; 730 86; 733 83; 734 83; 735 82; 736 82; 737 81; 738 81; 739 80; 740 80; 741 79; 742 79; 744 77; 745 77; 748 74; 749 74; 752 71; 753 71; 757 67; 758 67; 760 65; 761 65; 762 64; 763 64; 764 63; 764 59; 763 59; 762 58; 756 58; 755 57; 753 57; 751 55; 750 55; 745 50; 745 49; 743 47; 741 47; 740 48; 738 48; 737 49; 732 49; 731 48; 730 48; 729 47; 728 47; 727 46; 726 46; 725 45; 724 45; 722 43; 721 43; 720 42
3; 263 76; 262 77; 262 80; 263 81; 263 82; 264 83; 264 85; 265 86; 265 87; 266 88; 266 99; 267 100; 267 106; 268 107; 268 108; 270 110; 270 111; 271 112; 271 123; 272 124; 276 124; 284 116; 285 116; 286 115; 288 115; 289 114; 291 114; 293 112; 294 112; 294 111; 299 106; 300 106; 306 100; 307 100; 308 99; 310 99; 311 98; 312 98; 314 96; 314 91; 313 90; 308 90; 307 89; 302 89; 301 88; 300 88; 299 87; 298 87; 297 86; 295 86; 292 83; 292 79; 290 79; 289 80; 287 80; 286 81; 284 81; 283 80; 281 80; 280 79; 275 79; 274 78; 272 78; 271 77; 270 77; 269 76
4; 1012 99; 1011 100; 1010 100; 1009 101; 1009 102; 1007 104; 1007 106; 1006 107; 1006 108; 1005 109; 1005 110; 1004 111; 1004 112; 1003 113; 1002 113; 997 118; 997 119; 992 124; 992 126; 991 127; 991 128; 987 132; 987 133; 985 135; 985 139; 987 141; 988 141; 989 142; 994 142; 995 141; 996 141; 997 142; 1007 142; 1009 144; 1009 145; 1011 147; 1013 147; 1016 144; 1018 144; 1019 143; 1023 143; 1023 134; 1020 134; 1019 135; 1016 135; 1015 134; 1013 134; 1012 133; 1007 133; 1006 134; 1005 134; 1002 131; 1002 130; 1008 124; 1008 123; 1010 121; 1016 121; 1018 123; 1019 123; 1020 124; 1020 125; 1022 127; 1023 127; 1023 113; 1021 113; 1020 112; 1020 111; 1019 110; 1019 109; 1018 108; 1018 104; 1017 103; 1017 102; 1014 99
5; 47 123; 42 128; 41 128; 40 129; 39 129; 35 133; 32 133; 31 132; 28 132; 27 133; 27 137; 26 138; 26 139; 23 142; 22 142; 16 148; 15 148; 14 149; 13 149; 12 150; 11 150; 10 151; 10 154; 12 156; 13 156; 14 157; 17 157; 18 158; 20 158; 21 159; 22 159; 23 160; 24 160; 25 161; 29 161; 30 162; 32 162; 33 163; 34 163; 36 165; 37 165; 38 166; 40 166; 41 167; 43 167; 44 168; 45 168; 46 169; 48 169; 49 170; 53 170; 54 171; 57 171; 58 172; 60 172; 61 171; 61 166; 60 165; 60 164; 59 163; 59 161; 58 160; 58 157; 57 156; 57 147; 56 146; 56 140; 55 139; 55 135; 54 134; 54 125; 53 124; 52 124; 51 123
6; 475 145; 474 146; 473 146; 472 147; 463 147; 462 146; 457 146; 456 147; 451 147; 450 148; 446 148; 445 149; 437 149; 436 148; 429 148; 428 149; 428 152; 433 157; 433 158; 434 159; 434 163; 433 164; 434 165; 434 166; 437 169; 440 169; 442 171; 442 172; 443 173; 443 176; 444 177; 444 178; 445 179; 445 180; 446 181; 447 181; 448 182; 449 182; 452 185; 452 186; 453 187; 453 188; 455 190; 458 190; 459 189; 459 186; 460 185; 460 184; 461 183; 461 181; 462 180; 462 179; 469 172; 469 170; 470 169; 470 167; 471 166; 471 165; 474 162; 474 160; 475 159; 475 157; 477 155; 477 154; 479 152; 479 150; 480 149; 480 147; 478 145
7; 220 162; 218 164; 217 164; 215 166; 214 166; 212 168; 210 168; 209 169; 207 169; 206 170; 205 170; 204 171; 203 171; 200 174; 199 174; 197 176; 196 176; 193 179; 192 179; 190 181; 186 181; 185 182; 183 182; 182 183; 181 183; 179 185; 179 187; 181 189; 184 189; 185 190; 187 190; 189 192; 190 192; 199 201; 205 201; 206 202; 210 202; 211 203; 212 203; 217 208; 217 209; 218 210; 218 211; 220 213; 222 213; 225 210; 225 204; 226 203; 226 192; 227 191; 227 190; 228 189; 228 185; 227 184; 227 171; 226 170; 226 168; 227 167; 227 163; 226 162
8; 77 166; 76 167; 73 167; 71 169; 71 172; 76 177; 76 178; 77 179; 77 185; 76 186; 76 187; 74 189; 74 190; 73 191; 73 195; 74 196; 74 203; 75 204; 75 210; 74 211; 74 216; 75 217; 77 217; 78 216; 79 216; 83 212; 85 212; 86 211; 88 211; 90 209; 91 209; 93 207; 94 207; 95 206; 99 206; 100 207; 106 207; 107 206; 110 206; 111 205; 112 205; 111 204; 111 200; 113 198; 114 198; 115 197; 118 197; 119 196; 120 196; 121 195; 121 193; 120 192; 119 192; 117 190; 116 190; 115 189; 113 189; 112 188; 111 188; 110 187; 109 187; 105 183; 105 182; 104 181; 104 177; 103 176; 98 176; 97 177; 96 176; 94 176; 93 175; 91 175; 90 174; 89 174; 82 167; 81 167; 80 166
9; 478 166; 478 167; 477 168; 477 169; 476 170; 476 171; 472 175; 472 176; 471 177; 471 179; 469 181; 469 182; 464 187; 464 188; 461 191; 461 195; 460 196; 460 197; 459 198; 459 199; 457 201; 457 202; 454 205; 454 207; 455 208; 455 210; 456 209; 459 209; 460 208; 465 208; 466 209; 473 209; 474 210; 475 210; 476 211; 476 212; 477 213; 477 214; 478 215; 480 215; 481 214; 481 210; 483 208; 497 208; 498 209; 505 209; 506 208; 506 206; 505 205; 505 204; 504 203; 504 202; 498 196; 498 195; 497 194; 497 192; 496 191; 496 190; 495 189; 495 188; 493 186; 493 185; 490 182; 490 181; 489 180; 489 179; 488 178; 488 177; 486 175; 486 174; 484 172; 484 171; 483 170; 483 169; 482 168; 482 167; 481 167; 480 166
10; 431 165; 427 169; 427 171; 426 172; 426 173; 425 174; 425 175; 421 179; 420 179; 418 181; 413 181; 412 182; 412 188; 409 191; 409 192; 406 195; 406 196; 402 200; 401 200; 400 201; 400 205; 401 205; 402 206; 407 206; 408 207; 410 207; 411 208; 413 208; 414 209; 418 209; 419 210; 420 210; 421 211; 421 212; 425 212; 426 211; 428 211; 429 210; 441 210; 442 211; 444 211; 445 212; 451 212; 453 210; 454 210; 454 208; 453 207; 453 206; 450 206; 449 205; 448 205; 447 204; 447 203; 446 202; 446 201; 445 200; 445 196; 444 195; 444 193; 443 192; 443 191; 442 190; 442 189; 441 188; 441 186; 440 185; 440 184; 439 183; 439 182; 438 181; 438 179; 437 178; 437 177; 436 176; 436 175; 435 174; 435 172; 436 171; 436 169; 433 166; 433 165
11; 111 206; 110 207; 107 207; 106 208; 101 208; 101 212; 100 213; 100 218; 101 219; 101 222; 100 223; 100 225; 99 226; 99 232; 97 234; 97 241; 96 242; 96 247; 97 248; 100 248; 101 247; 102 247; 103 246; 105 246; 106 245; 107 245; 108 244; 109 244; 110 243; 111 243; 112 242; 113 242; 114 241; 115 241; 116 240; 120 240; 122 242; 125 242; 126 241; 126 240; 131 235; 132 235; 133 234; 135 234; 136 233; 144 233; 145 232; 146 232; 147 231; 147 228; 145 226; 143 226; 142 225; 140 225; 139 224; 138 224; 137 223; 137 222; 135 220; 135 219; 133 217; 132 217; 131 216; 130 216; 129 215; 128 215; 126 213; 125 213; 123 211; 122 211; 120 209; 119 209; 118 208; 117 208; 116 207; 115 207; 114 206
12; 420 213; 419 214; 419 215; 415 219; 414 219; 413 220; 412 220; 411 221; 410 221; 408 223; 407 223; 405 225; 403 225; 402 226; 400 226; 399 227; 398 227; 392 233; 391 233; 390 234; 389 234; 388 235; 385 235; 384 236; 382 236; 381 237; 381 240; 383 242; 386 242; 387 243; 391 243; 392 244; 393 244; 394 245; 395 245; 398 248; 398 249; 399 250; 399 252; 400 253; 406 253; 407 254; 410 254; 411 255; 413 255; 414 256; 415 256; 416 257; 417 257; 418 258; 419 258; 421 260; 422 260; 423 261; 428 261; 429 260; 429 257; 428 256; 428 254; 427 253; 427 250; 428 249; 428 240; 427 239; 427 231; 426 230; 426 214; 425 213
13; 857 220; 856 221; 853 221; 852 222; 847 222; 846 223; 839 223; 838 224; 836 224; 835 225; 834 225; 833 226; 831 226; 830 227; 828 227; 827 228; 822 228; 821 229; 816 229; 815 230; 814 230; 813 231; 813 234; 814 235; 815 235; 816 236; 817 236; 819 238; 820 238; 825 243; 825 244; 826 245; 826 249; 825 250; 825 254; 826 255; 829 255; 832 252; 834 252; 835 253; 836 253; 842 259; 842 260; 844 262; 844 263; 846 265; 846 266; 847 267; 850 267; 852 265; 852 260; 853 259; 853 258; 856 255; 856 254; 857 253; 857 244; 858 243; 858 240; 859 239; 859 238; 860 237; 860 236; 861 235; 861 233; 862 232; 862 228; 863 227; 863 226; 864 225; 864 221; 863 220
14; 871 226; 869 228; 869 229; 868 230; 868 236; 867 237; 867 240; 866 241; 866 244; 865 245; 865 246; 864 247; 864 248; 863 249; 863 250; 862 251; 862 252; 861 253; 861 254; 860 255; 860 256; 859 257; 859 261; 858 262; 858 263; 856 265; 856 266; 869 266; 870 267; 880 267; 882 269; 884 269; 885 268; 887 268; 888 267; 891 267; 892 266; 898 266; 899 267; 905 267; 906 266; 906 263; 902 259; 902 258; 901 257; 901 256; 898 253; 898 251; 897 250; 897 249; 896 248; 896 247; 895 247; 893 245; 892 245; 886 239; 885 239; 883 237; 882 237; 879 234; 879 233; 878 232; 878 230; 874 226
15; 797 252; 797 254; 796 255; 796 257; 797 258; 797 259; 798 260; 798 261; 799 262; 799 265; 798 266; 798 273; 799 274; 799 275; 800 276; 800 278; 801 279; 801 285; 800 286; 800 287; 799 288; 799 290; 800 291; 800 293; 801 294; 801 296; 802 297; 802 298; 810 298; 810 297; 811 296; 811 295; 815 291; 816 291; 817 290; 818 290; 819 289; 826 289; 827 288; 827 287; 833 281; 834 281; 837 278; 838 278; 839 277; 841 277; 841 269; 839 269; 838 268; 837 268; 836 267; 834 267; 833 266; 832 266; 831 265; 830 265; 829 264; 826 264; 825 263; 824 263; 823 262; 819 262; 818 261; 817 261; 814 258; 813 258; 812 257; 810 257; 809 256; 808 256; 807 255; 806 255; 805 254; 804 254; 803 253; 802 253; 801 252
16; 855 266; 853 268; 852 268; 851 269; 850 269; 849 268; 845 268; 844 269; 842 269; 842 277; 843 278; 844 278; 849 283; 849 284; 850 285; 850 286; 851 287; 851 295; 852 296; 852 299; 854 301; 854 302; 855 303; 855 307; 856 308; 856 312; 857 313; 857 315; 858 316; 859 316; 860 317; 863 317; 865 315; 865 314; 869 310; 869 309; 872 306; 873 306; 876 303; 876 302; 877 301; 877 300; 884 293; 884 292; 888 288; 889 288; 891 286; 892 286; 893 285; 894 285; 895 284; 895 280; 894 279; 892 279; 891 278; 889 278; 888 279; 885 279; 884 278; 883 278; 882 277; 882 276; 881 275; 881 271; 882 270; 880 268; 870 268; 869 267; 856 267
17; 666 297; 662 332; 659 338; 661 343; 664 343; 671 338; 682 337; 695 328; 705 327; 708 325; 708 322; 702 319; 698 315; 697 311
18; 697 311; 700 308; 709 307; 710 298; 722 284; 721 279; 704 281; 695 279; 690 283; 672 282; 669 284; 671 292; 666 297
19; 802 299; 802 300; 801 301; 801 302; 800 303; 800 304; 797 307; 793 307; 792 306; 787 306; 787 309; 792 314; 792 315; 797 320; 797 321; 798 322; 798 327; 802 331; 804 331; 806 333; 806 334; 807 335; 807 337; 808 338; 808 339; 813 344; 815 344; 817 342; 817 338; 818 337; 818 335; 819 334; 819 332; 820 331; 820 330; 821 329; 821 327; 822 326; 822 325; 824 323; 824 322; 828 318; 828 317; 830 315; 830 314; 831 313; 831 312; 832 311; 832 309; 833 308; 833 307; 835 305; 835 304; 836 303; 836 301; 834 299; 831 299; 830 300; 827 300; 826 301; 823 301; 822 300; 819 300; 818 301; 816 301; 815 302; 812 302; 810 300; 810 299
20; 782 317; 779 320; 779 323; 778 324; 778 328; 776 330; 776 331; 770 337; 770 338; 768 340; 768 341; 766 343; 766 344; 765 345; 765 347; 763 349; 763 350; 761 352; 761 353; 760 354; 760 355; 759 356; 759 358; 760 359; 761 359; 762 360; 764 360; 765 359; 767 359; 768 358; 773 358; 774 357; 775 358; 780 358; 781 359; 782 359; 783 360; 784 360; 785 361; 787 361; 788 360; 790 360; 793 357; 795 357; 796 356; 800 356; 801 357; 803 357; 804 358; 808 358; 810 356; 810 354; 809 353; 809 352; 808 351; 807 351; 803 347; 803 345; 802 344; 802 341; 801 340; 801 333; 802 332; 797 327; 796 327; 795 328; 794 328; 793 327; 792 327; 789 324; 789 323; 788 322; 788 320; 787 319; 787 318; 786 317
21; 427 331; 426 332; 424 332; 423 333; 420 333; 419 334; 408 334; 407 333; 404 333; 404 334; 400 338; 398 338; 397 339; 396 339; 395 340; 393 340; 392 341; 390 341; 389 340; 387 340; 386 341; 381 341; 380 342; 380 344; 384 348; 385 348; 391 354; 391 356; 394 359; 396 359; 397 360; 398 360; 406 368; 407 368; 410 371; 410 372; 416 378; 420 378; 421 377; 421 366; 422 365; 422 363; 423 362; 423 359; 424 358; 424 357; 427 354; 427 353; 428 352; 428 343; 429 342; 429 341; 430 340; 430 339; 431 338; 431 337; 432 336; 432 333; 430 331
22; 16 340; 15 341; 15 342; 14 343; 14 346; 15 347; 15 354; 14 355; 14 358; 13 359; 13 360; 12 361; 10 361; 9 360; 9 359; 10 358; 10 355; 9 354; 4 354; 3 355; 0 355; 0 387; 1 387; 2 386; 2 385; 3 384; 3 383; 4 382; 4 374; 5 373; 5 372; 6 371; 6 369; 8 367; 10 367; 12 369; 12 381; 11 382; 11 387; 12 388; 12 389; 17 389; 18 388; 19 388; 22 385; 23 385; 25 383; 26 383; 27 382; 30 382; 31 381; 32 381; 33 380; 34 380; 37 377; 38 377; 39 376; 40 376; 41 375; 43 375; 44 374; 45 374; 46 373; 47 373; 48 372; 50 372; 51 371; 57 371; 58 370; 59 370; 59 366; 57 364; 56 364; 55 363; 54 363; 53 362; 51 362; 50 361; 49 361; 44 356; 44 353; 43 352; 37 352; 36 351; 35 351; 34 350; 33 350; 32 349; 31 349; 29 347; 28 347; 27 346; 26 346; 22 342; 22 341; 21 340
23; 189 342; 187 344; 187 355; 186 356; 186 359; 185 360; 185 364; 184 365; 183 365; 183 369; 184 370; 184 371; 185 372; 185 373; 186 374; 186 379; 185 380; 185 384; 186 385; 186 391; 187 392; 191 392; 194 389; 195 389; 196 388; 197 388; 199 386; 200 386; 202 384; 204 384; 205 383; 206 383; 207 382; 208 382; 210 380; 211 380; 212 379; 213 379; 214 378; 215 378; 217 376; 218 376; 219 375; 220 375; 221 374; 223 374; 224 373; 225 373; 226 372; 229 372; 230 371; 231 371; 233 369; 233 366; 231 364; 230 364; 229 363; 228 363; 227 362; 225 362; 224 361; 223 361; 222 360; 221 360; 219 358; 218 358; 216 356; 215 356; 214 355; 213 355; 212 354; 211 354; 207 350; 206 350; 205 349; 204 349; 203 348; 202 348; 199 345; 198 345; 197 344; 196 344; 195 343; 193 343; 192 342
24; 618 341; 617 342; 616 342; 608 350; 607 350; 604 353; 603 353; 600 356; 599 356; 594 361; 593 361; 589 365; 588 365; 588 371; 589 372; 589 374; 591 376; 595 376; 596 377; 597 377; 598 378; 599 378; 600 379; 601 379; 603 381; 603 382; 605 384; 607 384; 608 383; 613 383; 614 384; 615 384; 616 385; 617 385; 618 386; 619 386; 621 388; 623 388; 624 389; 628 389; 629 388; 629 385; 628 384; 628 381; 627 380; 627 377; 626 376; 626 372; 625 371; 625 366; 624 365; 624 359; 623 358; 623 355; 622 354; 622 342; 621 341
25; 788 361; 787 362; 785 362; 785 363; 778 370; 777 370; 776 371; 775 371; 774 372; 773 372; 772 373; 770 373; 769 374; 763 374; 762 375; 761 375; 760 376; 759 376; 758 377; 757 377; 756 378; 754 378; 753 379; 753 390; 754 391; 754 403; 757 400; 758 400; 759 399; 761 399; 762 400; 767 400; 768 401; 770 401; 772 403; 773 403; 775 405; 776 405; 780 409; 780 410; 781 411; 782 411; 783 412; 785 412; 786 413; 786 411; 788 409; 788 406; 787 405; 787 399; 788 398; 788 388; 789 387; 789 380; 790 379; 790 371; 791 370; 791 367; 792 366; 792 364; 791 363; 791 361
26; 585 366; 584 367; 583 367; 582 368; 581 368; 578 371; 577 371; 576 372; 574 372; 573 373; 573 382; 572 383; 572 388; 571 389; 571 394; 570 395; 570 401; 569 402; 569 410; 570 411; 570 420; 571 421; 575 421; 580 416; 581 416; 582 415; 584 415; 585 414; 586 414; 588 412; 595 412; 597 410; 598 410; 600 408; 602 408; 605 405; 606 405; 607 404; 608 404; 609 403; 612 403; 613 402; 616 402; 617 401; 617 397; 616 396; 615 396; 613 394; 612 394; 611 393; 609 393; 608 392; 606 392; 605 391; 604 391; 601 388; 600 388; 594 382; 593 382; 590 379; 590 376; 588 374; 588 372; 587 371; 587 366
27; 713 374; 713 375; 712 376; 712 384; 711 385; 711 404; 710 405; 710 421; 711 422; 714 422; 715 421; 716 421; 717 420; 718 420; 719 419; 720 419; 722 417; 723 417; 724 416; 725 416; 726 415; 727 415; 728 414; 729 414; 730 413; 731 413; 732 412; 733 412; 734 411; 735 411; 736 410; 737 410; 738 409; 739 409; 740 408; 741 408; 742 407; 744 407; 745 406; 750 406; 751 405; 752 405; 753 404; 753 391; 752 390; 752 379; 751 380; 750 380; 749 381; 748 381; 747 382; 746 382; 745 383; 743 383; 742 384; 741 383; 738 383; 737 384; 736 384; 735 385; 732 385; 731 384; 730 384; 729 383; 728 383; 727 382; 726 382; 725 381; 724 381; 723 380; 722 380; 716 374
28; 960 382; 959 383; 958 383; 957 384; 954 384; 953 383; 951 383; 950 384; 948 384; 947 385; 944 385; 943 386; 936 386; 935 387; 932 387; 931 388; 929 388; 928 389; 926 389; 925 390; 922 390; 921 389; 918 389; 917 390; 916 390; 915 391; 915 393; 923 401; 923 402; 926 405; 926 406; 928 408; 928 414; 935 414; 938 417; 939 417; 944 422; 944 423; 945 424; 945 425; 946 426; 946 427; 947 428; 950 428; 951 427; 951 424; 952 423; 952 421; 953 420; 953 417; 954 416; 954 415; 955 414; 955 413; 958 410; 958 406; 959 405; 959 402; 961 400; 961 397; 962 396; 962 393; 965 390; 965 389; 966 388; 966 383; 965 382
29; 821 396; 816 401; 814 401; 813 402; 811 402; 810 403; 804 403; 803 404; 802 404; 800 406; 798 406; 797 407; 795 407; 794 408; 790 408; 789 407; 789 409; 787 411; 787 414; 788 414; 789 415; 790 415; 791 416; 793 416; 794 417; 795 417; 803 425; 803 426; 804 427; 804 428; 805 429; 805 430; 807 432; 807 433; 809 435; 810 435; 811 436; 817 436; 818 435; 819 435; 820 434; 821 434; 822 433; 822 431; 823 430; 823 422; 824 421; 824 420; 826 418; 826 417; 831 412; 831 411; 832 410; 832 404; 833 403; 833 402; 834 401; 834 396; 831 396; 830 397; 827 397; 826 396
30; 657 412; 655 414; 655 417; 657 419; 657 420; 658 420; 664 426; 664 427; 665 428; 661 432; 661 435; 662 435; 663 436; 666 436; 667 435; 668 435; 669 434; 674 434; 675 433; 675 426; 674 425; 674 424; 677 421; 687 421; 690 424; 693 424; 693 423; 694 422; 694 421; 697 418; 698 418; 699 417; 701 417; 702 416; 703 416; 703 414; 702 414; 701 413; 693 413; 692 412; 690 412; 689 413; 687 413; 686 414; 682 414; 681 413; 670 413; 669 414; 663 414; 662 413; 661 413; 660 412
31; 98 406; 96 408; 95 408; 94 409; 93 409; 92 410; 90 410; 89 411; 84 411; 82 413; 81 413; 79 415; 78 415; 76 417; 75 417; 74 418; 73 418; 72 419; 70 419; 69 420; 67 420; 66 421; 64 421; 63 422; 58 422; 57 423; 55 423; 54 424; 53 424; 53 425; 52 426; 52 428; 53 429; 54 429; 55 430; 57 430; 58 431; 60 431; 61 432; 63 432; 65 434; 66 434; 72 440; 74 440; 75 441; 76 441; 77 442; 78 442; 80 444; 81 444; 83 446; 84 446; 92 454; 93 454; 94 455; 97 455; 98 454; 98 450; 97 449; 97 446; 98 445; 98 443; 99 442; 99 438; 100 437; 100 435; 104 431; 104 427; 101 424; 101 423; 100 422; 100 421; 101 420; 101 414; 102 413; 102 408; 101 407; 101 406
32; 748 411; 748 412; 747 413; 747 415; 748 416; 748 418; 749 419; 749 421; 750 422; 750 424; 751 425; 751 427; 750 428; 750 429; 749 430; 749 432; 752 435; 752 436; 753 437; 753 438; 754 439; 754 441; 755 442; 755 444; 756 445; 756 448; 757 449; 757 451; 756 452; 756 459; 757 459; 758 460; 760 460; 761 459; 763 459; 766 456; 766 455; 771 450; 772 450; 775 447; 776 447; 785 438; 786 438; 790 434; 791 434; 793 432; 794 432; 796 430; 796 427; 795 427; 794 426; 792 426; 791 425; 788 425; 787 424; 785 424; 784 423; 782 423; 781 422; 778 422; 777 421; 774 421; 773 420; 771 420; 770 419; 768 419; 767 418; 763 418; 762 417; 760 417; 759 416; 758 416; 757 415; 756 415; 755 414; 754 414; 751 411
33; 359 431; 356 434; 356 436; 355 437; 355 438; 354 439; 354 442; 361 449; 361 450; 362 451; 362 458; 361 459; 361 460; 360 461; 360 462; 359 463; 359 468; 362 471; 365 471; 369 467; 370 467; 374 463; 375 463; 377 461; 378 461; 379 460; 383 460; 384 459; 388 459; 388 457; 389 456; 389 455; 391 453; 393 453; 394 452; 396 452; 397 451; 398 451; 401 448; 402 448; 405 445; 405 441; 404 440; 403 440; 402 439; 399 439; 398 438; 387 438; 386 437; 384 437; 383 436; 381 436; 380 435; 379 435; 378 434; 369 434; 368 433; 366 433; 365 432; 363 432; 362 431
34; 901 436; 900 437; 899 437; 898 438; 898 439; 896 441; 896 442; 895 443; 895 444; 887 452; 886 452; 885 453; 884 453; 882 455; 881 455; 881 460; 880 461; 880 462; 877 465; 877 467; 876 468; 876 470; 871 475; 871 480; 872 481; 872 482; 881 482; 882 481; 886 481; 887 480; 887 479; 888 478; 891 478; 892 479; 895 479; 896 480; 897 480; 898 481; 901 481; 902 480; 904 480; 905 479; 914 479; 915 480; 916 480; 917 481; 922 481; 924 479; 924 477; 920 473; 920 469; 919 468; 919 466; 914 461; 914 460; 913 459; 913 458; 912 457; 912 456; 911 455; 911 454; 910 453; 910 452; 908 450; 908 449; 907 448; 907 447; 906 446; 906 441; 905 440; 905 438; 903 436
35; 555 442; 554 443; 553 443; 551 445; 551 446; 549 448; 549 449; 547 451; 546 451; 545 452; 544 452; 542 454; 542 455; 528 469; 527 469; 526 470; 524 470; 520 474; 520 477; 521 478; 523 478; 524 479; 534 479; 535 480; 538 480; 539 481; 540 481; 542 483; 543 483; 544 484; 553 484; 554 485; 559 485; 560 486; 562 486; 563 487; 564 487; 565 488; 566 488; 568 490; 571 490; 572 489; 572 483; 571 482; 571 481; 569 479; 569 476; 568 475; 568 473; 566 471; 566 469; 565 468; 566 467; 566 466; 568 464; 568 461; 567 461; 563 457; 563 456; 562 455; 562 453; 561 452; 561 451; 560 450; 560 448; 559 447; 559 444; 557 442
36; 888 480; 886 482; 882 482; 881 483; 873 483; 876 486; 876 487; 877 488; 877 491; 878 492; 878 493; 880 495; 880 496; 881 497; 881 500; 882 501; 882 503; 883 504; 883 507; 884 508; 884 509; 889 514; 889 517; 890 518; 890 520; 891 521; 891 525; 892 526; 892 527; 896 527; 899 524; 899 523; 900 522; 900 521; 904 517; 905 517; 908 514; 909 514; 911 512; 912 512; 912 506; 913 505; 913 504; 923 494; 924 494; 926 492; 926 491; 927 490; 927 488; 926 487; 922 487; 921 486; 909 486; 908 485; 901 485; 900 484; 899 484; 898 483; 896 483; 895 482; 894 482; 893 481; 889 481
37; 632 503; 631 504; 630 504; 629 505; 627 505; 626 506; 623 506; 622 507; 616 507; 615 506; 614 506; 612 504; 607 504; 606 505; 606 506; 605 507; 605 508; 604 509; 604 510; 603 511; 602 511; 601 512; 599 512; 598 513; 595 513; 594 514; 593 514; 592 515; 587 515; 585 517; 585 519; 590 524; 591 524; 592 525; 594 525; 596 527; 597 527; 601 531; 601 532; 602 533; 602 534; 605 537; 605 538; 606 538; 609 541; 609 542; 611 544; 612 544; 614 546; 615 546; 616 547; 617 547; 620 550; 621 550; 622 551; 624 551; 624 550; 625 549; 625 544; 628 541; 628 539; 629 538; 629 532; 628 531; 628 529; 629 528; 629 526; 630 525; 630 522; 631 521; 631 517; 633 515; 633 514; 635 512; 635 511; 636 510; 636 504; 635 503
38; 208 511; 207 512; 207 520; 206 521; 206 524; 205 525; 205 526; 201 530; 200 530; 199 531; 196 531; 195 532; 195 534; 198 537; 198 539; 197 540; 197 541; 196 542; 196 543; 195 544; 195 545; 193 547; 193 548; 192 549; 191 549; 187 553; 187 554; 185 556; 185 557; 189 557; 191 559; 194 559; 196 557; 197 557; 198 556; 199 556; 200 555; 203 555; 204 554; 206 554; 207 555; 209 555; 210 556; 211 556; 212 557; 216 557; 217 556; 218 556; 220 554; 221 554; 222 553; 225 553; 226 552; 241 552; 241 548; 240 547; 240 546; 238 544; 238 543; 237 542; 237 540; 233 536; 232 536; 229 533; 229 532; 227 530; 227 529; 225 527; 225 526; 224 525; 224 524; 223 523; 223 522; 221 520; 221 519; 219 517; 219 516; 218 515; 218 514; 217 513; 216 513; 215 512; 214 512; 213 511
39; 537 516; 530 523; 529 523; 528 524; 527 524; 525 526; 521 526; 520 525; 515 525; 514 526; 513 526; 513 527; 512 528; 512 531; 510 533; 510 534; 509 535; 508 535; 506 537; 505 537; 504 538; 501 538; 500 539; 499 539; 497 541; 497 543; 499 545; 501 545; 502 546; 505 546; 506 547; 508 547; 509 548; 510 548; 512 550; 513 550; 516 553; 517 553; 519 555; 520 555; 521 556; 523 556; 524 557; 526 557; 527 558; 529 558; 530 559; 531 559; 532 560; 533 560; 534 561; 535 561; 536 562; 537 562; 539 564; 540 564; 541 565; 544 565; 545 564; 545 562; 544 561; 544 560; 543 559; 543 557; 542 556; 542 550; 543 549; 543 532; 544 531; 544 526; 543 525; 543 524; 542 523; 542 520; 541 519; 541 517; 540 516
40; 24 538; 21 541; 21 542; 11 552; 5 552; 4 553; 4 554; 2 556; 2 557; 1 558; 0 558; 0 569; 7 576; 9 576; 9 572; 10 571; 10 570; 11 569; 12 569; 13 568; 15 568; 16 567; 17 567; 18 568; 20 568; 22 570; 23 570; 25 572; 26 572; 27 573; 29 573; 30 574; 31 574; 32 575; 33 575; 34 576; 37 576; 38 577; 39 577; 40 578; 42 578; 43 579; 48 579; 50 577; 50 574; 47 571; 46 571; 45 570; 44 570; 41 567; 41 566; 40 565; 40 560; 33 553; 33 552; 32 551; 32 550; 31 549; 31 547; 30 546; 30 540; 29 539; 29 538
41; 333 540; 332 541; 332 548; 333 549; 333 556; 332 557; 332 565; 333 566; 333 568; 334 569; 334 573; 333 574; 333 575; 332 576; 332 580; 333 581; 333 584; 332 585; 332 588; 333 589; 333 590; 334 591; 336 591; 338 589; 339 589; 341 587; 343 587; 344 586; 345 586; 347 584; 348 584; 350 582; 357 582; 358 581; 360 581; 361 580; 361 579; 366 574; 367 574; 370 571; 371 571; 372 570; 374 570; 375 569; 376 569; 377 568; 378 568; 378 564; 376 562; 374 562; 373 561; 370 561; 368 559; 367 559; 360 552; 358 552; 357 551; 356 551; 352 547; 351 547; 350 546; 348 546; 347 547; 346 546; 345 546; 344 545; 343 545; 341 543; 340 543; 338 541; 337 541; 336 540
42; 184 558; 182 560; 181 560; 180 561; 179 561; 178 562; 170 562; 169 561; 166 561; 166 562; 162 566; 160 566; 159 567; 157 567; 156 568; 155 568; 154 569; 153 569; 152 570; 151 570; 150 571; 145 571; 144 572; 143 572; 143 575; 144 576; 145 576; 146 577; 147 577; 148 578; 149 578; 150 579; 151 579; 165 593; 166 593; 167 594; 169 594; 170 595; 171 595; 174 598; 174 599; 180 605; 184 605; 185 604; 185 598; 184 597; 184 593; 185 592; 185 588; 186 587; 186 586; 188 584; 188 583; 189 582; 189 572; 190 571; 190 564; 192 562; 192 561; 193 560; 191 560; 189 558
43; 71 560; 70 561; 70 564; 71 565; 71 566; 73 568; 73 570; 74 571; 74 574; 75 575; 75 577; 76 578; 76 591; 77 592; 77 594; 78 595; 78 601; 77 602; 77 603; 76 604; 76 606; 77 607; 77 608; 79 610; 83 610; 87 606; 87 605; 92 600; 93 600; 95 598; 96 598; 97 597; 105 597; 105 593; 115 583; 116 583; 118 581; 119 581; 120 580; 120 577; 118 575; 117 575; 116 574; 111 574; 110 573; 108 573; 107 572; 104 572; 103 571; 102 571; 101 570; 99 570; 98 569; 96 569; 95 568; 94 568; 93 567; 92 567; 90 565; 89 565; 88 564; 86 564; 85 563; 79 563; 78 562; 77 562; 76 561; 75 561; 74 560
44; 275 560; 275 569; 274 570; 274 573; 273 574; 273 577; 272 578; 272 580; 271 581; 271 583; 270 584; 270 585; 269 586; 269 587; 268 588; 268 589; 267 590; 267 592; 266 593; 266 599; 265 600; 265 601; 264 602; 264 603; 263 604; 263 606; 265 608; 268 608; 269 607; 270 607; 271 606; 272 606; 273 605; 281 605; 282 604; 290 604; 291 603; 293 603; 294 602; 295 602; 296 601; 297 601; 298 600; 300 600; 301 599; 308 599; 309 598; 310 598; 311 597; 312 597; 314 595; 314 593; 313 592; 312 592; 311 591; 310 591; 309 590; 308 590; 304 586; 304 585; 302 583; 302 582; 301 581; 301 580; 300 579; 300 575; 298 575; 297 574; 295 574; 294 573; 293 573; 291 571; 290 571; 281 562; 281 561; 280 560
45; 488 573; 487 574; 487 578; 488 579; 488 580; 491 583; 491 592; 492 593; 492 594; 493 595; 493 596; 494 597; 494 598; 495 599; 495 600; 496 601; 496 602; 497 603; 497 605; 498 606; 498 608; 499 609; 499 610; 500 611; 500 612; 501 613; 501 618; 503 620; 506 620; 507 619; 508 619; 508 618; 516 610; 516 609; 518 607; 519 607; 520 606; 522 606; 523 605; 524 605; 525 604; 525 601; 526 600; 526 599; 527 598; 527 597; 528 596; 528 595; 529 594; 529 593; 530 592; 530 591; 533 588; 534 588; 535 587; 537 587; 539 585; 539 583; 537 581; 536 581; 535 580; 529 580; 528 581; 525 581; 524 580; 522 580; 521 579; 515 579; 514 578; 510 578; 509 577; 506 577; 505 576; 497 576; 496 575; 495 575; 494 574; 493 574; 492 573
46; 979 588; 978 589; 968 589; 967 590; 964 590; 963 591; 961 591; 960 592; 953 592; 952 593; 950 593; 949 594; 946 594; 945 593; 936 593; 935 594; 934 594; 934 599; 936 601; 937 601; 938 602; 939 602; 942 605; 942 606; 943 607; 943 608; 944 609; 943 610; 943 615; 944 616; 946 616; 947 617; 950 617; 956 623; 956 624; 957 625; 957 627; 960 630; 960 631; 963 634; 965 634; 966 633; 967 633; 968 632; 968 625; 969 624; 969 623; 974 618; 974 617; 975 616; 975 615; 976 614; 976 613; 977 612; 977 610; 978 609; 978 608; 979 607; 979 605; 980 604; 980 602; 981 601; 981 599; 982 598; 982 597; 983 596; 983 595; 984 594; 984 592; 985 591; 985 589; 984 588
47; 1018 610; 1010 618; 1007 618; 1006 619; 1002 619; 1001 620; 1000 620; 999 621; 999 625; 1000 626; 1002 626; 1003 627; 1005 627; 1006 628; 1008 628; 1009 629; 1011 629; 1012 630; 1013 630; 1016 633; 1017 633; 1018 634; 1019 634; 1020 635; 1023 635; 1023 626; 1022 626; 1020 624; 1023 621; 1023 610
48; 695 612; 693 614; 692 614; 691 615; 690 615; 689 616; 685 616; 684 617; 680 617; 679 616; 678 616; 677 615; 676 615; 675 614; 674 614; 673 613; 671 613; 669 615; 669 618; 670 619; 670 621; 674 625; 674 627; 675 628; 675 631; 676 632; 676 633; 677 634; 677 635; 678 636; 678 637; 679 638; 679 642; 680 643; 680 644; 683 647; 683 649; 684 650; 684 651; 686 653; 686 654; 687 655; 687 658; 689 660; 692 660; 696 656; 696 655; 698 653; 699 653; 700 652; 701 652; 701 651; 702 650; 702 649; 703 648; 703 647; 708 642; 709 642; 712 639; 712 638; 714 636; 714 634; 715 633; 715 632; 717 630; 717 629; 721 625; 721 624; 722 623; 722 621; 720 619; 718 619; 717 620; 711 620; 710 619; 704 619; 702 617; 702 616; 701 615; 701 612
49; 528 637; 527 638; 527 641; 528 642; 528 643; 530 645; 530 647; 531 648; 531 649; 532 650; 532 653; 533 654; 533 655; 534 656; 534 663; 535 664; 535 665; 539 669; 539 670; 540 671; 540 673; 541 674; 541 677; 542 678; 542 680; 543 681; 543 682; 544 683; 546 683; 549 680; 549 679; 551 677; 552 677; 553 676; 554 676; 554 675; 556 673; 556 672; 559 669; 560 669; 562 667; 563 667; 564 666; 564 665; 565 664; 565 663; 567 661; 567 660; 569 658; 570 658; 571 657; 571 656; 576 651; 577 651; 578 650; 579 650; 580 649; 580 647; 579 646; 577 646; 576 645; 572 645; 571 644; 568 644; 567 643; 563 643; 562 642; 561 642; 558 639; 558 638; 554 638; 552 640; 546 640; 545 639; 543 639; 542 638; 539 638; 538 637
50; 605 663; 603 665; 602 665; 600 667; 600 668; 599 669; 599 670; 598 671; 598 672; 597 673; 596 673; 595 674; 589 674; 588 675; 587 675; 587 676; 586 677; 586 679; 583 682; 583 683; 579 687; 578 687; 577 688; 576 688; 575 689; 574 689; 573 690; 572 690; 571 691; 570 691; 569 692; 569 696; 571 698; 576 698; 577 697; 580 697; 581 698; 583 698; 586 701; 587 701; 589 703; 597 703; 598 704; 600 704; 601 705; 603 705; 604 706; 605 706; 606 707; 607 707; 609 709; 610 709; 612 711; 612 712; 613 712; 614 713; 617 713; 619 711; 619 708; 618 707; 618 706; 617 705; 617 703; 616 702; 616 697; 617 696; 617 690; 616 689; 616 687; 615 686; 615 685; 614 684; 614 678; 613 677; 613 673; 612 672; 612 664; 611 663
51; 213 670; 212 671; 212 674; 213 675; 213 677; 212 678; 212 679; 211 680; 211 683; 212 684; 212 685; 213 686; 213 691; 212 692; 212 694; 211 695; 211 701; 212 702; 212 704; 211 705; 211 707; 210 708; 210 709; 209 710; 209 719; 210 720; 213 720; 214 719; 215 719; 219 715; 220 715; 221 714; 223 714; 225 712; 226 712; 227 711; 229 711; 230 710; 232 710; 233 709; 234 709; 236 707; 237 707; 239 705; 240 705; 241 704; 247 704; 248 703; 251 703; 252 702; 256 702; 258 700; 258 698; 256 696; 256 695; 254 693; 253 693; 252 692; 249 692; 248 691; 247 691; 240 684; 240 680; 239 679; 234 679; 233 680; 232 679; 229 679; 228 678; 227 678; 226 677; 225 677; 224 676; 223 676; 217 670
52; 809 669; 808 670; 808 671; 807 672; 807 673; 806 674; 806 676; 805 677; 805 678; 804 679; 804 680; 803 681; 803 682; 801 684; 801 685; 797 689; 796 689; 793 692; 793 698; 792 699; 792 700; 789 703; 789 704; 786 707; 785 707; 783 709; 783 711; 786 714; 786 715; 787 714; 788 714; 789 713; 790 713; 791 712; 792 712; 793 711; 800 711; 801 712; 815 712; 816 713; 827 713; 828 712; 832 712; 832 697; 833 696; 833 681; 831 681; 830 680; 819 680; 818 679; 817 679; 816 678; 816 677; 815 676; 815 671; 813 669
53; 872 677; 871 678; 857 678; 856 679; 851 679; 850 678; 846 678; 845 679; 844 679; 843 680; 842 680; 841 681; 834 681; 834 696; 833 697; 833 712; 834 713; 840 713; 841 712; 845 712; 846 713; 846 714; 847 715; 847 716; 848 717; 848 720; 849 721; 849 722; 853 722; 857 718; 857 717; 858 716; 858 712; 859 711; 859 710; 863 706; 864 706; 866 704; 866 698; 867 697; 867 696; 869 694; 869 691; 870 690; 870 688; 874 684; 874 683; 876 681; 876 678; 875 678; 874 677
54; 167 677; 165 679; 165 685; 164 686; 164 687; 162 689; 162 698; 161 699; 161 700; 160 701; 160 703; 159 704; 159 705; 158 706; 158 711; 157 712; 157 713; 156 714; 156 716; 155 717; 155 718; 154 719; 154 720; 152 722; 152 725; 153 726; 154 726; 155 727; 157 727; 158 726; 161 726; 162 725; 163 725; 164 724; 165 724; 167 722; 169 722; 170 721; 176 721; 177 722; 180 722; 185 717; 186 717; 187 716; 189 716; 190 717; 192 717; 193 716; 194 716; 195 715; 196 715; 197 714; 199 714; 200 713; 202 713; 203 712; 205 712; 206 711; 207 711; 207 709; 206 709; 205 708; 202 708; 201 707; 200 707; 197 704; 196 704; 185 693; 184 693; 183 692; 183 691; 173 681; 173 680; 170 677
55; 971 688; 970 689; 969 689; 965 693; 964 693; 962 695; 961 695; 960 696; 959 696; 958 697; 957 697; 955 699; 954 699; 952 701; 951 701; 948 704; 947 704; 944 707; 943 707; 942 708; 940 708; 939 709; 937 709; 935 711; 932 711; 931 712; 930 712; 929 713; 929 715; 930 716; 931 716; 932 717; 933 717; 934 718; 936 718; 937 719; 939 719; 940 720; 942 720; 943 721; 944 721; 947 724; 947 729; 949 731; 951 731; 952 730; 958 730; 959 731; 961 731; 962 732; 963 732; 964 733; 965 733; 967 735; 968 735; 971 738; 975 738; 977 736; 977 731; 976 730; 976 712; 975 711; 975 700; 974 699; 974 694; 975 693; 975 689; 974 688
56; 782 710; 781 711; 780 711; 779 712; 778 712; 777 713; 766 713; 765 712; 763 712; 762 711; 759 711; 758 712; 757 712; 755 714; 754 714; 753 715; 752 715; 751 716; 746 716; 745 715; 740 715; 739 716; 736 716; 735 717; 734 717; 734 721; 737 724; 738 724; 739 725; 740 725; 746 731; 746 732; 748 734; 748 735; 749 736; 749 737; 750 738; 750 739; 752 741; 753 741; 758 746; 758 748; 759 749; 759 750; 760 751; 760 752; 761 752; 762 753; 763 753; 764 754; 769 754; 771 752; 771 750; 770 749; 770 742; 771 741; 771 738; 772 737; 772 736; 775 733; 775 732; 777 730; 777 728; 778 727; 778 726; 779 725; 779 723; 780 722; 780 721; 785 716; 785 714; 782 711
57; 532 727; 529 730; 529 731; 528 732; 528 734; 527 735; 527 736; 523 740; 523 741; 522 742; 522 745; 521 746; 521 747; 517 751; 517 752; 516 753; 516 757; 515 758; 515 760; 514 761; 514 762; 513 763; 513 764; 510 767; 509 767; 509 768; 508 769; 508 770; 509 771; 511 771; 512 772; 516 772; 517 771; 519 771; 520 770; 521 770; 522 769; 524 769; 525 770; 529 770; 530 771; 531 771; 535 775; 538 775; 540 773; 540 772; 542 770; 544 770; 545 769; 554 769; 555 770; 559 770; 560 769; 561 769; 561 764; 560 763; 559 763; 556 760; 556 759; 555 758; 555 757; 554 756; 554 755; 552 753; 552 752; 550 750; 550 749; 549 748; 549 747; 548 746; 548 745; 544 741; 544 740; 542 738; 542 737; 541 736; 541 735; 538 732; 538 731; 537 730; 537 729; 536 728; 535 728; 534 727
58; 453 769; 449 768; 443 760; 440 760; 435 770; 434 778; 432 780; 425 780; 425 784; 429 787; 429 790; 426 794; 423 806; 429 808; 435 805; 453 804; 464 799
59; 464 799; 474 799; 478 795; 483 799; 485 805; 490 805; 491 797; 502 775; 502 771; 508 768; 507 759; 499 758; 493 761; 460 765; 453 769
60; 598 763; 596 765; 596 766; 593 769; 592 769; 591 770; 589 770; 588 771; 584 771; 583 772; 576 772; 571 777; 570 777; 569 778; 567 778; 565 780; 564 780; 563 781; 560 781; 559 782; 555 782; 553 784; 553 786; 555 788; 557 788; 558 789; 560 789; 561 790; 562 790; 563 791; 564 791; 565 792; 566 792; 567 793; 568 793; 576 801; 576 802; 578 804; 579 804; 580 805; 582 805; 583 806; 584 806; 587 809; 588 809; 594 815; 597 815; 599 813; 599 805; 598 804; 598 797; 599 796; 599 794; 600 793; 600 791; 601 790; 601 788; 602 787; 602 781; 601 780; 601 770; 602 769; 602 765; 600 763
61; 842 791; 841 792; 840 792; 839 793; 839 794; 837 796; 837 797; 836 798; 836 799; 834 801; 833 801; 832 802; 830 802; 829 803; 827 803; 824 806; 824 808; 821 811; 821 812; 814 819; 813 819; 807 825; 807 827; 808 828; 809 828; 810 829; 813 829; 814 830; 818 830; 819 831; 828 831; 830 833; 831 833; 832 834; 833 834; 835 836; 836 836; 837 837; 841 837; 842 836; 843 836; 844 837; 846 837; 847 838; 849 838; 850 839; 853 839; 854 840; 857 840; 858 839; 859 839; 859 838; 860 837; 860 831; 858 829; 857 829; 854 826; 854 823; 853 822; 853 821; 854 820; 854 819; 856 817; 856 814; 855 813; 854 813; 849 808; 849 806; 848 805; 848 804; 847 803; 847 801; 846 800; 846 793; 844 791
62; 774 812; 773 813; 772 813; 770 815; 769 815; 768 816; 761 816; 760 817; 759 817; 757 819; 756 819; 755 820; 754 820; 753 821; 752 821; 751 822; 750 822; 749 823; 748 823; 747 824; 746 824; 745 825; 743 825; 742 826; 740 826; 739 827; 738 827; 737 828; 736 828; 735 829; 731 829; 729 831; 729 838; 738 838; 740 840; 741 840; 742 841; 743 841; 744 842; 745 842; 749 846; 749 848; 752 848; 753 849; 754 849; 755 850; 756 850; 758 852; 759 852; 761 854; 762 854; 763 855; 763 856; 766 859; 766 860; 767 860; 768 861; 773 861; 773 860; 774 859; 774 854; 773 853; 773 849; 774 848; 774 845; 775 844; 775 843; 776 842; 776 840; 777 839; 777 830; 778 829; 778 827; 779 826; 779 824; 780 823; 780 813; 779 812
63; 921 827; 919 829; 919 836; 918 837; 918 840; 917 841; 917 844; 916 845; 916 846; 915 847; 915 849; 914 850; 914 857; 913 858; 913 860; 912 861; 912 868; 910 870; 910 871; 909 872; 909 875; 910 876; 915 876; 916 875; 917 875; 919 873; 921 873; 922 872; 925 872; 926 871; 928 871; 929 870; 935 870; 936 869; 937 869; 938 868; 939 868; 940 867; 941 867; 942 866; 943 866; 945 864; 946 864; 947 863; 948 863; 949 862; 957 862; 958 861; 960 861; 960 857; 958 855; 956 855; 955 854; 954 854; 952 852; 951 852; 948 849; 948 848; 946 846; 946 842; 945 841; 940 841; 939 840; 938 840; 937 839; 936 839; 935 838; 934 838; 933 837; 932 837; 928 833; 928 832; 926 830; 926 829; 925 828; 924 828; 923 827
64; 729 839; 728 840; 728 841; 727 842; 727 843; 725 845; 724 845; 722 847; 721 847; 720 848; 720 849; 717 852; 717 853; 715 855; 715 857; 714 858; 714 859; 709 864; 709 865; 707 867; 706 867; 702 871; 702 872; 701 873; 701 875; 703 877; 712 877; 713 876; 714 876; 715 877; 718 877; 720 879; 721 879; 722 880; 723 880; 724 881; 725 881; 726 882; 730 882; 731 881; 733 881; 734 880; 736 880; 737 881; 740 881; 741 880; 746 880; 747 881; 748 881; 749 882; 749 880; 751 878; 751 875; 749 873; 749 872; 747 870; 747 868; 746 867; 746 863; 745 862; 745 859; 744 858; 744 852; 743 852; 739 848; 739 847; 738 846; 738 842; 737 841; 737 839
65; 799 873; 798 874; 796 874; 795 875; 793 875; 792 876; 782 876; 781 877; 772 877; 771 878; 755 878; 753 876; 752 876; 752 878; 750 880; 750 883; 751 884; 752 884; 754 886; 755 886; 757 888; 758 888; 763 893; 763 895; 764 896; 764 899; 766 901; 768 901; 770 903; 771 903; 774 906; 774 907; 775 908; 775 909; 776 910; 776 911; 779 914; 779 915; 780 916; 780 918; 783 921; 785 921; 787 919; 787 917; 788 916; 788 913; 789 912; 789 911; 791 909; 791 908; 792 907; 792 903; 793 902; 793 900; 794 899; 794 896; 795 895; 795 894; 796 893; 796 892; 797 891; 797 890; 798 889; 798 888; 799 887; 799 886; 806 879; 806 875; 805 874; 804 874; 803 873
66; 397 870; 396 871; 395 871; 395 872; 393 874; 393 875; 389 879; 388 879; 387 880; 385 880; 384 881; 381 881; 380 882; 379 882; 371 890; 370 890; 368 892; 367 892; 366 893; 365 893; 363 895; 359 895; 358 896; 357 896; 356 897; 356 902; 358 904; 362 904; 363 905; 367 905; 368 906; 369 906; 370 907; 371 907; 374 910; 374 912; 375 913; 375 915; 376 916; 380 916; 381 915; 382 915; 383 914; 384 914; 385 915; 387 915; 388 916; 390 916; 391 917; 392 917; 393 918; 394 918; 400 924; 403 924; 404 923; 404 917; 403 916; 403 896; 404 895; 404 891; 403 890; 403 889; 402 888; 402 884; 401 883; 401 879; 402 878; 402 875; 401 874; 401 872; 399 870
67; 115 883; 114 884; 113 884; 110 887; 109 887; 108 888; 106 888; 105 889; 102 889; 101 890; 98 890; 97 891; 95 891; 94 892; 94 894; 95 895; 95 896; 99 900; 100 900; 107 907; 107 908; 110 911; 110 912; 111 913; 111 916; 113 918; 114 918; 115 919; 117 919; 120 922; 120 923; 121 924; 121 926; 123 928; 123 929; 124 929; 125 930; 127 930; 129 928; 129 927; 130 926; 130 924; 132 922; 132 920; 133 919; 133 918; 134 917; 134 916; 136 914; 136 913; 137 912; 137 911; 138 910; 138 907; 139 906; 139 905; 140 904; 140 903; 142 901; 142 898; 143 897; 143 893; 147 889; 147 885; 145 883; 140 883; 139 884; 138 884; 137 885; 136 885; 135 886; 131 886; 130 885; 128 885; 127 884; 122 884; 121 883
68; 38 893; 37 894; 37 898; 38 899; 38 900; 39 901; 39 902; 40 903; 40 905; 41 906; 41 907; 42 908; 42 909; 43 910; 43 911; 44 912; 44 917; 45 918; 45 920; 49 924; 49 925; 51 927; 51 930; 52 931; 52 934; 53 935; 53 936; 54 937; 54 938; 56 940; 59 940; 61 938; 61 937; 62 936; 62 934; 70 926; 76 926; 78 924; 78 920; 77 919; 77 918; 78 917; 78 916; 79 915; 79 914; 80 913; 80 912; 83 909; 84 909; 89 904; 89 901; 87 899; 74 899; 73 898; 65 898; 64 897; 62 897; 61 896; 57 896; 56 895; 54 895; 53 894; 52 894; 51 893; 45 893; 44 894; 43 894; 42 893
69; 726 914; 725 915; 725 916; 724 917; 724 922; 725 923; 725 930; 726 931; 726 955; 725 956; 725 958; 724 959; 724 960; 723 961; 723 963; 725 965; 727 965; 728 964; 729 964; 735 958; 736 958; 737 957; 738 957; 739 956; 740 956; 741 955; 750 955; 754 951; 755 951; 757 949; 758 949; 759 948; 760 948; 764 944; 766 944; 767 943; 769 943; 771 941; 771 939; 769 937; 767 937; 766 936; 765 936; 764 935; 763 935; 762 934; 761 934; 760 933; 759 933; 757 931; 756 931; 753 928; 753 927; 751 925; 751 924; 750 924; 749 923; 747 923; 746 922; 745 922; 744 921; 743 921; 742 920; 736 920; 732 916; 731 916; 730 915; 729 915; 728 914
70; 545 977; 544 982; 552 987; 575 993; 590 992; 591 982; 589 973; 593 968; 592 962; 595 960; 595 953; 584 948
71; 584 948; 573 934; 566 931; 555 920; 551 920; 543 943; 543 952; 538 966; 545 977
72; 630 927; 629 928; 628 928; 627 929; 627 930; 625 932; 625 933; 623 935; 622 935; 621 936; 616 936; 615 935; 611 935; 609 937; 609 939; 608 940; 608 941; 605 944; 605 945; 598 952; 597 952; 596 953; 596 960; 600 960; 601 961; 602 961; 603 962; 604 962; 606 964; 607 964; 608 965; 613 965; 614 966; 616 966; 617 967; 618 967; 619 968; 620 968; 622 970; 623 970; 625 972; 627 972; 628 973; 630 973; 631 974; 632 974; 633 975; 634 975; 635 976; 639 976; 640 975; 640 972; 639 971; 639 969; 638 968; 638 962; 637 961; 637 953; 636 952; 636 948; 635 947; 635 940; 634 939; 634 936; 635 935; 635 931; 634 930; 634 928; 633 927
73; 181 951; 179 953; 179 956; 180 957; 180 958; 182 960; 182 961; 183 962; 183 964; 184 965; 184 969; 185 970; 185 974; 184 975; 184 979; 187 979; 191 983; 191 984; 194 987; 194 988; 195 989; 195 992; 194 993; 194 995; 195 996; 195 997; 196 998; 199 998; 200 997; 201 997; 207 991; 207 990; 208 989; 208 988; 209 987; 209 985; 210 984; 210 983; 213 980; 213 979; 214 978; 215 978; 217 976; 217 975; 230 962; 230 961; 231 960; 231 957; 230 956; 228 956; 227 955; 225 955; 224 956; 219 956; 218 957; 214 957; 213 956; 210 956; 209 955; 208 955; 207 954; 205 954; 204 953; 188 953; 187 952; 186 952; 185 951
74; 725 975; 724 976; 724 982; 725 983; 725 988; 724 989; 724 993; 723 994; 723 1001; 724 1002; 724 1004; 725 1005; 725 1012; 724 1013; 724 1014; 723 1015; 723 1016; 719 1020; 719 1021; 718 1022; 718 1023; 730 1023; 730 1021; 732 1019; 733 1019; 734 1018; 735 1018; 736 1017; 737 1017; 738 1016; 739 1016; 740 1015; 742 1015; 743 1014; 745 1014; 747 1016; 747 1018; 748 1019; 747 1020; 747 1023; 760 1023; 760 1021; 758 1019; 757 1019; 756 1018; 755 1018; 752 1015; 752 1014; 751 1013; 752 1012; 752 1011; 758 1005; 759 1005; 760 1004; 762 1004; 763 1003; 766 1003; 767 1002; 768 1002; 770 1000; 770 997; 769 996; 765 996; 764 995; 762 995; 756 989; 755 989; 754 988; 752 988; 751 987; 748 987; 747 986; 745 986; 743 984; 742 984; 741 983; 740 983; 739 982; 738 982; 737 981; 736 981; 735 980; 734 980; 731 977; 730 977; 728 975
75; 274 979; 272 981; 272 988; 273 989; 273 995; 272 996; 272 1012; 273 1013; 273 1018; 272 1019; 272 1023; 286 1023; 286 1022; 288 1020; 290 1020; 291 1019; 292 1019; 294 1017; 295 1017; 297 1015; 298 1015; 299 1014; 302 1014; 303 1013; 304 1013; 305 1012; 306 1012; 309 1009; 310 1009; 313 1006; 315 1006; 316 1005; 317 1005; 319 1003; 319 1000; 317 998; 311 998; 310 997; 309 997; 302 990; 302 989; 301 988; 301 987; 300 986; 297 986; 295 988; 291 988; 285 982; 283 982; 282 981; 280 981; 279 980; 278 980; 277 979
76; 600 990; 599 991; 598 991; 597 992; 596 992; 595 993; 584 993; 583 994; 576 994; 577 995; 577 996; 575 998; 574 998; 573 999; 572 999; 571 1000; 570 1000; 569 1001; 566 1001; 565 1002; 562 1002; 561 1001; 559 1001; 558 1002; 556 1002; 555 1003; 554 1003; 552 1005; 552 1007; 553 1008; 554 1008; 555 1009; 556 1009; 557 1010; 558 1010; 563 1015; 563 1016; 564 1017; 564 1023; 594 1023; 594 1020; 595 1019; 595 1017; 596 1016; 596 1014; 597 1013; 597 1012; 599 1010; 599 1009; 600 1008; 600 1001; 602 999; 602 998; 604 996; 604 992; 602 990
