0; 80 0; 80 2; 79 3; 79 6; 78 7; 78 9; 77 10; 77 12; 76 13; 76 16; 75 17; 75 18; 74 19; 74 20; 73 21; 73 23; 72 24; 72 26; 71 27; 71 31; 72 32; 78 32; 79 31; 92 31; 93 30; 96 30; 97 29; 105 29; 107 27; 108 27; 109 26; 109 23; 105 19; 105 18; 103 16; 103 15; 101 13; 101 12; 100 11; 100 10; 99 9; 99 8; 96 5; 96 4; 94 2; 94 1; 93 0
1; 102 0; 102 1; 103 2; 103 3; 106 6; 107 6; 113 12; 113 13; 115 15; 116 15; 128 27; 131 27; 132 26; 132 24; 133 23; 133 20; 134 19; 134 15; 135 14; 135 11; 136 10; 136 9; 137 8; 137 6; 138 5; 138 0; 130 0; 129 1; 129 7; 128 8; 128 10; 126 12; 123 12; 116 5; 116 4; 115 3; 115 0
2; 798 0; 798 23; 797 24; 797 32; 798 33; 800 33; 801 32; 802 32; 803 31; 804 31; 805 30; 806 30; 807 29; 809 29; 810 28; 811 28; 812 27; 814 27; 815 26; 818 26; 819 25; 820 25; 823 22; 824 22; 826 20; 827 20; 828 19; 829 19; 830 18; 831 18; 833 16; 833 13; 830 10; 829 10; 828 9; 827 9; 824 6; 823 6; 819 2; 819 1; 818 0
3; 886 0; 886 2; 885 3; 885 4; 884 5; 884 6; 883 7; 883 13; 882 14; 882 15; 881 16; 881 17; 880 18; 880 20; 879 21; 879 23; 880 24; 880 25; 881 26; 909 26; 910 25; 915 25; 916 24; 916 22; 918 20; 918 17; 913 12; 913 11; 912 10; 912 9; 911 8; 911 7; 908 4; 908 3; 907 2; 907 0
4; 227 8; 226 9; 218 9; 217 10; 212 10; 211 11; 207 11; 206 12; 204 12; 202 14; 202 15; 203 16; 203 17; 204 17; 206 19; 206 20; 208 22; 208 23; 211 26; 211 27; 212 28; 212 29; 214 31; 214 33; 215 33; 217 35; 217 36; 218 37; 218 38; 219 38; 222 41; 222 42; 223 43; 223 44; 224 44; 225 45; 228 45; 229 44; 229 43; 230 42; 230 40; 231 39; 231 38; 232 37; 232 36; 233 35; 233 34; 234 33; 234 32; 237 29; 237 28; 238 27; 238 26; 239 25; 239 21; 240 20; 240 18; 241 17; 241 15; 242 14; 242 9; 241 8
5; 457 14; 456 15; 446 15; 445 16; 441 16; 440 17; 438 17; 438 23; 439 24; 439 25; 441 27; 441 28; 442 29; 442 30; 443 31; 443 32; 445 34; 445 35; 447 37; 447 38; 448 39; 448 40; 452 44; 452 45; 455 48; 455 49; 457 51; 461 51; 463 49; 463 46; 464 45; 464 43; 465 42; 465 41; 466 40; 466 39; 467 38; 467 37; 470 34; 470 33; 471 32; 471 31; 472 30; 472 28; 473 27; 473 25; 474 24; 474 23; 475 22; 475 16; 473 14
6; 190 9; 189 10; 189 12; 188 13; 188 16; 187 17; 187 19; 186 20; 186 22; 184 24; 184 25; 182 27; 182 29; 181 30; 181 32; 180 33; 180 34; 179 35; 179 36; 178 37; 178 38; 177 39; 177 40; 176 41; 176 45; 177 46; 191 46; 192 45; 204 45; 205 44; 212 44; 213 43; 214 43; 215 42; 215 38; 214 37; 214 35; 213 34; 212 34; 210 32; 210 31; 208 29; 208 28; 206 26; 206 25; 204 23; 204 22; 203 21; 203 19; 202 18; 202 16; 201 15; 199 15; 196 12; 196 11; 194 9
7; 117 50; 116 51; 114 51; 113 52; 105 52; 104 53; 103 53; 102 54; 93 54; 92 55; 90 55; 89 54; 85 54; 85 60; 86 61; 86 62; 87 63; 87 64; 91 68; 91 69; 94 72; 94 73; 96 75; 96 76; 104 84; 104 85; 105 86; 105 87; 106 88; 106 89; 110 89; 111 88; 111 86; 112 85; 112 82; 113 81; 113 79; 114 78; 114 76; 115 75; 115 74; 117 72; 117 71; 118 70; 118 69; 119 68; 119 64; 120 63; 120 61; 121 60; 121 57; 122 56; 122 55; 123 54; 123 51; 122 50
8; 696 43; 695 44; 695 45; 694 46; 694 50; 693 51; 693 52; 692 53; 692 57; 691 58; 691 61; 690 62; 690 64; 689 65; 689 75; 688 76; 688 78; 686 80; 686 82; 687 83; 687 85; 689 85; 690 84; 692 84; 693 83; 695 83; 696 82; 701 82; 702 81; 703 81; 704 80; 706 80; 707 79; 710 79; 711 78; 713 78; 714 77; 716 77; 717 76; 719 76; 720 75; 722 75; 725 72; 725 70; 724 69; 724 68; 714 58; 713 58; 711 56; 711 55; 709 53; 709 52; 705 48; 704 48; 700 44; 699 44; 698 43
9; 331 49; 331 50; 330 51; 330 55; 329 56; 329 60; 328 61; 328 65; 327 66; 327 68; 326 69; 326 71; 325 72; 325 73; 324 74; 324 76; 323 77; 323 78; 322 79; 322 85; 336 85; 337 86; 341 86; 342 85; 344 85; 345 84; 358 84; 359 83; 360 83; 360 79; 359 78; 359 77; 358 76; 358 75; 357 74; 357 73; 356 72; 356 71; 354 69; 353 69; 352 68; 351 68; 350 67; 348 67; 347 66; 337 66; 336 65; 336 57; 335 56; 335 54; 334 53; 334 51; 333 50; 333 49
10; 606 53; 605 54; 605 55; 604 56; 604 58; 603 59; 603 60; 602 61; 602 63; 601 64; 601 68; 600 69; 600 72; 599 73; 599 75; 598 76; 598 78; 597 79; 597 81; 596 82; 596 83; 595 84; 595 85; 594 86; 594 90; 595 91; 595 92; 596 92; 597 93; 599 93; 600 92; 604 92; 605 91; 607 91; 608 90; 611 90; 612 89; 616 89; 617 88; 623 88; 624 87; 626 87; 627 86; 629 86; 630 85; 631 85; 632 84; 632 80; 630 78; 630 77; 629 76; 629 75; 625 71; 625 69; 623 67; 622 67; 617 62; 617 61; 611 55; 611 54; 610 54; 609 53
11; 660 54; 659 55; 659 56; 658 57; 658 58; 656 60; 656 61; 655 62; 655 65; 654 66; 654 68; 653 69; 653 71; 652 72; 652 74; 651 75; 651 77; 650 78; 650 80; 649 81; 649 86; 648 87; 648 92; 649 93; 661 93; 662 92; 670 92; 671 91; 672 91; 673 90; 674 90; 675 89; 677 89; 678 88; 681 88; 682 87; 683 87; 684 86; 685 86; 686 85; 686 83; 685 82; 685 80; 684 80; 679 75; 679 74; 676 71; 676 70; 671 65; 671 64; 667 60; 667 59; 666 58; 666 57; 665 56; 665 55; 664 54
12; 742 61; 739 64; 739 65; 738 66; 738 68; 737 69; 737 70; 736 71; 736 73; 734 75; 734 76; 733 77; 733 78; 732 79; 732 80; 731 81; 731 83; 729 85; 729 87; 728 88; 728 89; 726 91; 726 92; 725 93; 725 97; 726 97; 727 98; 735 98; 736 97; 743 97; 744 96; 757 96; 758 95; 763 95; 765 93; 765 89; 760 84; 760 83; 759 82; 759 81; 757 79; 757 77; 755 75; 755 74; 749 68; 749 67; 748 66; 748 65; 747 64; 747 63; 745 61
13; 36 81; 36 83; 35 84; 35 85; 34 86; 34 87; 33 88; 33 89; 30 92; 30 93; 29 94; 29 96; 27 98; 27 99; 26 100; 26 101; 25 102; 25 105; 24 106; 24 107; 23 108; 23 109; 22 110; 22 111; 21 112; 21 116; 22 117; 45 117; 46 116; 50 116; 51 115; 57 115; 58 114; 59 114; 61 112; 61 110; 60 109; 60 108; 59 107; 59 106; 58 105; 58 104; 57 103; 57 102; 55 100; 55 99; 51 95; 51 94; 46 89; 46 88; 45 87; 45 86; 40 81
14; 815 91; 814 92; 814 93; 813 94; 813 95; 812 96; 812 98; 811 99; 811 101; 810 102; 810 103; 809 104; 809 107; 808 108; 808 110; 807 111; 807 112; 806 113; 806 115; 805 116; 805 118; 804 119; 804 121; 803 122; 803 123; 802 124; 802 127; 803 128; 817 128; 818 127; 825 127; 826 126; 828 126; 829 125; 830 125; 831 124; 835 124; 836 123; 839 123; 840 122; 841 122; 841 121; 842 120; 842 118; 841 117; 841 116; 835 110; 835 109; 832 106; 832 105; 823 96; 823 95; 819 91
15; 691 99; 689 101; 689 104; 688 105; 688 106; 687 107; 687 108; 685 110; 685 111; 684 112; 684 114; 683 115; 683 117; 682 118; 682 120; 681 121; 681 122; 680 123; 680 124; 679 125; 679 127; 678 128; 678 130; 677 131; 677 132; 676 133; 676 136; 677 137; 683 137; 684 136; 698 136; 700 134; 703 134; 704 133; 711 133; 712 132; 714 132; 715 131; 715 128; 713 126; 713 125; 711 123; 711 122; 709 120; 709 119; 706 116; 706 115; 705 114; 705 113; 704 112; 704 111; 698 105; 698 104; 697 103; 697 102; 694 99
16; 114 115; 111 118; 111 120; 110 121; 110 122; 109 123; 109 127; 108 128; 108 132; 107 133; 107 134; 106 135; 106 136; 105 137; 105 138; 104 139; 104 140; 103 141; 103 142; 102 143; 102 146; 101 147; 101 149; 100 150; 100 152; 101 153; 108 153; 109 152; 120 152; 121 151; 122 151; 123 150; 124 150; 125 149; 127 149; 128 148; 131 148; 132 147; 136 147; 137 146; 138 146; 139 145; 139 142; 138 141; 138 140; 137 140; 134 137; 134 136; 131 133; 131 132; 128 129; 128 128; 125 125; 125 124; 120 119; 120 118; 117 115
17; 301 120; 299 122; 298 122; 295 125; 294 125; 293 126; 292 126; 291 127; 290 127; 289 128; 287 128; 284 131; 283 131; 281 133; 280 133; 278 135; 277 135; 276 136; 275 136; 274 137; 273 137; 270 140; 270 142; 269 143; 269 145; 268 146; 271 146; 272 147; 275 147; 276 146; 278 146; 279 147; 280 147; 283 150; 284 150; 285 151; 286 151; 287 152; 288 152; 289 153; 290 153; 292 155; 293 155; 295 157; 296 157; 297 158; 298 158; 299 159; 300 159; 301 160; 304 160; 306 158; 306 157; 307 156; 307 152; 306 151; 306 146; 307 145; 307 140; 306 139; 306 123; 305 122; 305 121; 304 120
18; 399 128; 398 129; 377 129; 376 130; 376 135; 377 136; 377 138; 379 140; 379 141; 380 142; 380 143; 381 144; 381 145; 384 148; 384 149; 386 151; 386 152; 388 154; 388 155; 389 156; 389 157; 390 158; 390 159; 392 161; 392 162; 394 164; 397 164; 400 161; 400 159; 403 156; 403 155; 404 154; 404 152; 406 150; 406 149; 408 147; 408 146; 409 145; 409 141; 411 139; 411 138; 413 136; 413 135; 414 134; 414 130; 412 128
19; 850 131; 849 132; 846 132; 845 133; 839 133; 838 134; 833 134; 832 135; 827 135; 826 136; 822 136; 821 137; 818 137; 816 139; 816 141; 821 146; 821 147; 822 148; 822 149; 824 151; 824 152; 825 153; 825 155; 826 156; 826 157; 828 159; 829 159; 831 161; 831 162; 830 163; 831 164; 831 165; 833 167; 833 169; 834 168; 836 168; 838 170; 841 170; 843 168; 843 167; 844 166; 844 165; 845 164; 845 163; 846 162; 846 161; 847 160; 847 159; 848 158; 848 157; 849 156; 849 154; 850 153; 850 150; 851 149; 851 147; 852 146; 852 144; 853 143; 853 141; 854 140; 854 139; 855 138; 855 132; 854 131
20; 11 162; 10 163; 0 163; 0 171; 5 171; 7 173; 7 175; 6 176; 6 177; 4 179; 4 180; 0 184; 0 199; 2 199; 2 198; 3 197; 3 196; 4 195; 4 194; 5 193; 5 192; 6 191; 6 190; 10 186; 10 185; 11 184; 11 183; 12 182; 12 181; 14 179; 14 178; 15 177; 15 176; 16 175; 16 174; 17 173; 17 172; 18 171; 18 170; 19 169; 19 168; 20 167; 20 165; 17 162
21; 268 147; 267 148; 267 149; 255 161; 255 162; 253 164; 253 165; 252 166; 252 167; 251 168; 251 169; 248 172; 247 172; 247 176; 248 176; 249 177; 251 177; 252 178; 255 178; 256 179; 259 179; 260 180; 268 180; 269 181; 275 181; 276 182; 284 182; 285 181; 285 179; 284 178; 284 174; 283 173; 283 170; 282 169; 282 167; 281 166; 281 163; 280 162; 280 160; 278 158; 278 156; 277 155; 277 154; 276 153; 276 152; 275 151; 275 150; 274 149; 275 148; 272 148; 271 147
22; 487 150; 486 151; 485 151; 483 153; 483 154; 482 155; 482 156; 481 157; 481 158; 480 159; 480 161; 479 162; 479 163; 476 166; 476 167; 474 169; 474 170; 472 172; 472 173; 471 174; 471 175; 470 176; 470 177; 469 178; 469 179; 467 181; 467 184; 468 185; 485 185; 486 186; 488 186; 489 187; 491 187; 492 186; 507 186; 507 182; 506 181; 506 180; 505 179; 505 177; 504 176; 504 174; 503 173; 503 172; 502 171; 502 170; 499 167; 499 166; 498 165; 498 164; 497 163; 497 162; 496 161; 496 160; 495 159; 495 158; 494 157; 494 156; 492 154; 492 153; 491 152; 491 151; 490 150
23; 824 164; 823 165; 820 165; 819 166; 809 166; 808 167; 807 167; 806 168; 801 168; 800 169; 795 169; 793 171; 793 173; 794 174; 794 175; 797 178; 797 179; 803 185; 803 186; 804 187; 804 189; 805 190; 805 191; 808 194; 808 195; 813 200; 814 200; 815 201; 816 201; 817 202; 819 202; 819 201; 820 200; 820 199; 821 198; 821 197; 822 196; 822 194; 823 193; 823 191; 824 190; 824 189; 825 188; 825 187; 826 186; 826 185; 827 184; 827 183; 828 182; 828 181; 829 180; 829 177; 830 176; 830 174; 831 173; 831 171; 832 170; 832 167; 830 165; 830 164
24; 745 174; 744 175; 743 175; 742 176; 737 176; 736 177; 733 177; 732 178; 730 178; 729 179; 728 179; 727 180; 726 180; 725 181; 723 181; 722 182; 718 182; 717 183; 715 183; 712 186; 712 190; 713 191; 714 191; 717 194; 717 195; 718 196; 719 196; 723 200; 723 201; 727 205; 728 205; 737 214; 739 214; 741 212; 741 211; 742 210; 742 207; 743 206; 743 205; 744 204; 744 202; 745 201; 745 198; 746 197; 746 194; 747 193; 747 192; 748 191; 748 185; 749 184; 749 181; 750 180; 750 177; 749 176; 749 175; 748 174
25; 525 184; 524 185; 512 185; 511 186; 509 186; 509 189; 510 190; 510 191; 511 192; 511 193; 512 194; 512 195; 514 197; 514 198; 515 199; 515 200; 517 202; 517 203; 519 205; 519 206; 521 208; 521 209; 522 210; 522 211; 523 212; 523 213; 524 214; 524 215; 525 216; 525 217; 528 220; 531 220; 536 215; 536 214; 537 213; 537 212; 538 211; 538 209; 539 208; 539 207; 541 205; 541 204; 543 202; 543 201; 544 200; 544 199; 545 198; 545 197; 546 196; 546 195; 547 194; 547 193; 548 192; 548 191; 549 190; 549 186; 548 185; 542 185; 541 184
26; 129 189; 128 190; 128 192; 127 193; 127 195; 126 196; 126 198; 125 199; 125 200; 124 201; 124 203; 123 204; 123 205; 122 206; 122 208; 121 209; 121 210; 120 211; 120 213; 119 214; 119 215; 118 216; 118 218; 117 219; 117 225; 119 227; 123 227; 124 226; 127 226; 128 225; 131 225; 132 226; 134 226; 135 225; 136 225; 137 224; 138 224; 139 223; 140 223; 141 222; 144 222; 145 221; 150 221; 151 220; 154 220; 155 219; 155 216; 154 215; 154 214; 153 213; 152 213; 151 212; 151 211; 148 208; 148 207; 147 206; 147 205; 143 201; 143 200; 140 197; 140 196; 133 189
27; 448 192; 437 203; 436 203; 435 204; 434 204; 432 206; 432 207; 427 212; 427 213; 424 216; 424 220; 425 221; 427 221; 428 222; 429 222; 430 223; 432 223; 433 224; 435 224; 436 225; 438 225; 439 226; 444 226; 445 227; 448 227; 449 228; 450 228; 451 229; 452 229; 453 230; 457 230; 457 229; 459 227; 461 227; 461 222; 460 221; 460 218; 459 217; 459 212; 458 211; 458 208; 457 207; 457 204; 456 203; 456 201; 455 200; 455 199; 454 198; 454 197; 453 196; 453 194; 452 193; 452 192
28; 819 206; 819 207; 818 208; 818 211; 817 212; 817 216; 816 217; 816 220; 815 221; 815 222; 814 223; 814 224; 813 225; 813 239; 812 240; 812 242; 811 243; 811 245; 812 246; 815 246; 816 245; 817 245; 819 243; 821 243; 822 242; 826 242; 827 241; 829 241; 830 240; 831 240; 832 239; 838 239; 839 238; 841 238; 842 237; 843 237; 844 236; 847 236; 849 234; 849 232; 848 231; 848 230; 845 227; 845 226; 843 224; 842 224; 835 217; 835 216; 834 216; 832 214; 831 214; 830 213; 829 213; 823 207; 822 207; 821 206
29; 211 219; 210 220; 202 220; 201 221; 200 221; 199 222; 192 222; 191 223; 187 223; 186 224; 184 224; 183 225; 183 227; 184 228; 184 229; 191 236; 191 237; 193 239; 193 240; 194 241; 194 242; 195 243; 195 244; 199 248; 199 249; 203 253; 203 254; 204 255; 207 255; 208 254; 208 253; 209 252; 209 251; 210 250; 210 249; 211 248; 211 247; 212 246; 212 245; 213 244; 213 243; 214 242; 214 241; 215 240; 215 239; 216 238; 216 236; 217 235; 217 234; 218 233; 218 231; 219 230; 219 229; 220 228; 220 227; 222 225; 222 224; 223 223; 223 221; 221 219
30; 572 215; 570 217; 570 218; 569 219; 569 220; 568 221; 568 223; 567 224; 567 226; 566 227; 566 228; 565 229; 565 230; 564 231; 564 233; 563 234; 563 235; 562 236; 562 237; 561 238; 561 239; 560 240; 560 241; 559 242; 559 243; 558 244; 558 245; 557 246; 557 247; 556 248; 556 250; 557 251; 585 251; 586 250; 589 250; 591 248; 592 248; 593 247; 594 247; 594 245; 593 244; 593 243; 590 240; 590 239; 589 238; 589 237; 588 236; 588 235; 586 233; 586 232; 584 230; 584 229; 583 228; 583 227; 582 226; 582 225; 578 221; 578 220; 576 218; 576 217; 574 215
31; 160 221; 160 222; 159 223; 159 224; 158 225; 158 227; 156 229; 156 231; 155 232; 155 233; 154 234; 154 236; 153 237; 153 238; 152 239; 152 241; 151 242; 151 244; 150 245; 150 246; 149 247; 149 248; 148 249; 148 250; 146 252; 146 256; 151 256; 152 255; 155 255; 156 256; 164 256; 165 255; 167 255; 168 254; 171 254; 172 253; 179 253; 180 252; 182 252; 183 251; 183 248; 181 246; 181 245; 180 244; 180 243; 179 242; 179 241; 178 240; 178 239; 176 237; 176 235; 173 232; 173 231; 168 226; 168 225; 164 221
32; 923 228; 922 229; 913 229; 912 230; 910 230; 909 231; 905 231; 904 232; 901 232; 900 233; 899 233; 899 237; 901 239; 901 240; 902 241; 902 242; 904 244; 904 245; 905 246; 905 247; 907 249; 907 250; 909 252; 909 253; 911 255; 911 256; 913 258; 913 259; 914 260; 915 260; 917 262; 917 263; 919 265; 922 265; 923 264; 923 263; 924 262; 924 261; 925 260; 925 258; 926 257; 926 256; 927 255; 927 254; 928 253; 928 250; 929 249; 929 248; 930 247; 930 246; 932 244; 932 243; 933 242; 933 241; 934 240; 934 239; 935 238; 935 236; 936 235; 936 229; 935 229; 934 228
33; 776 223; 776 224; 775 225; 775 229; 774 230; 774 241; 773 242; 773 250; 772 251; 772 255; 771 256; 771 260; 772 261; 777 261; 778 260; 779 260; 780 259; 781 259; 782 258; 786 258; 787 257; 788 257; 789 256; 790 256; 791 255; 794 255; 796 253; 797 253; 798 252; 799 252; 800 251; 801 251; 803 249; 804 249; 806 247; 807 247; 808 246; 808 244; 807 244; 800 237; 799 237; 796 234; 794 234; 792 232; 791 232; 785 226; 784 226; 783 225; 782 225; 780 223
34; 229 230; 227 232; 227 235; 226 236; 226 238; 225 239; 225 240; 224 241; 224 245; 223 246; 223 247; 222 248; 222 249; 220 251; 220 253; 219 254; 219 256; 218 257; 218 260; 217 261; 217 262; 216 263; 216 267; 220 267; 221 266; 228 266; 231 263; 232 263; 235 260; 236 260; 243 253; 248 253; 249 254; 253 254; 253 251; 251 249; 250 249; 248 247; 248 246; 247 245; 247 243; 246 242; 246 241; 245 241; 243 239; 242 239; 239 236; 238 236; 234 232; 234 231; 233 230
35; 107 237; 106 238; 104 238; 103 239; 100 239; 99 240; 94 240; 93 241; 91 241; 90 242; 87 242; 85 244; 84 244; 83 245; 80 245; 79 246; 78 246; 78 249; 87 258; 87 259; 88 260; 88 261; 89 262; 89 263; 92 266; 93 266; 97 270; 97 271; 98 272; 99 272; 101 274; 105 274; 106 275; 108 275; 109 276; 109 264; 110 263; 110 256; 113 253; 113 248; 114 247; 114 246; 116 244; 117 244; 119 242; 119 240; 118 239; 118 238; 117 237
36; 724 233; 723 234; 723 238; 722 239; 722 241; 720 243; 720 244; 719 245; 719 246; 718 247; 718 249; 717 250; 717 257; 716 258; 716 260; 715 261; 715 262; 714 263; 714 264; 712 266; 712 268; 711 269; 711 270; 713 272; 715 270; 716 270; 717 269; 723 269; 724 268; 727 268; 728 267; 731 267; 732 266; 737 266; 738 265; 741 265; 742 264; 744 264; 745 263; 747 263; 748 262; 749 262; 750 261; 751 261; 751 257; 743 249; 743 248; 741 246; 740 246; 734 240; 734 239; 728 233
37; 462 230; 461 231; 461 240; 460 241; 460 243; 459 244; 459 245; 458 246; 458 248; 457 249; 457 251; 456 252; 456 254; 455 255; 455 259; 454 260; 454 263; 453 264; 453 266; 452 267; 452 270; 453 271; 463 271; 464 270; 466 270; 467 269; 468 269; 469 268; 474 268; 475 267; 476 267; 477 266; 478 266; 479 265; 480 265; 481 264; 482 264; 483 263; 487 263; 488 262; 489 262; 490 261; 490 259; 489 258; 489 257; 484 252; 483 252; 477 246; 477 245; 470 238; 469 238; 466 235; 466 234; 464 232; 464 230
38; 120 241; 120 242; 118 244; 118 248; 117 249; 117 250; 111 256; 111 263; 110 264; 110 276; 111 277; 116 277; 117 276; 121 276; 122 275; 131 275; 133 273; 135 273; 136 272; 142 272; 143 271; 146 271; 147 270; 147 268; 146 267; 146 266; 144 264; 144 263; 142 261; 142 260; 132 250; 132 249; 128 245; 128 244; 126 242; 121 242
39; 253 257; 250 260; 248 260; 247 261; 246 261; 245 262; 245 265; 246 266; 246 267; 247 268; 247 269; 249 271; 249 272; 252 275; 252 276; 254 278; 254 279; 257 282; 257 283; 259 285; 259 286; 266 293; 269 293; 272 290; 272 288; 273 287; 273 286; 274 285; 274 284; 275 283; 275 281; 276 280; 276 278; 277 277; 277 275; 278 274; 278 273; 280 271; 280 270; 281 269; 281 267; 282 266; 282 263; 284 261; 284 258; 274 258; 273 257
40; 344 272; 343 273; 340 273; 339 274; 328 274; 327 275; 326 275; 325 276; 324 276; 323 277; 321 277; 320 278; 316 278; 315 279; 313 279; 311 281; 311 283; 319 291; 319 292; 322 295; 322 296; 324 298; 324 299; 327 302; 327 303; 329 305; 330 305; 334 309; 334 310; 335 311; 338 311; 338 309; 339 308; 339 306; 340 305; 340 303; 341 302; 341 301; 342 300; 342 299; 343 298; 343 296; 344 295; 344 293; 345 292; 345 291; 346 290; 346 288; 347 287; 347 285; 348 284; 348 283; 349 282; 349 280; 350 279; 350 273; 349 272
41; 710 271; 709 272; 708 272; 707 273; 696 273; 695 274; 693 274; 692 275; 687 275; 686 276; 684 276; 683 277; 681 277; 680 278; 678 278; 677 279; 674 279; 673 280; 673 282; 674 283; 674 284; 675 285; 675 286; 680 291; 680 292; 683 295; 683 296; 684 296; 688 300; 688 301; 689 302; 689 303; 690 304; 691 304; 693 306; 693 307; 694 308; 694 309; 695 309; 696 310; 699 310; 700 309; 700 308; 701 307; 701 306; 702 305; 702 303; 705 300; 705 299; 706 298; 706 297; 707 296; 707 293; 708 292; 708 287; 709 286; 709 285; 710 284; 710 282; 711 281; 711 278; 712 277; 712 272; 711 271
42; 103 282; 101 284; 101 286; 100 287; 100 289; 99 290; 99 308; 98 309; 98 320; 104 320; 105 319; 106 319; 107 318; 108 318; 109 317; 110 317; 111 316; 113 316; 114 315; 116 315; 117 314; 118 314; 119 313; 121 313; 122 312; 124 312; 125 311; 127 311; 128 310; 129 310; 130 309; 131 309; 133 307; 133 304; 130 301; 129 301; 126 298; 125 298; 120 293; 120 292; 118 290; 117 290; 116 289; 115 289; 114 288; 113 288; 108 283; 107 283; 106 282
43; 848 286; 846 288; 846 289; 845 290; 845 292; 843 294; 843 295; 839 299; 838 299; 835 302; 835 304; 834 305; 834 306; 833 307; 833 308; 831 310; 831 311; 829 313; 829 314; 828 315; 828 319; 829 320; 832 320; 833 321; 837 321; 838 322; 842 322; 843 321; 845 321; 846 322; 859 322; 860 323; 864 323; 865 322; 867 322; 867 319; 866 318; 866 316; 865 315; 865 314; 864 313; 864 311; 862 309; 862 308; 860 306; 860 304; 859 303; 859 301; 858 300; 858 299; 857 298; 857 297; 856 296; 856 295; 854 293; 854 291; 853 290; 853 288; 851 286
44; 172 292; 170 294; 170 295; 169 296; 169 301; 168 302; 168 304; 167 305; 167 309; 166 310; 166 317; 165 318; 165 331; 166 331; 167 332; 169 332; 170 331; 171 331; 172 330; 173 330; 174 329; 175 329; 176 328; 178 328; 179 327; 183 327; 184 326; 186 326; 187 325; 189 325; 190 324; 191 324; 192 323; 193 323; 195 321; 196 321; 200 317; 200 314; 197 311; 196 311; 186 301; 185 301; 183 299; 182 299; 179 296; 178 296; 174 292
45; 4 292; 2 294; 1 294; 0 295; 0 306; 4 306; 6 308; 6 309; 7 310; 7 311; 9 313; 9 314; 10 315; 10 316; 11 317; 11 319; 9 321; 8 321; 7 320; 0 320; 0 327; 5 327; 6 328; 10 328; 11 329; 18 329; 19 328; 20 328; 20 322; 19 321; 19 317; 18 316; 18 314; 17 313; 17 312; 15 310; 15 309; 14 308; 14 306; 13 305; 13 303; 12 302; 12 300; 10 298; 10 296; 9 295; 9 294; 8 293; 8 292
46; 538 302; 534 306; 533 306; 531 308; 530 308; 526 312; 525 312; 524 313; 523 313; 521 315; 521 316; 511 326; 510 326; 510 329; 511 330; 513 330; 515 332; 516 332; 517 333; 519 333; 520 334; 523 334; 524 335; 527 335; 528 336; 529 336; 530 337; 531 337; 533 339; 535 339; 536 340; 541 340; 542 341; 545 341; 546 340; 547 340; 548 339; 548 337; 547 336; 547 333; 546 332; 546 326; 545 325; 545 322; 544 321; 544 315; 543 314; 543 307; 542 306; 542 304; 540 302
47; 364 310; 363 311; 352 311; 351 312; 349 312; 348 313; 343 313; 342 314; 341 314; 340 313; 337 313; 337 316; 338 317; 338 318; 339 319; 339 320; 340 321; 340 322; 341 323; 341 324; 342 325; 342 326; 346 330; 346 331; 347 332; 347 333; 348 334; 348 335; 350 337; 350 338; 352 340; 352 341; 356 345; 356 346; 357 347; 359 347; 362 344; 362 343; 363 342; 363 341; 365 339; 365 338; 366 337; 366 335; 367 334; 367 333; 368 332; 368 331; 369 330; 369 328; 370 327; 370 326; 372 324; 372 322; 373 321; 373 319; 374 318; 374 316; 376 314; 376 311; 375 310
48; 764 316; 763 317; 757 317; 756 318; 746 318; 745 319; 744 319; 743 320; 741 320; 740 321; 736 321; 735 322; 734 322; 732 324; 732 326; 737 331; 737 332; 740 335; 740 336; 743 339; 743 340; 747 344; 747 345; 755 353; 759 353; 759 352; 760 351; 760 350; 761 349; 761 347; 762 346; 762 344; 763 343; 763 341; 764 340; 764 337; 765 336; 765 335; 766 334; 766 330; 767 329; 767 327; 768 326; 768 325; 769 324; 769 317; 768 316
49; 213 313; 211 315; 211 316; 210 317; 210 320; 209 321; 209 323; 208 324; 208 325; 207 326; 207 327; 206 328; 206 329; 205 330; 205 333; 204 334; 204 336; 203 337; 203 338; 202 339; 202 340; 201 341; 201 350; 202 350; 203 351; 207 351; 208 350; 211 350; 212 349; 215 349; 216 348; 220 348; 221 347; 224 347; 225 346; 230 346; 231 345; 233 345; 234 344; 235 344; 236 343; 237 343; 239 341; 239 337; 218 316; 218 315; 216 313
50; 865 323; 864 324; 862 324; 862 326; 861 327; 860 327; 859 328; 858 328; 857 329; 853 329; 852 330; 848 330; 847 331; 844 331; 843 332; 840 332; 839 333; 836 333; 834 335; 834 339; 840 345; 840 346; 845 351; 845 352; 847 354; 848 354; 856 362; 857 362; 859 364; 862 364; 863 363; 863 362; 864 361; 864 358; 865 357; 865 352; 866 351; 866 349; 867 348; 867 347; 868 346; 868 343; 869 342; 869 340; 870 339; 870 336; 871 335; 871 327; 867 323
51; 394 340; 393 341; 392 341; 389 344; 389 345; 385 349; 385 350; 382 353; 381 353; 372 362; 372 363; 371 364; 371 365; 370 366; 370 371; 371 372; 375 372; 376 373; 378 373; 379 374; 386 374; 387 375; 392 375; 393 376; 397 376; 398 377; 401 377; 403 379; 405 379; 406 378; 407 378; 407 373; 406 372; 406 367; 405 366; 405 364; 404 363; 404 357; 402 355; 402 354; 401 353; 401 350; 400 349; 400 347; 399 346; 399 344; 398 343; 398 342; 396 340
52; 823 341; 821 343; 821 344; 820 345; 820 346; 819 347; 819 350; 818 351; 818 353; 817 354; 817 355; 815 357; 815 358; 814 359; 814 365; 813 366; 813 368; 812 369; 812 373; 810 375; 810 378; 811 379; 812 379; 813 378; 819 378; 820 377; 825 377; 826 376; 828 376; 829 375; 835 375; 836 374; 839 374; 840 373; 841 373; 842 372; 848 372; 849 371; 849 367; 848 366; 848 364; 843 359; 842 359; 841 358; 841 357; 832 348; 832 347; 828 343; 828 342; 827 342; 826 341
53; 912 348; 911 349; 908 349; 907 350; 900 350; 899 351; 895 351; 894 352; 892 352; 891 353; 888 353; 887 354; 884 354; 883 355; 882 355; 881 356; 879 356; 876 359; 876 361; 890 375; 891 375; 897 381; 897 382; 899 384; 900 384; 901 385; 904 385; 905 384; 905 383; 906 382; 906 380; 908 378; 908 377; 909 376; 909 374; 910 373; 910 368; 911 367; 911 364; 912 363; 912 361; 913 360; 913 358; 914 357; 914 356; 915 355; 915 354; 916 353; 916 349; 915 348
54; 442 357; 441 358; 440 358; 436 362; 435 362; 434 363; 433 363; 431 365; 430 365; 429 366; 428 366; 427 367; 426 367; 421 372; 420 372; 418 374; 417 374; 416 375; 415 375; 415 378; 416 378; 417 379; 420 379; 421 380; 419 382; 418 382; 415 385; 414 385; 414 387; 415 388; 424 388; 425 387; 427 387; 429 385; 431 385; 432 384; 433 384; 434 383; 435 383; 438 380; 441 380; 442 381; 442 382; 443 383; 443 384; 444 385; 444 386; 447 389; 447 390; 449 392; 451 392; 451 389; 450 388; 450 379; 449 378; 449 376; 448 375; 448 369; 447 368; 447 362; 446 361; 446 358; 445 358; 444 357
55; 727 365; 726 366; 715 366; 714 367; 712 367; 710 369; 708 369; 707 370; 700 370; 699 371; 698 371; 698 377; 700 377; 702 379; 702 380; 705 383; 705 384; 707 386; 707 387; 708 388; 708 389; 710 391; 710 392; 711 393; 711 394; 712 395; 712 396; 713 397; 713 398; 714 399; 714 400; 719 405; 724 405; 724 404; 725 403; 725 402; 726 401; 726 400; 727 399; 727 394; 726 393; 726 388; 725 387; 725 386; 726 385; 726 381; 725 380; 725 379; 724 378; 724 375; 731 368; 732 368; 732 365
56; 690 371; 689 372; 686 372; 685 373; 682 373; 681 374; 679 374; 678 375; 674 375; 673 376; 670 376; 669 377; 666 377; 665 378; 661 378; 660 379; 659 379; 658 380; 658 382; 661 385; 661 386; 665 390; 665 391; 674 400; 674 401; 682 409; 685 409; 685 408; 686 407; 686 406; 687 405; 687 403; 688 402; 688 400; 689 399; 689 396; 691 394; 691 393; 692 392; 692 391; 693 390; 693 384; 694 383; 694 381; 695 380; 695 379; 697 377; 697 371
57; 18 366; 17 367; 17 369; 16 370; 16 371; 15 372; 15 373; 14 374; 14 375; 13 376; 13 377; 12 378; 12 380; 11 381; 11 385; 10 386; 10 388; 9 389; 9 390; 8 391; 8 392; 7 393; 7 396; 6 397; 6 399; 5 400; 5 403; 3 405; 2 405; 1 406; 0 406; 0 425; 1 425; 1 423; 2 422; 2 419; 3 418; 3 417; 4 416; 4 414; 5 413; 5 407; 7 405; 8 405; 9 404; 14 404; 15 403; 17 403; 18 402; 22 402; 23 401; 32 401; 33 400; 35 400; 36 399; 38 399; 39 398; 40 398; 41 397; 42 397; 43 396; 43 393; 42 392; 42 391; 39 388; 39 387; 32 380; 32 379; 23 370; 23 368; 21 366
58; 808 377; 807 378; 804 378; 803 379; 794 379; 793 380; 777 380; 776 381; 771 381; 770 382; 770 386; 771 387; 771 388; 772 389; 772 390; 774 392; 774 393; 775 394; 775 395; 778 398; 778 399; 779 400; 779 401; 781 403; 781 404; 782 405; 782 406; 786 410; 786 411; 787 412; 787 413; 788 414; 788 415; 789 416; 793 416; 794 415; 794 414; 795 413; 795 411; 796 410; 796 408; 797 407; 797 406; 798 405; 798 404; 799 403; 799 402; 801 400; 801 399; 803 397; 803 396; 804 395; 804 391; 805 390; 805 388; 806 387; 806 385; 807 384; 807 383; 810 380; 810 379; 809 378; 809 377
59; 67 375; 66 376; 66 377; 65 378; 65 379; 64 380; 64 381; 63 382; 63 384; 62 385; 62 386; 61 387; 61 388; 58 391; 58 392; 56 394; 56 395; 55 396; 55 397; 54 398; 54 400; 53 401; 53 404; 52 405; 52 406; 51 407; 51 411; 52 412; 55 412; 56 411; 71 411; 72 410; 77 410; 78 409; 88 409; 89 408; 89 404; 88 403; 88 402; 85 399; 85 398; 83 396; 83 395; 82 394; 82 393; 81 392; 81 391; 80 390; 80 389; 75 384; 75 383; 74 382; 74 381; 72 379; 72 378; 71 377; 71 376; 70 375
60; 170 384; 169 385; 168 385; 167 386; 167 390; 168 391; 168 392; 169 393; 169 395; 170 396; 170 397; 171 398; 171 399; 172 400; 172 401; 173 402; 173 403; 175 405; 175 406; 176 407; 176 409; 177 410; 177 413; 178 414; 178 416; 179 417; 179 418; 180 419; 180 420; 181 420; 182 421; 184 421; 186 419; 186 418; 189 415; 189 414; 192 411; 192 410; 197 405; 197 404; 199 402; 199 400; 200 399; 200 398; 202 396; 202 395; 204 393; 204 392; 205 391; 205 389; 203 387; 198 387; 197 386; 188 386; 187 385; 185 385; 184 384; 181 384; 180 385; 176 385; 175 384
61; 398 383; 397 384; 392 384; 391 385; 387 385; 386 386; 377 386; 376 387; 371 387; 370 388; 368 388; 367 389; 367 392; 370 395; 370 396; 372 398; 372 399; 375 402; 375 403; 377 405; 377 406; 379 408; 379 409; 383 413; 383 414; 384 415; 384 416; 385 417; 385 418; 387 420; 390 420; 391 419; 392 419; 394 417; 394 416; 395 415; 395 414; 396 413; 396 410; 397 409; 397 408; 398 407; 398 406; 400 404; 400 401; 401 400; 401 398; 402 397; 402 395; 403 394; 403 393; 404 392; 404 389; 405 388; 405 384; 404 383
62; 281 418; 280 419; 277 419; 276 420; 275 420; 274 421; 272 421; 271 422; 267 422; 266 423; 262 423; 261 424; 260 424; 259 425; 258 425; 257 426; 256 426; 255 427; 251 427; 250 428; 249 428; 248 429; 248 432; 250 434; 250 435; 259 444; 259 445; 260 446; 261 446; 263 448; 264 448; 266 450; 267 450; 274 457; 278 457; 278 456; 279 455; 279 450; 280 449; 280 448; 281 447; 281 446; 282 445; 282 441; 283 440; 283 435; 284 434; 284 432; 285 431; 285 430; 286 429; 286 427; 287 426; 287 425; 289 423; 289 421; 286 418
63; 760 419; 758 421; 758 422; 756 424; 756 425; 755 426; 755 427; 753 429; 753 430; 749 434; 749 435; 747 437; 747 440; 746 441; 746 443; 745 444; 745 445; 744 446; 744 447; 743 448; 743 449; 742 450; 742 454; 744 456; 760 456; 761 455; 780 455; 782 453; 782 450; 781 449; 781 448; 779 446; 779 445; 777 443; 777 442; 775 440; 775 439; 774 438; 774 437; 772 435; 772 434; 771 433; 771 432; 770 431; 770 430; 769 429; 769 428; 764 423; 764 421; 762 419
64; 371 452; 370 453; 343 453; 342 454; 340 454; 339 455; 339 458; 340 459; 340 460; 341 461; 341 463; 342 464; 342 465; 343 466; 343 467; 346 470; 346 471; 348 473; 348 474; 350 476; 350 478; 352 480; 352 481; 355 484; 355 485; 357 487; 357 488; 358 488; 359 489; 361 489; 363 487; 363 486; 364 485; 364 483; 365 482; 365 481; 367 479; 367 478; 370 475; 370 474; 371 473; 371 471; 372 470; 372 466; 373 465; 373 464; 374 463; 374 462; 375 461; 375 460; 376 459; 376 458; 377 457; 377 453; 376 452
65; 615 452; 614 453; 612 453; 611 454; 610 454; 609 455; 604 455; 603 456; 600 456; 598 458; 598 462; 600 464; 600 465; 603 468; 603 469; 608 474; 608 475; 610 477; 610 478; 612 480; 612 481; 613 482; 613 483; 616 486; 616 487; 618 489; 622 489; 625 486; 625 485; 626 484; 626 482; 627 481; 627 480; 628 479; 628 478; 629 477; 629 475; 630 474; 630 473; 631 472; 631 471; 632 470; 632 469; 633 468; 633 466; 634 465; 634 463; 635 462; 635 459; 636 458; 636 457; 637 456; 637 453; 636 452; 622 452; 621 453; 618 453; 617 452
66; 682 457; 680 459; 680 461; 679 462; 679 464; 678 465; 678 466; 677 467; 677 468; 676 469; 676 470; 675 471; 675 473; 674 474; 674 475; 673 476; 673 482; 672 483; 672 485; 670 487; 670 488; 669 489; 669 490; 668 491; 668 493; 669 494; 681 494; 682 493; 685 493; 686 492; 689 492; 690 491; 695 491; 696 490; 699 490; 700 489; 705 489; 708 486; 708 481; 702 475; 702 474; 697 469; 697 468; 691 462; 690 462; 686 458; 685 458; 684 457
67; 244 478; 243 479; 242 479; 242 480; 241 481; 241 483; 240 484; 240 485; 239 486; 239 487; 238 488; 238 489; 237 490; 237 491; 236 492; 236 493; 234 495; 234 497; 233 498; 233 502; 232 503; 232 504; 231 505; 231 506; 230 507; 230 508; 229 509; 229 514; 230 514; 231 515; 235 515; 236 514; 246 514; 247 513; 254 513; 255 512; 258 512; 259 511; 267 511; 269 509; 269 506; 267 504; 267 503; 265 501; 265 500; 263 498; 263 497; 260 494; 260 493; 255 488; 255 487; 253 485; 253 484; 250 481; 250 480; 249 479; 248 479; 247 478
68; 709 496; 708 497; 700 497; 699 498; 696 498; 695 499; 686 499; 685 500; 683 500; 681 502; 681 506; 688 513; 688 514; 691 517; 691 518; 694 521; 694 522; 696 524; 696 525; 699 528; 699 529; 701 531; 701 532; 702 532; 703 533; 706 533; 710 529; 710 526; 711 525; 711 523; 712 522; 712 520; 715 517; 715 515; 716 514; 716 510; 717 509; 717 507; 718 506; 718 505; 719 504; 719 503; 720 502; 720 501; 721 500; 721 498; 720 497; 720 496
69; 388 495; 388 497; 387 498; 387 500; 386 501; 386 502; 384 504; 384 505; 382 507; 382 508; 381 509; 381 511; 380 512; 380 513; 379 514; 379 516; 378 517; 378 519; 377 520; 377 522; 376 523; 376 525; 375 526; 375 527; 374 528; 374 531; 375 532; 382 532; 383 531; 389 531; 390 530; 391 531; 396 531; 397 530; 399 530; 400 529; 403 529; 404 528; 410 528; 411 527; 415 527; 415 526; 416 525; 416 524; 415 523; 414 523; 407 516; 407 515; 401 509; 401 508; 399 506; 399 505; 398 504; 398 503; 397 502; 397 501; 395 499; 395 498; 392 495
70; 661 507; 660 508; 657 508; 656 509; 650 509; 649 510; 646 510; 645 511; 639 511; 638 512; 635 512; 633 514; 633 518; 634 519; 634 520; 639 525; 639 526; 642 529; 642 530; 649 537; 649 538; 651 540; 651 541; 652 542; 652 543; 654 545; 656 545; 658 543; 658 542; 660 540; 660 539; 662 537; 662 536; 663 535; 663 533; 664 532; 664 531; 667 528; 667 527; 668 526; 668 516; 669 515; 669 513; 670 512; 670 507
71; 452 513; 451 514; 450 514; 449 515; 442 515; 441 516; 433 516; 432 517; 431 517; 429 519; 428 519; 427 520; 426 520; 425 521; 423 521; 422 522; 420 522; 419 523; 418 523; 417 524; 417 525; 416 526; 416 527; 417 527; 418 528; 419 528; 421 530; 422 530; 430 538; 431 538; 438 545; 438 546; 440 548; 440 549; 442 551; 446 551; 446 550; 447 549; 447 546; 448 545; 448 544; 449 543; 449 541; 450 540; 450 538; 451 537; 451 535; 452 534; 452 533; 453 532; 453 528; 454 527; 454 523; 455 522; 455 520; 456 519; 456 518; 457 517; 457 515; 456 514; 455 514; 454 513
72; 356 529; 355 530; 349 530; 348 531; 345 531; 344 532; 342 532; 341 533; 335 533; 334 534; 329 534; 328 535; 328 540; 329 541; 329 542; 332 545; 332 546; 338 552; 338 553; 342 557; 342 558; 350 566; 354 566; 355 565; 355 563; 356 562; 356 559; 357 558; 357 556; 358 555; 358 554; 359 553; 359 552; 360 551; 360 550; 362 548; 362 541; 363 540; 363 538; 364 537; 364 536; 365 535; 365 534; 366 533; 366 530; 365 529
73; 564 524; 563 525; 563 529; 562 530; 562 533; 561 534; 561 536; 560 537; 560 538; 556 542; 556 543; 555 544; 555 548; 554 549; 554 552; 553 553; 553 554; 552 555; 552 556; 551 557; 551 560; 552 561; 562 561; 563 560; 568 560; 569 559; 572 559; 573 558; 576 558; 577 557; 578 557; 579 556; 585 556; 586 555; 588 555; 589 554; 590 554; 590 553; 591 552; 591 550; 590 549; 589 549; 587 547; 587 546; 584 543; 584 542; 582 540; 582 539; 571 528; 571 527; 568 524
74; 742 536; 741 537; 735 537; 734 538; 732 538; 731 539; 730 539; 729 540; 728 540; 727 541; 725 541; 724 542; 722 542; 721 543; 719 543; 716 546; 716 549; 738 571; 738 572; 739 572; 741 574; 743 574; 745 572; 745 571; 746 570; 746 568; 747 567; 747 563; 748 562; 748 560; 749 559; 749 558; 750 557; 750 556; 751 555; 751 554; 752 553; 752 550; 753 549; 753 545; 754 544; 754 541; 755 540; 755 537; 754 537; 753 536
75; 412 537; 412 538; 410 540; 410 541; 409 542; 409 544; 408 545; 408 548; 407 549; 407 552; 406 553; 406 555; 405 556; 405 557; 404 558; 404 559; 403 560; 403 562; 402 563; 402 567; 401 568; 401 571; 399 573; 399 575; 401 577; 402 577; 404 575; 405 575; 406 574; 412 574; 413 573; 417 573; 418 572; 420 572; 421 571; 423 571; 424 570; 433 570; 434 569; 437 569; 439 567; 439 564; 438 563; 438 562; 437 561; 436 561; 434 559; 434 558; 432 556; 432 555; 431 554; 431 552; 429 550; 428 550; 426 548; 425 548; 424 547; 424 546; 423 546; 421 544; 421 543; 417 539; 417 538; 416 537
76; 579 570; 578 571; 563 571; 562 572; 547 572; 546 573; 546 576; 547 577; 547 579; 548 580; 548 581; 550 583; 550 584; 552 586; 552 587; 554 589; 554 590; 556 592; 556 593; 560 597; 561 597; 562 598; 563 598; 566 601; 566 602; 567 603; 569 603; 570 602; 570 601; 575 596; 575 594; 579 590; 579 588; 580 587; 580 584; 581 583; 581 581; 582 580; 582 579; 583 578; 583 577; 584 576; 584 575; 585 574; 585 572; 583 570
77; 107 567; 106 568; 105 568; 105 569; 104 570; 104 574; 103 575; 103 577; 102 578; 102 579; 101 580; 101 581; 100 582; 100 584; 99 585; 99 586; 98 587; 98 588; 97 589; 97 591; 96 592; 96 594; 95 595; 95 596; 94 597; 94 598; 93 599; 93 603; 94 604; 105 604; 106 603; 116 603; 117 602; 119 602; 120 601; 123 601; 124 600; 129 600; 130 599; 132 599; 132 596; 131 595; 131 594; 129 592; 129 591; 127 589; 127 588; 121 582; 121 581; 116 576; 116 575; 112 571; 112 570; 111 569; 111 568; 110 568; 109 567
78; 398 574; 397 575; 396 575; 395 576; 378 576; 377 577; 375 577; 374 578; 370 578; 369 579; 363 579; 362 580; 361 580; 361 585; 363 587; 363 588; 364 589; 364 590; 365 591; 365 592; 366 593; 366 594; 368 596; 368 597; 374 603; 374 604; 377 607; 377 608; 379 610; 379 612; 380 613; 382 613; 384 611; 385 611; 385 610; 388 607; 388 606; 389 605; 389 603; 390 602; 390 599; 391 598; 391 597; 393 595; 393 594; 394 593; 394 591; 395 590; 395 588; 396 587; 396 584; 397 583; 397 582; 398 581; 398 580; 400 578; 400 577; 398 575
79; 790 578; 789 579; 779 579; 778 580; 774 580; 773 581; 761 581; 759 583; 759 586; 760 587; 760 588; 761 589; 761 590; 763 592; 763 593; 765 595; 765 596; 770 601; 770 602; 772 604; 772 608; 773 609; 774 609; 779 614; 783 614; 785 612; 785 610; 786 609; 786 608; 787 607; 787 606; 788 605; 788 604; 789 603; 789 602; 790 601; 790 600; 793 597; 793 596; 794 595; 794 590; 795 589; 795 587; 796 586; 796 584; 797 583; 797 579; 796 578
80; 170 590; 169 591; 166 591; 165 592; 160 592; 159 591; 156 591; 155 592; 154 592; 153 593; 151 593; 150 594; 146 594; 145 595; 142 595; 141 596; 139 596; 138 597; 137 597; 137 601; 144 608; 144 609; 147 612; 147 613; 155 621; 155 622; 158 625; 158 626; 159 626; 160 627; 162 627; 164 625; 164 624; 165 623; 165 620; 166 619; 166 618; 167 617; 167 616; 168 615; 168 614; 169 613; 169 612; 170 611; 170 610; 171 609; 171 607; 172 606; 172 603; 173 602; 173 601; 174 600; 174 597; 175 596; 175 595; 176 594; 176 591; 175 590
81; 352 592; 352 595; 351 596; 351 599; 350 600; 350 601; 349 602; 349 604; 348 605; 348 606; 347 607; 347 609; 346 610; 346 613; 345 614; 345 618; 344 619; 344 622; 343 623; 343 628; 345 630; 347 630; 348 629; 351 629; 352 628; 354 628; 355 627; 358 627; 359 626; 360 626; 361 627; 363 627; 364 626; 367 626; 369 624; 375 624; 376 623; 376 621; 374 619; 373 619; 372 618; 372 612; 371 611; 371 610; 367 606; 367 605; 365 603; 365 602; 364 601; 364 600; 356 592
82; 973 605; 972 606; 968 606; 967 607; 951 607; 950 608; 947 608; 946 609; 943 609; 942 610; 940 610; 938 612; 938 614; 939 615; 939 616; 943 620; 943 621; 945 623; 945 624; 947 626; 947 627; 953 633; 953 634; 955 636; 955 637; 960 642; 964 642; 965 641; 965 640; 966 639; 966 637; 967 636; 967 634; 968 633; 968 632; 969 631; 969 629; 970 628; 970 627; 971 626; 971 625; 972 624; 972 621; 973 620; 973 619; 974 618; 974 616; 975 615; 975 614; 976 613; 976 611; 977 610; 977 606; 976 605
83; 38 602; 36 604; 36 606; 35 607; 35 608; 34 609; 34 610; 32 612; 32 613; 30 615; 30 617; 29 618; 29 621; 28 622; 28 623; 27 624; 27 625; 26 626; 26 628; 25 629; 25 630; 24 631; 24 632; 23 633; 23 638; 28 638; 29 637; 51 637; 52 636; 55 636; 56 635; 60 635; 61 634; 62 634; 63 633; 63 632; 62 631; 61 631; 59 629; 59 628; 57 626; 57 624; 55 622; 55 621; 54 620; 54 619; 52 617; 52 616; 51 615; 51 614; 50 613; 50 612; 49 611; 49 610; 48 609; 48 608; 46 606; 45 606; 44 605; 44 604; 42 602
84; 604 614; 603 615; 597 615; 596 616; 593 616; 592 617; 588 617; 587 618; 584 618; 583 619; 581 619; 580 620; 578 620; 577 621; 572 621; 571 622; 571 627; 572 628; 572 629; 574 631; 575 631; 582 638; 582 639; 584 641; 585 641; 590 646; 590 647; 591 647; 594 650; 598 650; 598 648; 599 647; 599 644; 600 643; 600 641; 601 640; 601 639; 602 638; 602 637; 607 632; 607 625; 608 624; 608 621; 609 620; 609 619; 610 618; 610 615; 609 615; 608 614
85; 770 608; 767 611; 767 612; 763 616; 763 617; 762 618; 762 619; 758 623; 758 625; 757 626; 757 628; 756 629; 756 630; 755 631; 755 632; 754 633; 754 634; 753 635; 753 636; 751 638; 751 639; 750 640; 750 642; 752 644; 778 644; 779 645; 781 645; 782 644; 784 644; 785 645; 787 645; 789 643; 789 639; 787 637; 787 636; 785 634; 785 633; 784 632; 784 630; 783 629; 783 628; 782 627; 782 626; 781 625; 781 623; 780 622; 780 621; 779 620; 779 618; 782 615; 779 615; 774 610; 773 610; 771 608
86; 140 617; 139 618; 136 618; 135 619; 127 619; 126 620; 125 620; 124 621; 123 621; 122 622; 121 622; 120 623; 119 623; 118 624; 117 624; 116 625; 114 625; 113 626; 109 626; 108 627; 107 627; 106 628; 106 629; 107 630; 107 631; 108 631; 110 633; 111 633; 112 634; 112 635; 120 643; 121 643; 131 653; 131 654; 132 655; 136 655; 137 654; 137 651; 138 650; 138 647; 139 646; 139 645; 140 644; 140 642; 141 641; 141 635; 142 634; 142 629; 143 628; 143 625; 144 624; 144 621; 145 620; 145 618; 144 617
87; 104 628; 103 629; 100 629; 99 630; 86 630; 85 631; 76 631; 75 632; 67 632; 66 633; 65 633; 64 632; 64 633; 63 634; 63 635; 64 635; 69 640; 69 641; 71 643; 71 644; 73 646; 73 647; 75 649; 75 650; 76 651; 76 652; 77 653; 77 654; 81 658; 81 659; 82 660; 82 661; 86 665; 90 665; 91 664; 91 660; 92 659; 92 658; 94 656; 94 655; 96 653; 96 652; 98 650; 98 649; 99 648; 99 645; 100 644; 100 643; 101 642; 101 641; 102 640; 102 638; 103 637; 103 634; 106 631; 106 630; 105 629; 105 628
88; 931 629; 930 630; 930 631; 929 632; 928 632; 925 635; 924 635; 923 636; 922 636; 920 638; 919 638; 917 640; 916 640; 915 641; 913 641; 911 643; 910 643; 909 644; 908 644; 905 647; 904 647; 903 648; 903 649; 902 650; 902 653; 904 655; 906 655; 907 656; 908 656; 909 657; 910 657; 911 658; 912 658; 914 660; 915 660; 917 662; 918 662; 919 663; 920 663; 921 664; 924 664; 925 665; 926 665; 927 666; 928 666; 929 667; 930 667; 931 668; 932 668; 933 669; 936 669; 938 667; 938 653; 937 652; 937 645; 936 644; 936 635; 935 634; 935 629
89; 460 631; 459 632; 459 633; 458 634; 458 636; 457 637; 457 638; 454 641; 454 643; 452 645; 452 647; 451 648; 451 649; 450 650; 450 651; 449 652; 449 653; 448 654; 448 655; 447 656; 447 657; 446 658; 446 660; 445 661; 445 662; 444 663; 444 665; 446 667; 468 667; 469 666; 475 666; 476 665; 480 665; 481 664; 483 664; 483 659; 482 658; 482 657; 479 654; 479 653; 478 652; 478 651; 474 647; 474 646; 472 644; 472 643; 471 642; 471 641; 469 639; 469 638; 466 635; 466 634; 465 634; 462 631
90; 647 643; 646 644; 640 644; 639 645; 630 645; 629 646; 624 646; 623 647; 617 647; 616 648; 616 651; 617 652; 617 653; 618 654; 618 655; 621 658; 621 659; 624 662; 624 664; 625 665; 625 666; 626 667; 626 668; 627 669; 627 670; 630 673; 630 674; 633 677; 633 678; 634 679; 635 679; 636 680; 638 680; 641 677; 641 676; 642 675; 642 673; 643 672; 643 671; 646 668; 646 667; 648 665; 648 664; 649 663; 649 660; 650 659; 650 658; 652 656; 652 655; 653 654; 653 653; 654 652; 654 649; 655 648; 655 645; 653 643
91; 234 659; 231 662; 231 665; 230 666; 230 669; 229 670; 229 672; 228 673; 228 676; 227 677; 227 681; 226 682; 226 687; 225 688; 225 691; 224 692; 224 696; 225 697; 228 697; 229 696; 232 696; 233 695; 239 695; 240 694; 244 694; 245 693; 247 693; 249 691; 250 691; 251 690; 254 690; 255 689; 257 689; 258 688; 260 688; 262 686; 262 683; 256 677; 255 677; 239 661; 238 661; 236 659
92; 4 675; 3 676; 2 676; 1 677; 0 677; 0 700; 1 700; 3 702; 3 705; 4 706; 4 707; 7 707; 12 702; 13 702; 14 701; 15 701; 16 700; 17 700; 18 701; 21 701; 21 695; 28 688; 29 688; 32 685; 33 685; 33 682; 27 682; 25 680; 26 679; 26 677; 19 677; 18 676; 14 676; 13 675
93; 51 669; 49 671; 49 672; 48 673; 48 674; 45 677; 45 678; 44 679; 44 680; 43 681; 43 682; 42 683; 42 684; 41 685; 41 686; 40 687; 40 688; 39 689; 39 690; 38 691; 38 692; 37 693; 37 694; 35 696; 35 697; 33 699; 33 700; 32 701; 32 703; 29 706; 29 708; 30 709; 32 709; 33 708; 34 708; 36 706; 40 706; 41 705; 50 705; 51 706; 56 706; 57 705; 68 705; 69 704; 71 704; 71 699; 70 698; 70 697; 69 696; 69 694; 68 693; 68 692; 66 690; 66 689; 65 688; 65 687; 63 685; 63 683; 62 682; 62 681; 60 679; 60 678; 59 677; 59 676; 56 673; 56 672; 53 669
94; 919 678; 918 679; 918 680; 917 681; 917 682; 916 683; 916 684; 915 685; 915 686; 913 688; 913 689; 911 691; 911 693; 910 694; 910 695; 909 696; 909 698; 908 699; 908 701; 907 702; 907 703; 906 704; 906 706; 905 707; 905 709; 904 710; 904 711; 903 712; 903 714; 904 715; 904 716; 905 716; 906 717; 908 717; 909 716; 923 716; 924 715; 925 715; 926 714; 941 714; 942 713; 943 713; 943 712; 944 711; 944 709; 943 708; 943 707; 941 705; 941 704; 937 700; 937 699; 935 697; 935 696; 933 694; 933 693; 931 691; 931 690; 926 685; 926 684; 924 682; 924 681; 923 680; 923 679; 922 679; 921 678
95; 483 693; 482 694; 475 694; 474 695; 461 695; 459 697; 459 700; 460 701; 460 703; 461 704; 461 705; 462 706; 462 707; 463 708; 463 709; 464 710; 464 711; 469 716; 469 717; 470 717; 471 718; 471 719; 474 722; 474 723; 480 729; 484 729; 484 728; 486 726; 486 723; 487 722; 487 721; 488 720; 488 719; 489 718; 489 717; 491 715; 491 714; 492 713; 492 711; 493 710; 493 705; 494 704; 494 703; 495 702; 495 701; 497 699; 497 694; 496 694; 495 693
96; 836 701; 835 702; 834 702; 833 703; 832 703; 830 705; 829 705; 828 706; 827 706; 825 708; 824 708; 822 710; 821 710; 820 711; 819 711; 817 713; 816 713; 813 716; 812 716; 810 718; 809 718; 808 719; 807 719; 805 721; 805 723; 808 726; 809 726; 811 728; 812 728; 813 729; 815 729; 817 731; 818 731; 819 732; 820 732; 821 733; 822 733; 823 734; 824 734; 825 735; 826 735; 827 736; 828 736; 830 738; 831 738; 833 740; 834 740; 836 742; 839 742; 841 740; 841 730; 842 729; 842 719; 841 718; 841 716; 840 715; 840 710; 841 709; 841 704; 838 701
97; 9 725; 8 726; 8 727; 7 728; 7 732; 6 733; 6 736; 5 737; 5 742; 3 744; 3 745; 2 746; 2 749; 3 750; 3 752; 2 753; 2 759; 1 760; 0 760; 0 764; 12 764; 13 763; 13 762; 15 760; 18 760; 19 759; 20 759; 21 758; 22 758; 23 757; 26 757; 27 756; 29 756; 30 755; 32 755; 33 754; 34 754; 35 753; 36 753; 37 752; 38 752; 39 751; 39 746; 35 742; 34 742; 33 741; 32 741; 30 739; 29 739; 27 737; 26 737; 22 733; 21 733; 19 731; 18 731; 16 729; 15 729; 11 725
98; 729 754; 722 757; 716 757; 716 763; 736 788; 740 787; 744 777; 750 773; 751 767; 753 765; 752 760
99; 752 760; 757 753; 758 745; 762 739; 762 734; 759 732; 741 735; 737 737; 721 739; 722 744; 729 752; 729 754
100; 705 750; 704 751; 702 751; 701 752; 698 752; 697 753; 693 753; 692 754; 689 754; 688 755; 679 755; 678 756; 676 756; 674 758; 674 760; 675 761; 675 762; 677 764; 677 765; 678 766; 678 767; 684 773; 684 774; 687 777; 687 778; 689 780; 690 780; 691 781; 691 782; 697 788; 700 788; 702 786; 702 784; 703 783; 703 780; 704 779; 704 778; 706 776; 706 775; 708 773; 708 772; 709 771; 709 767; 710 766; 710 764; 713 761; 714 761; 715 762; 715 756; 714 755; 714 753; 712 751; 711 751; 710 750
101; 781 752; 780 753; 779 753; 776 756; 775 756; 774 757; 773 757; 772 758; 770 758; 769 759; 767 759; 766 760; 765 760; 763 762; 762 762; 760 764; 758 764; 757 765; 755 765; 754 766; 753 766; 752 767; 752 769; 751 770; 751 773; 750 774; 750 779; 749 780; 755 780; 756 781; 760 781; 761 782; 762 782; 763 783; 764 783; 765 784; 766 784; 770 788; 772 788; 773 789; 774 789; 775 790; 776 790; 778 792; 782 792; 782 787; 783 786; 783 785; 784 784; 784 775; 785 774; 785 754; 783 752
102; 292 767; 291 768; 291 769; 290 770; 290 772; 289 773; 289 774; 287 776; 287 777; 286 778; 286 779; 282 783; 282 787; 281 788; 281 789; 280 790; 280 791; 279 792; 279 793; 278 794; 278 795; 277 796; 277 797; 276 798; 276 803; 277 804; 284 804; 285 803; 293 803; 294 802; 301 802; 302 801; 313 801; 314 800; 314 797; 313 796; 313 793; 312 792; 312 791; 308 787; 308 786; 304 782; 304 781; 301 778; 301 777; 299 775; 299 774; 297 772; 297 770; 294 767
103; 13 764; 12 765; 11 765; 11 769; 10 770; 10 772; 9 773; 9 774; 6 777; 6 778; 5 779; 5 780; 3 782; 3 783; 2 784; 2 785; 0 787; 0 801; 6 801; 7 802; 17 802; 18 801; 22 801; 23 800; 34 800; 35 799; 36 799; 37 798; 37 792; 32 787; 32 786; 28 782; 28 781; 27 780; 27 779; 26 778; 26 777; 20 771; 20 770; 14 764
104; 592 780; 591 781; 583 781; 582 782; 579 782; 578 783; 572 783; 571 784; 566 784; 565 785; 563 785; 562 786; 561 786; 560 787; 559 787; 558 788; 558 790; 561 793; 561 794; 568 801; 568 802; 569 803; 569 804; 574 809; 574 810; 578 814; 578 815; 580 817; 580 818; 581 819; 582 819; 582 818; 583 817; 584 817; 584 816; 585 815; 586 815; 586 814; 587 813; 587 811; 588 810; 588 808; 589 807; 589 805; 590 804; 590 803; 591 802; 591 799; 592 798; 592 796; 593 795; 593 794; 594 793; 594 792; 595 791; 595 790; 596 789; 596 787; 598 785; 598 781; 597 780
105; 749 781; 749 786; 748 787; 748 790; 747 791; 747 795; 746 796; 746 798; 745 799; 745 801; 744 802; 744 808; 743 809; 743 817; 744 817; 745 818; 747 818; 748 817; 753 817; 754 816; 756 816; 758 814; 762 814; 763 813; 765 813; 767 811; 768 811; 769 810; 770 810; 771 809; 773 809; 774 808; 776 808; 777 807; 779 807; 780 806; 782 806; 782 804; 781 803; 780 803; 769 792; 769 791; 765 787; 764 787; 761 784; 761 783; 760 782; 756 782; 755 781
106; 815 788; 814 789; 813 789; 812 790; 811 790; 810 791; 809 791; 807 793; 805 793; 804 794; 801 794; 800 795; 799 795; 796 798; 795 798; 792 801; 791 801; 790 802; 789 802; 788 803; 787 803; 786 804; 783 804; 783 807; 784 808; 785 808; 787 810; 788 810; 789 811; 790 811; 792 813; 793 813; 795 815; 796 815; 798 817; 799 817; 800 818; 800 819; 802 821; 803 821; 805 823; 806 823; 807 824; 808 824; 809 825; 810 825; 811 826; 812 826; 813 827; 817 827; 818 826; 818 823; 819 822; 819 813; 820 812; 820 799; 821 798; 821 790; 820 789; 820 788
107; 23 801; 20 804; 19 804; 18 805; 17 805; 16 806; 15 806; 14 807; 14 812; 15 812; 18 815; 18 816; 20 818; 20 819; 21 820; 21 822; 22 823; 22 824; 32 834; 32 835; 35 838; 38 838; 40 836; 40 835; 41 834; 41 832; 42 831; 42 829; 43 828; 43 826; 44 825; 44 824; 45 823; 45 821; 46 820; 46 818; 47 817; 47 815; 48 814; 48 813; 49 812; 49 811; 50 810; 50 809; 51 808; 51 802; 35 802; 34 801
108; 461 815; 460 816; 454 816; 453 817; 437 817; 436 818; 435 818; 435 822; 436 823; 436 824; 437 825; 437 826; 438 827; 438 828; 440 830; 440 831; 442 833; 442 835; 443 836; 443 837; 447 841; 447 842; 449 844; 449 845; 450 846; 450 848; 453 851; 456 851; 461 846; 461 844; 462 843; 462 841; 463 840; 463 839; 464 838; 464 837; 465 836; 465 835; 467 833; 467 832; 469 830; 469 829; 470 828; 470 826; 471 825; 471 824; 472 823; 472 822; 473 821; 473 817; 472 816; 470 816; 469 815
109; 324 819; 323 820; 321 820; 320 821; 315 821; 314 822; 310 822; 309 823; 307 823; 306 824; 304 824; 303 825; 300 825; 299 826; 298 826; 297 827; 296 827; 295 828; 295 831; 300 836; 300 837; 301 838; 301 839; 303 841; 303 842; 305 844; 306 844; 310 848; 310 849; 312 851; 312 852; 314 854; 314 855; 316 857; 321 857; 321 856; 323 854; 323 853; 324 852; 324 850; 325 849; 325 846; 326 845; 326 843; 327 842; 327 841; 328 840; 328 836; 326 834; 326 833; 325 832; 324 832; 322 830; 322 828; 323 827; 323 826; 324 825; 325 825; 329 821; 329 819
110; 122 825; 121 826; 119 826; 118 827; 113 827; 112 828; 108 828; 107 827; 104 827; 103 828; 101 828; 100 829; 97 829; 96 830; 94 830; 93 831; 92 831; 91 832; 90 832; 89 833; 89 837; 90 838; 91 838; 92 839; 92 840; 95 843; 95 844; 100 849; 100 850; 109 859; 109 860; 111 862; 112 862; 113 863; 115 863; 117 861; 117 860; 118 859; 118 857; 119 856; 119 854; 120 853; 120 851; 121 850; 121 848; 122 847; 122 846; 123 845; 123 841; 124 840; 124 838; 125 837; 125 833; 126 832; 126 826; 125 826; 124 825
111; 580 819; 579 820; 576 820; 575 821; 571 821; 570 822; 569 822; 568 823; 567 823; 556 834; 556 835; 553 838; 547 838; 546 837; 543 837; 543 841; 547 845; 548 845; 552 849; 553 849; 556 852; 557 852; 561 856; 562 856; 565 859; 566 859; 567 860; 569 860; 570 859; 570 858; 571 857; 571 853; 572 852; 572 851; 573 850; 573 849; 574 848; 574 846; 576 844; 576 843; 577 842; 577 838; 578 837; 578 834; 579 833; 579 831; 580 830; 580 828; 581 827; 581 820
112; 617 834; 615 836; 615 838; 614 839; 614 842; 613 843; 613 845; 612 846; 612 848; 611 849; 611 851; 610 852; 610 857; 609 858; 609 862; 608 863; 608 864; 606 866; 606 870; 607 871; 611 871; 612 870; 617 870; 618 869; 622 869; 623 868; 625 868; 626 867; 629 867; 630 866; 631 866; 632 865; 635 865; 636 864; 639 864; 640 863; 642 863; 643 862; 644 862; 644 858; 622 836; 622 835; 621 834
113; 745 842; 743 844; 743 845; 742 846; 742 847; 741 848; 741 849; 739 851; 739 852; 737 854; 737 855; 736 856; 736 857; 735 858; 735 859; 734 860; 734 861; 733 862; 733 864; 732 865; 732 866; 731 867; 731 869; 730 870; 730 871; 729 872; 729 873; 728 874; 728 876; 730 878; 754 878; 755 877; 763 877; 764 876; 765 876; 766 875; 767 875; 768 876; 768 875; 769 874; 769 873; 766 870; 766 869; 764 867; 764 866; 763 865; 763 864; 761 862; 761 861; 759 859; 759 858; 757 856; 757 855; 755 853; 755 852; 753 850; 753 849; 752 848; 752 847; 750 845; 750 844; 748 842
114; 443 848; 442 849; 442 855; 443 856; 443 860; 442 861; 442 867; 443 868; 443 869; 444 870; 444 874; 445 875; 445 882; 446 883; 446 884; 447 885; 450 885; 451 884; 452 884; 452 883; 455 880; 456 880; 457 879; 458 879; 460 877; 462 877; 463 876; 466 876; 470 872; 471 872; 472 871; 473 871; 475 869; 476 869; 478 867; 478 866; 479 865; 479 861; 478 860; 477 860; 476 859; 475 859; 474 858; 459 858; 458 859; 453 859; 448 854; 448 853; 446 851; 446 850; 445 849; 445 848
115; 248 860; 247 861; 246 861; 245 862; 244 862; 243 863; 241 863; 240 864; 234 864; 233 865; 231 865; 229 867; 228 867; 227 868; 224 868; 223 869; 222 869; 221 870; 220 870; 219 871; 218 871; 217 872; 217 875; 218 876; 218 878; 221 881; 223 881; 224 882; 225 882; 236 893; 237 893; 241 897; 241 898; 242 898; 243 899; 245 899; 246 898; 246 897; 247 896; 247 894; 248 893; 248 889; 249 888; 249 885; 250 884; 250 880; 251 879; 251 878; 252 877; 252 875; 253 874; 253 869; 254 868; 254 862; 252 860
116; 196 861; 194 863; 194 864; 193 865; 193 866; 192 867; 192 871; 191 872; 191 877; 190 878; 190 879; 189 880; 189 881; 188 882; 188 884; 187 885; 187 887; 186 888; 186 892; 185 893; 185 897; 186 898; 190 898; 191 897; 193 897; 194 896; 206 896; 207 895; 209 895; 210 894; 211 894; 212 893; 214 893; 215 892; 217 892; 218 891; 220 891; 221 890; 222 890; 223 889; 223 887; 222 886; 222 885; 221 885; 219 883; 219 880; 217 878; 217 877; 214 877; 210 873; 210 872; 203 865; 202 865; 201 864; 201 863; 199 861
117; 302 864; 301 865; 301 867; 300 868; 300 872; 299 873; 299 879; 298 880; 298 882; 297 883; 297 885; 296 886; 296 888; 295 889; 295 892; 294 893; 294 895; 293 896; 293 900; 294 901; 301 901; 302 900; 306 900; 307 899; 310 899; 311 898; 312 898; 313 897; 314 897; 315 896; 316 896; 317 895; 320 895; 321 894; 323 894; 324 893; 326 893; 327 892; 329 892; 330 891; 330 887; 327 884; 326 884; 317 875; 316 875; 305 864
118; 770 874; 769 875; 769 876; 770 877; 770 878; 773 881; 773 882; 774 883; 774 884; 776 886; 776 887; 777 888; 777 889; 778 890; 778 891; 779 892; 779 893; 780 894; 780 895; 781 896; 781 897; 783 899; 783 900; 784 901; 784 902; 785 903; 785 904; 787 906; 787 907; 789 909; 792 909; 793 908; 793 907; 794 906; 794 905; 796 903; 796 902; 798 900; 798 899; 801 896; 801 895; 803 893; 803 892; 804 891; 804 890; 807 887; 807 886; 809 884; 809 883; 811 881; 811 877; 810 877; 808 875; 797 875; 796 874; 787 874; 786 875; 781 875; 780 874
119; 466 878; 466 879; 465 880; 464 880; 463 881; 462 881; 461 882; 460 882; 459 883; 458 883; 457 884; 456 884; 455 885; 454 885; 453 884; 452 885; 451 885; 450 886; 448 886; 449 887; 448 888; 448 889; 446 891; 445 891; 444 892; 443 892; 442 893; 441 893; 440 894; 439 894; 438 895; 437 895; 436 896; 436 898; 440 902; 441 902; 442 903; 443 903; 445 905; 446 905; 448 907; 449 907; 452 910; 453 910; 454 911; 455 911; 456 912; 457 912; 459 914; 460 914; 461 915; 462 915; 466 919; 468 919; 469 920; 469 919; 470 918; 470 912; 471 911; 471 880; 469 878
120; 100 880; 99 881; 99 883; 98 884; 98 885; 97 886; 97 887; 96 888; 96 889; 95 890; 95 892; 94 893; 94 896; 93 897; 93 899; 92 900; 92 901; 91 902; 91 903; 90 904; 90 906; 89 907; 89 910; 88 911; 88 913; 87 914; 87 916; 88 917; 92 917; 93 916; 95 916; 96 915; 111 915; 112 914; 113 914; 114 913; 125 913; 125 907; 122 904; 122 903; 121 902; 121 901; 119 899; 119 898; 115 894; 115 893; 112 890; 112 889; 103 880
121; 841 888; 840 889; 840 890; 839 891; 839 892; 838 893; 838 894; 837 895; 837 897; 836 898; 836 900; 835 901; 835 903; 834 904; 834 906; 833 907; 833 908; 832 909; 832 910; 831 911; 831 912; 830 913; 830 914; 829 915; 829 917; 828 918; 828 920; 829 921; 829 923; 831 925; 834 925; 835 924; 836 924; 837 923; 843 923; 844 922; 847 922; 848 923; 850 923; 851 922; 853 922; 854 921; 856 921; 857 920; 864 920; 865 919; 866 919; 866 918; 867 917; 867 915; 866 914; 866 913; 862 909; 862 908; 857 903; 857 902; 855 900; 855 899; 851 895; 851 894; 845 888
122; 277 892; 274 895; 274 896; 273 897; 273 899; 272 900; 272 902; 269 905; 269 906; 266 909; 266 912; 265 913; 265 915; 264 916; 264 917; 263 918; 263 919; 262 920; 262 921; 261 922; 261 926; 262 927; 276 927; 277 926; 289 926; 290 925; 291 926; 296 926; 297 925; 298 925; 299 924; 299 918; 297 916; 297 915; 292 910; 292 909; 290 907; 290 906; 289 905; 289 904; 288 903; 288 902; 286 900; 286 899; 284 897; 284 896; 282 894; 282 893; 281 892
123; 503 909; 502 910; 499 910; 498 911; 496 911; 495 912; 488 912; 487 913; 485 913; 484 914; 482 914; 481 915; 480 915; 478 917; 477 917; 476 918; 471 918; 470 919; 470 920; 472 922; 472 923; 476 927; 477 927; 478 928; 478 929; 479 930; 479 931; 482 934; 483 934; 487 938; 488 938; 491 941; 492 941; 497 946; 499 946; 502 943; 502 941; 503 940; 503 938; 504 937; 504 933; 505 932; 505 930; 506 929; 506 928; 507 927; 507 923; 508 922; 508 919; 509 918; 509 916; 510 915; 510 910; 509 909
124; 31 912; 31 917; 30 918; 30 919; 29 920; 29 921; 28 922; 28 923; 27 924; 27 925; 26 926; 26 927; 25 928; 25 930; 24 931; 24 933; 23 934; 23 935; 22 936; 22 938; 21 939; 21 946; 33 946; 34 945; 45 945; 46 944; 50 944; 51 943; 56 943; 58 941; 58 939; 57 938; 57 937; 55 935; 55 933; 54 932; 54 930; 49 925; 49 924; 44 919; 44 918; 43 917; 43 916; 41 914; 38 914; 37 913; 36 913; 35 912
125; 121 914; 121 916; 120 917; 120 918; 118 920; 117 920; 116 921; 115 921; 113 923; 112 923; 108 927; 107 927; 101 933; 101 934; 96 939; 96 942; 97 943; 100 943; 101 944; 104 944; 105 945; 106 945; 107 946; 108 946; 109 947; 110 947; 111 948; 112 948; 113 949; 114 949; 115 950; 117 950; 118 951; 122 951; 123 952; 127 952; 128 953; 131 953; 133 951; 133 949; 132 948; 132 946; 131 945; 131 934; 130 933; 130 932; 129 931; 129 930; 128 929; 128 926; 127 925; 127 919; 126 918; 126 916; 125 915; 125 914
126; 644 921; 644 922; 643 923; 643 925; 641 927; 641 928; 640 929; 640 931; 638 933; 638 935; 637 936; 637 941; 636 942; 636 943; 635 944; 635 946; 634 947; 634 950; 632 952; 632 955; 633 956; 633 958; 634 958; 635 957; 637 957; 638 956; 641 956; 642 955; 644 955; 645 954; 646 954; 647 953; 648 953; 649 952; 650 952; 651 951; 652 951; 653 950; 654 950; 655 949; 656 949; 658 947; 660 947; 661 946; 664 946; 665 945; 666 945; 667 944; 667 941; 664 938; 664 937; 661 934; 659 934; 657 932; 657 931; 655 929; 655 928; 649 922; 648 922; 647 921
127; 461 922; 460 923; 460 924; 459 925; 459 926; 458 927; 458 928; 457 929; 457 930; 456 931; 456 933; 455 934; 455 936; 454 937; 454 938; 453 939; 453 941; 452 942; 452 943; 451 944; 451 945; 450 946; 450 947; 449 948; 449 950; 447 952; 447 956; 448 957; 449 957; 450 958; 458 958; 459 957; 467 957; 468 956; 481 956; 482 955; 483 955; 485 953; 485 951; 484 950; 484 949; 483 948; 483 947; 480 944; 480 943; 477 940; 477 939; 476 938; 476 936; 468 928; 468 927; 467 926; 467 925; 465 923; 465 922
128; 247 935; 246 936; 241 936; 240 937; 236 937; 235 938; 233 938; 232 939; 230 939; 229 940; 228 940; 227 941; 223 941; 223 945; 225 947; 225 948; 228 951; 228 952; 232 956; 232 957; 238 963; 238 964; 241 967; 241 968; 244 971; 248 971; 248 970; 249 969; 249 966; 251 964; 251 963; 252 962; 252 961; 253 960; 253 958; 254 957; 254 956; 256 954; 256 951; 257 950; 257 948; 258 947; 258 944; 259 943; 259 941; 260 940; 260 939; 261 938; 261 936; 260 935
129; 765 928; 764 929; 764 933; 763 934; 763 935; 762 936; 762 937; 761 938; 761 941; 760 942; 760 945; 759 946; 759 947; 758 948; 758 950; 757 951; 757 954; 756 955; 756 957; 755 958; 755 964; 756 965; 759 965; 760 964; 774 964; 775 963; 776 963; 777 962; 778 962; 779 961; 782 961; 783 960; 785 960; 786 959; 787 959; 788 958; 789 958; 790 957; 791 957; 792 956; 793 956; 793 953; 791 951; 791 950; 775 934; 775 933; 770 928
130; 601 929; 600 930; 600 931; 599 932; 599 934; 598 935; 598 937; 597 938; 597 941; 596 942; 596 944; 595 945; 595 947; 594 948; 594 950; 593 951; 593 952; 592 953; 592 956; 591 957; 591 961; 590 962; 590 966; 591 967; 595 967; 596 966; 599 966; 600 965; 601 965; 602 964; 611 964; 612 963; 613 963; 614 962; 615 962; 616 961; 621 961; 622 960; 625 960; 626 959; 628 959; 629 958; 632 958; 632 956; 631 955; 631 953; 630 954; 628 954; 623 949; 623 948; 622 948; 616 942; 616 941; 606 931; 606 930; 605 929
131; 725 942; 725 943; 724 944; 724 946; 722 948; 722 949; 721 950; 721 951; 718 954; 718 955; 717 956; 717 958; 716 959; 716 960; 715 961; 715 963; 713 965; 713 966; 712 967; 712 968; 711 969; 711 970; 710 971; 710 972; 709 973; 709 975; 711 977; 717 977; 718 976; 724 976; 725 977; 728 977; 729 976; 748 976; 748 975; 749 974; 749 970; 746 967; 746 966; 744 964; 744 962; 743 961; 743 960; 739 956; 739 955; 737 953; 737 952; 736 951; 736 950; 734 948; 734 947; 729 942
132; 679 946; 678 947; 678 948; 677 949; 677 950; 675 952; 675 953; 674 954; 674 955; 673 956; 673 957; 670 960; 670 961; 669 962; 669 963; 668 964; 668 966; 667 967; 667 968; 666 969; 666 970; 665 971; 665 972; 664 973; 664 974; 663 975; 663 976; 662 977; 662 979; 661 980; 663 982; 665 982; 666 981; 668 981; 669 980; 681 980; 682 981; 685 981; 686 982; 688 982; 689 981; 690 981; 691 980; 693 980; 694 979; 699 979; 700 978; 702 978; 702 973; 701 972; 701 971; 698 968; 698 967; 696 965; 696 964; 694 962; 694 961; 692 959; 692 958; 689 955; 689 954; 688 953; 688 952; 687 952; 683 948; 683 947; 682 946
133; 521 962; 520 963; 506 963; 505 964; 495 964; 494 965; 488 965; 486 967; 486 970; 487 971; 487 972; 488 973; 488 974; 492 978; 492 979; 494 981; 494 982; 496 984; 496 985; 497 986; 497 987; 503 993; 503 994; 504 995; 504 996; 507 999; 509 999; 512 996; 512 994; 513 993; 513 992; 514 991; 514 989; 516 987; 516 986; 517 985; 517 984; 520 981; 520 980; 521 979; 521 975; 522 974; 522 972; 523 971; 523 970; 524 969; 524 968; 525 967; 525 964; 523 962
134; 773 971; 772 972; 771 972; 770 973; 770 975; 768 977; 768 979; 769 980; 769 981; 772 984; 772 985; 773 986; 773 987; 774 988; 774 989; 778 993; 778 994; 779 995; 779 996; 781 998; 781 999; 782 1000; 782 1001; 783 1002; 783 1004; 785 1006; 786 1006; 787 1007; 790 1007; 793 1004; 793 1002; 794 1001; 794 999; 797 996; 797 994; 798 993; 798 992; 800 990; 800 989; 801 988; 801 987; 802 986; 802 985; 803 984; 803 983; 804 982; 804 981; 805 980; 805 979; 807 977; 807 976; 808 975; 808 973; 807 972; 797 972; 796 971
135; 746 977; 746 979; 743 982; 741 982; 740 983; 739 983; 738 984; 737 984; 736 985; 735 985; 734 986; 733 986; 732 987; 731 987; 729 989; 727 989; 726 990; 724 990; 723 991; 722 991; 721 992; 720 992; 717 995; 717 999; 718 1000; 719 1000; 720 1001; 721 1001; 723 1003; 724 1003; 726 1005; 727 1005; 733 1011; 735 1011; 736 1012; 738 1012; 740 1014; 741 1014; 745 1018; 749 1018; 750 1017; 750 1012; 751 1011; 751 1007; 752 1006; 752 1002; 753 1001; 753 991; 754 990; 754 983; 753 982; 753 980; 750 977
136; 660 981; 659 982; 657 982; 656 983; 654 983; 653 984; 651 984; 650 985; 649 985; 648 986; 646 986; 645 987; 642 987; 641 988; 640 988; 639 989; 638 989; 637 990; 636 990; 635 991; 634 991; 633 992; 631 992; 630 993; 629 993; 628 994; 626 994; 624 996; 624 999; 625 1000; 625 1001; 626 1002; 627 1002; 629 1004; 630 1004; 633 1007; 634 1007; 639 1012; 640 1012; 644 1016; 645 1016; 647 1018; 648 1018; 653 1023; 655 1023; 655 1021; 656 1020; 656 1015; 657 1014; 657 1010; 658 1009; 658 1006; 659 1005; 659 1003; 660 1002; 660 997; 659 996; 660 995; 660 992; 661 991; 661 988; 662 987; 662 985; 663 984; 663 983; 661 981
137; 61 992; 58 995; 58 996; 57 997; 57 998; 56 999; 56 1002; 55 1003; 55 1007; 54 1008; 54 1009; 53 1010; 53 1012; 52 1013; 52 1015; 51 1016; 51 1018; 50 1019; 50 1023; 87 1023; 87 1020; 86 1019; 86 1018; 83 1015; 83 1014; 82 1014; 81 1013; 81 1012; 76 1007; 76 1006; 72 1002; 72 1001; 65 994; 65 993; 64 992
138; 300 993; 299 994; 297 994; 296 995; 295 995; 294 996; 289 996; 288 997; 286 997; 285 998; 284 998; 283 999; 282 999; 281 1000; 279 1000; 278 1001; 277 1001; 276 1002; 269 1002; 267 1004; 267 1007; 279 1019; 279 1020; 281 1022; 281 1023; 298 1023; 298 1022; 299 1021; 299 1019; 300 1018; 300 1017; 301 1016; 301 1015; 302 1014; 302 1008; 303 1007; 303 1004; 304 1003; 304 999; 305 998; 305 994; 304 994; 303 993
139; 686 984; 686 985; 685 986; 685 987; 684 988; 684 990; 683 991; 683 992; 682 993; 682 994; 681 995; 681 997; 680 998; 680 999; 679 1000; 679 1001; 678 1002; 678 1003; 677 1004; 677 1005; 676 1006; 676 1007; 675 1008; 675 1009; 674 1010; 674 1013; 673 1014; 673 1015; 672 1016; 672 1023; 683 1023; 685 1021; 688 1021; 689 1020; 701 1020; 702 1019; 706 1019; 707 1018; 709 1018; 710 1017; 710 1013; 708 1011; 708 1010; 707 1009; 707 1008; 706 1007; 706 1006; 704 1004; 704 1003; 703 1002; 703 1001; 702 1000; 702 999; 699 996; 699 995; 695 991; 695 990; 689 984
