0; 649 0; 649 1; 647 3; 646 3; 645 4; 643 4; 642 5; 641 5; 640 6; 638 6; 636 8; 635 8; 633 10; 632 10; 631 11; 630 11; 629 12; 629 15; 631 17; 632 17; 633 18; 634 18; 635 19; 636 19; 637 20; 638 20; 639 21; 640 21; 642 23; 643 23; 647 27; 648 27; 650 29; 651 29; 652 30; 653 30; 655 32; 656 32; 658 34; 659 34; 660 35; 662 35; 664 33; 664 24; 665 23; 665 19; 666 18; 666 0
1; 808 0; 808 3; 807 4; 807 5; 805 7; 805 9; 804 10; 804 15; 803 16; 803 17; 802 18; 802 20; 801 21; 801 23; 800 24; 800 25; 799 26; 799 27; 801 29; 801 30; 802 30; 803 29; 806 29; 807 28; 810 28; 811 27; 814 27; 815 26; 824 26; 825 25; 833 25; 834 24; 836 24; 837 23; 838 23; 839 22; 839 19; 837 17; 837 16; 831 10; 831 9; 826 4; 826 3; 825 2; 825 0
2; 595 0; 595 1; 590 6; 589 6; 587 8; 586 8; 584 10; 583 10; 581 12; 580 12; 579 13; 578 13; 577 14; 575 14; 574 15; 573 15; 572 16; 571 16; 567 20; 567 22; 571 26; 572 26; 573 27; 574 27; 575 28; 577 28; 578 29; 579 29; 580 30; 581 30; 582 31; 583 31; 584 32; 585 32; 586 33; 587 33; 588 34; 590 34; 591 35; 592 35; 594 37; 595 37; 596 38; 598 38; 600 40; 603 40; 604 39; 606 39; 605 38; 605 32; 604 31; 604 24; 603 23; 604 22; 604 14; 603 13; 603 2; 602 1; 602 0
3; 469 4; 468 5; 467 5; 466 6; 465 6; 464 7; 463 7; 460 10; 459 10; 458 11; 456 11; 455 12; 454 12; 453 13; 453 14; 448 19; 447 19; 446 20; 445 20; 443 22; 442 22; 440 24; 439 24; 438 25; 438 28; 439 29; 440 29; 442 31; 443 31; 444 32; 444 33; 445 34; 445 35; 449 35; 450 36; 452 36; 453 37; 456 37; 457 38; 460 38; 461 39; 463 39; 464 40; 465 40; 466 41; 468 41; 469 42; 470 42; 471 43; 474 43; 476 41; 476 35; 475 34; 475 27; 474 26; 474 8; 473 7; 473 6; 471 4
4; 34 9; 33 10; 33 11; 32 12; 32 13; 31 14; 31 15; 30 16; 30 20; 29 21; 29 25; 28 26; 28 30; 27 31; 27 32; 26 33; 26 35; 25 36; 25 39; 24 40; 24 45; 25 46; 32 46; 33 45; 35 45; 36 44; 37 44; 38 43; 40 43; 41 42; 43 42; 44 41; 47 41; 48 40; 51 40; 52 39; 53 39; 54 38; 56 38; 57 37; 59 37; 60 36; 61 36; 63 34; 63 32; 61 30; 60 30; 49 19; 48 19; 47 18; 46 18; 38 10; 37 10; 36 9
5; 218 20; 212 21; 194 10; 189 11; 191 48; 195 49; 205 42; 212 40; 229 25
6; 229 25; 234 7; 234 0; 226 0; 226 6; 223 12; 219 11; 212 5; 213 0; 197 0; 197 2; 204 9; 211 13; 218 20
7; 763 14; 762 15; 762 29; 763 30; 763 37; 764 38; 764 51; 766 53; 770 53; 772 51; 773 51; 775 49; 776 49; 779 46; 780 46; 781 45; 782 45; 783 44; 786 44; 793 37; 794 37; 800 31; 800 29; 798 27; 795 27; 794 26; 792 26; 791 25; 789 25; 788 24; 786 24; 785 23; 784 23; 783 22; 782 22; 780 20; 779 20; 778 19; 776 19; 775 18; 774 18; 773 17; 772 17; 771 16; 770 16; 769 15; 768 15; 767 14
8; 243 29; 239 29; 233 37; 226 58; 227 65; 246 63; 253 60; 263 59; 266 56; 266 54; 248 35; 248 32
9; 248 32; 277 14; 280 11; 279 7; 271 3; 269 0; 244 0; 246 26; 243 29
10; 444 36; 444 37; 443 38; 443 40; 442 41; 442 47; 441 48; 441 53; 440 54; 440 57; 441 58; 441 60; 442 61; 442 62; 441 63; 441 73; 443 75; 445 75; 446 74; 449 74; 450 73; 451 73; 452 72; 453 72; 454 71; 455 71; 456 70; 457 70; 458 69; 459 69; 461 67; 462 67; 463 66; 464 66; 465 65; 466 65; 467 64; 468 64; 469 63; 470 63; 471 62; 472 62; 473 61; 474 61; 476 59; 477 59; 479 57; 479 55; 476 52; 475 52; 474 51; 472 51; 470 49; 469 49; 468 48; 467 48; 465 46; 464 46; 462 44; 461 44; 460 43; 459 43; 455 39; 454 39; 452 37; 450 37; 449 36
11; 672 39; 671 40; 671 49; 672 50; 672 55; 673 56; 673 59; 674 60; 674 63; 675 64; 675 73; 676 74; 676 76; 678 78; 681 78; 682 77; 683 77; 687 73; 688 73; 696 65; 697 65; 700 62; 701 62; 703 60; 704 60; 705 61; 709 57; 709 55; 710 54; 710 51; 708 49; 704 49; 703 48; 700 48; 699 47; 698 47; 696 45; 695 45; 694 44; 689 44; 688 43; 686 43; 685 42; 683 42; 682 41; 681 41; 680 40; 679 40; 678 39
12; 604 40; 603 41; 601 41; 601 49; 600 50; 600 57; 599 58; 599 59; 598 60; 598 69; 597 70; 597 81; 598 80; 604 80; 605 79; 607 79; 608 78; 609 78; 610 77; 611 77; 612 76; 613 76; 614 75; 615 75; 616 74; 618 74; 619 73; 621 73; 622 72; 623 72; 624 71; 625 71; 626 70; 627 70; 628 69; 630 69; 631 68; 632 68; 633 67; 634 67; 636 65; 636 63; 630 57; 629 57; 627 55; 626 55; 621 50; 620 50; 618 48; 617 48; 616 47; 615 47; 613 45; 612 45; 610 43; 609 43; 606 40
13; 710 57; 706 61; 706 63; 707 64; 707 66; 708 67; 708 68; 709 69; 709 70; 710 71; 710 72; 711 73; 711 74; 712 75; 712 76; 713 77; 713 78; 714 79; 714 80; 715 81; 715 82; 716 83; 716 84; 717 85; 717 86; 718 87; 718 88; 719 89; 719 90; 720 91; 720 93; 719 94; 722 97; 723 97; 724 96; 725 96; 726 95; 727 95; 731 91; 731 90; 732 89; 732 88; 736 84; 737 84; 738 83; 740 83; 740 79; 741 78; 741 77; 743 75; 743 74; 745 72; 745 71; 748 68; 748 64; 746 62; 744 62; 743 61; 731 61; 730 60; 725 60; 724 59; 717 59; 716 58; 711 58
14; 198 61; 196 63; 195 63; 194 64; 193 64; 192 65; 191 65; 190 66; 188 66; 187 67; 186 67; 185 68; 184 68; 183 69; 182 69; 181 70; 180 70; 179 71; 177 71; 176 72; 174 72; 173 73; 172 73; 171 74; 170 74; 169 75; 168 75; 166 77; 166 79; 167 80; 167 81; 169 83; 171 83; 172 84; 173 84; 174 85; 175 85; 176 86; 177 86; 179 88; 180 88; 181 89; 182 89; 184 91; 185 91; 186 92; 187 92; 189 94; 190 94; 192 96; 193 96; 195 98; 196 98; 197 99; 201 99; 202 98; 202 91; 203 90; 203 85; 204 84; 204 82; 205 81; 205 77; 204 76; 204 67; 203 66; 203 62; 202 61
15; 589 72; 587 74; 586 74; 585 75; 583 75; 582 76; 581 76; 580 77; 579 77; 578 78; 577 78; 576 79; 575 79; 573 81; 572 81; 571 82; 570 82; 569 83; 568 83; 567 84; 566 84; 565 85; 564 85; 563 86; 562 86; 561 87; 560 87; 558 89; 558 92; 560 94; 561 94; 564 97; 565 97; 567 99; 568 99; 569 100; 570 100; 572 102; 573 102; 574 103; 575 103; 577 105; 578 105; 579 106; 580 106; 582 108; 583 108; 585 110; 586 110; 587 111; 588 111; 589 112; 592 112; 593 111; 593 104; 594 103; 594 96; 595 95; 595 93; 596 92; 596 89; 595 88; 595 82; 596 81; 596 72
16; 642 76; 638 80; 638 81; 637 82; 637 85; 638 86; 638 89; 637 90; 637 94; 636 95; 636 105; 635 106; 635 109; 636 110; 636 112; 637 113; 637 116; 639 116; 640 115; 641 115; 642 114; 643 114; 644 113; 646 113; 647 112; 649 112; 650 111; 652 111; 653 110; 657 110; 658 109; 659 109; 662 106; 663 106; 664 105; 665 105; 666 104; 668 104; 669 103; 670 103; 671 102; 672 102; 674 100; 674 98; 669 93; 668 93; 666 91; 665 91; 663 89; 662 89; 660 87; 659 87; 658 86; 657 86; 656 85; 655 85; 647 77; 646 77; 645 76
17; 939 85; 938 86; 923 86; 921 88; 921 91; 922 92; 922 93; 924 95; 924 96; 925 97; 925 98; 927 100; 927 101; 928 102; 928 103; 929 104; 929 105; 930 106; 930 107; 932 109; 932 110; 934 112; 934 113; 935 114; 935 115; 936 116; 936 117; 937 118; 937 119; 940 122; 942 122; 943 121; 944 121; 944 120; 945 119; 945 118; 947 116; 947 115; 948 114; 948 113; 950 111; 950 110; 951 109; 951 108; 954 105; 954 104; 956 102; 956 101; 958 99; 958 98; 960 96; 960 95; 961 94; 961 93; 962 92; 962 88; 961 87; 960 87; 959 86; 946 86; 945 85
18; 744 80; 743 81; 741 81; 741 88; 740 89; 740 90; 739 91; 739 93; 738 94; 738 95; 737 96; 737 97; 736 98; 736 99; 734 101; 734 103; 733 104; 733 106; 732 107; 732 109; 731 110; 731 111; 730 112; 730 117; 731 118; 736 118; 737 117; 742 117; 743 116; 746 116; 747 117; 750 117; 751 116; 752 116; 753 115; 754 115; 755 114; 763 114; 764 113; 766 113; 767 112; 769 112; 770 111; 770 108; 769 107; 769 106; 762 99; 762 98; 759 95; 759 94; 754 89; 754 88; 752 86; 752 85; 751 84; 751 83; 748 80
19; 385 84; 383 86; 383 87; 382 88; 382 100; 381 101; 381 116; 380 117; 380 122; 382 124; 387 124; 388 123; 389 123; 390 122; 391 122; 392 121; 393 121; 394 120; 395 120; 396 119; 397 119; 398 118; 400 118; 401 117; 403 117; 407 113; 408 113; 409 112; 410 112; 411 111; 413 111; 414 110; 415 110; 416 109; 417 109; 418 108; 418 106; 411 99; 410 99; 408 97; 407 97; 404 94; 403 94; 402 93; 401 93; 400 92; 399 92; 398 91; 397 91; 394 88; 393 88; 391 86; 390 86; 389 85; 388 85; 387 84
20; 609 85; 607 87; 607 89; 606 90; 606 91; 605 92; 605 94; 604 95; 604 96; 603 97; 603 99; 602 100; 602 101; 601 102; 601 103; 600 104; 600 105; 599 106; 599 107; 598 108; 598 109; 595 112; 595 115; 594 116; 594 121; 595 121; 596 122; 601 122; 602 121; 607 121; 608 120; 611 120; 612 121; 619 121; 620 120; 622 120; 623 119; 628 119; 629 118; 632 118; 633 117; 636 117; 636 113; 635 112; 635 110; 634 109; 632 109; 627 104; 627 103; 623 99; 623 98; 620 95; 620 94; 616 90; 616 89; 614 87; 614 86; 613 85
21; 715 95; 714 96; 711 96; 710 97; 706 97; 705 98; 702 98; 701 99; 697 99; 696 100; 692 100; 691 101; 689 101; 688 102; 686 102; 685 103; 682 103; 680 105; 680 107; 683 110; 683 111; 688 116; 689 116; 693 120; 693 121; 698 126; 698 127; 703 132; 704 132; 705 133; 709 133; 710 132; 710 131; 711 130; 711 129; 712 128; 712 125; 713 124; 713 121; 714 120; 714 119; 716 117; 716 112; 717 111; 717 108; 718 107; 718 105; 719 104; 719 103; 720 102; 720 100; 722 98; 719 95
22; 170 102; 166 106; 166 107; 165 108; 165 109; 162 112; 162 113; 161 114; 160 114; 156 118; 156 120; 155 121; 155 122; 150 127; 150 128; 148 130; 148 133; 149 133; 150 134; 152 134; 153 135; 163 135; 164 136; 177 136; 178 137; 182 137; 183 138; 187 138; 189 136; 189 132; 188 131; 188 130; 187 129; 187 128; 186 127; 186 126; 185 125; 185 124; 183 122; 183 120; 182 119; 182 117; 181 116; 181 115; 180 114; 180 113; 179 112; 179 111; 178 110; 178 109; 177 108; 177 107; 176 106; 176 105; 175 104; 175 103; 174 102
23; 261 106; 259 108; 259 109; 258 110; 258 112; 256 114; 256 116; 255 117; 255 121; 254 122; 254 123; 253 124; 253 126; 252 127; 252 130; 251 131; 251 132; 250 133; 250 137; 249 138; 249 140; 248 141; 248 143; 249 144; 256 144; 257 143; 260 143; 261 142; 263 142; 264 141; 269 141; 270 140; 272 140; 273 139; 276 139; 277 138; 282 138; 283 137; 287 137; 288 136; 289 136; 289 133; 286 130; 286 129; 282 125; 281 125; 276 120; 276 119; 275 118; 275 117; 273 115; 272 115; 263 106
24; 440 111; 439 112; 437 112; 436 113; 435 113; 433 115; 432 115; 430 117; 429 117; 428 118; 426 118; 425 119; 424 119; 423 120; 421 120; 420 121; 419 121; 418 122; 417 122; 416 123; 415 123; 414 124; 412 124; 411 125; 410 125; 409 126; 408 126; 407 127; 407 129; 408 130; 408 131; 409 131; 413 135; 414 135; 417 138; 418 138; 420 140; 421 140; 423 142; 424 142; 426 144; 427 144; 428 145; 429 145; 430 146; 431 146; 432 147; 433 147; 435 149; 436 149; 437 150; 442 150; 443 149; 443 140; 444 139; 444 133; 445 132; 445 125; 444 124; 444 122; 445 121; 445 117; 444 116; 444 112; 443 111
25; 297 119; 296 120; 296 124; 295 125; 295 130; 294 131; 294 132; 292 134; 291 134; 291 136; 292 137; 292 138; 293 139; 293 156; 294 157; 300 157; 301 156; 302 156; 304 154; 305 154; 307 152; 309 152; 310 151; 311 151; 312 150; 314 150; 315 149; 316 149; 317 148; 319 148; 320 147; 322 147; 323 146; 324 146; 325 145; 327 145; 328 144; 329 144; 331 142; 331 140; 328 137; 327 137; 325 135; 324 135; 322 133; 321 133; 318 130; 317 130; 315 128; 314 128; 312 126; 311 126; 309 124; 308 124; 307 123; 306 123; 303 120; 302 120; 301 119
26; 734 124; 731 127; 731 129; 732 130; 732 131; 731 132; 731 137; 730 138; 730 152; 729 153; 729 162; 731 164; 734 164; 735 163; 737 163; 739 161; 740 161; 741 160; 742 160; 743 159; 744 159; 745 158; 747 158; 748 157; 749 157; 750 156; 751 156; 752 155; 753 155; 754 154; 755 154; 756 153; 758 153; 759 152; 760 152; 761 151; 763 151; 765 149; 766 149; 767 148; 767 145; 764 142; 763 142; 762 141; 761 141; 759 139; 758 139; 757 138; 756 138; 751 133; 750 133; 749 132; 747 132; 745 130; 744 130; 740 126; 739 126; 738 125; 737 125; 736 124
27; 222 142; 221 143; 216 143; 215 144; 206 144; 205 145; 204 145; 203 146; 202 146; 201 147; 198 147; 197 148; 194 148; 193 149; 191 149; 190 150; 186 150; 185 151; 185 153; 186 154; 186 156; 187 156; 188 157; 189 157; 192 160; 193 160; 197 164; 197 165; 202 170; 202 171; 205 174; 218 174; 218 170; 219 169; 219 167; 220 166; 220 164; 221 163; 221 161; 222 160; 222 156; 223 155; 223 152; 224 151; 224 149; 226 147; 226 143; 225 143; 224 142
28; 805 142; 804 143; 804 148; 805 149; 805 152; 806 153; 806 155; 807 156; 807 159; 808 160; 808 164; 809 165; 809 166; 810 167; 810 169; 811 170; 811 171; 812 172; 812 175; 813 176; 813 178; 814 179; 814 180; 815 181; 819 181; 828 172; 828 171; 841 158; 841 157; 843 155; 843 153; 842 152; 842 151; 841 151; 840 150; 838 150; 837 149; 834 149; 833 148; 830 148; 828 146; 827 146; 826 145; 819 145; 818 144; 815 144; 814 143; 811 143; 810 142
29; 148 147; 147 148; 145 148; 144 149; 144 153; 146 155; 146 156; 147 157; 147 158; 148 159; 148 160; 149 161; 149 162; 150 163; 150 164; 151 165; 151 167; 152 168; 152 169; 153 170; 153 171; 154 172; 154 174; 155 175; 155 176; 156 177; 156 178; 158 180; 158 181; 160 183; 163 183; 165 181; 165 180; 167 178; 167 177; 174 170; 174 169; 177 166; 177 165; 178 164; 178 163; 180 161; 183 161; 183 160; 184 159; 184 157; 185 156; 185 154; 184 153; 184 151; 180 151; 179 150; 168 150; 167 149; 159 149; 158 148; 152 148; 151 147
30; 20 146; 19 147; 18 147; 17 148; 17 151; 18 152; 18 159; 19 160; 19 170; 20 171; 20 176; 21 177; 21 182; 22 183; 22 184; 26 184; 29 181; 30 181; 34 177; 35 177; 36 176; 37 176; 38 175; 40 175; 47 168; 48 168; 52 164; 53 164; 54 163; 54 160; 52 158; 51 158; 50 157; 48 157; 47 156; 46 156; 45 155; 43 155; 42 154; 40 154; 39 153; 38 153; 37 152; 35 152; 34 151; 33 151; 32 150; 30 150; 29 149; 28 149; 27 148; 26 148; 25 147; 23 147; 22 146
31; 237 143; 236 144; 236 145; 235 146; 235 147; 234 148; 234 150; 233 151; 233 153; 232 154; 232 156; 231 157; 231 158; 230 159; 230 161; 229 162; 229 164; 228 165; 228 167; 227 168; 227 171; 226 172; 226 173; 225 174; 225 175; 222 178; 222 180; 229 180; 230 179; 235 179; 236 178; 246 178; 247 177; 249 177; 250 176; 254 176; 255 175; 259 175; 260 174; 261 174; 262 173; 263 173; 263 170; 262 169; 262 168; 252 158; 252 157; 244 149; 244 148; 242 146; 242 145; 240 143
32; 431 159; 430 160; 427 160; 426 161; 423 161; 422 162; 421 162; 420 163; 417 163; 416 164; 411 164; 409 166; 408 166; 407 167; 403 167; 402 168; 400 168; 399 169; 398 169; 396 171; 396 173; 398 175; 398 176; 400 178; 401 178; 408 185; 409 185; 418 194; 419 194; 422 197; 426 197; 427 196; 427 195; 428 194; 428 192; 429 191; 429 188; 430 187; 430 184; 431 183; 431 179; 432 178; 432 175; 433 174; 433 170; 434 169; 434 164; 435 163; 435 161; 433 159
33; 531 160; 530 161; 530 162; 529 163; 529 165; 528 166; 528 170; 527 171; 527 174; 526 175; 526 176; 525 177; 525 181; 526 182; 526 185; 525 186; 525 189; 524 190; 524 198; 525 198; 526 199; 528 199; 529 198; 532 198; 533 197; 536 197; 537 196; 542 196; 545 193; 546 193; 547 192; 549 192; 550 191; 552 191; 553 190; 555 190; 556 189; 557 189; 558 188; 559 188; 560 187; 561 187; 562 186; 562 184; 557 179; 556 179; 553 176; 552 176; 537 161; 536 161; 535 160
34; 591 163; 590 164; 590 165; 589 166; 589 169; 588 170; 588 174; 587 175; 587 177; 585 179; 585 180; 584 181; 584 188; 583 189; 583 191; 582 192; 582 195; 581 196; 581 200; 582 201; 586 201; 587 200; 590 200; 591 199; 594 199; 595 198; 598 198; 599 197; 602 197; 603 196; 607 196; 608 195; 613 195; 614 194; 617 194; 620 191; 620 189; 619 188; 619 187; 616 184; 616 183; 614 181; 613 181; 608 176; 608 175; 598 165; 597 165; 595 163
35; 189 181; 185 184; 179 185; 178 189; 183 197; 193 205; 194 209; 197 211; 203 212; 207 215; 212 212; 213 210; 214 200
36; 214 200; 221 180; 217 177; 217 175; 205 175; 186 162; 184 162; 185 174; 188 177; 189 181
37; 333 177; 332 178; 331 178; 330 179; 330 183; 331 184; 331 185; 332 186; 332 187; 333 188; 333 189; 335 191; 335 192; 336 193; 336 194; 337 195; 337 196; 338 197; 338 199; 339 200; 339 201; 340 202; 340 203; 341 204; 341 206; 343 208; 345 208; 346 209; 352 209; 354 207; 354 206; 355 205; 355 204; 356 203; 356 202; 363 195; 363 193; 364 192; 364 191; 365 190; 365 189; 367 187; 367 186; 369 184; 369 180; 368 179; 366 179; 365 178; 342 178; 341 177
38; 69 183; 68 184; 67 184; 67 185; 66 186; 66 188; 67 189; 67 197; 66 198; 66 200; 65 201; 65 207; 66 208; 66 213; 65 214; 65 217; 64 218; 64 219; 66 221; 68 221; 69 220; 70 220; 71 219; 72 219; 73 218; 74 218; 75 217; 76 217; 77 216; 78 216; 79 215; 80 215; 81 214; 82 214; 83 213; 84 213; 85 212; 86 212; 87 211; 88 211; 89 210; 91 210; 92 209; 93 209; 94 208; 95 208; 96 207; 97 207; 98 206; 99 206; 100 205; 100 203; 97 200; 96 200; 94 198; 93 198; 89 194; 88 194; 84 190; 83 190; 82 189; 81 189; 80 188; 79 188; 77 186; 76 186; 75 185; 74 185; 73 184; 72 184; 71 183
39; 954 183; 953 184; 953 186; 952 187; 952 199; 951 200; 951 207; 952 208; 952 220; 953 221; 953 222; 956 222; 957 221; 958 221; 959 220; 960 220; 961 219; 962 219; 964 217; 965 217; 966 216; 967 216; 969 214; 970 214; 971 213; 972 213; 973 212; 975 212; 976 211; 977 211; 978 210; 979 210; 980 209; 981 209; 982 208; 983 208; 984 207; 985 207; 985 206; 987 204; 987 201; 986 200; 986 199; 985 198; 984 198; 983 197; 982 197; 981 196; 980 196; 979 195; 978 195; 977 194; 976 194; 975 193; 974 193; 973 192; 972 192; 970 190; 969 190; 967 188; 966 188; 965 187; 964 187; 963 186; 962 186; 960 184; 959 184; 958 183
40; 148 187; 147 188; 146 188; 145 189; 144 189; 143 190; 142 190; 141 191; 140 191; 139 192; 137 192; 136 193; 134 193; 131 196; 130 196; 129 197; 128 197; 127 198; 126 198; 125 199; 123 199; 122 200; 121 200; 120 201; 119 201; 118 202; 118 204; 119 205; 120 205; 123 208; 124 208; 126 210; 127 210; 129 212; 130 212; 131 213; 132 213; 136 217; 137 217; 139 219; 140 219; 145 224; 146 224; 147 225; 150 225; 151 224; 151 221; 152 220; 152 217; 153 216; 153 213; 152 212; 152 211; 153 210; 153 208; 152 207; 152 204; 153 203; 153 199; 154 198; 154 188; 153 187
41; 813 187; 812 188; 812 189; 811 190; 811 194; 810 195; 810 199; 809 200; 809 203; 808 204; 808 210; 807 211; 807 214; 806 215; 806 218; 805 219; 805 223; 806 224; 806 225; 811 225; 812 224; 813 224; 814 223; 816 223; 817 222; 819 222; 820 221; 823 221; 824 220; 828 220; 830 218; 831 218; 832 217; 833 217; 834 216; 837 216; 838 215; 839 215; 840 214; 841 214; 843 212; 843 209; 838 204; 837 204; 835 202; 834 202; 832 200; 831 200; 821 190; 820 190; 818 188; 817 188; 816 187
42; 543 196; 541 198; 541 199; 540 200; 540 203; 541 204; 541 206; 542 207; 542 209; 543 210; 543 211; 544 212; 544 214; 545 215; 545 218; 546 219; 546 222; 547 223; 547 226; 548 227; 548 228; 549 229; 549 231; 550 232; 550 233; 553 236; 556 236; 557 235; 558 235; 560 233; 560 232; 563 229; 563 228; 564 227; 564 226; 568 222; 568 221; 580 209; 580 205; 579 204; 576 204; 575 203; 572 203; 571 202; 566 202; 565 201; 564 201; 563 200; 561 200; 560 199; 549 199; 548 198; 547 198; 546 197; 544 197
43; 318 193; 317 194; 317 197; 316 198; 316 202; 315 203; 315 206; 314 207; 314 208; 313 209; 313 210; 312 211; 312 219; 311 220; 311 222; 310 223; 310 225; 309 226; 309 229; 310 230; 311 230; 312 231; 315 231; 316 230; 318 230; 319 229; 321 229; 322 228; 324 228; 325 227; 327 227; 328 226; 331 226; 332 225; 334 225; 335 224; 338 224; 339 223; 342 223; 343 222; 344 222; 345 221; 346 221; 349 218; 349 213; 351 211; 351 210; 346 210; 345 209; 343 209; 341 207; 339 207; 338 206; 337 206; 334 203; 333 203; 327 197; 326 197; 322 193
44; 872 199; 870 201; 870 212; 869 213; 869 227; 868 228; 868 237; 870 239; 873 239; 874 238; 875 238; 876 237; 877 237; 879 235; 880 235; 881 234; 882 234; 883 233; 884 233; 885 232; 891 232; 896 227; 897 227; 898 226; 899 226; 900 225; 901 225; 905 221; 905 218; 904 218; 902 216; 901 216; 900 215; 899 215; 898 214; 897 214; 896 213; 895 213; 894 212; 893 212; 891 210; 890 210; 887 207; 886 207; 884 205; 883 205; 881 203; 880 203; 879 202; 878 202; 876 200; 875 200; 874 199
45; 172 209; 171 210; 170 210; 168 212; 168 214; 170 216; 170 217; 172 219; 172 220; 173 221; 173 223; 174 224; 174 225; 175 226; 175 227; 177 229; 177 230; 178 231; 178 232; 179 233; 179 234; 180 235; 180 236; 182 238; 182 239; 186 243; 186 244; 189 244; 190 243; 192 243; 192 241; 193 240; 193 238; 194 237; 194 236; 195 235; 195 234; 199 230; 200 230; 201 229; 201 225; 202 224; 202 223; 203 222; 203 221; 204 220; 204 219; 205 218; 205 217; 206 216; 206 215; 205 215; 203 213; 200 213; 199 212; 197 212; 195 210; 194 210; 193 209; 191 209; 190 210; 181 210; 180 209
46; 27 211; 25 213; 25 215; 26 216; 26 224; 27 225; 27 227; 28 228; 28 230; 29 231; 29 232; 30 233; 30 238; 31 239; 31 244; 30 245; 34 249; 36 249; 37 248; 38 248; 39 247; 40 247; 52 235; 53 235; 66 222; 64 220; 56 220; 55 219; 53 219; 52 218; 51 218; 50 217; 49 217; 48 216; 47 216; 46 215; 41 215; 40 214; 38 214; 37 213; 34 213; 33 212; 30 212; 29 211
47; 223 235; 222 236; 219 236; 218 237; 216 237; 215 238; 213 238; 212 239; 210 239; 209 240; 206 240; 205 241; 203 241; 202 242; 200 242; 199 243; 197 243; 196 244; 190 244; 189 245; 187 245; 187 247; 188 248; 188 250; 194 256; 195 256; 197 258; 198 258; 200 260; 200 261; 201 262; 201 263; 202 263; 203 264; 204 264; 206 266; 207 266; 213 272; 214 272; 216 274; 220 274; 220 273; 221 272; 221 269; 222 268; 222 266; 223 265; 223 263; 224 262; 224 258; 225 257; 225 252; 226 251; 226 249; 227 248; 227 246; 228 245; 228 236; 227 236; 226 235
48; 11 238; 9 240; 9 251; 8 252; 8 258; 7 259; 7 266; 6 267; 6 276; 7 277; 10 277; 11 276; 13 276; 14 275; 15 275; 16 274; 17 274; 18 273; 19 273; 20 272; 22 272; 23 271; 24 271; 25 270; 26 270; 27 269; 28 269; 29 268; 30 268; 31 267; 33 267; 34 266; 36 266; 37 265; 39 265; 40 264; 41 264; 42 263; 43 263; 43 259; 41 257; 40 257; 37 254; 36 254; 34 252; 34 251; 33 250; 33 249; 30 246; 27 246; 26 245; 25 245; 24 244; 23 244; 20 241; 19 241; 17 239; 16 239; 15 238
49; 399 252; 398 253; 396 253; 395 254; 393 254; 392 255; 390 255; 389 256; 388 256; 387 257; 385 257; 384 258; 383 258; 381 260; 380 260; 379 261; 376 261; 375 262; 372 262; 371 263; 366 263; 365 264; 364 264; 364 265; 363 266; 363 268; 364 269; 364 271; 370 277; 371 277; 374 280; 375 280; 377 282; 378 282; 380 284; 381 284; 388 291; 389 291; 391 293; 395 293; 396 292; 396 291; 397 290; 397 288; 398 287; 398 282; 399 281; 399 278; 400 277; 400 276; 401 275; 401 264; 402 263; 402 259; 403 258; 403 254; 401 252
50; 754 254; 753 255; 752 255; 751 256; 750 256; 747 259; 746 259; 744 261; 743 261; 742 262; 740 262; 739 263; 737 263; 736 264; 736 265; 734 267; 733 267; 732 268; 731 268; 730 269; 729 269; 728 270; 727 270; 726 271; 725 271; 722 274; 722 277; 725 280; 726 280; 727 281; 729 281; 730 282; 731 282; 732 283; 734 283; 735 284; 736 284; 737 285; 738 285; 739 286; 740 286; 742 288; 743 288; 744 289; 745 289; 746 290; 747 290; 748 291; 750 291; 752 293; 753 293; 754 294; 755 294; 756 295; 759 295; 760 294; 760 293; 761 292; 761 290; 760 289; 760 270; 759 269; 759 262; 760 261; 760 259; 759 258; 759 255; 758 254
51; 25 282; 24 283; 15 283; 14 284; 0 284; 0 298; 4 298; 6 300; 7 300; 8 301; 9 301; 10 302; 12 302; 14 304; 14 309; 15 310; 15 317; 18 317; 20 315; 20 311; 21 310; 21 308; 22 307; 22 306; 25 303; 25 300; 26 299; 26 297; 27 296; 27 295; 29 293; 29 292; 30 291; 30 289; 31 288; 31 284; 30 283; 28 283; 27 282
52; 113 276; 112 277; 111 277; 111 282; 110 283; 110 313; 111 314; 111 315; 113 317; 115 317; 116 316; 117 316; 118 315; 119 315; 120 314; 121 314; 124 311; 125 311; 126 310; 127 310; 128 309; 131 309; 132 308; 133 308; 137 304; 138 304; 140 302; 141 302; 142 301; 143 301; 144 300; 145 300; 146 299; 147 299; 147 295; 146 294; 145 294; 144 293; 143 293; 141 291; 140 291; 139 290; 138 290; 137 289; 136 289; 134 287; 133 287; 132 286; 131 286; 130 285; 129 285; 128 284; 127 284; 126 283; 125 283; 124 282; 123 282; 122 281; 121 281; 118 278; 117 278; 115 276
53; 182 280; 181 281; 180 281; 179 282; 178 282; 177 283; 175 283; 174 284; 172 284; 171 285; 169 285; 168 286; 165 286; 164 287; 163 287; 161 289; 160 289; 159 290; 158 290; 156 292; 155 292; 154 293; 153 293; 152 294; 150 294; 149 295; 148 295; 148 299; 150 299; 151 300; 151 301; 152 302; 150 304; 154 304; 155 305; 156 305; 157 306; 160 306; 161 307; 162 307; 163 308; 164 308; 166 310; 167 310; 171 314; 172 314; 175 317; 176 317; 177 318; 178 318; 179 319; 184 319; 186 317; 186 292; 187 291; 187 286; 188 285; 188 282; 187 281; 187 280
54; 807 290; 806 291; 804 291; 803 292; 800 292; 799 293; 797 293; 796 294; 795 294; 794 295; 793 295; 792 296; 790 296; 789 297; 787 297; 786 298; 783 298; 782 299; 779 299; 778 300; 776 300; 775 301; 774 301; 773 302; 773 305; 778 310; 779 310; 784 315; 785 315; 795 325; 795 326; 796 326; 798 328; 799 328; 800 329; 801 329; 802 330; 804 330; 806 328; 806 327; 807 326; 807 323; 808 322; 808 317; 809 316; 809 314; 810 313; 810 312; 811 311; 811 310; 812 309; 812 296; 813 295; 813 293; 812 292; 812 291; 811 291; 810 290
55; 150 305; 141 314; 140 314; 139 315; 138 315; 134 319; 134 320; 131 323; 131 324; 125 330; 125 332; 126 333; 127 333; 128 334; 129 334; 130 335; 131 335; 132 336; 133 336; 134 337; 134 338; 142 338; 143 337; 144 337; 145 338; 148 338; 149 339; 151 339; 152 340; 154 340; 155 341; 158 341; 159 342; 164 342; 165 341; 165 334; 164 333; 164 330; 163 329; 163 327; 162 326; 162 324; 161 323; 161 319; 160 318; 160 316; 159 315; 159 314; 158 313; 158 311; 157 310; 157 307; 156 306; 155 306; 154 305
56; 874 312; 872 314; 872 318; 871 319; 871 323; 870 324; 870 327; 869 328; 869 332; 868 333; 868 336; 867 337; 867 342; 866 343; 866 345; 865 346; 865 349; 867 351; 869 351; 870 350; 873 350; 874 349; 877 349; 878 348; 881 348; 882 349; 886 349; 887 348; 891 348; 890 347; 890 346; 892 344; 893 344; 894 343; 897 343; 898 342; 901 342; 902 341; 904 341; 904 335; 897 328; 896 328; 888 320; 887 320; 882 315; 881 315; 880 314; 879 314; 878 313; 877 313; 876 312
57; 21 314; 21 315; 19 317; 19 324; 18 325; 18 327; 17 328; 17 329; 16 330; 16 332; 15 333; 15 335; 14 336; 14 338; 13 339; 13 340; 12 341; 12 342; 11 343; 11 344; 10 345; 10 347; 9 348; 9 350; 10 351; 21 351; 22 350; 27 350; 28 349; 33 349; 34 348; 40 348; 41 347; 47 347; 48 346; 48 342; 45 339; 45 338; 42 335; 42 334; 41 333; 41 332; 40 331; 40 330; 34 324; 34 323; 26 315; 22 315
58; 913 324; 910 327; 910 330; 909 331; 909 335; 907 337; 906 337; 905 336; 905 342; 906 343; 906 347; 907 348; 907 350; 906 351; 906 353; 905 354; 905 362; 907 364; 910 364; 911 363; 913 363; 914 362; 916 362; 917 361; 918 361; 919 360; 921 360; 922 359; 924 359; 925 358; 926 358; 927 357; 930 357; 931 356; 934 356; 935 355; 937 355; 939 353; 940 353; 941 352; 942 352; 943 351; 943 348; 937 342; 936 342; 932 338; 931 338; 927 334; 926 334; 916 324
59; 756 334; 755 335; 754 335; 753 336; 751 336; 750 337; 748 337; 747 338; 738 338; 735 335; 732 335; 732 337; 731 338; 731 344; 732 345; 732 346; 737 351; 737 353; 738 354; 738 355; 739 356; 739 357; 740 358; 740 359; 742 361; 742 362; 744 364; 745 364; 750 369; 750 371; 751 372; 755 372; 757 370; 757 369; 758 368; 758 363; 759 362; 759 358; 760 357; 760 352; 761 351; 761 344; 762 343; 762 340; 763 339; 763 335; 762 334
60; 836 337; 835 338; 835 339; 834 340; 834 350; 833 351; 833 371; 832 372; 832 374; 833 375; 833 376; 834 377; 837 377; 838 376; 839 376; 841 374; 843 374; 845 372; 846 372; 847 371; 848 371; 849 370; 854 370; 857 367; 858 367; 859 366; 862 366; 867 361; 867 355; 864 352; 862 352; 861 351; 860 351; 858 349; 857 349; 856 348; 855 348; 853 346; 852 346; 851 345; 850 345; 844 339; 843 339; 842 338; 841 338; 840 337
61; 134 339; 133 340; 133 343; 132 344; 132 347; 133 348; 133 361; 134 362; 134 364; 135 365; 135 366; 134 367; 134 373; 135 374; 135 376; 137 378; 139 378; 140 377; 141 377; 143 375; 145 375; 146 374; 147 374; 147 373; 150 370; 151 370; 153 368; 154 368; 156 366; 157 366; 158 365; 159 365; 161 363; 162 363; 163 362; 164 362; 166 360; 167 360; 168 359; 169 359; 170 358; 170 356; 168 354; 167 354; 165 352; 164 352; 163 351; 162 351; 161 350; 159 350; 158 349; 157 349; 156 348; 155 348; 154 347; 153 347; 152 346; 151 346; 150 345; 148 345; 147 344; 145 344; 143 342; 142 342; 141 341; 141 340; 140 339
62; 887 349; 886 350; 883 350; 883 351; 876 358; 875 358; 874 359; 871 359; 868 356; 868 361; 863 366; 863 368; 862 369; 861 369; 860 370; 860 373; 862 375; 863 375; 864 376; 865 376; 866 377; 867 377; 868 378; 871 378; 872 379; 875 379; 876 380; 877 380; 878 381; 880 381; 881 382; 883 382; 884 383; 885 383; 886 384; 887 384; 888 385; 889 385; 890 386; 892 386; 893 387; 897 387; 898 386; 898 378; 897 377; 897 364; 896 363; 896 362; 895 361; 895 359; 894 358; 894 353; 893 352; 893 351; 891 349
63; 198 352; 197 353; 197 358; 196 359; 196 366; 195 367; 195 369; 194 370; 194 381; 193 382; 193 389; 194 390; 196 390; 197 389; 199 389; 200 388; 203 388; 204 387; 206 387; 207 386; 209 386; 210 385; 211 385; 212 384; 213 384; 215 382; 217 382; 218 381; 222 381; 223 380; 225 380; 226 379; 229 379; 231 377; 232 377; 232 374; 228 370; 227 370; 225 368; 224 368; 223 367; 222 367; 219 364; 218 364; 215 361; 214 361; 210 357; 209 357; 207 355; 206 355; 204 353; 203 353; 202 352
64; 815 352; 814 353; 813 353; 810 356; 809 356; 797 368; 796 368; 794 370; 793 370; 787 376; 787 378; 789 380; 790 380; 791 381; 792 381; 793 382; 795 382; 796 383; 798 383; 799 384; 801 384; 802 385; 805 385; 806 386; 808 386; 809 387; 811 387; 812 388; 814 388; 815 389; 816 389; 817 390; 818 390; 819 391; 825 391; 826 390; 826 384; 825 383; 825 371; 824 370; 824 369; 822 367; 822 361; 821 360; 821 356; 820 355; 820 354; 819 353; 818 353; 817 352
65; 968 353; 966 355; 966 357; 965 358; 965 368; 964 369; 964 370; 963 371; 963 374; 964 375; 964 378; 963 379; 963 392; 964 393; 968 393; 969 392; 970 392; 971 391; 972 391; 973 390; 975 390; 976 389; 978 389; 979 388; 980 388; 981 387; 982 387; 983 386; 984 386; 985 385; 986 385; 987 384; 989 384; 990 383; 991 383; 992 382; 993 382; 994 381; 995 381; 997 379; 998 379; 999 378; 1000 378; 1000 374; 996 370; 995 370; 994 369; 993 369; 991 367; 990 367; 989 366; 988 366; 987 365; 986 365; 984 363; 983 363; 980 360; 979 360; 976 357; 975 357; 973 355; 972 355; 970 353
66; 500 361; 499 362; 498 362; 492 368; 491 368; 488 371; 487 371; 486 372; 485 372; 482 375; 482 376; 472 386; 472 389; 474 391; 476 391; 477 392; 480 392; 481 393; 485 393; 486 394; 489 394; 490 395; 491 395; 492 396; 492 397; 491 398; 494 398; 495 399; 498 399; 499 400; 500 399; 506 399; 507 400; 509 400; 510 399; 511 399; 511 393; 510 392; 510 388; 509 387; 509 386; 508 385; 508 381; 507 380; 507 375; 506 374; 506 371; 505 370; 505 367; 504 366; 504 363; 502 361
67; 231 378; 229 380; 229 382; 226 385; 225 385; 219 391; 218 391; 217 392; 216 392; 213 395; 212 395; 207 400; 207 403; 209 405; 210 405; 211 406; 215 406; 216 407; 220 407; 221 408; 224 408; 225 407; 230 407; 231 408; 232 408; 233 409; 236 409; 238 407; 242 407; 246 411; 248 411; 248 407; 247 406; 247 404; 246 403; 246 402; 245 401; 245 393; 243 391; 243 390; 242 389; 242 387; 241 386; 241 383; 240 382; 240 380; 238 378
68; 148 378; 147 379; 147 385; 148 386; 148 391; 147 392; 147 395; 148 396; 148 397; 150 399; 150 400; 151 401; 151 407; 152 408; 152 410; 154 412; 157 412; 159 410; 160 410; 164 406; 165 406; 168 403; 169 403; 170 402; 171 402; 172 401; 173 401; 174 400; 175 400; 177 398; 178 398; 179 397; 180 397; 181 396; 182 396; 184 394; 184 393; 186 391; 186 389; 183 386; 181 386; 180 385; 178 385; 177 384; 165 384; 164 385; 160 385; 159 386; 157 386; 151 380; 151 379; 150 378
69; 867 388; 866 389; 864 389; 863 390; 861 390; 860 391; 859 391; 858 392; 857 392; 856 393; 854 393; 853 394; 851 394; 850 395; 848 395; 847 396; 845 396; 844 397; 842 397; 841 398; 839 398; 838 399; 836 399; 835 400; 834 400; 833 401; 833 404; 835 406; 836 406; 839 409; 840 409; 849 418; 850 418; 852 420; 853 420; 854 421; 855 421; 859 425; 860 425; 862 427; 865 427; 867 425; 867 422; 868 421; 868 417; 869 416; 869 409; 870 408; 870 405; 871 404; 871 400; 872 399; 872 391; 871 390; 871 389; 870 388
70; 423 392; 421 394; 421 407; 420 408; 420 409; 419 410; 419 417; 420 418; 420 421; 419 422; 419 430; 420 431; 426 431; 427 430; 429 430; 431 428; 432 428; 433 427; 434 427; 435 426; 436 426; 437 425; 438 425; 440 423; 441 423; 442 422; 444 422; 445 421; 447 421; 448 420; 450 420; 451 419; 453 419; 454 418; 455 418; 457 416; 458 416; 458 411; 457 411; 456 410; 455 410; 454 409; 453 409; 452 408; 451 408; 450 407; 448 407; 446 405; 445 405; 442 402; 441 402; 439 400; 438 400; 436 398; 435 398; 433 396; 432 396; 431 395; 430 395; 429 394; 428 394; 426 392
71; 264 394; 264 412; 263 413; 263 417; 264 418; 264 420; 265 421; 265 424; 266 425; 266 432; 267 433; 271 433; 274 430; 275 430; 276 429; 277 429; 279 427; 280 427; 282 425; 283 425; 284 424; 285 424; 286 423; 287 423; 289 421; 290 421; 292 419; 293 419; 295 417; 296 417; 298 415; 299 415; 301 413; 301 411; 299 409; 298 409; 297 408; 296 408; 295 407; 294 407; 293 406; 292 406; 291 405; 290 405; 289 404; 288 404; 287 403; 286 403; 285 402; 284 402; 283 401; 282 401; 281 400; 280 400; 279 399; 278 399; 277 398; 276 398; 275 397; 274 397; 273 396; 272 396; 271 395; 270 395; 269 394
72; 490 399; 489 400; 488 400; 486 402; 484 402; 483 403; 481 403; 480 404; 479 404; 478 405; 477 405; 476 406; 475 406; 474 407; 472 407; 471 408; 468 408; 467 409; 464 409; 463 410; 461 410; 460 411; 459 411; 459 416; 460 416; 462 418; 463 418; 465 420; 466 420; 467 421; 468 421; 470 423; 471 423; 473 425; 474 425; 476 427; 477 427; 480 430; 481 430; 486 435; 487 435; 490 438; 493 438; 495 436; 495 435; 496 434; 496 421; 497 420; 497 419; 498 418; 498 412; 497 411; 497 408; 498 407; 498 400; 495 400; 494 399
73; 946 401; 944 403; 944 404; 942 406; 942 407; 940 409; 940 410; 938 412; 938 413; 936 415; 936 416; 935 417; 935 419; 934 420; 934 422; 932 424; 932 425; 931 426; 931 428; 930 429; 930 431; 929 432; 929 437; 930 438; 942 438; 943 437; 948 437; 949 436; 966 436; 967 435; 968 435; 969 434; 969 430; 968 429; 968 428; 967 427; 967 426; 964 423; 964 422; 962 420; 962 419; 961 418; 961 417; 958 414; 958 413; 956 411; 956 410; 953 407; 953 406; 951 404; 951 403; 949 401
74; 659 410; 658 411; 657 411; 656 412; 655 412; 652 415; 651 415; 648 418; 646 418; 645 419; 643 419; 642 420; 641 420; 640 421; 639 421; 638 422; 637 422; 636 423; 635 423; 634 424; 633 424; 632 425; 631 425; 628 428; 628 431; 631 434; 632 434; 634 436; 635 436; 636 437; 637 437; 638 438; 639 438; 644 443; 645 443; 646 444; 647 444; 648 445; 649 445; 650 446; 651 446; 652 447; 653 447; 655 449; 655 450; 656 451; 658 451; 659 452; 662 452; 663 451; 663 450; 665 448; 665 415; 664 414; 664 412; 662 410
75; 149 444; 141 438; 128 438; 115 435; 104 436; 110 456; 118 471; 120 471; 140 450; 143 451
76; 143 451; 147 462; 151 463; 154 462; 153 457; 156 454; 159 454; 180 442; 180 439; 171 434; 165 428; 161 428; 161 436; 165 440; 157 446; 149 444
77; 700 442; 699 443; 698 443; 698 444; 697 445; 697 455; 698 456; 698 458; 697 459; 697 461; 696 462; 696 466; 697 467; 697 471; 696 472; 696 480; 697 481; 697 482; 702 482; 703 481; 704 481; 705 480; 706 480; 707 479; 708 479; 709 478; 710 478; 712 476; 714 476; 715 475; 716 475; 717 474; 718 474; 719 473; 720 473; 722 471; 723 471; 724 470; 725 470; 726 469; 727 469; 728 468; 729 468; 730 467; 731 467; 733 465; 733 463; 731 461; 730 461; 727 458; 726 458; 724 456; 723 456; 722 455; 721 455; 718 452; 717 452; 715 450; 714 450; 713 449; 712 449; 710 447; 709 447; 706 444; 705 444; 704 443; 703 443; 702 442
78; 332 446; 331 447; 329 447; 328 448; 327 448; 326 449; 324 449; 323 450; 320 450; 319 451; 317 451; 316 452; 314 452; 313 453; 309 453; 308 454; 305 454; 304 455; 303 455; 302 456; 301 456; 300 457; 300 461; 306 467; 307 467; 308 468; 308 469; 311 472; 311 473; 314 476; 315 476; 316 477; 317 477; 321 481; 322 481; 324 483; 325 483; 326 484; 330 484; 331 483; 331 482; 332 481; 332 477; 333 476; 333 473; 334 472; 334 469; 335 468; 335 464; 336 463; 336 459; 337 458; 337 455; 338 454; 338 451; 339 450; 339 448; 338 447; 338 446
79; 30 482; 34 486; 36 486; 45 477; 54 475; 53 471; 62 462; 62 459; 50 455; 43 451; 38 451
80; 38 451; 20 446; 16 446; 2 460; 0 460; 0 476; 21 483; 30 482
81; 652 451; 651 452; 646 452; 645 453; 639 453; 638 454; 632 454; 631 455; 627 455; 626 456; 624 456; 623 457; 622 457; 621 458; 621 461; 622 462; 622 463; 624 465; 624 466; 630 472; 630 473; 638 481; 638 482; 644 488; 648 488; 649 487; 649 486; 650 485; 650 484; 651 483; 651 480; 652 479; 652 478; 653 477; 653 476; 654 475; 654 474; 655 473; 655 472; 656 471; 656 470; 657 469; 657 465; 658 464; 658 462; 659 461; 659 460; 660 459; 660 457; 661 456; 661 454; 662 453; 659 453; 658 452; 656 452; 655 451
82; 180 459; 179 460; 175 460; 174 461; 171 461; 170 462; 168 462; 167 463; 166 463; 165 464; 164 464; 163 465; 162 465; 161 466; 160 466; 159 467; 158 467; 155 464; 155 463; 152 463; 151 464; 148 464; 148 465; 149 466; 149 469; 150 470; 150 478; 152 480; 155 480; 156 479; 160 479; 161 478; 161 475; 163 473; 164 473; 165 472; 167 472; 168 471; 170 473; 170 475; 169 476; 169 478; 168 479; 168 481; 167 482; 167 487; 168 488; 168 491; 170 491; 172 489; 172 488; 173 487; 173 486; 174 485; 174 483; 175 482; 175 481; 177 479; 177 478; 178 477; 178 476; 179 475; 179 474; 180 473; 180 472; 181 471; 181 470; 182 469; 182 468; 183 467; 183 466; 184 465; 184 464; 185 463; 185 460; 184 460; 183 459
83; 71 458; 70 459; 70 463; 71 464; 71 468; 72 469; 72 471; 73 472; 73 473; 74 474; 74 475; 75 476; 75 477; 76 478; 76 480; 77 481; 77 485; 78 486; 78 488; 79 489; 79 490; 80 491; 80 493; 81 494; 84 494; 88 490; 89 490; 93 486; 93 485; 106 472; 106 471; 107 470; 107 469; 108 468; 108 465; 106 463; 103 463; 102 462; 94 462; 93 461; 92 461; 91 460; 82 460; 81 459; 77 459; 76 458
84; 448 451; 447 452; 446 452; 444 454; 443 454; 438 459; 437 459; 435 461; 434 461; 432 463; 431 463; 429 465; 428 465; 426 467; 425 467; 424 468; 423 468; 422 469; 421 469; 420 470; 419 470; 418 471; 417 471; 417 473; 418 474; 418 475; 419 476; 419 477; 421 479; 421 481; 423 481; 424 482; 430 482; 431 483; 433 483; 434 484; 435 484; 436 485; 437 485; 438 486; 439 486; 440 487; 442 487; 443 488; 444 488; 445 489; 446 489; 447 490; 448 490; 450 492; 454 492; 454 491; 455 490; 455 482; 454 481; 454 473; 455 472; 455 468; 453 466; 453 464; 452 463; 452 454; 451 453; 451 452; 450 451
85; 126 476; 125 477; 124 477; 123 478; 123 479; 121 481; 119 481; 118 480; 117 480; 116 479; 114 479; 114 484; 115 485; 115 486; 116 487; 116 488; 117 489; 117 491; 118 492; 118 495; 119 496; 119 498; 120 499; 120 500; 121 501; 121 503; 122 504; 122 507; 123 508; 123 509; 125 511; 127 511; 128 510; 129 510; 136 503; 136 502; 137 501; 138 501; 141 498; 141 497; 142 496; 142 495; 144 493; 144 492; 146 490; 147 490; 149 488; 149 487; 153 483; 153 482; 154 481; 152 481; 149 478; 148 479; 142 479; 141 478; 137 478; 136 477; 135 477; 134 476
86; 52 476; 51 477; 50 477; 50 480; 49 481; 49 483; 48 484; 48 487; 47 488; 47 489; 45 491; 45 492; 44 493; 44 499; 43 500; 43 502; 42 503; 42 504; 41 505; 41 512; 42 513; 44 513; 45 512; 51 512; 52 511; 54 511; 55 510; 58 510; 59 509; 62 509; 63 508; 65 508; 66 507; 71 507; 72 506; 73 506; 73 505; 75 503; 76 503; 79 500; 79 499; 74 494; 73 494; 65 486; 64 486; 63 485; 63 484; 55 476
87; 419 482; 418 483; 417 483; 416 484; 414 484; 413 485; 411 485; 410 486; 407 486; 406 487; 402 487; 401 488; 397 488; 396 489; 394 489; 393 490; 390 490; 389 491; 388 491; 387 492; 386 492; 385 493; 385 495; 386 496; 386 497; 392 503; 393 503; 396 506; 396 507; 399 510; 399 511; 400 511; 401 512; 402 512; 403 513; 404 513; 410 519; 411 519; 412 520; 416 520; 418 518; 418 513; 419 512; 419 509; 420 508; 420 507; 421 506; 421 503; 422 502; 422 498; 423 497; 423 496; 424 495; 424 493; 425 492; 425 487; 426 486; 426 483; 424 483; 423 482
88; 104 483; 103 484; 102 484; 93 493; 92 493; 84 501; 81 501; 80 500; 76 504; 77 505; 77 508; 78 509; 78 512; 79 513; 80 513; 81 514; 84 514; 85 515; 90 515; 91 516; 94 516; 95 517; 100 517; 101 518; 105 518; 106 519; 108 519; 109 520; 111 520; 112 521; 114 521; 115 520; 116 520; 117 519; 117 516; 116 515; 116 513; 115 512; 115 510; 114 509; 114 506; 113 505; 113 498; 110 495; 110 494; 109 493; 109 491; 108 490; 108 486; 107 485; 107 484; 106 483
89; 437 509; 431 512; 431 519; 435 534; 437 549; 439 550; 445 549; 453 542; 459 540; 465 534; 471 531
90; 471 531; 473 507; 473 489; 471 487; 468 487; 459 493; 452 493; 447 499; 436 504; 437 509
91; 26 503; 25 504; 24 504; 19 509; 18 509; 14 513; 13 513; 11 515; 10 515; 3 522; 2 522; 1 523; 0 523; 0 528; 2 528; 3 529; 4 529; 5 530; 6 530; 7 531; 10 531; 11 532; 13 532; 14 533; 15 533; 17 535; 18 535; 19 536; 22 536; 23 537; 25 537; 26 538; 28 538; 29 539; 30 539; 30 528; 31 527; 31 522; 32 521; 32 520; 35 517; 35 516; 34 515; 34 511; 33 510; 33 507; 32 506; 32 505; 31 504; 31 503
92; 766 510; 765 511; 764 511; 763 512; 762 512; 761 513; 760 513; 759 514; 758 514; 756 516; 755 516; 754 517; 753 517; 752 518; 751 518; 750 519; 749 519; 748 520; 747 520; 746 521; 745 521; 744 522; 743 522; 742 523; 741 523; 740 524; 739 524; 738 525; 737 525; 734 528; 734 530; 738 534; 739 534; 740 535; 741 535; 742 536; 743 536; 745 538; 746 538; 748 540; 749 540; 750 541; 751 541; 752 542; 753 542; 755 544; 756 544; 758 546; 759 546; 760 547; 761 547; 762 548; 763 548; 764 549; 765 549; 766 550; 769 550; 771 548; 771 532; 772 531; 772 529; 771 528; 771 519; 772 518; 772 512; 770 510
93; 39 517; 38 518; 35 518; 33 520; 33 521; 32 522; 32 527; 31 528; 31 540; 32 541; 32 542; 36 542; 37 543; 42 543; 43 544; 43 545; 44 546; 44 547; 45 548; 45 549; 46 550; 46 552; 47 553; 47 554; 50 554; 53 551; 54 551; 58 547; 59 547; 62 544; 62 543; 64 541; 65 541; 76 530; 76 526; 75 525; 74 525; 73 524; 70 524; 69 523; 66 523; 65 522; 63 522; 62 521; 61 521; 60 520; 59 520; 58 519; 50 519; 49 518; 45 518; 44 517
94; 1021 516; 1020 517; 1019 517; 1018 518; 1017 518; 1014 521; 1013 521; 1012 522; 1011 522; 1009 524; 1008 524; 1006 526; 1005 526; 1004 527; 1003 527; 1001 529; 1000 529; 999 530; 998 530; 997 531; 995 531; 994 532; 993 532; 991 534; 991 536; 992 537; 993 537; 996 540; 996 541; 1000 545; 1001 545; 1002 546; 1003 546; 1004 547; 1005 547; 1006 548; 1008 548; 1009 549; 1010 549; 1011 550; 1012 550; 1013 551; 1014 551; 1015 552; 1016 552; 1017 553; 1018 553; 1019 554; 1021 554; 1022 555; 1023 555; 1023 516
95; 122 525; 121 526; 117 526; 116 527; 114 527; 113 528; 111 528; 110 529; 108 529; 107 530; 105 530; 104 531; 101 531; 100 532; 98 532; 97 533; 95 533; 94 534; 93 534; 92 535; 91 535; 90 536; 89 536; 88 537; 88 540; 90 542; 91 542; 94 545; 95 545; 99 549; 100 549; 102 551; 103 551; 112 560; 113 560; 115 562; 120 562; 120 560; 121 559; 121 558; 122 557; 122 552; 123 551; 123 549; 124 548; 124 547; 125 546; 125 534; 126 533; 126 531; 127 530; 127 526; 126 526; 125 525
96; 703 535; 702 536; 702 537; 701 538; 701 540; 700 541; 700 544; 699 545; 699 548; 698 549; 698 550; 697 551; 697 553; 696 554; 696 556; 697 557; 697 558; 696 559; 696 566; 695 567; 695 572; 697 574; 702 574; 703 573; 704 573; 705 572; 707 572; 708 571; 710 571; 711 570; 714 570; 715 569; 717 569; 718 568; 719 568; 720 567; 722 567; 723 566; 726 566; 727 565; 729 565; 730 564; 732 564; 734 562; 734 559; 725 550; 724 550; 719 545; 718 545; 712 539; 711 539; 707 535
97; 31 543; 26 548; 25 548; 24 549; 23 549; 21 551; 20 551; 17 554; 16 554; 14 556; 13 556; 12 557; 11 557; 10 558; 9 558; 7 560; 6 560; 5 561; 5 564; 6 565; 7 565; 8 566; 9 566; 10 567; 11 567; 12 568; 13 568; 14 569; 15 569; 16 570; 17 570; 18 571; 19 571; 20 572; 21 572; 22 573; 23 573; 24 574; 26 574; 27 575; 28 575; 29 576; 31 576; 32 577; 33 577; 34 578; 35 578; 37 580; 40 580; 42 578; 42 573; 41 572; 41 553; 40 552; 40 550; 41 549; 41 544; 37 544; 36 543
98; 150 542; 147 545; 147 546; 140 553; 139 553; 137 555; 137 556; 128 565; 128 566; 126 568; 126 571; 128 573; 132 573; 133 574; 138 574; 139 575; 142 575; 143 576; 145 576; 146 577; 155 577; 156 578; 164 578; 166 576; 166 574; 165 573; 165 572; 164 571; 164 569; 163 568; 163 566; 162 565; 162 564; 161 563; 161 561; 160 560; 160 558; 159 557; 159 555; 158 554; 158 552; 157 551; 157 548; 156 547; 156 545; 155 544; 155 543; 154 542
99; 622 546; 622 547; 621 548; 621 550; 620 551; 620 554; 619 555; 619 556; 618 557; 618 559; 617 560; 617 561; 615 563; 615 565; 614 566; 614 571; 613 572; 613 574; 612 575; 612 576; 611 577; 611 579; 612 580; 612 581; 613 582; 613 585; 614 585; 615 584; 618 584; 619 583; 622 583; 623 582; 627 582; 628 581; 631 581; 632 580; 636 580; 637 579; 644 579; 645 578; 648 578; 649 577; 650 577; 651 576; 651 574; 650 573; 650 572; 648 570; 648 569; 646 567; 646 566; 632 552; 632 551; 628 547; 627 547; 626 546
100; 576 561; 576 562; 575 563; 575 567; 574 568; 574 577; 573 578; 573 588; 572 589; 572 595; 571 596; 571 598; 572 599; 572 600; 573 601; 578 601; 579 600; 580 600; 581 599; 582 599; 583 598; 584 598; 585 597; 586 597; 587 596; 590 596; 591 595; 592 595; 595 592; 596 592; 597 591; 598 591; 599 590; 602 590; 603 589; 605 589; 606 588; 607 588; 608 587; 609 587; 610 586; 611 586; 612 585; 612 582; 611 581; 611 580; 610 579; 606 579; 604 577; 603 577; 601 575; 600 575; 599 574; 598 574; 596 572; 595 572; 594 571; 593 571; 591 569; 590 569; 585 564; 584 564; 582 562; 581 562; 580 561
101; 484 565; 483 566; 482 566; 481 567; 480 567; 479 568; 478 568; 477 569; 476 569; 475 570; 474 570; 473 571; 472 571; 471 572; 469 572; 468 573; 467 573; 466 574; 465 574; 463 576; 462 576; 461 577; 460 577; 459 578; 458 578; 457 579; 456 579; 455 580; 454 580; 452 582; 452 584; 455 587; 456 587; 458 589; 459 589; 460 590; 461 590; 462 591; 463 591; 465 593; 465 594; 466 595; 467 595; 468 596; 469 596; 470 597; 471 597; 472 598; 473 598; 475 600; 476 600; 478 602; 479 602; 480 603; 481 603; 482 604; 483 604; 484 605; 487 605; 489 603; 489 586; 490 585; 490 566; 489 565
102; 836 570; 835 571; 835 587; 836 588; 836 601; 835 602; 835 606; 836 607; 836 608; 837 608; 838 609; 840 609; 841 608; 842 608; 843 607; 844 607; 845 606; 846 606; 847 605; 848 605; 849 604; 850 604; 851 603; 852 603; 853 602; 859 602; 863 598; 865 598; 866 597; 865 596; 866 595; 866 594; 867 593; 868 593; 870 591; 871 591; 872 590; 872 586; 871 585; 870 585; 869 584; 868 584; 867 583; 866 583; 865 582; 864 582; 863 581; 862 581; 861 580; 860 580; 858 578; 857 578; 856 577; 855 577; 854 576; 853 576; 852 575; 851 575; 850 574; 849 574; 848 573; 846 573; 845 572; 843 572; 842 571; 841 571; 840 570
103; 866 598; 865 599; 863 599; 859 603; 859 613; 858 614; 858 615; 857 616; 857 630; 856 631; 856 636; 857 637; 857 638; 863 638; 863 636; 864 635; 865 635; 866 634; 867 634; 868 633; 870 633; 871 632; 874 632; 875 631; 878 631; 879 630; 881 630; 882 629; 883 629; 884 628; 885 628; 886 627; 887 627; 888 626; 889 626; 890 625; 891 625; 892 624; 893 624; 895 622; 895 618; 894 618; 892 616; 891 616; 890 615; 889 615; 887 613; 886 613; 882 609; 881 609; 877 605; 876 605; 871 600; 870 600; 869 599; 868 599; 867 598
104; 773 616; 772 617; 772 623; 773 624; 773 632; 772 633; 772 638; 774 640; 774 653; 776 655; 783 655; 786 652; 786 651; 788 649; 789 649; 790 648; 791 648; 792 647; 793 647; 794 646; 795 646; 796 645; 797 645; 800 642; 801 642; 802 641; 803 641; 804 640; 805 640; 806 639; 807 639; 810 636; 810 633; 809 632; 808 632; 806 630; 805 630; 804 629; 802 629; 801 628; 800 628; 799 627; 798 627; 797 626; 796 626; 795 625; 794 625; 793 624; 792 624; 791 623; 790 623; 789 622; 788 622; 787 621; 786 621; 784 619; 783 619; 782 618; 781 618; 780 617; 779 617; 778 616
105; 418 615; 417 616; 417 617; 416 618; 416 654; 418 656; 421 656; 422 655; 423 655; 424 654; 425 654; 426 653; 427 653; 429 651; 430 651; 431 650; 433 650; 434 649; 435 649; 436 648; 437 648; 438 647; 439 647; 440 646; 441 646; 442 645; 443 645; 444 644; 445 644; 446 643; 447 643; 448 642; 449 642; 450 641; 451 641; 454 638; 454 636; 451 633; 450 633; 448 631; 447 631; 446 630; 445 630; 443 628; 442 628; 437 623; 436 623; 435 622; 434 622; 433 621; 431 621; 429 619; 428 619; 426 617; 425 617; 424 616; 423 616; 422 615
106; 86 635; 85 636; 85 662; 84 663; 84 673; 85 674; 90 674; 91 673; 93 673; 94 672; 95 672; 96 671; 97 671; 98 670; 99 670; 100 669; 101 669; 102 668; 104 668; 105 667; 106 667; 107 666; 108 666; 111 663; 112 663; 113 662; 114 662; 115 661; 116 661; 117 660; 118 660; 120 658; 120 654; 118 652; 117 652; 115 650; 114 650; 113 649; 112 649; 111 648; 110 648; 109 647; 108 647; 107 646; 106 646; 103 643; 102 643; 99 640; 98 640; 97 639; 96 639; 95 638; 94 638; 92 636; 91 636; 90 635
107; 207 634; 195 646; 194 646; 191 649; 190 649; 183 656; 183 657; 181 659; 181 661; 183 663; 185 663; 188 666; 195 666; 196 667; 197 667; 199 669; 202 669; 203 670; 207 670; 208 671; 210 671; 211 672; 212 672; 213 673; 219 673; 220 672; 220 667; 219 666; 219 661; 218 660; 218 655; 217 654; 217 651; 216 650; 216 648; 215 647; 215 640; 214 639; 214 637; 213 636; 213 635; 212 634
108; 857 639; 857 645; 858 646; 858 651; 859 652; 859 672; 860 673; 860 677; 862 679; 863 679; 866 676; 867 676; 869 674; 870 674; 871 673; 872 673; 874 671; 875 671; 877 669; 878 669; 881 666; 882 666; 884 664; 885 664; 886 663; 887 663; 889 661; 890 661; 891 660; 892 660; 894 658; 895 658; 895 655; 894 654; 893 654; 892 653; 891 653; 889 651; 888 651; 887 650; 886 650; 885 649; 884 649; 883 648; 882 648; 880 646; 879 646; 878 645; 877 645; 876 644; 874 644; 873 643; 871 643; 869 641; 868 641; 867 640; 866 640; 865 639
109; 905 639; 904 640; 904 642; 903 643; 903 649; 902 650; 902 653; 900 655; 900 664; 899 665; 899 667; 898 668; 898 672; 897 673; 897 675; 899 677; 904 677; 905 676; 907 676; 908 675; 910 675; 911 674; 912 674; 913 673; 916 673; 917 672; 921 672; 922 671; 924 671; 925 670; 928 670; 929 669; 931 669; 932 668; 933 668; 934 667; 935 667; 936 666; 936 663; 935 662; 934 662; 929 657; 928 657; 920 649; 919 649; 909 639
110; 816 644; 815 645; 813 645; 812 646; 810 646; 809 647; 808 647; 807 648; 800 648; 799 649; 798 649; 796 651; 795 651; 794 652; 792 652; 791 653; 786 653; 783 656; 783 657; 784 658; 784 659; 792 667; 793 667; 796 670; 797 670; 809 682; 810 682; 811 683; 815 683; 816 682; 816 679; 817 678; 817 672; 818 671; 818 667; 819 666; 819 662; 820 661; 820 659; 821 658; 821 655; 822 654; 822 645; 821 644
111; 992 654; 991 655; 991 656; 990 657; 990 664; 989 665; 989 669; 988 670; 988 677; 989 678; 989 679; 988 680; 988 690; 989 691; 989 692; 990 693; 993 693; 995 691; 996 691; 997 690; 998 690; 999 689; 1000 689; 1001 688; 1002 688; 1003 687; 1005 687; 1006 686; 1007 686; 1008 685; 1010 685; 1011 684; 1012 684; 1013 683; 1014 683; 1015 682; 1016 682; 1017 681; 1018 681; 1019 680; 1020 680; 1022 678; 1023 678; 1023 671; 1022 671; 1021 670; 1020 670; 1019 669; 1018 669; 1017 668; 1016 668; 1015 667; 1014 667; 1011 664; 1010 664; 1008 662; 1007 662; 1006 661; 1005 661; 1004 660; 1003 660; 1002 659; 1001 659; 1000 658; 999 658; 996 655; 995 655; 994 654
112; 186 667; 185 668; 182 668; 181 669; 179 669; 178 670; 176 670; 175 671; 173 671; 172 672; 167 672; 166 673; 162 673; 161 674; 156 674; 155 675; 153 675; 152 676; 151 676; 150 677; 150 680; 161 691; 161 692; 162 693; 162 694; 163 695; 164 695; 166 697; 167 697; 174 704; 175 704; 176 705; 178 705; 179 704; 180 704; 180 702; 181 701; 181 700; 182 699; 182 697; 183 696; 183 695; 184 694; 184 693; 185 692; 185 689; 186 688; 186 685; 187 684; 187 682; 188 681; 188 678; 189 677; 189 675; 190 674; 190 667
113; 518 668; 517 669; 516 669; 515 670; 514 670; 513 671; 512 671; 511 672; 510 672; 509 673; 508 673; 507 674; 506 674; 505 675; 504 675; 503 676; 502 676; 501 677; 500 677; 499 678; 498 678; 497 679; 496 679; 495 680; 494 680; 493 681; 492 681; 491 682; 490 682; 489 683; 488 683; 487 684; 486 684; 485 685; 485 688; 486 689; 487 689; 488 690; 489 690; 491 692; 492 692; 493 693; 494 693; 498 697; 499 697; 501 699; 503 699; 504 700; 505 700; 507 702; 508 702; 509 703; 510 703; 512 705; 513 705; 514 706; 515 706; 516 707; 519 707; 521 705; 521 704; 522 703; 522 690; 523 689; 523 678; 524 677; 524 672; 523 671; 523 670; 521 668
114; 602 674; 601 675; 598 675; 597 676; 595 676; 594 677; 592 677; 591 678; 587 678; 586 679; 583 679; 582 680; 580 680; 579 681; 575 681; 574 682; 572 682; 570 684; 570 687; 580 697; 580 698; 582 700; 583 700; 584 701; 585 701; 587 703; 588 703; 596 711; 600 711; 601 710; 601 709; 602 708; 602 707; 603 706; 603 703; 604 702; 604 699; 605 698; 605 696; 606 695; 606 693; 607 692; 607 690; 608 689; 608 686; 609 685; 609 683; 610 682; 610 675; 609 674
115; 859 678; 857 680; 856 680; 855 681; 853 681; 852 682; 851 682; 850 683; 849 683; 848 684; 847 684; 846 685; 844 685; 843 686; 842 686; 840 688; 839 688; 837 690; 836 690; 835 691; 834 691; 833 692; 832 692; 831 693; 830 693; 829 694; 828 694; 827 695; 826 695; 824 697; 824 698; 831 705; 831 706; 836 706; 840 710; 841 710; 843 712; 845 712; 846 713; 847 713; 849 715; 850 715; 851 716; 852 716; 854 718; 855 718; 857 720; 858 720; 860 718; 860 716; 859 715; 859 714; 860 713; 860 702; 861 701; 861 684; 862 683; 862 680; 860 678
116; 800 684; 798 686; 798 687; 797 688; 797 693; 796 694; 796 702; 795 703; 795 704; 794 705; 794 710; 793 711; 793 722; 794 723; 798 723; 799 722; 801 722; 802 721; 804 721; 805 720; 806 720; 807 719; 809 719; 810 718; 815 718; 816 717; 817 717; 820 714; 822 714; 823 713; 824 713; 825 712; 826 712; 827 711; 829 711; 831 709; 831 707; 830 706; 830 705; 824 699; 821 699; 820 698; 819 698; 815 694; 814 694; 813 693; 813 692; 808 687; 807 687; 805 685; 804 685; 803 684
117; 916 691; 915 692; 915 701; 916 702; 916 704; 917 705; 917 714; 918 715; 918 716; 919 717; 919 721; 920 722; 920 728; 921 729; 925 729; 930 724; 931 724; 935 720; 936 720; 938 718; 939 718; 942 715; 943 715; 951 707; 951 703; 950 702; 949 702; 948 701; 947 701; 946 700; 944 700; 943 699; 941 699; 940 698; 938 698; 937 697; 934 697; 933 696; 931 696; 930 695; 929 695; 928 694; 927 694; 926 693; 924 693; 923 692; 921 692; 920 691
118; 216 695; 215 696; 214 696; 213 697; 211 697; 210 698; 209 698; 207 700; 204 700; 203 701; 200 701; 198 703; 197 703; 194 706; 193 706; 192 707; 190 707; 189 708; 188 708; 187 709; 186 709; 185 710; 185 713; 189 717; 190 717; 192 719; 193 719; 195 721; 196 721; 197 722; 198 722; 201 725; 202 725; 205 728; 206 728; 209 731; 210 731; 213 734; 214 734; 215 735; 217 735; 219 733; 219 725; 220 724; 220 706; 221 705; 221 695
119; 962 696; 961 697; 961 698; 960 699; 960 703; 959 704; 959 708; 958 709; 958 718; 957 719; 957 722; 956 723; 956 727; 955 728; 955 732; 957 734; 962 734; 963 733; 965 733; 966 732; 967 732; 968 731; 969 731; 970 730; 971 730; 973 728; 974 728; 975 727; 978 727; 979 726; 981 726; 982 725; 984 725; 985 724; 986 724; 987 723; 988 723; 991 720; 992 720; 993 719; 993 716; 991 714; 990 714; 989 713; 988 713; 986 711; 985 711; 984 710; 983 710; 978 705; 977 705; 975 703; 974 703; 969 698; 968 698; 966 696
120; 29 698; 9 718; 8 718; 8 719; 6 721; 6 722; 5 723; 5 726; 6 726; 7 727; 10 727; 11 728; 13 728; 14 729; 16 729; 17 730; 19 730; 20 731; 23 731; 24 732; 26 732; 27 733; 30 733; 31 734; 33 734; 34 735; 36 735; 37 736; 39 736; 40 737; 41 736; 42 736; 43 735; 45 735; 44 734; 44 730; 43 729; 43 727; 42 726; 42 725; 41 724; 41 723; 40 722; 40 715; 38 713; 38 712; 37 711; 37 710; 36 709; 36 704; 35 703; 35 702; 34 701; 34 699; 33 698
121; 85 707; 83 709; 83 713; 84 714; 84 715; 85 716; 85 718; 86 719; 86 720; 87 721; 87 728; 88 729; 88 730; 89 731; 89 732; 90 733; 90 735; 91 736; 91 738; 92 739; 92 740; 93 741; 93 742; 94 743; 99 743; 101 741; 102 741; 105 738; 105 737; 109 733; 109 732; 117 724; 117 723; 119 721; 119 720; 121 718; 121 714; 120 713; 117 713; 116 712; 113 712; 112 711; 106 711; 105 710; 101 710; 100 709; 97 709; 96 708; 91 708; 90 707
122; 893 715; 892 716; 886 716; 885 717; 884 716; 876 716; 875 717; 873 717; 872 718; 862 718; 861 717; 861 718; 859 720; 859 721; 862 724; 862 725; 863 726; 863 727; 866 730; 866 731; 868 733; 868 734; 871 737; 871 738; 875 742; 875 743; 877 745; 877 746; 878 747; 878 748; 881 751; 883 751; 884 750; 885 750; 885 749; 887 747; 887 746; 888 745; 888 744; 890 742; 890 741; 891 740; 891 739; 892 738; 892 737; 893 736; 893 734; 895 732; 895 731; 896 730; 896 729; 897 728; 897 727; 898 726; 898 724; 899 723; 899 721; 900 720; 900 717; 899 716; 898 716; 897 715
123; 238 719; 237 720; 237 730; 238 731; 238 735; 239 736; 239 740; 240 741; 240 745; 241 746; 241 749; 242 750; 242 751; 243 752; 243 754; 244 755; 244 756; 245 757; 248 757; 249 756; 250 756; 251 755; 252 755; 253 754; 253 753; 254 752; 254 751; 258 747; 259 747; 260 746; 261 746; 263 744; 264 744; 266 742; 267 742; 269 740; 270 740; 271 739; 272 739; 276 735; 276 732; 274 730; 273 730; 272 729; 271 729; 270 728; 268 728; 267 727; 265 727; 264 726; 262 726; 261 725; 260 725; 259 724; 258 724; 257 723; 256 723; 255 722; 250 722; 249 721; 247 721; 246 720; 244 720; 243 719
124; 195 739; 194 740; 191 740; 188 743; 188 746; 193 751; 193 752; 194 753; 194 755; 195 756; 195 757; 196 758; 196 760; 198 762; 198 763; 199 764; 199 765; 201 767; 201 768; 202 769; 202 771; 203 772; 203 774; 206 777; 209 777; 212 774; 212 773; 213 772; 213 771; 214 770; 214 769; 215 768; 215 767; 221 761; 221 759; 223 757; 223 756; 230 749; 230 745; 229 744; 228 744; 227 743; 223 743; 222 742; 215 742; 214 741; 209 741; 208 740; 199 740; 198 739
125; 43 736; 42 737; 41 737; 41 740; 42 741; 42 745; 43 746; 43 756; 44 757; 44 759; 45 760; 45 761; 44 762; 44 766; 45 767; 45 773; 46 774; 46 775; 47 776; 51 776; 55 772; 56 772; 58 770; 59 770; 61 768; 62 768; 66 764; 67 764; 69 762; 70 762; 72 760; 73 760; 77 756; 78 756; 79 755; 79 751; 78 750; 76 750; 75 749; 73 749; 72 748; 70 748; 69 747; 67 747; 65 745; 64 745; 62 743; 60 743; 59 742; 56 742; 55 741; 54 741; 53 740; 52 740; 51 739; 50 739; 49 738; 48 738; 46 736
126; 5 737; 3 739; 3 746; 4 747; 4 753; 3 754; 3 761; 4 762; 4 770; 3 771; 3 774; 5 776; 8 776; 9 775; 10 775; 11 774; 12 774; 13 773; 14 773; 16 771; 17 771; 20 768; 21 768; 23 766; 24 766; 25 765; 26 765; 27 764; 29 764; 30 763; 31 763; 32 762; 33 762; 35 760; 36 760; 39 757; 39 755; 37 753; 36 753; 34 751; 33 751; 32 750; 31 750; 30 749; 29 749; 27 747; 26 747; 25 746; 24 746; 23 745; 22 745; 21 744; 20 744; 19 743; 18 743; 16 741; 15 741; 14 740; 13 740; 11 738; 10 738; 9 737
127; 136 735; 134 737; 134 738; 130 742; 130 743; 129 744; 129 745; 128 746; 128 748; 127 749; 127 750; 124 753; 124 754; 123 755; 123 756; 122 757; 122 758; 121 759; 121 760; 120 761; 120 762; 119 763; 119 764; 118 765; 118 769; 120 771; 127 771; 128 770; 132 770; 133 769; 136 769; 137 770; 139 770; 140 769; 146 769; 147 770; 149 770; 150 769; 157 769; 159 767; 159 765; 158 764; 158 763; 155 760; 155 759; 154 758; 154 757; 151 754; 151 753; 150 752; 150 751; 149 750; 149 748; 144 743; 144 742; 142 740; 142 739; 141 738; 141 737; 140 736; 140 735
128; 187 744; 186 745; 184 745; 172 757; 171 757; 168 760; 168 761; 167 762; 167 763; 163 767; 162 767; 161 768; 159 768; 158 769; 158 774; 160 776; 162 776; 163 777; 166 777; 167 778; 171 778; 172 779; 176 779; 177 780; 181 780; 182 781; 186 781; 187 782; 191 782; 192 783; 194 783; 195 784; 197 784; 199 782; 199 778; 198 777; 198 774; 197 773; 197 771; 196 770; 196 768; 195 767; 195 763; 194 762; 194 761; 193 760; 193 759; 192 758; 192 757; 191 756; 191 754; 190 753; 190 749; 187 746
129; 269 748; 268 749; 267 749; 266 750; 265 750; 262 753; 261 753; 259 755; 257 755; 256 756; 254 756; 250 760; 249 760; 241 768; 240 768; 240 772; 241 773; 243 773; 244 774; 245 774; 246 775; 248 775; 249 776; 250 776; 251 777; 252 777; 253 778; 254 778; 256 780; 257 780; 258 781; 259 781; 261 783; 263 783; 265 785; 266 785; 267 786; 268 786; 269 787; 270 787; 271 788; 276 788; 278 786; 278 775; 277 774; 277 769; 276 768; 276 762; 275 761; 275 752; 274 751; 274 749; 273 748
130; 379 757; 378 758; 378 760; 377 761; 377 766; 376 767; 376 769; 375 770; 375 772; 374 773; 374 779; 373 780; 373 782; 372 783; 372 785; 371 786; 371 788; 370 789; 370 791; 372 793; 377 793; 378 792; 381 792; 382 791; 384 791; 385 790; 389 790; 390 789; 391 789; 392 790; 394 790; 395 789; 396 789; 397 788; 398 788; 399 787; 400 787; 401 786; 403 786; 404 785; 407 785; 408 784; 409 784; 410 783; 410 781; 409 780; 408 780; 407 779; 406 779; 405 778; 404 778; 402 776; 402 775; 400 773; 399 773; 394 768; 394 767; 389 762; 389 761; 388 761; 386 759; 385 759; 384 758; 383 758; 382 757
131; 84 784; 83 785; 82 785; 82 786; 81 787; 81 802; 80 803; 80 810; 81 811; 81 813; 80 814; 80 821; 81 822; 81 823; 82 823; 83 824; 85 824; 86 823; 88 823; 89 822; 90 822; 91 821; 92 821; 93 820; 94 820; 95 819; 96 819; 97 818; 98 818; 100 816; 101 816; 102 815; 103 815; 104 814; 105 814; 106 813; 108 813; 109 812; 113 812; 114 811; 115 811; 116 810; 116 806; 115 805; 115 803; 112 800; 111 800; 109 798; 108 798; 106 796; 105 796; 102 793; 101 793; 100 792; 98 792; 97 791; 96 791; 94 789; 93 789; 91 787; 90 787; 88 785; 87 785; 86 784
132; 565 787; 564 788; 564 797; 565 798; 565 800; 566 801; 566 805; 567 806; 567 808; 568 809; 568 811; 569 812; 569 816; 570 817; 570 824; 571 825; 571 826; 572 826; 573 827; 575 827; 577 825; 578 825; 580 823; 581 823; 584 820; 585 820; 586 819; 587 819; 588 818; 589 818; 591 816; 591 815; 592 814; 592 813; 594 811; 595 811; 597 809; 598 809; 602 805; 602 803; 601 802; 597 802; 596 803; 592 803; 590 801; 591 800; 594 800; 595 799; 599 799; 600 798; 602 798; 603 797; 603 794; 602 794; 601 793; 593 793; 592 792; 579 792; 578 791; 577 791; 576 790; 575 790; 574 789; 573 789; 572 788; 570 788; 569 787
133; 532 792; 531 793; 529 793; 528 794; 526 794; 525 795; 523 795; 522 796; 520 796; 519 797; 516 797; 515 798; 513 798; 512 799; 509 799; 508 800; 504 800; 503 801; 500 801; 498 803; 498 806; 506 814; 507 814; 510 817; 510 818; 512 820; 512 822; 519 829; 521 829; 522 830; 524 830; 525 831; 528 831; 529 830; 529 829; 530 828; 530 827; 531 826; 531 822; 532 821; 532 819; 533 818; 533 817; 535 815; 535 809; 536 808; 536 805; 537 804; 537 801; 538 800; 538 793; 537 793; 536 792
134; 674 791; 673 792; 671 792; 670 793; 669 793; 668 794; 667 794; 666 795; 665 795; 664 796; 663 796; 662 797; 661 797; 660 798; 658 798; 657 799; 655 799; 654 800; 653 800; 652 801; 650 801; 649 802; 646 802; 645 803; 644 803; 641 806; 641 808; 645 812; 646 812; 649 815; 650 815; 652 817; 653 817; 655 819; 656 819; 658 821; 659 821; 661 823; 662 823; 666 827; 667 827; 671 831; 671 833; 675 833; 675 831; 676 830; 676 827; 677 826; 677 818; 678 817; 678 807; 679 806; 679 801; 680 800; 680 792; 679 791
135; 928 802; 927 803; 926 803; 925 804; 924 804; 923 805; 922 805; 921 806; 920 806; 919 807; 918 807; 917 808; 916 808; 915 809; 914 809; 913 810; 911 810; 910 811; 909 811; 908 812; 907 812; 906 813; 905 813; 904 814; 903 814; 902 815; 901 815; 900 816; 899 816; 898 817; 897 817; 896 818; 896 820; 898 822; 898 823; 899 824; 899 827; 900 827; 902 829; 905 829; 906 828; 909 828; 911 830; 912 830; 913 831; 914 831; 916 833; 917 833; 919 835; 920 835; 923 838; 924 838; 925 839; 928 839; 928 838; 929 837; 929 835; 930 834; 930 831; 931 830; 931 825; 932 824; 932 823; 933 822; 933 818; 932 817; 932 812; 933 811; 933 803; 932 802
136; 690 801; 688 803; 688 804; 687 805; 687 818; 686 819; 686 820; 685 821; 685 822; 684 823; 684 825; 685 826; 685 837; 686 838; 686 839; 691 839; 692 838; 693 838; 694 837; 696 837; 697 836; 699 836; 700 835; 701 835; 702 834; 704 834; 705 833; 706 833; 707 832; 709 832; 710 831; 713 831; 714 830; 716 830; 717 829; 718 829; 719 828; 720 828; 722 826; 722 824; 719 821; 718 821; 716 819; 715 819; 709 813; 708 813; 705 810; 704 810; 702 808; 701 808; 699 806; 698 806; 694 802; 693 802; 692 801
137; 839 807; 836 810; 836 815; 837 816; 837 819; 838 820; 838 823; 839 824; 839 826; 840 827; 840 828; 841 829; 841 831; 842 832; 842 834; 843 835; 843 839; 842 840; 842 842; 843 843; 843 844; 849 844; 852 841; 853 841; 854 840; 855 840; 856 839; 857 839; 861 835; 863 835; 864 834; 865 834; 869 830; 869 829; 870 828; 870 827; 871 826; 871 823; 870 822; 870 821; 869 820; 868 820; 867 819; 865 819; 862 816; 860 816; 859 815; 858 815; 857 814; 856 814; 855 813; 854 813; 853 812; 852 812; 851 811; 850 811; 848 809; 847 809; 846 808; 845 808; 844 807
138; 486 807; 485 808; 485 809; 484 810; 484 819; 483 820; 483 822; 482 823; 482 824; 481 825; 481 837; 480 838; 480 844; 481 845; 481 846; 482 846; 483 845; 485 845; 486 844; 488 844; 489 843; 491 843; 492 842; 493 842; 494 841; 496 841; 497 840; 498 840; 499 839; 501 839; 502 838; 504 838; 505 837; 507 837; 508 836; 511 836; 512 835; 513 835; 514 834; 516 834; 517 833; 518 833; 518 832; 519 831; 519 830; 511 822; 510 822; 509 821; 508 821; 505 818; 504 818; 497 811; 496 811; 492 807
139; 898 827; 897 828; 895 828; 894 829; 892 829; 891 830; 890 830; 889 831; 881 831; 879 833; 878 833; 877 834; 875 834; 874 835; 871 835; 870 836; 867 836; 867 837; 866 838; 866 840; 880 854; 881 854; 888 861; 889 861; 891 863; 891 864; 895 864; 895 861; 896 860; 896 858; 897 857; 897 856; 898 855; 898 853; 899 852; 899 849; 900 848; 900 844; 901 843; 901 838; 902 837; 902 834; 903 833; 903 831; 904 830; 902 830; 900 828; 899 828
140; 91 829; 90 830; 88 830; 87 831; 86 831; 85 832; 84 832; 82 834; 79 834; 78 835; 77 835; 76 836; 75 836; 74 837; 73 837; 71 839; 70 839; 69 840; 67 840; 66 841; 65 841; 61 845; 61 848; 62 849; 63 849; 65 851; 66 851; 67 852; 68 852; 70 854; 71 854; 73 856; 74 856; 76 858; 77 858; 79 860; 80 860; 84 864; 85 864; 87 866; 88 866; 89 867; 92 867; 93 866; 93 865; 94 864; 94 854; 95 853; 95 838; 96 837; 96 830; 95 829
141; 326 830; 325 831; 323 831; 322 832; 320 832; 319 833; 309 833; 308 834; 307 834; 306 835; 305 835; 304 836; 301 836; 300 837; 296 837; 295 838; 294 838; 293 839; 293 842; 296 845; 296 846; 301 851; 301 852; 305 856; 306 856; 308 858; 308 859; 313 864; 313 865; 316 868; 321 868; 321 867; 322 866; 322 863; 323 862; 323 858; 324 857; 324 855; 325 854; 325 853; 326 852; 326 850; 327 849; 327 847; 328 846; 328 844; 329 843; 329 841; 330 840; 330 838; 331 837; 331 835; 332 834; 332 832; 330 830
142; 144 828; 143 829; 141 829; 139 831; 138 831; 136 833; 135 833; 134 834; 132 834; 131 835; 129 835; 128 836; 127 836; 123 840; 122 840; 120 842; 119 842; 118 843; 117 843; 115 845; 114 845; 113 846; 113 848; 116 851; 117 851; 119 853; 120 853; 121 854; 123 854; 124 855; 125 855; 126 856; 127 856; 128 857; 129 857; 131 859; 132 859; 134 861; 135 861; 137 863; 138 863; 139 864; 140 864; 141 865; 142 865; 144 867; 147 867; 149 865; 149 844; 148 843; 148 830; 146 828
143; 444 828; 442 830; 442 840; 443 841; 443 866; 445 868; 448 868; 449 867; 450 867; 452 865; 453 865; 455 863; 456 863; 459 860; 460 860; 461 859; 463 859; 464 858; 465 858; 470 853; 471 853; 472 852; 473 852; 475 850; 476 850; 477 849; 478 849; 480 847; 480 845; 479 844; 479 843; 478 843; 477 844; 476 844; 475 843; 474 843; 472 841; 470 841; 469 840; 468 840; 467 839; 466 839; 465 838; 464 838; 463 837; 462 837; 460 835; 459 835; 458 834; 457 834; 456 833; 455 833; 453 831; 452 831; 451 830; 450 830; 449 829; 447 829; 446 828
144; 994 826; 993 827; 993 829; 992 830; 992 834; 991 835; 991 837; 990 838; 990 839; 989 840; 989 841; 988 842; 988 843; 987 844; 987 846; 986 847; 986 854; 985 855; 985 858; 984 859; 984 861; 986 863; 990 863; 991 862; 992 862; 993 861; 996 861; 997 860; 1000 860; 1001 859; 1003 859; 1004 858; 1007 858; 1008 857; 1011 857; 1012 856; 1014 856; 1015 855; 1016 855; 1017 854; 1023 854; 1023 850; 1022 850; 1021 849; 1020 849; 1016 845; 1015 845; 1013 843; 1012 843; 1004 835; 1004 834; 996 826
145; 805 831; 805 838; 806 839; 806 843; 807 844; 807 848; 808 849; 808 853; 809 854; 809 859; 810 860; 810 864; 811 865; 811 867; 813 869; 815 869; 816 868; 817 868; 818 867; 818 866; 825 859; 826 859; 828 857; 829 857; 832 854; 832 853; 836 849; 837 849; 842 844; 842 843; 841 842; 841 841; 839 841; 838 840; 836 840; 835 839; 831 839; 830 838; 827 838; 826 837; 825 837; 824 836; 823 836; 822 835; 819 835; 818 834; 815 834; 814 833; 813 833; 812 832; 811 832; 810 831
146; 544 832; 543 833; 543 834; 540 837; 540 838; 529 849; 529 850; 528 851; 528 852; 525 855; 525 856; 522 859; 522 862; 524 864; 526 864; 527 865; 532 865; 533 866; 540 866; 541 867; 546 867; 547 868; 552 868; 553 869; 561 869; 561 863; 560 862; 560 860; 559 859; 559 858; 558 857; 558 855; 557 854; 557 852; 556 851; 556 850; 555 849; 555 848; 554 847; 554 845; 553 844; 553 843; 552 842; 552 841; 551 840; 551 838; 550 837; 550 836; 549 835; 549 834; 547 832
147; 671 834; 669 836; 668 836; 666 838; 666 839; 664 841; 663 841; 660 844; 659 844; 657 846; 656 846; 651 851; 650 851; 645 856; 645 859; 646 860; 647 860; 648 861; 649 861; 650 862; 652 862; 653 863; 656 863; 657 864; 659 864; 660 865; 662 865; 663 866; 665 866; 666 867; 668 867; 669 868; 670 868; 671 869; 674 869; 675 870; 676 870; 677 871; 679 871; 680 872; 684 868; 684 867; 683 866; 683 864; 682 863; 682 861; 681 860; 681 858; 680 857; 680 848; 679 847; 679 846; 678 845; 678 841; 677 840; 677 839; 676 838; 676 837; 675 836; 675 834
148; 860 841; 858 843; 858 844; 857 845; 857 846; 856 847; 856 848; 854 850; 854 851; 853 852; 853 853; 852 854; 852 856; 851 857; 851 859; 850 860; 850 861; 849 862; 849 863; 847 865; 847 866; 846 867; 846 868; 845 869; 845 870; 844 871; 844 876; 845 877; 852 877; 853 876; 862 876; 863 875; 879 875; 880 874; 882 874; 884 872; 884 870; 880 866; 880 865; 875 860; 875 859; 874 858; 874 857; 869 852; 869 851; 866 848; 866 847; 865 846; 865 845; 864 844; 864 843; 863 842; 863 841
149; 705 856; 702 859; 701 859; 696 864; 695 864; 694 865; 693 865; 692 866; 691 866; 690 867; 689 867; 687 869; 684 869; 681 872; 681 873; 680 874; 680 875; 677 878; 677 882; 678 882; 680 884; 682 884; 683 885; 685 885; 686 886; 688 886; 689 887; 691 887; 692 888; 694 888; 695 889; 698 889; 699 890; 701 890; 702 891; 703 891; 704 892; 707 892; 708 893; 709 893; 710 894; 711 894; 712 895; 715 895; 716 894; 718 894; 718 893; 717 892; 717 887; 716 886; 716 884; 715 883; 715 880; 714 879; 714 876; 713 875; 713 872; 712 871; 712 866; 711 865; 711 862; 710 861; 710 860; 709 859; 709 857; 708 856
150; 163 881; 162 882; 160 882; 159 883; 158 883; 157 884; 155 884; 154 885; 152 885; 151 886; 148 886; 147 887; 145 887; 144 888; 142 888; 141 889; 138 889; 137 890; 134 890; 133 891; 132 891; 131 892; 130 892; 129 893; 128 893; 128 894; 127 895; 127 897; 129 899; 130 899; 135 904; 136 904; 140 908; 141 908; 142 909; 143 909; 145 911; 146 911; 154 919; 155 919; 156 920; 159 920; 161 918; 161 913; 162 912; 162 909; 163 908; 163 906; 164 905; 164 904; 165 903; 165 902; 166 901; 166 898; 165 897; 165 895; 166 894; 166 890; 167 889; 167 882; 166 882; 165 881
151; 990 918; 987 920; 987 923; 1009 942; 1014 943; 1017 938; 1018 928; 1023 922; 1023 906; 1011 909; 1006 913; 1002 921; 997 923; 994 920
152; 994 920; 995 912; 992 884; 990 879; 986 879; 963 897; 959 904; 962 907; 971 909; 977 913; 987 915; 990 918
153; 884 884; 883 885; 882 885; 881 886; 879 886; 878 887; 876 887; 875 888; 874 888; 873 889; 870 889; 869 890; 867 890; 866 891; 863 891; 862 892; 859 892; 858 893; 857 893; 855 895; 854 895; 853 896; 853 898; 858 903; 859 903; 866 910; 867 910; 878 921; 879 921; 880 922; 882 922; 884 920; 884 917; 885 916; 885 912; 886 911; 886 909; 887 908; 887 907; 889 905; 889 898; 890 897; 890 893; 891 892; 891 884
154; 928 906; 927 907; 925 907; 924 908; 923 908; 922 909; 919 909; 918 910; 915 910; 914 911; 913 911; 911 913; 909 913; 908 914; 902 914; 901 915; 900 915; 900 917; 901 918; 902 918; 903 919; 904 919; 906 921; 906 922; 908 924; 908 925; 909 925; 915 931; 915 933; 917 935; 921 935; 923 937; 923 938; 924 939; 924 940; 927 940; 927 939; 928 938; 928 936; 929 935; 929 933; 930 932; 930 926; 931 925; 931 922; 932 921; 932 917; 933 916; 933 911; 934 910; 934 908; 933 907; 933 906
155; 667 895; 665 897; 665 898; 664 899; 664 900; 663 901; 663 902; 662 903; 662 905; 661 906; 661 909; 660 910; 660 912; 659 913; 659 914; 658 915; 658 916; 657 917; 657 918; 656 919; 656 920; 655 921; 655 923; 654 924; 654 931; 655 932; 660 932; 661 931; 668 931; 669 930; 673 930; 674 931; 676 931; 677 930; 678 930; 679 929; 680 929; 681 928; 683 928; 684 927; 694 927; 694 926; 695 925; 695 923; 692 920; 692 919; 685 912; 685 911; 681 907; 681 906; 680 905; 680 904; 678 902; 678 901; 674 897; 673 897; 671 895
156; 716 895; 715 896; 713 896; 713 900; 711 902; 711 903; 710 904; 710 905; 709 906; 709 907; 706 910; 706 911; 705 912; 705 913; 704 914; 704 915; 701 918; 701 919; 699 921; 699 922; 698 923; 697 923; 696 924; 696 925; 695 926; 695 927; 696 928; 697 928; 698 929; 700 929; 701 930; 715 930; 716 931; 720 931; 721 930; 727 930; 728 931; 735 931; 736 930; 737 930; 738 929; 738 925; 737 924; 737 923; 736 922; 736 921; 735 920; 735 919; 733 917; 733 916; 732 915; 732 914; 728 910; 728 909; 727 908; 727 907; 726 906; 726 905; 725 904; 725 903; 724 902; 724 901; 720 897; 720 896; 719 895
157; 339 908; 338 909; 336 909; 335 910; 328 910; 327 911; 319 911; 318 912; 312 912; 311 913; 310 913; 309 914; 308 914; 308 918; 310 920; 310 921; 312 923; 312 924; 318 930; 318 932; 317 933; 317 937; 318 938; 318 939; 319 940; 321 940; 322 941; 325 941; 326 940; 328 940; 329 939; 333 943; 333 944; 336 944; 338 942; 338 941; 339 940; 339 938; 340 937; 340 935; 341 934; 341 933; 343 931; 343 925; 344 924; 344 922; 345 921; 345 919; 346 918; 346 917; 347 916; 347 914; 348 913; 348 910; 346 908
158; 841 912; 840 913; 840 914; 839 915; 839 917; 838 918; 838 921; 837 922; 837 925; 836 926; 836 929; 835 930; 835 932; 834 933; 834 936; 833 937; 833 943; 832 944; 832 946; 834 948; 837 948; 838 947; 840 947; 841 946; 844 946; 845 945; 852 945; 853 944; 854 944; 855 943; 856 943; 857 942; 858 942; 859 941; 864 941; 865 940; 869 940; 871 938; 871 935; 870 934; 870 933; 868 931; 867 931; 862 926; 861 926; 852 917; 851 917; 849 915; 848 915; 847 914; 846 914; 844 912
159; 206 933; 205 934; 205 935; 204 936; 201 936; 199 934; 197 934; 196 935; 196 936; 195 937; 195 941; 194 942; 194 948; 193 949; 193 950; 192 951; 192 956; 193 957; 193 961; 192 962; 192 969; 195 972; 198 972; 199 971; 200 971; 201 970; 202 970; 204 968; 205 968; 206 967; 207 967; 208 966; 209 966; 210 965; 211 965; 212 964; 213 964; 214 963; 215 963; 216 962; 217 962; 218 961; 220 961; 221 960; 223 960; 224 959; 225 959; 226 958; 227 958; 229 956; 230 956; 230 952; 225 947; 224 947; 223 946; 222 946; 221 945; 220 945; 219 944; 217 944; 216 943; 214 943; 213 942; 212 942; 211 941; 211 940; 210 939; 210 936; 209 935; 209 934; 208 933
160; 317 941; 316 942; 314 942; 313 943; 311 943; 310 944; 309 944; 308 945; 307 945; 306 946; 305 946; 304 947; 302 947; 301 948; 299 948; 298 949; 297 949; 296 950; 295 950; 294 951; 293 951; 292 952; 290 952; 289 953; 287 953; 286 954; 285 954; 285 958; 288 961; 288 962; 289 963; 290 963; 292 965; 293 965; 294 966; 295 966; 302 973; 304 973; 305 974; 307 974; 310 977; 311 977; 314 980; 315 980; 316 981; 318 981; 320 979; 320 971; 321 970; 321 962; 322 961; 322 952; 323 951; 323 948; 324 947; 324 942; 322 942; 321 941
161; 397 939; 394 942; 394 946; 393 947; 393 951; 392 952; 392 954; 391 955; 391 956; 390 957; 390 958; 389 959; 389 960; 388 961; 388 966; 387 967; 387 970; 386 971; 386 973; 385 974; 385 977; 387 979; 394 979; 395 978; 397 978; 398 977; 401 977; 402 976; 405 976; 406 975; 413 975; 414 974; 416 974; 417 973; 422 973; 423 972; 425 972; 427 970; 427 968; 422 963; 422 962; 412 952; 412 951; 411 950; 410 950; 409 949; 409 948; 401 940; 400 940; 399 939
162; 871 943; 870 944; 870 957; 869 958; 869 959; 873 963; 873 964; 875 966; 875 968; 876 969; 876 982; 877 982; 881 978; 882 978; 883 977; 884 977; 885 976; 891 976; 892 975; 895 975; 894 974; 894 973; 897 970; 898 970; 899 969; 900 969; 901 968; 902 968; 904 966; 904 963; 900 959; 899 959; 898 958; 897 958; 896 957; 895 957; 894 956; 893 956; 890 953; 889 953; 887 951; 886 951; 884 949; 883 949; 881 947; 880 947; 876 943
163; 957 949; 956 950; 955 950; 954 951; 953 951; 951 953; 950 953; 948 955; 947 955; 946 956; 943 956; 937 962; 936 962; 935 963; 934 963; 932 965; 931 965; 930 966; 929 966; 927 968; 927 969; 929 971; 931 971; 933 973; 934 973; 935 974; 936 974; 937 975; 938 975; 939 976; 940 976; 941 977; 942 977; 943 978; 944 978; 945 979; 946 979; 947 980; 948 980; 949 981; 950 981; 951 982; 952 982; 953 983; 954 983; 955 984; 958 984; 959 985; 960 985; 961 986; 964 986; 965 985; 965 980; 964 979; 964 973; 963 972; 963 952; 962 951; 962 950; 961 949
164; 858 950; 855 953; 854 953; 852 955; 851 955; 848 958; 847 958; 845 960; 844 960; 843 961; 842 961; 840 963; 839 963; 838 964; 837 964; 835 966; 834 966; 833 967; 832 967; 831 968; 830 968; 830 972; 833 975; 834 975; 835 976; 836 976; 837 977; 838 977; 839 978; 841 978; 842 979; 843 979; 845 981; 846 981; 848 983; 850 983; 851 984; 853 984; 854 985; 856 985; 857 986; 858 986; 859 987; 861 987; 862 988; 864 988; 866 986; 866 985; 869 982; 875 982; 875 969; 874 968; 874 966; 872 964; 872 963; 869 960; 867 960; 864 957; 864 954; 863 953; 863 951; 862 950
165; 943 1010; 939 1007; 940 1001; 935 992; 934 986; 930 981; 928 971; 926 969; 923 970; 917 976; 911 987; 904 994; 904 1001; 912 1002; 917 1006; 916 1010; 924 1023; 931 1023; 931 1021; 928 1018; 929 1014; 942 1015
166; 996 983; 995 984; 986 984; 985 985; 974 985; 974 987; 975 988; 975 990; 974 991; 970 991; 970 993; 971 994; 971 995; 993 1017; 995 1017; 995 1016; 996 1015; 996 1011; 997 1010; 997 1008; 998 1007; 998 1006; 999 1005; 999 1004; 1002 1001; 1002 997; 1003 996; 1003 994; 1004 993; 1004 992; 1005 991; 1005 988; 1006 987; 1006 985; 1004 983
167; 500 976; 498 978; 498 980; 497 981; 497 985; 496 986; 496 989; 495 990; 495 992; 494 993; 494 999; 493 1000; 493 1006; 492 1007; 492 1010; 493 1011; 493 1012; 494 1012; 495 1013; 501 1013; 502 1012; 504 1012; 505 1011; 507 1011; 508 1010; 510 1010; 511 1009; 513 1009; 514 1008; 519 1008; 520 1007; 523 1007; 524 1006; 526 1006; 527 1005; 529 1005; 530 1006; 530 1005; 531 1004; 531 1003; 530 1002; 529 1002; 519 992; 519 991; 517 989; 517 988; 516 988; 513 985; 512 985; 511 984; 511 983; 504 976
168; 102 979; 101 980; 101 986; 102 987; 102 993; 103 994; 103 995; 104 996; 104 998; 105 999; 105 1008; 106 1009; 106 1010; 107 1011; 107 1012; 108 1013; 108 1015; 109 1016; 109 1018; 111 1020; 111 1023; 152 1023; 152 1019; 150 1017; 134 1017; 133 1016; 130 1016; 129 1017; 127 1017; 126 1018; 120 1018; 119 1017; 117 1017; 116 1016; 116 1014; 119 1011; 120 1011; 122 1009; 123 1009; 124 1008; 125 1008; 130 1003; 131 1003; 132 1002; 133 1002; 135 1000; 136 1000; 137 999; 138 999; 139 998; 139 994; 138 994; 137 993; 136 993; 135 992; 134 992; 132 990; 130 990; 129 989; 128 989; 127 988; 126 988; 125 987; 124 987; 123 986; 121 986; 120 985; 119 985; 118 984; 117 984; 116 983; 115 983; 114 982; 113 982; 112 981; 110 981; 109 980; 108 980; 107 979
169; 892 976; 891 977; 888 977; 883 982; 882 982; 880 984; 878 984; 872 990; 871 990; 870 991; 869 991; 868 992; 868 993; 864 997; 863 997; 863 998; 864 999; 865 999; 866 1000; 868 1000; 873 1005; 873 1007; 871 1009; 869 1009; 869 1013; 871 1015; 871 1016; 873 1018; 873 1019; 874 1020; 874 1021; 875 1022; 875 1023; 882 1023; 882 1022; 881 1021; 881 1020; 880 1019; 880 1017; 881 1016; 885 1016; 886 1017; 887 1017; 888 1018; 889 1018; 890 1019; 891 1019; 892 1020; 893 1020; 894 1021; 895 1021; 896 1022; 896 1023; 909 1023; 909 1022; 908 1021; 907 1021; 906 1020; 905 1020; 900 1015; 900 1005; 901 1004; 901 1003; 903 1001; 903 999; 902 998; 902 996; 900 996; 899 995; 899 994; 898 993; 898 989; 897 988; 897 979; 896 978; 896 976
170; 663 982; 662 983; 660 983; 659 984; 657 984; 656 985; 655 985; 654 986; 653 986; 652 987; 651 987; 650 988; 648 988; 647 989; 645 989; 644 990; 643 990; 642 991; 640 991; 639 992; 638 992; 637 993; 635 993; 634 994; 633 994; 632 995; 631 995; 630 996; 630 999; 632 1001; 633 1001; 636 1004; 637 1004; 638 1005; 640 1005; 647 1012; 649 1012; 650 1013; 651 1013; 653 1015; 654 1015; 656 1017; 657 1017; 658 1018; 659 1018; 660 1019; 664 1019; 666 1017; 666 1015; 665 1014; 665 1010; 664 1009; 665 1008; 665 999; 666 998; 666 996; 667 995; 667 994; 668 993; 668 983; 666 983; 665 982
171; 669 983; 669 995; 670 996; 670 998; 671 999; 671 1007; 672 1008; 672 1016; 675 1019; 681 1019; 682 1018; 683 1018; 686 1015; 687 1015; 688 1014; 689 1014; 691 1012; 692 1012; 693 1011; 694 1011; 695 1010; 696 1010; 697 1009; 698 1009; 699 1008; 700 1008; 703 1005; 704 1005; 705 1004; 705 1001; 704 1001; 701 998; 700 998; 699 997; 698 997; 697 996; 696 996; 692 992; 691 992; 690 991; 689 991; 688 990; 686 990; 685 989; 684 989; 683 988; 682 988; 680 986; 679 986; 678 985; 677 985; 675 983
172; 323 989; 322 990; 319 990; 318 991; 317 991; 316 992; 314 992; 313 993; 311 993; 310 994; 308 994; 307 995; 305 995; 304 996; 301 996; 300 997; 299 997; 298 998; 296 998; 295 999; 292 999; 290 1001; 290 1004; 294 1008; 295 1008; 297 1010; 298 1010; 300 1012; 301 1012; 303 1014; 304 1014; 306 1016; 307 1016; 309 1018; 310 1018; 312 1020; 313 1020; 315 1022; 315 1023; 327 1023; 327 1022; 326 1021; 326 1016; 325 1015; 325 1012; 326 1011; 326 1001; 327 1000; 327 998; 328 997; 328 991; 327 990; 326 990; 325 989
173; 563 1001; 562 1002; 559 1002; 558 1003; 555 1003; 554 1002; 550 1002; 549 1003; 546 1003; 545 1004; 532 1004; 531 1005; 531 1006; 537 1012; 537 1013; 538 1013; 547 1022; 547 1023; 568 1023; 568 1020; 569 1019; 569 1013; 570 1012; 570 1008; 571 1007; 571 1002; 570 1002; 569 1001
174; 824 984; 824 993; 825 994; 825 996; 826 997; 826 1000; 827 1001; 827 1004; 828 1005; 828 1010; 829 1011; 829 1014; 830 1015; 830 1016; 831 1017; 831 1018; 833 1020; 836 1020; 837 1019; 838 1019; 839 1018; 840 1018; 845 1013; 846 1013; 847 1012; 848 1012; 850 1010; 850 1009; 854 1005; 855 1005; 859 1001; 860 1001; 861 1000; 862 1000; 863 999; 861 997; 857 997; 856 996; 854 996; 853 995; 851 995; 850 994; 848 994; 847 993; 846 993; 845 992; 844 992; 843 991; 842 991; 840 989; 839 989; 838 988; 836 988; 835 987; 832 987; 831 986; 830 986; 829 985; 828 985; 827 984
