0; 683 0; 682 1; 682 6; 683 7; 683 8; 685 10; 685 11; 686 12; 686 14; 688 16; 688 17; 690 19; 690 20; 691 21; 691 22; 692 23; 692 24; 693 25; 693 26; 694 27; 694 28; 696 30; 696 31; 699 34; 699 35; 701 37; 701 38; 703 40; 706 40; 707 39; 707 38; 708 37; 708 36; 710 34; 710 32; 711 31; 711 29; 712 28; 712 26; 713 25; 713 23; 714 22; 714 21; 715 20; 715 19; 717 17; 717 16; 718 15; 718 14; 719 13; 719 10; 720 9; 720 7; 721 6; 721 2; 720 1; 720 0
1; 964 0; 964 1; 963 2; 963 7; 962 8; 962 13; 961 14; 961 18; 960 19; 960 22; 959 23; 959 30; 958 31; 958 32; 957 33; 957 36; 958 37; 963 37; 964 36; 965 36; 966 35; 969 35; 970 34; 973 34; 974 33; 976 33; 977 32; 979 32; 980 31; 986 31; 987 30; 993 30; 996 27; 996 25; 995 24; 995 23; 993 21; 993 20; 989 16; 989 15; 983 9; 983 8; 980 5; 979 5; 978 4; 977 4; 974 1; 974 0
2; 305 12; 304 13; 304 18; 305 19; 305 22; 306 23; 306 24; 307 25; 307 26; 308 27; 308 28; 309 29; 309 30; 310 31; 310 34; 311 35; 311 38; 312 39; 312 41; 313 42; 313 44; 314 45; 314 47; 315 48; 315 50; 317 52; 317 53; 321 53; 327 47; 327 46; 329 44; 329 43; 336 36; 336 35; 338 33; 338 31; 340 29; 340 28; 344 24; 344 21; 343 21; 342 20; 339 20; 338 19; 335 19; 334 18; 331 18; 330 17; 327 17; 326 16; 325 16; 324 15; 314 15; 313 14; 312 14; 311 13; 308 13; 307 12
3; 71 53; 70 54; 66 54; 66 55; 65 56; 65 59; 66 60; 66 62; 67 63; 67 64; 68 65; 68 66; 69 67; 69 68; 70 69; 70 70; 71 71; 71 72; 72 73; 72 74; 73 75; 73 76; 74 77; 74 79; 75 80; 75 82; 76 83; 76 84; 78 86; 78 87; 80 89; 80 90; 82 92; 84 92; 85 91; 86 91; 87 90; 87 89; 90 86; 90 85; 91 84; 91 83; 92 82; 92 81; 93 80; 93 79; 94 78; 94 77; 97 74; 97 73; 98 72; 98 71; 100 69; 100 68; 102 66; 102 65; 104 63; 104 62; 105 61; 105 58; 103 56; 92 56; 91 55; 89 55; 88 54; 79 54; 78 53
4; 204 51; 203 52; 203 57; 204 58; 204 60; 205 61; 205 63; 206 64; 206 66; 207 67; 207 68; 208 69; 208 73; 212 77; 212 78; 213 79; 213 80; 214 81; 214 83; 215 84; 215 85; 216 86; 216 88; 219 91; 221 91; 222 90; 223 90; 223 89; 225 87; 225 86; 226 85; 226 84; 228 82; 228 81; 232 77; 232 76; 233 75; 233 74; 235 72; 235 71; 238 68; 238 67; 240 65; 240 64; 243 61; 243 57; 242 56; 231 56; 230 55; 226 55; 225 54; 218 54; 217 53; 213 53; 212 52; 207 52; 206 51
5; 705 93; 704 94; 690 94; 689 95; 689 99; 690 100; 690 101; 691 102; 691 103; 694 106; 694 107; 695 108; 695 109; 696 110; 696 111; 697 112; 697 113; 698 114; 698 115; 699 116; 699 117; 700 118; 700 119; 701 120; 701 121; 702 122; 702 124; 703 125; 703 126; 705 128; 705 129; 706 130; 711 130; 712 129; 712 128; 713 127; 713 126; 715 124; 715 123; 716 122; 716 121; 717 120; 717 119; 718 118; 718 117; 721 114; 721 113; 723 111; 723 110; 724 109; 724 107; 725 106; 725 105; 726 104; 726 102; 727 101; 727 100; 728 99; 728 98; 729 97; 729 95; 727 93; 723 93; 722 94; 713 94; 712 93
6; 751 97; 745 103; 745 104; 744 105; 744 106; 742 108; 742 109; 739 112; 739 113; 737 115; 737 116; 735 118; 735 119; 730 124; 730 125; 728 127; 728 131; 729 132; 731 132; 732 133; 743 133; 744 134; 746 134; 747 135; 755 135; 756 136; 768 136; 769 135; 769 132; 768 131; 768 130; 767 129; 767 128; 766 127; 766 125; 765 124; 765 122; 764 121; 764 119; 763 118; 763 117; 762 116; 762 115; 761 114; 761 113; 760 112; 760 110; 759 109; 759 107; 758 106; 758 105; 757 104; 757 103; 756 102; 756 100; 755 99; 755 98; 754 97
7; 422 135; 421 136; 421 137; 420 138; 420 140; 419 141; 419 144; 418 145; 418 147; 417 148; 417 150; 416 151; 416 153; 415 154; 415 156; 414 157; 414 159; 413 160; 413 162; 412 163; 412 167; 411 168; 411 174; 420 174; 421 173; 423 173; 424 172; 430 172; 431 173; 434 173; 435 172; 437 172; 438 171; 440 171; 441 170; 442 170; 443 169; 447 169; 448 168; 449 168; 450 167; 450 164; 447 161; 447 160; 439 152; 439 151; 437 149; 437 148; 435 146; 435 145; 430 140; 430 139; 426 135
8; 28 144; 27 145; 27 146; 26 147; 26 149; 24 151; 24 152; 23 153; 23 154; 21 156; 21 157; 19 159; 19 160; 17 162; 17 163; 15 165; 15 166; 14 167; 14 168; 12 170; 12 171; 11 172; 11 173; 10 174; 10 180; 11 180; 12 181; 26 181; 27 182; 34 182; 35 181; 38 181; 39 180; 46 180; 47 179; 48 179; 49 178; 49 176; 46 173; 46 172; 44 170; 44 169; 43 168; 43 167; 42 166; 42 165; 41 164; 41 160; 39 158; 39 157; 38 156; 38 155; 37 154; 37 153; 35 151; 35 150; 34 149; 34 148; 32 146; 32 145; 31 145; 30 144
9; 867 152; 862 157; 862 158; 857 163; 857 164; 855 166; 855 167; 851 171; 851 172; 845 178; 845 179; 844 180; 844 184; 850 184; 851 185; 855 185; 856 186; 859 186; 860 187; 861 187; 862 188; 863 188; 864 189; 872 189; 873 190; 876 190; 877 191; 881 191; 883 189; 883 185; 882 184; 882 181; 881 180; 881 179; 880 178; 880 177; 879 176; 879 175; 878 174; 878 171; 877 170; 877 168; 876 167; 876 166; 875 165; 875 163; 874 162; 874 159; 873 158; 873 156; 872 155; 872 154; 871 153; 871 152
10; 755 165; 754 166; 753 166; 752 167; 750 167; 749 168; 740 168; 739 169; 737 169; 736 170; 735 170; 732 173; 732 174; 731 175; 731 176; 729 178; 728 178; 727 177; 725 177; 723 175; 721 175; 721 180; 735 194; 735 195; 737 197; 737 198; 740 201; 740 202; 742 204; 744 204; 746 202; 746 201; 747 200; 747 198; 748 197; 748 196; 749 195; 749 194; 750 193; 750 191; 751 190; 751 189; 753 187; 753 186; 754 185; 754 178; 755 177; 755 176; 757 174; 757 173; 758 172; 758 170; 759 169; 759 167; 757 165
11; 469 193; 470 198; 465 202; 466 206; 503 214; 504 209; 502 205; 502 199; 494 176; 490 175; 485 181; 482 181
12; 482 181; 471 158; 467 156; 451 180; 446 185; 446 189; 456 192; 469 193
13; 437 182; 435 184; 435 185; 430 190; 429 190; 425 194; 424 194; 416 202; 416 203; 415 204; 415 205; 413 207; 412 207; 411 208; 411 211; 412 212; 413 212; 414 213; 416 213; 417 214; 420 214; 421 215; 423 215; 424 216; 426 216; 427 217; 431 217; 432 218; 435 218; 436 219; 440 219; 441 220; 442 220; 444 222; 449 222; 449 216; 448 215; 448 208; 447 207; 447 204; 446 203; 446 197; 444 195; 444 194; 443 193; 443 187; 442 186; 442 184; 440 182
14; 610 200; 609 201; 598 201; 597 202; 595 202; 594 203; 584 203; 583 204; 580 204; 579 205; 579 208; 582 211; 582 212; 584 214; 584 215; 585 216; 585 217; 586 218; 586 219; 589 222; 589 223; 590 224; 590 225; 592 227; 592 228; 594 230; 594 231; 595 232; 595 233; 596 234; 596 235; 597 236; 597 237; 598 238; 601 238; 604 235; 604 234; 606 232; 606 231; 607 230; 607 229; 609 227; 609 226; 611 224; 611 222; 612 221; 612 219; 613 218; 613 217; 614 216; 614 215; 615 214; 615 212; 616 211; 616 210; 617 209; 617 208; 618 207; 618 206; 619 205; 619 202; 617 200
15; 236 200; 235 201; 235 206; 234 207; 234 217; 233 218; 233 235; 232 236; 232 238; 231 239; 231 240; 232 240; 233 241; 235 241; 236 240; 237 240; 238 239; 240 239; 241 238; 242 238; 243 237; 244 237; 245 236; 246 236; 247 235; 249 235; 250 234; 253 234; 254 233; 256 233; 259 230; 260 230; 262 228; 263 228; 264 227; 265 227; 267 225; 268 225; 269 224; 270 224; 271 223; 271 221; 269 219; 268 219; 267 218; 266 218; 264 216; 263 216; 262 215; 261 215; 260 214; 259 214; 257 212; 256 212; 253 209; 252 209; 250 207; 249 207; 247 205; 246 205; 245 204; 244 204; 243 203; 242 203; 239 200
16; 314 219; 313 220; 298 220; 297 221; 296 221; 296 226; 298 228; 298 229; 300 231; 300 232; 303 235; 303 236; 304 237; 304 238; 305 239; 305 240; 306 241; 306 242; 309 245; 309 246; 310 247; 310 249; 311 250; 311 251; 315 255; 318 255; 321 252; 321 251; 323 249; 323 248; 324 247; 324 246; 325 245; 325 243; 326 242; 326 241; 327 240; 327 238; 328 237; 328 236; 329 235; 329 234; 330 233; 330 232; 332 230; 332 229; 334 227; 334 226; 336 224; 336 221; 335 220; 331 220; 330 221; 328 221; 327 220; 324 220; 323 219
17; 941 230; 940 231; 932 231; 931 232; 926 232; 925 233; 911 233; 910 234; 908 234; 907 235; 906 235; 906 240; 908 242; 908 243; 909 244; 909 245; 915 251; 915 252; 920 257; 920 258; 923 261; 923 262; 928 267; 928 268; 932 268; 932 266; 933 265; 933 262; 935 260; 935 259; 936 258; 936 257; 937 256; 937 255; 938 254; 938 253; 940 251; 940 250; 941 249; 941 246; 942 245; 942 244; 946 240; 946 239; 945 238; 945 235; 946 234; 946 231; 945 230
18; 135 229; 134 230; 134 231; 132 233; 132 234; 131 235; 131 236; 129 238; 129 239; 127 241; 127 242; 126 243; 126 244; 124 246; 124 247; 120 251; 120 252; 118 254; 118 255; 115 258; 115 261; 116 262; 117 262; 118 263; 119 263; 120 264; 128 264; 129 265; 131 265; 132 266; 137 266; 138 265; 139 266; 146 266; 147 267; 152 267; 153 266; 153 262; 152 261; 152 260; 151 259; 151 257; 150 256; 150 255; 149 254; 149 253; 148 252; 148 249; 147 248; 147 247; 146 246; 146 245; 145 244; 145 243; 144 242; 144 240; 143 239; 143 237; 142 236; 142 235; 141 234; 141 233; 140 232; 140 231; 138 229
19; 947 239; 947 240; 945 242; 945 243; 946 244; 946 246; 947 247; 947 271; 948 272; 948 275; 949 276; 949 279; 950 280; 953 280; 957 276; 958 276; 960 274; 961 274; 963 272; 964 272; 965 271; 967 271; 968 270; 969 270; 973 266; 974 266; 976 264; 977 264; 979 262; 980 262; 981 261; 982 261; 982 257; 981 256; 980 256; 978 254; 977 254; 975 252; 974 252; 973 251; 972 251; 971 250; 970 250; 969 249; 967 249; 965 247; 964 247; 963 246; 962 246; 960 244; 959 244; 958 243; 957 243; 956 242; 955 242; 954 241; 953 241; 952 240; 948 240
20; 668 241; 662 247; 661 247; 657 251; 656 251; 656 252; 654 254; 654 255; 652 257; 652 258; 651 259; 650 259; 648 261; 647 261; 645 263; 645 264; 642 267; 642 268; 641 269; 641 270; 643 272; 644 272; 645 271; 649 271; 650 272; 652 272; 653 273; 656 273; 657 274; 659 274; 660 275; 662 275; 663 276; 664 276; 665 277; 667 277; 668 278; 669 278; 670 279; 671 279; 672 280; 673 280; 674 281; 678 281; 679 280; 679 270; 678 269; 678 262; 677 261; 677 257; 676 256; 676 254; 675 253; 675 250; 674 249; 674 248; 673 247; 673 244; 672 243; 672 242; 671 241
21; 826 242; 819 249; 819 250; 817 252; 817 253; 816 254; 816 255; 815 256; 815 257; 813 259; 813 260; 808 265; 807 265; 807 266; 806 267; 806 269; 805 270; 805 271; 804 272; 804 274; 805 275; 806 275; 807 276; 811 276; 812 277; 822 277; 823 278; 825 278; 826 279; 843 279; 843 275; 842 274; 842 273; 841 272; 841 271; 840 270; 840 269; 839 268; 839 267; 838 266; 838 265; 837 264; 837 258; 836 257; 836 256; 833 253; 833 250; 832 249; 832 247; 831 246; 831 245; 830 244; 830 243; 829 242
22; 230 241; 230 242; 229 243; 229 244; 228 245; 228 246; 227 247; 227 248; 225 250; 225 251; 221 255; 221 256; 220 257; 220 260; 219 261; 219 262; 216 265; 213 265; 213 270; 212 271; 212 277; 213 277; 214 278; 230 278; 231 279; 242 279; 243 278; 246 278; 247 279; 249 279; 251 277; 251 275; 250 274; 250 273; 249 272; 249 271; 248 270; 248 269; 247 268; 247 267; 246 266; 246 265; 243 262; 243 260; 241 258; 241 257; 240 256; 240 255; 239 254; 239 253; 237 251; 237 250; 236 249; 236 248; 235 247; 235 245; 234 244; 234 242; 233 242; 232 241
23; 175 255; 175 260; 176 261; 176 264; 177 265; 177 269; 178 270; 178 273; 179 274; 179 277; 180 278; 180 281; 181 282; 181 284; 182 285; 182 289; 183 290; 183 292; 185 294; 187 294; 198 283; 199 283; 202 280; 202 279; 203 278; 203 277; 208 272; 210 272; 212 270; 212 264; 211 264; 210 263; 209 263; 208 262; 205 262; 204 261; 201 261; 200 260; 197 260; 196 259; 193 259; 192 258; 190 258; 189 257; 186 257; 185 256; 180 256; 179 255
24; 333 251; 330 254; 330 255; 329 256; 329 257; 328 258; 328 259; 327 260; 327 261; 326 262; 326 263; 324 265; 324 266; 323 267; 323 268; 322 269; 322 270; 321 271; 321 272; 320 273; 320 274; 317 277; 317 278; 316 279; 316 281; 315 282; 315 286; 316 287; 323 287; 324 286; 333 286; 334 287; 340 287; 341 286; 353 286; 354 285; 355 285; 355 281; 349 275; 349 274; 348 273; 348 272; 347 271; 347 270; 346 269; 346 268; 344 266; 344 265; 343 264; 343 263; 342 262; 342 261; 341 260; 341 259; 340 258; 340 257; 339 256; 339 255; 335 251
25; 122 274; 121 275; 112 275; 111 276; 110 276; 110 280; 112 282; 112 283; 113 284; 113 285; 114 286; 114 287; 115 288; 115 289; 116 290; 116 292; 117 293; 117 294; 118 295; 118 296; 121 299; 121 300; 122 301; 122 302; 123 303; 123 304; 125 306; 125 307; 128 310; 131 310; 132 309; 132 308; 133 307; 133 303; 134 302; 134 301; 138 297; 138 296; 139 295; 139 294; 140 293; 140 292; 141 291; 141 289; 142 288; 142 287; 145 284; 145 283; 146 282; 146 281; 147 280; 147 279; 148 278; 148 276; 146 274
26; 640 271; 638 273; 638 274; 621 291; 621 292; 614 299; 614 301; 615 301; 616 302; 620 302; 621 303; 623 303; 624 304; 626 304; 627 305; 629 305; 630 306; 633 306; 634 307; 636 307; 637 308; 640 308; 641 309; 645 309; 646 310; 653 310; 654 309; 654 305; 653 304; 653 302; 652 301; 652 299; 651 298; 651 295; 650 294; 650 289; 649 288; 649 287; 648 286; 648 285; 646 283; 646 282; 645 281; 645 280; 644 279; 644 277; 643 276; 643 273; 641 271
27; 94 276; 92 278; 92 279; 90 281; 90 282; 88 284; 88 285; 87 286; 87 287; 86 288; 86 289; 85 290; 85 291; 84 292; 84 293; 82 295; 82 296; 81 297; 81 298; 80 299; 80 301; 79 302; 79 304; 78 305; 78 306; 77 307; 77 311; 95 311; 96 312; 99 312; 100 311; 108 311; 109 310; 116 310; 118 308; 115 305; 115 304; 113 302; 113 301; 112 300; 112 299; 111 298; 111 297; 109 295; 109 294; 107 292; 107 291; 104 288; 104 287; 103 286; 103 285; 101 283; 101 282; 99 280; 99 279; 98 278; 98 277; 97 276
28; 162 282; 158 286; 157 286; 155 288; 155 289; 152 292; 151 292; 149 294; 148 294; 147 295; 147 296; 146 297; 146 298; 139 305; 138 305; 136 307; 136 310; 137 311; 138 311; 139 312; 141 312; 142 313; 145 313; 146 314; 150 314; 151 315; 152 315; 153 316; 155 316; 156 317; 161 317; 162 318; 165 318; 166 319; 167 319; 168 320; 170 320; 171 321; 174 321; 175 320; 175 316; 173 314; 173 312; 172 311; 172 304; 171 303; 171 301; 170 300; 170 295; 169 294; 169 289; 168 288; 168 287; 167 286; 167 285; 166 284; 166 283; 165 282
29; 599 287; 598 288; 598 289; 596 291; 596 292; 593 295; 593 296; 592 297; 592 298; 591 299; 591 300; 589 302; 588 302; 588 303; 586 305; 586 306; 585 307; 585 309; 584 310; 584 311; 581 314; 581 315; 579 317; 579 321; 580 321; 581 322; 590 322; 591 323; 612 323; 613 324; 618 324; 619 323; 619 321; 618 320; 618 318; 617 317; 617 316; 616 315; 616 313; 615 312; 615 311; 614 310; 614 309; 613 308; 613 307; 612 306; 612 302; 609 299; 609 298; 608 297; 608 296; 605 293; 605 292; 604 291; 604 289; 603 288; 603 287
30; 35 296; 34 297; 30 297; 29 298; 26 298; 25 297; 18 297; 17 298; 12 298; 11 299; 8 299; 7 300; 7 302; 8 303; 8 304; 9 305; 9 306; 10 307; 10 308; 12 310; 12 311; 14 313; 14 314; 16 316; 16 317; 19 320; 19 321; 21 323; 21 324; 22 325; 22 326; 23 327; 23 328; 25 330; 25 331; 27 333; 30 333; 35 328; 35 326; 36 325; 36 324; 37 323; 37 322; 38 321; 38 320; 39 319; 39 318; 41 316; 41 314; 42 313; 42 307; 44 305; 44 304; 46 302; 46 297; 39 297; 38 296
31; 118 309; 117 310; 117 315; 116 316; 116 326; 115 327; 115 333; 114 334; 114 338; 113 339; 113 350; 119 350; 120 349; 122 349; 123 348; 124 348; 125 347; 127 347; 128 346; 129 346; 131 344; 132 344; 133 343; 134 343; 135 342; 136 342; 138 340; 139 340; 140 339; 141 339; 143 337; 144 337; 145 336; 148 336; 149 335; 150 335; 150 332; 148 330; 147 330; 146 329; 145 329; 140 324; 139 324; 134 319; 133 319; 132 318; 131 318; 130 317; 129 317; 128 316; 127 316; 124 313; 124 312; 123 312; 121 310; 120 310; 119 309
32; 77 325; 75 327; 73 327; 72 328; 70 328; 69 329; 68 329; 67 330; 63 330; 62 331; 60 331; 59 332; 58 332; 56 334; 54 334; 53 335; 51 335; 50 336; 49 336; 48 337; 46 337; 45 338; 45 342; 51 348; 52 348; 56 352; 57 352; 64 359; 65 359; 67 361; 68 361; 72 365; 76 365; 77 364; 77 357; 78 356; 78 354; 79 353; 79 349; 80 348; 80 345; 81 344; 81 336; 82 335; 82 325
33; 266 326; 265 327; 264 327; 264 328; 263 329; 263 330; 260 333; 260 334; 259 335; 259 336; 258 337; 258 338; 256 340; 256 341; 254 343; 254 344; 252 346; 252 347; 251 348; 251 349; 248 352; 248 353; 247 354; 247 355; 245 357; 245 361; 247 363; 263 363; 264 364; 268 364; 269 363; 283 363; 284 362; 285 362; 285 358; 283 356; 283 355; 282 354; 282 353; 281 352; 281 351; 280 350; 280 349; 279 348; 279 347; 278 346; 278 344; 276 342; 276 341; 275 340; 275 339; 274 338; 274 337; 273 336; 273 335; 272 334; 272 333; 271 332; 271 331; 270 330; 270 328; 268 326
34; 44 364; 43 365; 22 365; 21 366; 16 366; 15 367; 15 370; 16 371; 16 372; 18 374; 18 375; 20 377; 20 378; 22 380; 22 381; 23 382; 23 383; 24 384; 24 385; 25 386; 25 387; 27 389; 27 390; 29 392; 29 393; 31 395; 31 396; 35 400; 36 400; 37 401; 39 401; 41 399; 41 398; 42 397; 42 394; 43 393; 43 391; 44 390; 44 389; 50 383; 50 380; 51 379; 51 378; 52 377; 52 376; 53 375; 53 374; 54 373; 54 372; 55 371; 55 370; 56 369; 56 366; 55 365; 54 365; 53 364
35; 137 358; 134 361; 134 362; 132 364; 132 365; 131 366; 131 367; 130 368; 130 370; 122 378; 122 379; 121 380; 121 381; 119 383; 119 384; 117 386; 117 387; 116 388; 116 391; 117 392; 122 392; 123 393; 126 393; 127 394; 130 394; 131 395; 136 395; 137 394; 145 394; 146 395; 149 395; 150 396; 154 396; 155 395; 155 392; 154 391; 154 390; 153 389; 153 388; 152 387; 152 385; 151 384; 151 382; 150 381; 150 377; 149 376; 149 374; 148 373; 148 372; 147 371; 147 369; 146 368; 146 367; 145 366; 145 365; 142 362; 142 361; 139 358
36; 219 380; 218 381; 217 381; 217 387; 218 388; 218 389; 219 390; 219 392; 220 393; 220 398; 221 399; 221 401; 223 403; 223 404; 224 405; 224 408; 225 409; 225 411; 226 412; 226 413; 227 414; 227 415; 228 416; 228 418; 229 419; 232 419; 239 412; 239 411; 242 408; 243 408; 251 400; 251 399; 254 396; 254 395; 255 394; 255 393; 256 392; 256 389; 254 387; 251 387; 250 386; 243 386; 242 385; 240 385; 239 384; 234 384; 233 383; 229 383; 228 382; 226 382; 225 381; 223 381; 222 380
37; 96 387; 90 393; 89 393; 76 406; 76 407; 72 411; 72 412; 71 413; 71 416; 72 417; 73 417; 74 418; 80 418; 81 419; 85 419; 86 420; 87 420; 88 421; 89 421; 90 422; 92 422; 93 423; 102 423; 103 424; 109 424; 109 419; 108 418; 108 415; 107 414; 107 408; 106 407; 106 406; 105 405; 105 403; 104 402; 104 401; 103 400; 103 396; 102 395; 102 392; 101 391; 101 389; 99 387
38; 162 398; 161 399; 160 399; 160 404; 161 405; 161 406; 162 407; 162 408; 163 409; 163 410; 164 411; 164 412; 165 413; 165 414; 167 416; 167 417; 170 420; 170 422; 171 423; 171 424; 172 425; 172 427; 173 428; 173 429; 174 430; 174 432; 175 433; 175 434; 176 435; 178 435; 183 430; 183 429; 185 427; 185 426; 187 424; 187 423; 189 421; 189 420; 190 419; 190 418; 192 416; 192 415; 196 411; 196 410; 198 408; 198 407; 199 406; 199 405; 200 404; 200 402; 198 400; 185 400; 184 399; 182 399; 181 398; 170 398; 169 399; 165 399; 164 398
39; 858 408; 856 410; 856 413; 853 416; 853 419; 854 420; 854 423; 856 423; 857 424; 857 432; 858 433; 858 434; 859 435; 859 443; 860 444; 860 447; 861 448; 864 448; 866 446; 867 446; 869 444; 870 444; 873 441; 874 441; 876 439; 877 439; 879 437; 880 437; 883 434; 884 434; 885 433; 886 433; 888 431; 889 431; 889 430; 893 426; 893 423; 892 422; 888 422; 887 421; 886 421; 885 420; 884 420; 882 418; 881 418; 880 417; 879 417; 878 416; 876 416; 875 415; 873 415; 872 414; 871 414; 870 413; 869 413; 868 412; 867 412; 866 411; 865 411; 864 410; 863 410; 862 409; 861 409; 860 408
40; 834 416; 833 417; 816 417; 814 419; 814 421; 818 425; 818 426; 819 427; 819 428; 820 429; 820 430; 821 431; 821 436; 822 437; 823 437; 825 439; 825 440; 827 442; 827 443; 831 447; 831 448; 832 449; 832 450; 833 451; 833 453; 834 453; 835 454; 836 454; 836 453; 837 452; 837 451; 838 450; 838 449; 839 448; 839 447; 840 446; 840 445; 841 444; 841 443; 843 441; 843 440; 844 439; 844 438; 846 436; 846 435; 847 434; 847 433; 848 432; 848 431; 850 429; 850 428; 851 427; 851 426; 852 425; 852 424; 853 423; 853 420; 852 419; 852 416
41; 985 407; 984 408; 984 409; 983 410; 983 411; 982 412; 982 414; 981 415; 981 417; 980 418; 980 420; 979 421; 979 422; 977 424; 977 425; 975 427; 975 428; 973 430; 973 431; 972 432; 972 434; 971 435; 971 437; 970 438; 970 439; 969 440; 969 443; 970 443; 971 444; 981 444; 982 443; 991 443; 992 442; 1008 442; 1008 439; 1007 438; 1007 437; 1005 435; 1005 433; 1004 432; 1004 431; 1002 429; 1002 428; 1000 426; 1000 425; 996 421; 996 420; 995 419; 995 418; 994 417; 994 416; 993 415; 993 413; 991 411; 991 410; 988 407
42; 266 421; 265 422; 262 422; 261 423; 252 423; 251 424; 251 426; 252 427; 252 428; 253 429; 253 430; 254 431; 254 432; 255 433; 255 434; 256 435; 256 436; 258 438; 258 439; 259 440; 259 441; 261 443; 261 444; 263 446; 263 447; 265 449; 265 450; 266 451; 266 453; 267 454; 267 455; 269 457; 269 458; 274 458; 274 457; 275 456; 275 455; 276 454; 276 453; 277 452; 277 451; 279 449; 279 448; 280 447; 280 446; 281 445; 281 444; 282 443; 282 442; 283 441; 283 440; 284 439; 284 438; 285 437; 285 436; 286 435; 286 434; 287 433; 287 432; 288 431; 288 430; 289 429; 289 427; 290 426; 290 423; 289 422; 273 422; 272 421
43; 904 425; 901 428; 900 428; 897 431; 896 431; 894 433; 893 433; 892 434; 891 434; 888 437; 888 438; 885 441; 884 441; 881 444; 880 444; 879 445; 878 445; 876 447; 876 450; 878 452; 879 452; 880 453; 881 453; 882 454; 884 454; 885 455; 886 455; 887 456; 889 456; 890 457; 891 457; 892 458; 894 458; 895 459; 896 459; 897 460; 898 460; 900 462; 901 462; 902 463; 903 463; 904 464; 905 464; 906 465; 907 465; 908 466; 911 466; 912 465; 912 464; 913 463; 913 461; 912 460; 912 452; 911 451; 911 445; 910 444; 910 442; 909 441; 909 436; 908 435; 908 427; 906 425
44; 786 448; 784 447; 783 438; 779 437; 748 453; 748 457; 765 469; 781 476; 783 459; 786 455
45; 786 455; 791 453; 823 451; 826 449; 826 446; 822 442; 821 437; 810 431; 805 426; 803 420; 800 420; 799 425; 792 434; 791 440; 786 448
46; 946 448; 945 449; 944 449; 943 450; 939 450; 938 451; 937 451; 937 454; 938 455; 938 456; 940 458; 940 459; 944 463; 944 464; 945 465; 945 466; 946 467; 946 468; 947 469; 947 470; 950 473; 950 474; 951 475; 951 476; 952 477; 952 480; 954 482; 955 482; 956 483; 960 483; 960 482; 961 481; 961 480; 962 479; 962 478; 965 475; 965 474; 966 473; 966 472; 967 471; 967 470; 969 468; 969 467; 970 466; 970 465; 971 464; 971 463; 972 462; 972 461; 973 460; 973 459; 975 457; 975 455; 976 454; 976 453; 977 452; 977 450; 975 448; 969 448; 968 449; 964 449; 963 448
47; 833 454; 831 456; 831 457; 827 461; 826 461; 824 463; 823 463; 822 464; 821 464; 820 465; 819 465; 816 468; 816 469; 813 472; 812 472; 807 477; 806 477; 804 479; 804 483; 805 484; 806 484; 807 485; 810 485; 811 486; 813 486; 814 487; 816 487; 817 488; 819 488; 820 489; 821 489; 822 490; 824 490; 825 491; 826 491; 827 492; 829 492; 830 493; 831 493; 832 494; 834 494; 835 495; 840 495; 840 494; 841 493; 841 491; 840 490; 840 484; 839 483; 839 478; 838 477; 838 473; 837 472; 837 462; 836 461; 836 455; 835 455; 834 454
48; 542 466; 541 467; 541 470; 542 471; 542 472; 543 473; 543 474; 544 475; 544 476; 545 477; 545 478; 546 479; 546 480; 548 482; 548 484; 549 485; 549 486; 550 487; 550 488; 551 489; 551 491; 552 492; 552 494; 553 495; 553 497; 554 498; 554 499; 555 500; 555 502; 556 503; 559 503; 561 501; 561 500; 565 496; 565 495; 572 488; 572 487; 573 486; 573 484; 574 483; 574 482; 575 481; 575 480; 581 474; 581 471; 579 469; 575 469; 574 468; 563 468; 562 467; 558 467; 557 466; 551 466; 550 467; 546 467; 545 466
49; 880 470; 880 471; 879 472; 879 474; 880 475; 880 477; 881 478; 881 480; 882 481; 882 482; 884 484; 884 485; 885 486; 885 489; 886 490; 886 492; 888 494; 888 495; 889 496; 889 497; 890 498; 890 499; 891 500; 891 501; 892 502; 892 503; 893 504; 893 506; 894 507; 897 507; 898 506; 898 505; 899 504; 899 503; 900 502; 900 501; 903 498; 903 497; 909 491; 909 490; 911 488; 911 487; 912 486; 912 485; 914 483; 914 482; 915 481; 915 480; 916 479; 916 478; 918 476; 918 472; 914 472; 913 471; 887 471; 886 470
50; 924 469; 921 472; 920 472; 919 473; 919 476; 920 476; 922 478; 922 483; 923 484; 923 486; 924 487; 924 488; 925 489; 925 491; 926 492; 926 493; 927 494; 927 495; 928 496; 928 498; 929 499; 929 502; 928 503; 928 504; 927 505; 927 508; 931 508; 932 507; 933 507; 934 506; 940 506; 940 503; 943 500; 944 500; 946 498; 946 497; 954 489; 955 489; 956 488; 957 488; 959 486; 959 485; 960 484; 956 484; 955 483; 954 483; 952 481; 948 481; 947 480; 945 480; 943 478; 942 478; 940 476; 939 476; 938 475; 937 475; 936 474; 934 474; 932 472; 931 472; 930 471; 929 471; 928 470; 927 470; 926 469
51; 140 468; 137 471; 137 472; 130 479; 130 480; 127 483; 127 484; 126 485; 126 487; 124 489; 124 490; 121 493; 121 494; 119 496; 119 497; 118 498; 118 500; 120 502; 127 502; 128 503; 144 503; 145 504; 150 504; 151 505; 157 505; 158 504; 158 501; 157 500; 157 499; 156 498; 156 497; 154 495; 154 494; 153 493; 153 492; 152 491; 152 490; 151 489; 151 488; 150 487; 150 485; 149 484; 149 483; 148 482; 148 480; 147 479; 147 478; 146 477; 146 476; 145 475; 145 474; 144 473; 144 471; 143 470; 143 469; 142 468
52; 182 482; 181 483; 175 483; 174 484; 168 484; 167 485; 167 488; 168 489; 168 490; 169 491; 169 493; 170 494; 170 495; 171 496; 171 497; 172 498; 172 499; 173 500; 173 502; 175 504; 175 505; 177 507; 177 509; 178 510; 178 511; 180 513; 180 514; 181 515; 190 515; 196 509; 197 509; 198 508; 197 507; 197 506; 198 505; 198 504; 199 503; 199 501; 200 500; 200 498; 201 497; 201 496; 202 495; 202 494; 206 490; 206 485; 200 485; 199 486; 198 486; 197 485; 190 485; 189 484; 188 484; 187 483; 185 483; 184 482
53; 746 476; 732 490; 732 491; 729 494; 729 495; 727 497; 727 498; 721 504; 721 507; 723 509; 729 509; 730 510; 734 510; 735 511; 737 511; 738 512; 743 512; 744 513; 752 513; 753 514; 756 514; 757 515; 759 515; 760 514; 760 510; 759 509; 759 508; 758 507; 758 505; 757 504; 757 502; 756 501; 756 500; 755 499; 755 493; 754 492; 754 491; 752 489; 752 488; 751 487; 751 486; 750 485; 750 478; 748 476
54; 705 516; 704 517; 701 517; 700 518; 700 522; 702 524; 702 525; 703 526; 703 527; 704 528; 704 529; 705 530; 705 531; 707 533; 707 534; 708 535; 708 536; 709 537; 709 538; 710 539; 710 540; 713 543; 713 545; 714 546; 714 547; 715 548; 715 549; 716 550; 716 551; 718 553; 721 553; 723 551; 723 550; 726 547; 726 545; 727 544; 727 543; 728 542; 728 541; 729 540; 729 539; 733 535; 733 534; 735 532; 735 530; 737 528; 737 527; 739 525; 739 524; 740 523; 740 519; 739 518; 734 518; 733 519; 731 519; 730 518; 724 518; 723 517; 722 517; 721 516; 715 516; 714 517; 711 517; 710 516
55; 198 509; 197 510; 196 510; 190 516; 181 516; 186 521; 186 522; 187 523; 186 524; 186 526; 185 527; 185 529; 184 530; 184 531; 182 533; 182 534; 181 535; 181 536; 179 538; 179 539; 178 540; 178 542; 180 544; 191 544; 192 545; 205 545; 206 546; 209 546; 210 547; 211 547; 212 548; 215 548; 217 546; 217 540; 216 539; 216 538; 215 537; 215 535; 214 534; 214 532; 213 531; 213 530; 212 529; 212 528; 210 526; 210 525; 208 523; 208 521; 207 520; 207 519; 206 518; 206 517; 205 516; 205 515; 204 514; 204 513; 203 512; 203 511; 201 509
56; 515 512; 509 518; 509 519; 508 520; 508 521; 500 529; 499 529; 496 532; 496 533; 494 535; 494 536; 492 538; 492 539; 491 540; 491 543; 492 544; 496 544; 497 545; 500 545; 501 546; 505 546; 506 547; 510 547; 511 548; 515 548; 516 549; 523 549; 524 550; 526 550; 527 551; 531 551; 532 550; 532 546; 530 544; 530 542; 529 541; 529 540; 528 539; 528 536; 527 535; 527 531; 526 530; 526 527; 524 525; 524 524; 522 522; 522 520; 521 519; 521 516; 520 515; 520 513; 519 512
57; 832 511; 830 513; 830 514; 829 515; 829 516; 827 518; 827 519; 825 521; 825 522; 820 527; 820 528; 819 529; 819 531; 818 532; 818 533; 817 534; 817 535; 815 537; 815 538; 813 540; 813 541; 812 542; 812 544; 813 545; 815 545; 816 546; 820 546; 821 547; 841 547; 842 546; 845 546; 846 547; 852 547; 853 546; 853 543; 852 542; 852 541; 850 539; 850 538; 849 537; 849 535; 848 534; 848 532; 847 531; 847 530; 845 528; 845 527; 843 525; 843 524; 838 519; 838 518; 837 517; 837 515; 836 514; 836 512; 835 511
58; 61 545; 57 549; 56 549; 54 551; 54 552; 51 555; 51 556; 44 563; 43 563; 37 569; 37 573; 39 575; 40 575; 41 576; 43 576; 44 577; 50 577; 51 578; 53 578; 54 579; 55 579; 56 580; 64 580; 65 581; 67 581; 68 582; 70 582; 71 583; 74 583; 75 582; 75 579; 74 578; 74 575; 73 574; 73 570; 72 569; 72 565; 71 564; 71 562; 70 561; 70 559; 69 558; 69 555; 68 554; 68 550; 67 549; 67 548; 66 547; 66 546; 65 545
59; 806 551; 800 557; 800 558; 798 560; 798 561; 797 562; 796 562; 793 565; 793 566; 792 567; 792 568; 790 570; 790 571; 783 578; 782 578; 782 582; 783 583; 784 583; 785 584; 787 584; 788 585; 793 585; 794 586; 797 586; 798 587; 802 587; 803 588; 807 588; 808 589; 812 589; 813 590; 820 590; 821 589; 821 586; 820 585; 820 584; 818 582; 818 579; 817 578; 817 572; 816 571; 816 569; 815 568; 815 567; 814 566; 814 563; 813 562; 813 558; 812 557; 812 555; 811 554; 811 553; 809 551
60; 707 560; 706 561; 706 567; 707 568; 707 570; 708 571; 708 575; 709 576; 709 579; 710 580; 710 586; 711 587; 711 591; 712 592; 712 595; 713 596; 713 598; 714 599; 714 600; 718 600; 729 589; 730 589; 731 588; 732 588; 741 579; 741 578; 742 577; 742 576; 744 574; 744 571; 743 570; 742 570; 741 569; 739 569; 738 568; 734 568; 733 567; 731 567; 730 566; 728 566; 727 565; 725 565; 724 564; 721 564; 720 563; 717 563; 716 562; 712 562; 710 560
61; 765 591; 764 592; 763 592; 762 593; 757 593; 756 594; 752 594; 751 593; 745 593; 744 594; 744 597; 747 600; 747 601; 748 602; 748 603; 750 605; 750 606; 752 608; 752 609; 753 610; 753 612; 754 613; 754 614; 755 615; 755 616; 756 617; 756 619; 757 620; 757 621; 760 624; 760 625; 764 629; 766 629; 768 627; 768 626; 770 624; 770 623; 771 622; 771 621; 772 620; 772 619; 773 618; 773 617; 774 616; 774 615; 776 613; 776 612; 778 610; 778 608; 779 607; 779 606; 780 605; 780 604; 781 603; 781 602; 783 600; 783 599; 785 597; 785 593; 784 593; 783 592; 770 592; 769 591
62; 499 592; 498 593; 498 609; 499 610; 499 615; 500 616; 500 618; 501 619; 501 624; 502 625; 502 634; 507 634; 514 627; 514 626; 515 625; 516 625; 517 624; 518 624; 520 622; 522 622; 524 620; 525 620; 529 616; 529 615; 533 611; 534 611; 536 609; 536 606; 535 606; 534 605; 533 605; 532 604; 530 604; 529 603; 528 603; 527 602; 525 602; 524 601; 523 601; 522 600; 520 600; 519 599; 518 599; 517 598; 515 598; 514 597; 512 597; 511 596; 509 596; 508 595; 506 595; 503 592
63; 365 591; 364 592; 364 593; 363 594; 363 596; 362 597; 362 598; 361 599; 361 600; 360 601; 360 602; 358 604; 358 605; 355 608; 355 609; 354 610; 354 614; 353 615; 353 617; 351 619; 351 620; 350 621; 350 622; 349 623; 349 627; 350 628; 359 628; 360 627; 386 627; 387 626; 388 626; 389 625; 389 622; 388 621; 388 620; 387 619; 387 617; 386 616; 386 615; 385 614; 385 613; 383 611; 383 610; 381 608; 381 607; 378 604; 378 603; 375 600; 375 599; 371 595; 371 594; 369 592; 369 591
64; 138 610; 137 611; 136 611; 135 612; 134 612; 133 613; 132 613; 131 614; 130 614; 128 616; 127 616; 125 618; 124 618; 123 619; 122 619; 120 621; 119 621; 118 622; 117 622; 116 623; 115 623; 114 624; 113 624; 110 627; 109 627; 108 628; 107 628; 106 629; 106 631; 108 633; 109 633; 110 634; 111 634; 113 636; 114 636; 116 638; 117 638; 118 639; 119 639; 123 643; 124 643; 125 644; 127 644; 128 645; 129 645; 130 646; 131 646; 132 647; 133 647; 134 648; 135 648; 137 650; 141 650; 142 649; 142 647; 143 646; 143 624; 142 623; 143 622; 143 610
65; 742 639; 741 640; 737 640; 736 641; 733 641; 732 642; 732 645; 733 646; 733 647; 735 649; 735 650; 736 651; 736 652; 737 653; 737 654; 739 656; 739 657; 740 658; 740 660; 741 661; 741 662; 746 667; 746 668; 747 669; 747 670; 750 673; 750 674; 751 675; 755 675; 757 673; 757 672; 758 671; 758 670; 759 669; 759 668; 760 667; 760 666; 762 664; 762 663; 763 662; 763 661; 764 660; 764 659; 765 658; 765 657; 766 656; 766 655; 768 653; 768 652; 769 651; 769 649; 770 648; 770 647; 772 645; 772 644; 773 643; 773 641; 771 639; 768 639; 767 640; 764 640; 763 639
66; 502 635; 501 636; 501 638; 499 640; 499 641; 498 642; 498 643; 497 644; 497 645; 496 646; 496 648; 495 649; 495 650; 494 651; 494 652; 493 653; 493 654; 491 656; 491 657; 490 658; 490 659; 489 660; 489 661; 488 662; 488 663; 486 665; 486 666; 485 667; 485 671; 495 671; 496 672; 515 672; 516 671; 524 671; 525 670; 525 665; 521 661; 521 660; 519 658; 519 657; 518 656; 518 653; 516 651; 516 650; 510 644; 510 643; 508 641; 508 640; 507 639; 507 637; 506 636; 506 635
67; 551 645; 550 646; 550 648; 549 649; 549 654; 548 655; 548 657; 547 658; 547 661; 546 662; 546 666; 545 667; 545 670; 544 671; 544 673; 543 674; 543 676; 542 677; 542 678; 541 679; 541 684; 542 685; 544 685; 545 684; 546 684; 547 683; 548 683; 549 682; 550 682; 551 681; 558 681; 559 680; 561 680; 562 679; 564 679; 565 678; 569 678; 570 677; 575 677; 576 676; 578 676; 579 677; 579 676; 582 673; 571 662; 571 661; 570 660; 570 659; 569 658; 568 658; 567 657; 566 657; 565 656; 564 656; 557 649; 557 648; 554 645
68; 867 651; 866 652; 866 653; 865 654; 865 655; 862 658; 862 659; 860 661; 860 662; 859 663; 859 664; 858 665; 858 666; 856 668; 856 669; 854 671; 854 672; 852 674; 852 675; 851 676; 851 677; 850 678; 850 679; 849 680; 849 681; 848 682; 848 686; 849 686; 850 687; 853 687; 854 688; 856 688; 857 687; 865 687; 866 688; 873 688; 874 687; 878 687; 879 688; 885 688; 886 689; 888 689; 890 687; 888 685; 888 684; 887 683; 887 682; 886 681; 886 680; 885 679; 885 678; 884 677; 884 676; 883 675; 883 674; 882 673; 882 672; 881 671; 881 670; 880 669; 880 668; 879 667; 879 666; 878 665; 878 664; 877 663; 877 662; 876 661; 876 660; 875 659; 875 658; 874 657; 874 656; 872 654; 872 653; 871 652; 870 652; 869 651
69; 582 674; 580 676; 580 678; 581 679; 581 684; 580 685; 580 690; 579 691; 579 704; 580 705; 580 709; 579 710; 579 713; 581 715; 583 715; 584 714; 585 714; 586 713; 587 713; 589 711; 591 711; 593 709; 595 709; 596 708; 597 708; 598 707; 599 707; 601 705; 602 705; 603 704; 604 704; 605 703; 606 703; 607 702; 608 702; 609 701; 610 701; 611 700; 613 700; 616 697; 616 695; 614 693; 613 693; 612 692; 611 692; 607 688; 606 688; 604 686; 603 686; 601 684; 600 684; 598 682; 597 682; 595 680; 594 680; 593 679; 592 679; 591 678; 590 678; 588 676; 587 676; 586 675; 585 675; 584 674
70; 744 676; 743 677; 742 677; 742 678; 737 683; 737 684; 735 686; 734 686; 725 695; 725 696; 721 700; 721 701; 719 703; 719 707; 720 708; 726 708; 727 709; 730 709; 731 710; 733 710; 734 711; 739 711; 740 712; 743 712; 744 713; 747 713; 748 714; 753 714; 754 715; 756 715; 757 714; 758 714; 758 708; 757 707; 757 706; 755 704; 755 700; 754 699; 754 696; 753 695; 753 692; 752 691; 752 690; 751 689; 751 687; 750 686; 750 683; 749 682; 749 680; 748 679; 748 678; 746 676
71; 890 688; 888 690; 889 691; 889 693; 890 694; 890 697; 891 698; 891 699; 892 700; 892 701; 893 702; 893 703; 895 705; 895 706; 896 707; 896 708; 897 709; 897 711; 898 712; 898 714; 899 715; 899 716; 900 717; 900 718; 901 719; 901 720; 902 721; 902 723; 903 724; 903 725; 904 726; 907 726; 912 721; 912 720; 914 718; 914 717; 917 714; 917 713; 922 708; 922 707; 923 706; 923 705; 924 704; 924 703; 929 698; 929 694; 928 693; 925 693; 924 692; 922 692; 921 691; 917 691; 916 690; 901 690; 900 689; 893 689; 892 688
72; 77 692; 76 693; 76 695; 75 696; 75 697; 74 698; 74 699; 73 700; 73 702; 72 703; 72 704; 71 705; 71 706; 69 708; 69 709; 68 710; 68 712; 67 713; 67 715; 66 716; 66 717; 65 718; 65 719; 64 720; 64 722; 63 723; 63 724; 62 725; 62 728; 63 729; 64 729; 65 730; 67 730; 68 729; 70 729; 71 728; 87 728; 88 727; 89 727; 90 726; 93 726; 94 725; 95 725; 96 726; 100 726; 101 725; 102 725; 102 721; 101 720; 101 719; 100 718; 100 717; 99 716; 98 716; 96 714; 96 713; 94 711; 94 710; 93 709; 93 708; 90 705; 90 704; 86 700; 86 699; 82 695; 82 694; 80 692
73; 352 714; 351 715; 350 715; 350 720; 352 722; 352 723; 353 724; 353 726; 354 727; 354 728; 356 730; 356 731; 357 732; 357 733; 358 734; 358 735; 359 736; 359 737; 360 738; 360 739; 361 740; 361 741; 362 742; 362 744; 363 745; 363 747; 364 748; 364 749; 366 751; 369 751; 377 743; 377 742; 378 741; 378 740; 380 738; 380 737; 381 736; 381 735; 382 734; 382 733; 384 731; 384 730; 385 729; 385 728; 386 727; 386 726; 387 725; 387 724; 389 722; 389 721; 390 720; 390 718; 389 717; 389 716; 388 715; 386 715; 385 716; 373 716; 372 715; 371 715; 370 714; 365 714; 364 715; 363 714
74; 108 724; 107 725; 106 725; 106 727; 107 728; 107 729; 108 730; 108 731; 109 732; 109 733; 110 734; 110 735; 111 736; 111 740; 110 741; 110 742; 111 743; 111 744; 113 744; 114 745; 114 746; 115 747; 115 748; 116 749; 116 750; 117 751; 117 753; 118 754; 118 755; 119 756; 119 757; 121 759; 121 760; 122 760; 123 761; 126 761; 126 760; 127 759; 127 758; 130 755; 130 754; 131 753; 131 752; 134 749; 134 748; 139 743; 139 742; 141 740; 141 739; 143 737; 143 736; 144 735; 144 734; 146 732; 146 727; 136 727; 135 726; 129 726; 128 725; 115 725; 114 724
75; 594 730; 593 731; 593 732; 592 733; 592 734; 590 736; 590 737; 586 741; 586 742; 578 750; 578 751; 572 757; 572 761; 574 763; 576 763; 577 764; 582 764; 583 765; 591 765; 592 766; 600 766; 601 767; 606 767; 607 768; 608 768; 609 769; 610 768; 611 768; 612 767; 614 767; 613 766; 613 765; 612 764; 612 763; 610 761; 610 759; 609 758; 609 756; 608 755; 608 754; 607 753; 607 752; 606 751; 606 749; 605 748; 605 745; 604 744; 604 743; 603 742; 603 741; 602 740; 602 739; 601 738; 601 736; 600 735; 600 734; 599 733; 599 732; 597 730
76; 103 741; 102 742; 99 742; 98 743; 94 743; 93 744; 90 744; 89 745; 86 745; 85 746; 83 746; 82 747; 78 747; 77 748; 74 748; 73 749; 72 749; 71 750; 71 754; 82 765; 82 766; 83 767; 83 768; 84 768; 85 769; 86 769; 97 780; 100 780; 102 778; 102 771; 103 770; 103 768; 104 767; 104 764; 105 763; 105 762; 106 761; 106 759; 107 758; 107 756; 108 755; 108 750; 109 749; 109 747; 110 746; 110 743; 109 742; 109 741
77; 357 759; 355 761; 355 763; 356 764; 356 768; 357 769; 357 771; 358 772; 358 773; 359 774; 359 775; 360 776; 360 778; 361 779; 361 782; 362 783; 362 784; 363 785; 363 786; 364 787; 364 789; 365 790; 365 791; 366 792; 366 793; 367 794; 367 796; 369 798; 372 798; 379 791; 379 790; 380 789; 381 789; 382 788; 381 787; 381 786; 388 779; 388 778; 389 777; 389 776; 395 770; 395 767; 394 766; 390 766; 389 765; 388 765; 387 764; 383 764; 382 763; 378 763; 377 762; 369 762; 368 761; 363 761; 362 760; 360 760; 359 759
78; 412 761; 411 762; 411 763; 410 764; 410 765; 409 766; 409 767; 404 772; 404 773; 401 776; 400 776; 400 777; 397 780; 397 781; 390 788; 390 789; 389 790; 389 791; 391 793; 392 793; 393 794; 396 794; 397 795; 404 795; 405 796; 408 796; 409 797; 419 797; 420 798; 423 798; 424 799; 428 799; 429 798; 430 798; 430 793; 429 792; 429 791; 428 790; 428 788; 426 786; 426 785; 425 784; 425 782; 424 781; 424 779; 423 778; 423 776; 421 774; 421 773; 420 772; 420 770; 419 769; 419 768; 418 767; 418 766; 417 765; 417 764; 416 763; 416 762; 415 761
79; 612 768; 611 769; 610 769; 610 774; 609 775; 609 776; 608 777; 608 778; 607 779; 607 781; 606 782; 606 784; 605 785; 605 787; 604 788; 604 791; 603 792; 603 795; 602 796; 602 798; 601 799; 601 801; 600 802; 600 807; 601 808; 605 808; 606 807; 609 807; 610 806; 615 806; 616 805; 620 805; 621 804; 623 804; 624 803; 629 803; 630 802; 636 802; 637 801; 638 801; 639 800; 639 797; 634 792; 634 791; 631 788; 631 787; 627 783; 627 782; 626 781; 626 780; 625 780; 620 775; 620 774; 614 768
80; 533 774; 532 775; 532 776; 530 778; 530 779; 529 780; 529 781; 527 783; 527 784; 526 785; 526 786; 525 787; 525 789; 524 790; 524 791; 522 793; 522 794; 521 795; 521 796; 519 798; 519 799; 518 800; 518 801; 517 802; 517 803; 516 804; 516 805; 515 806; 515 808; 517 810; 536 810; 537 811; 541 811; 542 810; 553 810; 554 809; 555 809; 555 804; 554 803; 554 802; 553 801; 553 800; 548 795; 548 794; 546 792; 546 790; 545 789; 545 788; 544 787; 544 786; 542 784; 542 783; 541 782; 541 781; 540 780; 540 779; 539 778; 539 777; 538 776; 538 775; 537 774
81; 329 788; 327 790; 327 792; 326 793; 326 798; 325 799; 325 800; 324 801; 324 803; 323 804; 323 805; 322 806; 322 807; 321 808; 321 810; 320 811; 320 813; 319 814; 319 816; 318 817; 318 821; 317 822; 317 823; 316 824; 316 826; 317 827; 318 827; 319 828; 321 828; 322 827; 325 827; 326 826; 328 826; 329 825; 331 825; 332 824; 338 824; 339 823; 343 823; 344 822; 347 822; 348 821; 351 821; 352 820; 355 820; 357 818; 357 817; 355 815; 355 814; 333 792; 333 791; 332 790; 332 789; 331 788
82; 382 789; 381 790; 380 790; 380 791; 373 798; 373 799; 371 801; 371 802; 370 803; 370 804; 368 806; 368 807; 365 810; 365 811; 362 814; 362 815; 360 817; 358 817; 358 818; 357 819; 357 820; 359 822; 360 822; 361 823; 364 823; 365 822; 369 822; 370 823; 371 823; 372 824; 373 824; 374 825; 375 825; 376 826; 391 826; 392 827; 396 827; 397 828; 398 828; 401 825; 399 823; 399 822; 398 821; 398 820; 397 819; 397 817; 396 816; 396 814; 395 813; 395 811; 394 810; 394 809; 393 808; 393 807; 392 806; 392 805; 390 803; 390 801; 389 800; 389 795; 390 794; 390 793; 388 791; 387 791; 386 790; 385 790; 384 789
83; 893 810; 892 811; 891 811; 890 812; 887 812; 886 813; 883 813; 882 814; 879 814; 878 815; 875 815; 874 816; 872 816; 871 817; 868 817; 867 818; 865 818; 864 819; 863 819; 862 820; 860 820; 858 822; 858 824; 864 830; 865 830; 871 836; 871 837; 873 839; 873 840; 880 847; 880 848; 883 851; 887 851; 887 850; 888 849; 888 847; 889 846; 889 843; 890 842; 890 840; 891 839; 891 837; 892 836; 892 835; 893 834; 893 833; 894 832; 894 831; 895 830; 895 818; 896 817; 896 816; 897 815; 897 810
84; 572 816; 571 817; 567 817; 566 818; 557 818; 556 819; 556 823; 557 824; 557 825; 558 826; 558 827; 559 828; 559 829; 561 831; 561 832; 563 834; 563 835; 564 836; 564 837; 566 839; 566 841; 567 842; 567 843; 568 844; 568 845; 569 846; 569 847; 570 848; 570 850; 571 851; 571 852; 572 853; 576 853; 578 851; 578 850; 580 848; 580 847; 582 845; 582 844; 583 843; 583 842; 584 841; 584 840; 585 839; 585 838; 586 837; 586 836; 587 835; 587 834; 595 826; 595 825; 596 824; 596 821; 595 820; 594 820; 593 819; 590 819; 589 818; 579 818; 578 817; 575 817; 574 816
85; 401 826; 398 829; 400 831; 400 832; 401 833; 401 834; 402 835; 402 837; 403 838; 403 839; 404 840; 404 841; 405 842; 405 844; 406 845; 406 846; 407 847; 407 848; 408 849; 408 851; 409 852; 409 853; 410 854; 410 855; 411 856; 411 858; 412 859; 412 861; 413 862; 413 863; 414 864; 414 865; 418 865; 419 864; 419 863; 421 861; 421 860; 423 858; 423 857; 428 852; 429 852; 432 849; 432 847; 433 846; 433 845; 436 842; 436 841; 440 837; 440 834; 437 831; 436 831; 435 830; 428 830; 427 829; 414 829; 413 828; 409 828; 408 827; 403 827; 402 826
86; 173 825; 172 826; 172 827; 170 829; 170 830; 169 831; 169 832; 167 834; 167 835; 165 837; 165 838; 163 840; 163 841; 162 842; 162 843; 161 844; 161 847; 160 848; 160 849; 159 850; 159 851; 157 853; 157 855; 156 856; 156 857; 155 858; 155 861; 156 861; 157 862; 167 862; 168 861; 183 861; 184 860; 194 860; 195 859; 195 856; 194 855; 194 854; 193 853; 193 852; 192 851; 192 850; 191 849; 191 848; 189 846; 189 845; 187 843; 187 842; 186 841; 186 840; 184 838; 184 837; 181 834; 181 833; 180 832; 180 831; 179 830; 179 829; 177 827; 177 826; 176 825
87; 316 833; 315 834; 313 834; 312 835; 310 835; 309 836; 306 836; 305 837; 302 837; 301 838; 299 838; 298 839; 295 839; 294 840; 291 840; 290 841; 287 841; 286 842; 285 842; 284 843; 283 843; 283 846; 292 855; 293 855; 297 859; 297 860; 300 863; 300 864; 304 868; 304 869; 307 872; 311 872; 313 870; 313 869; 314 868; 314 867; 315 866; 315 864; 316 863; 316 858; 318 856; 318 855; 319 854; 319 848; 320 847; 320 843; 321 842; 321 834; 320 833
88; 221 845; 220 846; 219 846; 219 851; 220 852; 220 855; 221 856; 221 858; 222 859; 222 861; 221 862; 221 867; 222 868; 222 869; 223 870; 223 871; 224 872; 224 874; 225 875; 225 878; 226 879; 226 885; 228 885; 229 886; 231 886; 238 879; 238 878; 240 876; 241 876; 251 866; 252 866; 255 863; 255 862; 257 860; 257 857; 256 856; 255 856; 254 855; 252 855; 251 854; 248 854; 247 853; 245 853; 244 852; 242 852; 241 851; 239 851; 238 850; 237 850; 236 849; 233 849; 232 848; 230 848; 229 847; 228 847; 227 846; 225 846; 224 845
89; 473 843; 472 844; 472 847; 471 848; 471 849; 470 850; 470 851; 469 852; 469 853; 468 854; 468 856; 467 857; 467 858; 466 859; 466 860; 465 861; 465 862; 463 864; 463 865; 462 866; 462 867; 461 868; 461 869; 460 870; 460 872; 459 873; 459 875; 458 876; 458 880; 459 880; 460 881; 466 881; 467 880; 480 880; 481 879; 482 879; 483 878; 487 878; 488 877; 492 877; 493 878; 496 878; 498 876; 498 872; 496 870; 496 869; 495 868; 495 867; 491 863; 491 862; 488 859; 488 858; 486 856; 486 855; 481 850; 481 849; 478 846; 478 845; 476 843
90; 823 853; 822 854; 815 854; 814 855; 806 855; 805 856; 794 856; 793 857; 790 857; 789 858; 789 861; 791 863; 791 864; 792 865; 792 866; 793 867; 793 868; 795 870; 795 871; 796 872; 796 873; 799 876; 799 877; 802 880; 802 881; 803 882; 803 883; 804 884; 804 885; 810 891; 815 891; 815 890; 816 889; 816 886; 817 885; 817 883; 818 882; 818 880; 819 879; 819 878; 823 874; 823 871; 824 870; 824 869; 825 868; 825 867; 826 866; 826 864; 827 863; 827 859; 828 858; 828 854; 827 853
91; 1019 895; 1018 896; 1013 896; 1012 897; 1011 896; 1008 896; 1007 897; 1004 897; 1003 898; 1001 898; 999 900; 999 903; 1009 913; 1009 914; 1012 917; 1012 918; 1014 920; 1014 921; 1015 922; 1015 924; 1016 925; 1016 926; 1018 928; 1022 928; 1023 927; 1023 915; 1020 915; 1019 916; 1017 914; 1017 913; 1016 912; 1016 911; 1015 910; 1015 909; 1014 908; 1014 906; 1016 904; 1023 904; 1023 895
92; 827 881; 827 882; 823 886; 823 887; 822 888; 822 889; 821 890; 821 891; 820 892; 820 893; 819 894; 819 895; 817 897; 817 898; 816 899; 816 902; 815 903; 815 905; 814 906; 814 908; 813 909; 813 910; 812 911; 812 912; 810 914; 810 916; 812 918; 820 918; 821 917; 834 917; 835 916; 839 916; 840 917; 847 917; 848 916; 849 916; 849 911; 848 910; 848 909; 847 908; 847 907; 845 905; 845 904; 844 903; 844 902; 842 900; 842 899; 840 897; 840 896; 837 893; 837 892; 835 890; 835 889; 834 888; 834 886; 833 885; 833 884; 832 883; 832 882; 831 882; 830 881
93; 226 886; 225 887; 225 889; 224 890; 224 891; 219 896; 219 897; 215 901; 215 902; 214 903; 214 904; 213 905; 213 907; 210 910; 210 911; 209 912; 209 913; 207 915; 207 916; 205 918; 205 920; 207 922; 221 922; 222 923; 228 923; 229 924; 232 924; 233 925; 244 925; 244 920; 243 919; 243 916; 242 915; 242 914; 241 913; 241 912; 240 911; 240 909; 239 908; 239 907; 237 905; 237 904; 236 903; 236 901; 235 900; 235 899; 234 898; 234 896; 233 895; 233 894; 232 893; 232 892; 231 891; 231 887; 229 887; 228 886
94; 369 902; 368 903; 366 903; 365 904; 363 904; 362 905; 360 905; 359 906; 357 906; 356 907; 355 907; 354 908; 353 908; 352 909; 351 909; 350 910; 349 910; 348 911; 347 911; 346 912; 345 912; 344 913; 343 913; 341 915; 340 915; 339 916; 338 916; 337 917; 336 917; 335 918; 334 918; 334 920; 335 920; 342 927; 343 927; 344 928; 345 928; 347 930; 348 930; 350 932; 351 932; 354 935; 355 935; 358 938; 359 938; 361 940; 362 940; 363 941; 367 941; 368 940; 368 930; 369 929; 369 926; 370 925; 370 923; 371 922; 371 919; 370 918; 370 915; 371 914; 371 913; 372 912; 372 908; 373 907; 373 903; 372 903; 371 902
95; 250 904; 249 905; 249 910; 250 911; 250 917; 251 918; 251 926; 252 927; 252 930; 253 931; 253 933; 254 934; 254 940; 255 941; 255 943; 256 944; 259 944; 260 943; 260 942; 267 935; 268 935; 269 934; 270 934; 271 933; 273 933; 285 921; 286 921; 287 920; 287 918; 286 917; 285 917; 283 915; 280 915; 279 914; 277 914; 276 913; 275 913; 274 912; 272 912; 271 911; 269 911; 268 910; 267 910; 266 909; 265 909; 264 908; 263 908; 262 907; 260 907; 259 906; 257 906; 256 905; 254 905; 253 904
96; 754 906; 754 913; 753 914; 753 918; 752 919; 752 923; 751 924; 751 937; 750 938; 750 945; 751 946; 755 946; 756 945; 758 945; 759 944; 760 944; 761 943; 762 943; 763 942; 764 942; 765 941; 766 941; 767 940; 768 940; 770 938; 771 938; 772 937; 773 937; 774 936; 775 936; 776 935; 779 935; 780 934; 781 934; 782 933; 783 933; 784 932; 788 932; 788 931; 789 930; 789 928; 788 927; 786 927; 785 926; 784 926; 783 925; 782 925; 779 922; 778 922; 773 917; 772 917; 771 916; 770 916; 769 915; 768 915; 759 906
97; 620 915; 619 916; 619 920; 620 921; 620 923; 621 924; 621 925; 622 926; 622 928; 623 929; 623 930; 624 931; 624 933; 625 934; 625 936; 626 937; 626 938; 627 939; 627 941; 628 942; 628 943; 629 944; 629 946; 630 947; 630 950; 631 951; 631 952; 635 952; 636 951; 636 950; 637 949; 637 948; 638 947; 638 946; 641 943; 642 943; 643 942; 643 941; 646 938; 646 937; 651 932; 651 931; 653 929; 653 928; 655 926; 655 925; 656 924; 656 920; 655 919; 649 919; 648 918; 644 918; 643 917; 641 917; 640 916; 638 916; 637 915; 634 915; 633 916; 623 916; 622 915
98; 321 916; 320 917; 314 917; 313 918; 307 918; 306 919; 302 919; 301 918; 297 918; 296 919; 293 919; 292 920; 290 920; 290 922; 291 923; 291 925; 292 926; 292 927; 293 928; 293 929; 296 932; 296 933; 298 935; 298 936; 302 940; 303 940; 305 942; 305 943; 306 944; 306 945; 310 949; 310 950; 311 951; 311 952; 312 952; 313 953; 315 953; 316 952; 316 951; 317 950; 317 949; 319 947; 319 945; 320 944; 320 942; 321 941; 321 939; 322 938; 322 936; 323 935; 323 933; 324 932; 324 931; 326 929; 326 928; 327 927; 327 926; 328 925; 328 922; 330 920; 330 918; 329 917; 327 917; 326 916
99; 790 928; 790 930; 789 931; 789 932; 788 933; 789 934; 789 938; 790 939; 790 943; 791 944; 791 948; 792 949; 792 953; 793 954; 793 959; 794 960; 794 962; 795 963; 795 968; 796 969; 800 969; 810 959; 811 959; 813 957; 814 957; 827 944; 827 942; 825 940; 823 940; 822 939; 818 939; 817 938; 815 938; 814 937; 813 937; 812 936; 811 936; 809 934; 807 934; 806 933; 803 933; 802 932; 799 932; 798 931; 795 931; 794 930; 793 930; 792 929; 791 929
100; 403 931; 399 935; 399 936; 397 938; 397 939; 394 942; 394 943; 392 945; 392 946; 390 948; 390 949; 386 953; 386 954; 385 955; 385 956; 384 957; 384 958; 382 960; 382 965; 384 965; 385 966; 408 966; 409 967; 413 967; 414 968; 419 968; 420 967; 421 967; 421 962; 419 960; 419 958; 418 957; 418 956; 417 955; 417 954; 416 953; 416 949; 415 948; 415 946; 413 944; 413 943; 411 941; 411 940; 410 939; 410 938; 409 937; 409 936; 408 935; 408 933; 407 932; 407 931
101; 67 942; 66 943; 65 943; 64 944; 64 946; 65 947; 65 949; 66 950; 66 953; 67 954; 67 957; 68 958; 68 959; 67 960; 67 962; 68 963; 68 964; 70 966; 70 969; 71 970; 71 975; 72 976; 72 978; 73 979; 73 980; 74 981; 74 982; 75 983; 77 983; 77 982; 79 980; 79 979; 85 973; 86 973; 91 968; 92 968; 104 956; 104 954; 102 952; 100 952; 98 950; 93 950; 92 949; 89 949; 88 948; 85 948; 84 947; 83 947; 82 946; 79 946; 78 945; 76 945; 75 944; 73 944; 72 943; 70 943; 69 942
102; 282 951; 281 952; 279 952; 278 953; 271 953; 270 954; 266 954; 265 955; 257 955; 256 956; 253 956; 252 957; 248 957; 247 958; 247 961; 248 962; 248 963; 254 969; 254 970; 260 976; 260 977; 261 978; 261 979; 263 981; 263 982; 267 986; 267 987; 271 991; 273 991; 274 990; 274 989; 275 988; 275 983; 276 982; 276 981; 278 979; 278 978; 282 974; 282 973; 283 972; 283 967; 284 966; 284 963; 285 962; 285 961; 286 960; 286 957; 287 956; 287 952; 286 952; 285 951
103; 639 1000; 638 1001; 637 1001; 636 1002; 636 1004; 637 1005; 637 1006; 638 1007; 638 1009; 639 1010; 639 1012; 640 1013; 640 1014; 641 1015; 641 1019; 642 1020; 642 1023; 651 1023; 651 1021; 650 1020; 650 1017; 649 1016; 649 1012; 650 1011; 660 1011; 661 1012; 664 1012; 665 1011; 671 1011; 672 1012; 667 1017; 666 1017; 665 1018; 664 1018; 662 1020; 662 1021; 661 1022; 661 1023; 669 1023; 669 1022; 671 1020; 672 1021; 672 1023; 680 1023; 681 1022; 681 1021; 682 1020; 682 1018; 683 1017; 683 1015; 682 1014; 678 1014; 677 1013; 676 1013; 673 1010; 674 1009; 674 1005; 672 1005; 671 1004; 662 1004; 661 1003; 652 1003; 651 1002; 648 1002; 647 1001; 642 1001; 641 1000
